#i	j	k
39	57	14
40	54	17
40	55	15
40	55	16
40	55	17
40	56	14
40	56	15
40	56	16
40	57	15
41	53	18
41	54	16
41	54	17
41	54	18
41	55	15
41	55	16
41	55	17
41	55	18
41	56	14
41	56	15
41	56	16
41	57	14
41	57	15
42	53	17
42	53	18
42	53	19
42	54	15
42	54	16
42	54	17
42	54	18
42	54	19
42	55	14
42	55	15
42	55	16
42	55	17
42	55	18
42	56	13
42	56	14
42	56	15
42	56	16
42	56	17
42	57	13
42	57	14
42	57	15
42	58	13
43	53	16
43	53	17
43	53	18
43	53	19
43	53	20
43	54	15
43	54	16
43	54	17
43	54	18
43	54	19
43	55	14
43	55	15
43	55	16
43	55	17
43	55	18
43	56	13
43	56	14
43	56	15
43	56	16
43	56	17
43	57	12
43	57	13
43	57	14
43	57	15
43	58	14
44	53	16
44	53	17
44	53	18
44	53	19
44	53	20
44	54	15
44	54	16
44	54	17
44	54	18
44	54	19
44	54	20
44	55	13
44	55	14
44	55	15
44	55	16
44	55	17
44	55	18
44	56	13
44	56	14
44	56	15
44	56	16
44	56	17
44	57	13
44	57	14
44	57	15
44	58	14
45	53	16
45	53	17
45	53	18
45	53	19
45	53	20
45	54	15
45	54	16
45	54	17
45	54	18
45	54	19
45	54	20
45	55	13
45	55	14
45	55	15
45	55	16
45	55	17
45	55	18
45	56	14
45	56	15
45	56	16
45	56	17
45	57	14
45	57	15
45	58	14
46	12	4
46	12	5
46	14	6
46	14	7
46	14	8
46	14	9
46	15	7
46	15	8
46	53	17
46	53	18
46	53	19
46	54	16
46	54	17
46	54	18
46	54	19
46	55	15
46	55	16
46	55	17
46	55	18
47	11	3
47	11	4
47	11	5
47	11	6
47	12	3
47	12	4
47	12	5
47	13	3
47	13	4
47	13	5
47	13	6
47	13	7
47	13	8
47	13	9
47	14	3
47	14	4
47	14	5
47	14	6
47	14	7
47	14	8
47	14	9
47	14	10
47	15	3
47	15	4
47	15	5
47	15	6
47	15	7
47	15	8
47	15	9
47	16	4
47	16	5
47	16	6
47	16	7
47	16	8
47	55	16
47	55	17
47	55	18
47	56	14
47	56	15
47	56	16
47	56	17
47	56	18
47	57	11
47	57	12
47	58	11
47	58	12
47	59	11
47	59	12
48	8	3
48	9	2
48	9	3
48	10	2
48	10	3
48	10	4
48	10	5
48	10	6
48	11	1
48	11	2
48	11	3
48	11	4
48	11	5
48	11	6
48	12	1
48	12	2
48	12	3
48	12	4
48	12	5
48	12	6
48	12	7
48	12	8
48	13	0
48	13	1
48	13	2
48	13	3
48	13	4
48	13	5
48	13	6
48	13	7
48	13	8
48	13	9
48	13	10
48	13	63
48	14	0
48	14	1
48	14	2
48	14	3
48	14	4
48	14	5
48	14	6
48	14	7
48	14	8
48	14	9
48	14	10
48	14	63
48	15	0
48	15	1
48	15	2
48	15	3
48	15	4
48	15	5
48	15	6
48	15	7
48	15	8
48	15	9
48	15	63
48	16	0
48	16	1
48	16	2
48	16	3
48	16	4
48	16	5
48	16	6
48	16	7
48	16	8
48	17	0
48	17	1
48	17	2
48	17	3
48	17	4
48	17	5
48	17	6
48	17	7
48	18	0
48	55	16
48	55	17
48	55	18
48	56	12
48	56	13
48	56	14
48	56	15
48	56	16
48	56	17
48	56	18
48	57	11
48	57	12
48	57	13
48	57	14
48	57	15
48	57	16
48	57	17
48	57	18
48	57	19
48	58	10
48	58	11
48	58	12
48	58	13
49	8	2
49	8	3
49	9	1
49	9	2
49	9	3
49	9	4
49	10	1
49	10	2
49	10	3
49	10	4
49	10	5
49	10	6
49	10	7
49	11	0
49	11	1
49	11	2
49	11	3
49	11	4
49	11	5
49	11	6
49	11	7
49	11	8
49	11	63
49	12	0
49	12	1
49	12	2
49	12	3
49	12	4
49	12	5
49	12	6
49	12	7
49	12	8
49	12	9
49	12	10
49	12	11
49	12	62
49	12	63
49	13	0
49	13	1
49	13	2
49	13	3
49	13	4
49	13	5
49	13	6
49	13	7
49	13	8
49	13	9
49	13	10
49	13	11
49	13	62
49	13	63
49	14	0
49	14	1
49	14	2
49	14	3
49	14	4
49	14	5
49	14	6
49	14	7
49	14	8
49	14	9
49	14	10
49	14	11
49	14	62
49	14	63
49	15	0
49	15	1
49	15	2
49	15	3
49	15	4
49	15	5
49	15	6
49	15	7
49	15	8
49	15	9
49	15	10
49	15	63
49	16	0
49	16	1
49	16	2
49	16	3
49	16	4
49	16	5
49	16	6
49	16	7
49	16	8
49	16	9
49	16	63
49	17	0
49	17	1
49	17	2
49	17	3
49	17	4
49	17	5
49	17	6
49	17	7
49	17	8
49	17	9
49	17	63
49	18	0
49	18	1
49	18	2
49	18	3
49	18	4
49	18	5
49	18	6
49	18	7
49	18	8
49	18	9
49	18	63
49	19	0
49	19	1
49	19	2
49	19	3
49	19	7
49	19	8
49	20	0
49	55	15
49	55	16
49	55	17
49	55	18
49	56	12
49	56	13
49	56	14
49	56	15
49	56	16
49	56	17
49	56	18
49	56	19
49	57	11
49	57	12
49	57	13
49	57	14
49	57	15
49	57	16
49	57	17
49	57	18
49	57	19
49	57	20
49	58	11
49	58	12
49	58	13
49	58	14
49	58	15
49	58	16
49	58	17
49	58	18
49	58	19
49	58	20
49	58	21
49	59	8
49	59	9
49	59	10
49	59	20
49	59	21
49	59	22
49	60	22
50	7	1
50	7	2
50	7	3
50	8	1
50	8	2
50	8	3
50	9	0
50	9	1
50	9	2
50	9	3
50	9	4
50	9	5
50	9	6
50	9	7
50	10	0
50	10	1
50	10	2
50	10	3
50	10	4
50	10	5
50	10	6
50	10	7
50	10	8
50	11	0
50	11	1
50	11	2
50	11	3
50	11	4
50	11	5
50	11	6
50	11	7
50	11	8
50	11	9
50	11	10
50	11	11
50	11	12
50	11	62
50	11	63
50	12	0
50	12	1
50	12	2
50	12	3
50	12	4
50	12	5
50	12	6
50	12	7
50	12	8
50	12	9
50	12	10
50	12	11
50	12	12
50	12	61
50	12	62
50	12	63
50	13	0
50	13	1
50	13	2
50	13	3
50	13	4
50	13	5
50	13	6
50	13	7
50	13	8
50	13	9
50	13	10
50	13	11
50	13	62
50	13	63
50	14	0
50	14	1
50	14	2
50	14	3
50	14	4
50	14	5
50	14	6
50	14	7
50	14	8
50	14	9
50	14	10
50	14	11
50	14	62
50	14	63
50	15	0
50	15	1
50	15	2
50	15	3
50	15	4
50	15	5
50	15	6
50	15	7
50	15	8
50	15	9
50	15	10
50	15	11
50	15	62
50	15	63
50	16	0
50	16	1
50	16	2
50	16	3
50	16	4
50	16	5
50	16	6
50	16	7
50	16	8
50	16	9
50	16	10
50	16	62
50	16	63
50	17	0
50	17	1
50	17	2
50	17	3
50	17	4
50	17	5
50	17	6
50	17	7
50	17	8
50	17	9
50	17	10
50	17	62
50	17	63
50	18	0
50	18	1
50	18	2
50	18	3
50	18	4
50	18	5
50	18	6
50	18	7
50	18	8
50	18	9
50	18	62
50	18	63
50	19	0
50	19	1
50	19	2
50	19	3
50	19	4
50	19	5
50	19	6
50	19	8
50	19	62
50	19	63
50	20	0
50	20	1
50	20	2
50	20	3
50	20	4
50	20	5
50	20	6
50	20	62
50	20	63
50	21	0
50	21	1
50	21	2
50	21	3
50	21	4
50	21	5
50	21	6
50	22	0
50	55	14
50	55	15
50	55	16
50	55	17
50	55	18
50	55	19
50	56	12
50	56	13
50	56	14
50	56	15
50	56	16
50	56	17
50	56	18
50	56	19
50	56	20
50	57	4
50	57	5
50	57	11
50	57	12
50	57	13
50	57	14
50	57	15
50	57	16
50	57	17
50	57	18
50	57	19
50	57	20
50	57	21
50	57	22
50	58	5
50	58	6
50	58	7
50	58	8
50	58	9
50	58	10
50	58	11
50	58	12
50	58	13
50	58	14
50	58	15
50	58	16
50	58	17
50	58	18
50	58	19
50	58	20
50	58	21
50	58	22
50	59	6
50	59	7
50	59	8
50	59	9
50	59	10
50	59	12
50	59	13
50	59	14
50	59	15
50	59	16
50	59	17
50	59	18
50	59	19
50	59	20
50	59	21
50	59	22
50	59	23
50	60	7
50	60	8
50	60	9
50	60	10
50	60	19
50	60	20
50	60	21
50	60	22
50	60	23
50	60	24
50	61	21
50	61	24
51	5	2
51	6	1
51	6	2
51	6	3
51	7	0
51	7	1
51	7	2
51	7	3
51	7	4
51	8	0
51	8	1
51	8	2
51	8	3
51	8	4
51	8	5
51	8	6
51	9	0
51	9	1
51	9	2
51	9	3
51	9	4
51	9	5
51	9	6
51	9	7
51	9	8
51	10	0
51	10	1
51	10	2
51	10	3
51	10	4
51	10	5
51	10	6
51	10	7
51	10	8
51	10	9
51	10	10
51	10	63
51	11	0
51	11	1
51	11	2
51	11	3
51	11	4
51	11	5
51	11	6
51	11	7
51	11	8
51	11	9
51	11	10
51	11	11
51	11	12
51	11	63
51	12	0
51	12	1
51	12	2
51	12	3
51	12	4
51	12	5
51	12	6
51	12	7
51	12	8
51	12	9
51	12	10
51	12	11
51	12	12
51	12	62
51	12	63
51	13	0
51	13	1
51	13	2
51	13	3
51	13	4
51	13	5
51	13	6
51	13	7
51	13	8
51	13	9
51	13	10
51	13	11
51	13	62
51	13	63
51	14	0
51	14	1
51	14	2
51	14	3
51	14	4
51	14	5
51	14	6
51	14	7
51	14	8
51	14	9
51	14	10
51	14	11
51	14	62
51	14	63
51	15	0
51	15	1
51	15	2
51	15	3
51	15	4
51	15	5
51	15	6
51	15	7
51	15	8
51	15	9
51	15	10
51	15	11
51	15	62
51	15	63
51	16	0
51	16	1
51	16	2
51	16	3
51	16	4
51	16	5
51	16	6
51	16	7
51	16	8
51	16	9
51	16	10
51	16	11
51	16	62
51	16	63
51	17	0
51	17	1
51	17	2
51	17	3
51	17	4
51	17	5
51	17	6
51	17	7
51	17	8
51	17	9
51	17	10
51	17	62
51	17	63
51	18	0
51	18	1
51	18	2
51	18	3
51	18	4
51	18	5
51	18	6
51	18	7
51	18	9
51	18	10
51	18	62
51	18	63
51	19	0
51	19	1
51	19	2
51	19	3
51	19	4
51	19	5
51	19	6
51	19	62
51	19	63
51	20	0
51	20	1
51	20	2
51	20	3
51	20	4
51	20	5
51	20	62
51	20	63
51	21	0
51	21	1
51	21	2
51	21	3
51	21	63
51	22	0
51	22	1
51	22	2
51	23	0
51	23	1
51	55	13
51	55	14
51	55	15
51	55	16
51	55	17
51	55	18
51	55	19
51	56	11
51	56	12
51	56	13
51	56	14
51	56	15
51	56	16
51	56	17
51	56	18
51	56	19
51	56	20
51	56	21
51	56	22
51	56	23
51	57	4
51	57	5
51	57	6
51	57	7
51	57	10
51	57	11
51	57	12
51	57	13
51	57	14
51	57	15
51	57	16
51	57	17
51	57	18
51	57	19
51	57	20
51	57	21
51	57	22
51	57	23
51	58	5
51	58	6
51	58	7
51	58	8
51	58	9
51	58	10
51	58	11
51	58	12
51	58	13
51	58	14
51	58	15
51	58	16
51	58	17
51	58	18
51	58	19
51	58	20
51	58	21
51	58	22
51	58	23
51	58	24
51	59	6
51	59	7
51	59	8
51	59	9
51	59	10
51	59	11
51	59	12
51	59	13
51	59	14
51	59	15
51	59	16
51	59	17
51	59	18
51	59	19
51	59	20
51	59	21
51	59	22
51	59	23
51	59	24
51	59	25
51	60	7
51	60	8
51	60	9
51	60	10
51	60	13
51	60	14
51	60	15
51	60	16
51	60	17
51	60	18
51	60	19
51	60	20
51	60	21
51	60	22
51	60	23
51	60	24
51	60	25
51	61	8
51	61	9
51	61	10
51	61	11
51	61	18
51	61	19
51	61	20
51	61	21
51	61	22
51	61	24
51	62	20
52	0	9
52	0	10
52	0	11
52	0	12
52	1	12
52	5	1
52	5	2
52	5	3
52	5	63
52	6	0
52	6	1
52	6	2
52	6	3
52	6	4
52	6	5
52	6	63
52	7	0
52	7	1
52	7	2
52	7	3
52	7	4
52	7	5
52	7	6
52	8	0
52	8	1
52	8	2
52	8	3
52	8	4
52	8	5
52	8	6
52	8	7
52	9	0
52	9	1
52	9	2
52	9	3
52	9	4
52	9	5
52	9	6
52	9	7
52	9	8
52	9	9
52	10	0
52	10	1
52	10	2
52	10	3
52	10	4
52	10	5
52	10	6
52	10	7
52	10	8
52	10	9
52	10	10
52	10	63
52	11	0
52	11	1
52	11	2
52	11	3
52	11	4
52	11	5
52	11	6
52	11	7
52	11	8
52	11	9
52	11	10
52	11	11
52	11	63
52	12	0
52	12	1
52	12	2
52	12	3
52	12	4
52	12	5
52	12	6
52	12	7
52	12	8
52	12	9
52	12	10
52	12	11
52	12	12
52	12	62
52	12	63
52	13	0
52	13	1
52	13	2
52	13	3
52	13	4
52	13	5
52	13	6
52	13	7
52	13	8
52	13	9
52	13	10
52	13	11
52	13	12
52	13	62
52	13	63
52	14	0
52	14	1
52	14	2
52	14	3
52	14	4
52	14	5
52	14	6
52	14	7
52	14	8
52	14	9
52	14	10
52	14	11
52	14	62
52	14	63
52	15	0
52	15	1
52	15	2
52	15	3
52	15	4
52	15	5
52	15	6
52	15	7
52	15	8
52	15	9
52	15	10
52	15	11
52	15	62
52	15	63
52	16	0
52	16	1
52	16	2
52	16	3
52	16	4
52	16	5
52	16	6
52	16	7
52	16	8
52	16	9
52	16	10
52	16	11
52	16	62
52	16	63
52	17	0
52	17	1
52	17	2
52	17	3
52	17	4
52	17	5
52	17	6
52	17	7
52	17	8
52	17	9
52	17	10
52	17	11
52	17	62
52	17	63
52	18	0
52	18	1
52	18	2
52	18	3
52	18	4
52	18	5
52	18	6
52	18	7
52	18	62
52	18	63
52	19	0
52	19	1
52	19	2
52	19	3
52	19	4
52	19	5
52	19	6
52	19	62
52	19	63
52	20	0
52	20	1
52	20	2
52	20	3
52	20	4
52	20	62
52	20	63
52	21	0
52	21	1
52	21	2
52	21	3
52	21	63
52	22	0
52	22	1
52	22	2
52	22	63
52	23	0
52	23	1
52	24	0
52	54	17
52	55	13
52	55	14
52	55	15
52	55	16
52	55	17
52	55	18
52	55	19
52	55	20
52	55	21
52	55	22
52	55	23
52	55	24
52	56	3
52	56	4
52	56	5
52	56	6
52	56	7
52	56	11
52	56	12
52	56	13
52	56	14
52	56	15
52	56	16
52	56	17
52	56	18
52	56	19
52	56	20
52	56	21
52	56	22
52	56	23
52	56	24
52	57	4
52	57	5
52	57	6
52	57	7
52	57	8
52	57	9
52	57	10
52	57	11
52	57	12
52	57	13
52	57	14
52	57	15
52	57	16
52	57	17
52	57	18
52	57	19
52	57	20
52	57	21
52	57	22
52	57	23
52	57	24
52	58	5
52	58	6
52	58	7
52	58	8
52	58	9
52	58	10
52	58	11
52	58	12
52	58	13
52	58	14
52	58	15
52	58	16
52	58	17
52	58	18
52	58	19
52	58	20
52	58	21
52	58	22
52	58	23
52	58	24
52	59	6
52	59	7
52	59	8
52	59	9
52	59	10
52	59	11
52	59	12
52	59	13
52	59	14
52	59	15
52	59	16
52	59	17
52	59	18
52	59	19
52	59	20
52	59	21
52	59	22
52	59	23
52	59	24
52	59	25
52	60	7
52	60	8
52	60	9
52	60	10
52	60	13
52	60	14
52	60	15
52	60	16
52	60	17
52	60	18
52	60	19
52	60	20
52	60	21
52	60	22
52	60	23
52	60	24
52	61	8
52	61	9
52	61	10
52	61	11
52	61	14
52	61	15
52	61	16
52	61	17
52	61	18
52	61	19
52	61	20
52	61	21
52	61	22
52	61	23
52	62	9
52	62	10
52	62	11
52	62	20
52	62	21
52	63	9
52	63	10
52	63	11
53	0	8
53	0	9
53	0	10
53	0	11
53	0	12
53	1	8
53	1	9
53	1	10
53	1	11
53	1	12
53	4	2
53	5	1
53	5	2
53	5	3
53	5	4
53	5	5
53	5	63
53	6	0
53	6	1
53	6	2
53	6	3
53	6	4
53	6	5
53	6	6
53	7	0
53	7	1
53	7	2
53	7	3
53	7	4
53	7	5
53	7	6
53	8	0
53	8	1
53	8	2
53	8	3
53	8	4
53	8	5
53	8	6
53	8	7
53	9	0
53	9	1
53	9	2
53	9	3
53	9	4
53	9	5
53	9	6
53	9	7
53	9	8
53	9	9
53	9	10
53	10	0
53	10	1
53	10	2
53	10	3
53	10	4
53	10	5
53	10	6
53	10	7
53	10	8
53	10	9
53	10	10
53	10	11
53	10	63
53	11	0
53	11	1
53	11	2
53	11	3
53	11	4
53	11	5
53	11	6
53	11	7
53	11	8
53	11	9
53	11	10
53	11	11
53	11	62
53	11	63
53	12	0
53	12	1
53	12	2
53	12	3
53	12	4
53	12	5
53	12	6
53	12	7
53	12	8
53	12	9
53	12	10
53	12	11
53	12	62
53	12	63
53	13	0
53	13	1
53	13	2
53	13	3
53	13	4
53	13	5
53	13	6
53	13	7
53	13	8
53	13	9
53	13	10
53	13	11
53	13	12
53	13	62
53	13	63
53	14	0
53	14	1
53	14	2
53	14	3
53	14	4
53	14	5
53	14	6
53	14	7
53	14	8
53	14	9
53	14	10
53	14	11
53	14	12
53	14	62
53	14	63
53	15	0
53	15	1
53	15	2
53	15	3
53	15	4
53	15	5
53	15	6
53	15	7
53	15	8
53	15	9
53	15	10
53	15	11
53	15	62
53	15	63
53	16	0
53	16	1
53	16	2
53	16	3
53	16	4
53	16	5
53	16	6
53	16	7
53	16	8
53	16	9
53	16	10
53	16	11
53	16	62
53	16	63
53	17	0
53	17	1
53	17	2
53	17	3
53	17	4
53	17	5
53	17	6
53	17	7
53	17	8
53	17	9
53	17	10
53	17	11
53	17	62
53	17	63
53	18	0
53	18	1
53	18	2
53	18	3
53	18	4
53	18	5
53	18	6
53	18	7
53	18	63
53	19	0
53	19	1
53	19	2
53	19	3
53	19	4
53	19	5
53	19	6
53	19	63
53	20	0
53	20	1
53	20	2
53	20	3
53	20	4
53	20	63
53	21	0
53	21	1
53	21	2
53	21	3
53	21	63
53	22	0
53	22	1
53	22	2
53	22	63
53	23	0
53	23	1
53	24	0
53	55	5
53	55	6
53	55	7
53	55	15
53	55	16
53	55	17
53	55	18
53	55	19
53	55	20
53	55	21
53	55	22
53	55	23
53	55	24
53	56	3
53	56	4
53	56	5
53	56	6
53	56	7
53	56	8
53	56	12
53	56	13
53	56	14
53	56	15
53	56	16
53	56	17
53	56	18
53	56	19
53	56	20
53	56	21
53	56	22
53	56	23
53	56	24
53	57	4
53	57	5
53	57	6
53	57	7
53	57	8
53	57	9
53	57	11
53	57	12
53	57	13
53	57	14
53	57	15
53	57	16
53	57	17
53	57	18
53	57	19
53	57	20
53	57	21
53	57	22
53	57	23
53	57	24
53	58	5
53	58	6
53	58	7
53	58	8
53	58	9
53	58	10
53	58	11
53	58	12
53	58	13
53	58	14
53	58	15
53	58	16
53	58	17
53	58	18
53	58	19
53	58	20
53	58	21
53	58	22
53	58	23
53	58	24
53	59	6
53	59	7
53	59	8
53	59	9
53	59	10
53	59	11
53	59	12
53	59	13
53	59	14
53	59	15
53	59	16
53	59	17
53	59	18
53	59	19
53	59	20
53	59	21
53	59	22
53	59	23
53	59	24
53	59	25
53	60	7
53	60	8
53	60	9
53	60	10
53	60	13
53	60	14
53	60	15
53	60	16
53	60	17
53	60	18
53	60	19
53	60	20
53	60	21
53	60	22
53	60	23
53	60	24
53	61	8
53	61	9
53	61	10
53	61	11
53	61	13
53	61	14
53	61	15
53	61	16
53	61	17
53	61	18
53	61	19
53	61	20
53	61	21
53	61	22
53	61	23
53	62	8
53	62	9
53	62	10
53	62	11
53	62	12
53	62	13
53	62	14
53	62	15
53	62	16
53	62	17
53	62	18
53	62	19
53	62	20
53	62	21
53	63	8
53	63	9
53	63	10
53	63	11
53	63	12
54	0	7
54	0	8
54	0	9
54	0	10
54	0	11
54	0	12
54	0	13
54	1	7
54	1	8
54	1	9
54	1	10
54	1	11
54	1	12
54	1	13
54	2	7
54	2	8
54	2	9
54	2	10
54	2	11
54	2	12
54	2	13
54	3	13
54	4	1
54	4	2
54	4	3
54	4	4
54	4	5
54	4	6
54	4	13
54	5	0
54	5	1
54	5	2
54	5	3
54	5	4
54	5	5
54	5	6
54	6	0
54	6	1
54	6	2
54	6	3
54	6	4
54	6	5
54	6	6
54	7	0
54	7	1
54	7	2
54	7	3
54	7	4
54	7	5
54	7	6
54	7	7
54	8	0
54	8	1
54	8	2
54	8	3
54	8	4
54	8	5
54	8	6
54	8	7
54	8	8
54	9	0
54	9	1
54	9	2
54	9	3
54	9	4
54	9	5
54	9	6
54	9	7
54	9	8
54	9	9
54	9	10
54	10	0
54	10	1
54	10	2
54	10	3
54	10	4
54	10	5
54	10	6
54	10	7
54	10	8
54	10	9
54	10	10
54	10	11
54	10	63
54	11	0
54	11	1
54	11	2
54	11	3
54	11	4
54	11	5
54	11	6
54	11	7
54	11	8
54	11	9
54	11	10
54	11	11
54	11	63
54	12	0
54	12	1
54	12	2
54	12	3
54	12	4
54	12	5
54	12	6
54	12	7
54	12	8
54	12	9
54	12	10
54	12	11
54	12	62
54	12	63
54	13	0
54	13	1
54	13	2
54	13	3
54	13	4
54	13	5
54	13	6
54	13	7
54	13	8
54	13	9
54	13	10
54	13	11
54	13	12
54	13	62
54	13	63
54	14	0
54	14	1
54	14	2
54	14	3
54	14	4
54	14	5
54	14	6
54	14	7
54	14	8
54	14	9
54	14	10
54	14	11
54	14	12
54	14	62
54	14	63
54	15	0
54	15	1
54	15	2
54	15	3
54	15	4
54	15	5
54	15	6
54	15	7
54	15	8
54	15	9
54	15	10
54	15	11
54	15	63
54	16	0
54	16	1
54	16	2
54	16	3
54	16	4
54	16	5
54	16	6
54	16	7
54	16	8
54	16	9
54	16	10
54	16	11
54	16	63
54	17	0
54	17	1
54	17	2
54	17	3
54	17	4
54	17	5
54	17	6
54	17	7
54	17	8
54	17	9
54	17	10
54	17	11
54	18	0
54	18	1
54	18	2
54	18	3
54	18	4
54	18	5
54	18	6
54	18	7
54	19	0
54	19	1
54	19	2
54	19	3
54	19	4
54	19	5
54	19	6
54	20	0
54	20	1
54	20	2
54	20	3
54	20	4
54	21	0
54	21	1
54	21	2
54	21	3
54	22	0
54	22	1
54	22	2
54	23	0
54	23	1
54	54	7
54	54	8
54	55	5
54	55	6
54	55	7
54	55	8
54	55	18
54	55	19
54	56	4
54	56	5
54	56	6
54	56	7
54	56	8
54	56	16
54	56	17
54	56	18
54	56	19
54	56	20
54	56	21
54	56	22
54	56	23
54	57	4
54	57	5
54	57	6
54	57	7
54	57	8
54	57	9
54	57	14
54	57	15
54	57	16
54	57	17
54	57	18
54	57	19
54	57	20
54	57	21
54	57	22
54	57	23
54	57	24
54	58	5
54	58	6
54	58	7
54	58	8
54	58	9
54	58	13
54	58	14
54	58	15
54	58	16
54	58	17
54	58	18
54	58	19
54	58	20
54	58	21
54	58	22
54	58	23
54	58	24
54	59	6
54	59	7
54	59	8
54	59	9
54	59	10
54	59	11
54	59	12
54	59	13
54	59	14
54	59	15
54	59	16
54	59	17
54	59	18
54	59	19
54	59	20
54	59	21
54	59	22
54	59	23
54	59	24
54	59	25
54	60	7
54	60	8
54	60	9
54	60	10
54	60	11
54	60	12
54	60	13
54	60	14
54	60	15
54	60	16
54	60	17
54	60	18
54	60	19
54	60	20
54	60	21
54	60	22
54	60	23
54	60	24
54	61	7
54	61	8
54	61	9
54	61	10
54	61	11
54	61	12
54	61	13
54	61	14
54	61	15
54	61	16
54	61	17
54	61	18
54	61	19
54	61	20
54	61	21
54	61	22
54	61	23
54	62	7
54	62	8
54	62	9
54	62	10
54	62	11
54	62	12
54	62	13
54	62	14
54	62	15
54	62	16
54	62	17
54	62	18
54	62	19
54	62	20
54	62	21
54	63	7
54	63	8
54	63	9
54	63	10
54	63	11
54	63	12
54	63	13
54	63	14
54	63	15
54	63	16
54	63	17
54	63	18
54	63	19
54	63	20
54	63	21
55	0	6
55	0	7
55	0	8
55	0	9
55	0	10
55	0	11
55	0	12
55	0	13
55	0	14
55	0	18
55	0	19
55	0	20
55	0	21
55	0	22
55	1	6
55	1	7
55	1	8
55	1	9
55	1	10
55	1	11
55	1	12
55	1	13
55	1	14
55	2	7
55	2	8
55	2	9
55	2	10
55	2	11
55	2	12
55	2	13
55	2	14
55	3	3
55	3	8
55	3	9
55	3	10
55	3	11
55	3	12
55	3	13
55	3	14
55	4	2
55	4	3
55	4	4
55	4	5
55	4	6
55	4	13
55	4	14
55	5	1
55	5	2
55	5	3
55	5	4
55	5	5
55	5	6
55	5	14
55	6	1
55	6	2
55	6	3
55	6	4
55	6	5
55	6	6
55	7	1
55	7	2
55	7	3
55	7	4
55	7	5
55	7	6
55	7	7
55	8	1
55	8	2
55	8	3
55	8	4
55	8	5
55	8	6
55	8	7
55	8	8
55	9	1
55	9	2
55	9	3
55	9	4
55	9	5
55	9	6
55	9	7
55	9	8
55	9	9
55	9	10
55	9	11
55	10	0
55	10	1
55	10	2
55	10	3
55	10	4
55	10	5
55	10	6
55	10	7
55	10	8
55	10	9
55	10	10
55	10	11
55	11	0
55	11	1
55	11	2
55	11	3
55	11	4
55	11	5
55	11	6
55	11	7
55	11	8
55	11	9
55	11	10
55	11	11
55	11	63
55	12	0
55	12	1
55	12	2
55	12	3
55	12	4
55	12	5
55	12	6
55	12	7
55	12	8
55	12	9
55	12	10
55	12	11
55	12	63
55	13	0
55	13	1
55	13	2
55	13	3
55	13	4
55	13	5
55	13	6
55	13	7
55	13	8
55	13	9
55	13	10
55	13	11
55	13	12
55	13	63
55	14	0
55	14	1
55	14	2
55	14	3
55	14	4
55	14	5
55	14	6
55	14	7
55	14	8
55	14	9
55	14	10
55	14	11
55	14	12
55	14	63
55	15	0
55	15	1
55	15	2
55	15	3
55	15	4
55	15	5
55	15	6
55	15	7
55	15	8
55	15	9
55	15	10
55	15	11
55	15	12
55	16	0
55	16	1
55	16	2
55	16	3
55	16	4
55	16	5
55	16	6
55	16	7
55	16	8
55	16	9
55	16	10
55	16	11
55	16	12
55	17	0
55	17	1
55	17	2
55	17	3
55	17	4
55	17	5
55	17	6
55	17	7
55	17	8
55	17	9
55	17	10
55	17	11
55	17	12
55	18	1
55	18	2
55	18	3
55	18	4
55	18	5
55	18	6
55	18	7
55	18	12
55	19	2
55	19	3
55	19	4
55	19	5
55	19	6
55	20	2
55	20	3
55	21	2
55	21	3
55	22	2
55	55	6
55	55	7
55	55	8
55	56	5
55	56	6
55	56	7
55	56	8
55	57	4
55	57	5
55	57	6
55	57	7
55	57	8
55	58	5
55	58	6
55	58	7
55	58	8
55	58	15
55	58	16
55	58	17
55	58	18
55	58	19
55	58	20
55	58	21
55	58	22
55	58	23
55	59	6
55	59	7
55	59	8
55	59	13
55	59	14
55	59	15
55	59	16
55	59	17
55	59	18
55	59	19
55	59	20
55	59	21
55	59	22
55	59	23
55	59	24
55	60	6
55	60	7
55	60	8
55	60	9
55	60	10
55	60	11
55	60	12
55	60	13
55	60	14
55	60	15
55	60	16
55	60	17
55	60	18
55	60	19
55	60	20
55	60	21
55	60	22
55	60	23
55	60	24
55	61	6
55	61	7
55	61	8
55	61	9
55	61	10
55	61	11
55	61	12
55	61	13
55	61	14
55	61	15
55	61	16
55	61	17
55	61	18
55	61	19
55	61	20
55	61	21
55	61	22
55	61	23
55	62	6
55	62	7
55	62	8
55	62	9
55	62	10
55	62	11
55	62	12
55	62	13
55	62	14
55	62	15
55	62	16
55	62	17
55	62	18
55	62	19
55	62	20
55	62	21
55	62	22
55	63	6
55	63	7
55	63	8
55	63	9
55	63	10
55	63	11
55	63	12
55	63	13
55	63	14
55	63	15
55	63	17
55	63	18
55	63	19
55	63	20
55	63	21
55	63	22
56	0	5
56	0	6
56	0	7
56	0	8
56	0	9
56	0	10
56	0	11
56	0	12
56	0	13
56	0	14
56	0	18
56	0	19
56	0	20
56	0	21
56	0	22
56	0	23
56	1	8
56	1	9
56	1	10
56	1	11
56	1	12
56	1	13
56	1	14
56	1	18
56	1	19
56	1	20
56	1	21
56	1	22
56	1	23
56	2	9
56	2	10
56	2	11
56	2	12
56	2	13
56	2	14
56	2	15
56	3	10
56	3	11
56	3	12
56	3	13
56	3	14
56	3	15
56	4	3
56	4	4
56	4	5
56	4	6
56	4	10
56	4	11
56	4	12
56	4	13
56	4	14
56	4	15
56	5	3
56	5	4
56	5	5
56	5	6
56	5	7
56	5	14
56	5	15
56	6	3
56	6	4
56	6	5
56	6	6
56	6	7
56	6	14
56	7	3
56	7	4
56	7	5
56	7	6
56	7	7
56	7	8
56	8	2
56	8	3
56	8	4
56	8	5
56	8	6
56	8	7
56	8	8
56	8	9
56	9	1
56	9	2
56	9	3
56	9	4
56	9	5
56	9	6
56	9	7
56	9	8
56	9	9
56	9	10
56	9	11
56	10	1
56	10	2
56	10	3
56	10	4
56	10	5
56	10	6
56	10	7
56	10	8
56	10	9
56	10	10
56	10	11
56	11	1
56	11	2
56	11	3
56	11	4
56	11	5
56	11	6
56	11	7
56	11	8
56	11	9
56	11	10
56	11	11
56	12	1
56	12	2
56	12	3
56	12	4
56	12	5
56	12	6
56	12	7
56	12	8
56	12	9
56	12	10
56	12	11
56	13	1
56	13	2
56	13	3
56	13	4
56	13	5
56	13	6
56	13	7
56	13	8
56	13	9
56	13	10
56	13	11
56	14	1
56	14	2
56	14	3
56	14	4
56	14	5
56	14	6
56	14	7
56	14	8
56	14	9
56	14	10
56	14	11
56	15	2
56	15	3
56	15	4
56	15	5
56	15	6
56	15	7
56	15	8
56	15	9
56	15	10
56	15	11
56	16	2
56	16	3
56	16	4
56	16	5
56	16	6
56	16	7
56	16	8
56	16	9
56	16	10
56	17	4
56	17	5
56	17	6
56	17	7
56	17	8
56	17	9
56	18	5
56	18	6
56	18	7
56	19	5
56	56	6
56	57	5
56	57	6
56	58	4
56	58	5
56	59	4
56	59	5
56	60	5
56	60	6
56	60	7
56	60	8
56	60	9
56	60	10
56	60	11
56	60	12
56	60	20
56	60	21
56	60	22
56	60	23
56	61	5
56	61	6
56	61	7
56	61	8
56	61	9
56	61	10
56	61	11
56	61	12
56	61	13
56	61	18
56	61	19
56	61	20
56	61	21
56	61	22
56	61	23
56	62	5
56	62	6
56	62	7
56	62	8
56	62	9
56	62	10
56	62	11
56	62	12
56	62	13
56	62	18
56	62	19
56	62	20
56	62	21
56	62	22
56	62	23
56	63	5
56	63	6
56	63	7
56	63	8
56	63	9
56	63	10
56	63	11
56	63	12
56	63	13
56	63	14
56	63	17
56	63	18
56	63	19
56	63	20
56	63	21
56	63	22
56	63	23
57	0	5
57	0	7
57	0	8
57	0	9
57	0	10
57	0	11
57	0	12
57	0	13
57	0	14
57	0	19
57	0	20
57	0	21
57	0	22
57	0	23
57	1	10
57	1	11
57	1	12
57	1	13
57	1	14
57	1	18
57	1	19
57	1	20
57	2	10
57	2	11
57	2	12
57	2	13
57	2	14
57	2	15
57	2	17
57	2	18
57	2	19
57	2	20
57	3	10
57	3	11
57	3	12
57	3	13
57	3	14
57	3	15
57	3	16
57	4	5
57	4	6
57	4	9
57	4	10
57	4	11
57	4	12
57	4	13
57	4	14
57	4	15
57	5	5
57	5	6
57	5	7
57	5	9
57	5	10
57	5	11
57	5	12
57	5	13
57	5	14
57	5	15
57	6	5
57	6	6
57	6	7
57	6	8
57	6	14
57	6	15
57	7	5
57	7	6
57	7	7
57	7	8
57	7	15
57	8	4
57	8	5
57	8	6
57	8	7
57	8	8
57	8	9
57	8	10
57	9	3
57	9	4
57	9	5
57	9	6
57	9	7
57	9	8
57	9	9
57	9	10
57	9	11
57	10	3
57	10	4
57	10	5
57	10	6
57	10	7
57	10	8
57	10	9
57	10	10
57	10	11
57	11	2
57	11	3
57	11	4
57	11	5
57	11	6
57	11	7
57	11	8
57	11	9
57	11	10
57	11	11
57	12	2
57	12	3
57	12	4
57	12	5
57	12	6
57	12	7
57	12	8
57	12	9
57	12	10
57	12	11
57	13	3
57	13	4
57	13	5
57	13	6
57	13	7
57	13	8
57	13	9
57	13	10
57	13	11
57	14	3
57	14	4
57	14	5
57	14	6
57	14	9
57	60	9
57	60	10
57	60	11
57	60	12
57	61	4
57	61	7
57	61	8
57	61	9
57	61	10
57	61	11
57	61	12
57	62	4
57	62	5
57	62	6
57	62	7
57	62	8
57	62	9
57	62	10
57	62	11
57	62	12
57	62	21
57	62	22
57	62	23
57	63	4
57	63	5
57	63	6
57	63	7
57	63	8
57	63	9
57	63	10
57	63	11
57	63	12
57	63	13
57	63	20
57	63	21
57	63	22
57	63	23
58	0	12
58	0	13
58	1	12
58	1	13
58	1	14
58	2	11
58	2	12
58	2	13
58	2	14
58	2	15
58	2	18
58	3	11
58	3	12
58	3	13
58	3	14
58	3	15
58	3	16
58	4	11
58	4	12
58	4	13
58	4	14
58	4	15
58	4	16
58	5	11
58	5	12
58	5	13
58	5	14
58	5	15
58	5	16
58	6	11
58	6	12
58	6	13
58	6	14
58	6	15
58	6	16
58	7	15
58	7	16
58	8	9
58	8	10
58	8	16
58	9	4
58	9	5
58	9	6
58	9	9
58	9	10
58	9	11
58	10	4
58	10	5
58	10	6
58	10	7
58	10	8
58	10	9
58	10	10
58	10	11
58	11	4
58	11	5
58	11	6
58	11	7
58	11	8
58	11	9
58	11	10
58	12	4
58	12	5
58	12	6
58	12	7
58	13	4
58	13	5
58	60	11
58	61	3
58	61	8
58	61	9
58	61	10
58	61	11
58	62	4
58	62	7
58	62	8
58	62	9
58	62	10
58	62	11
58	63	5
58	63	6
58	63	7
58	63	8
58	63	9
58	63	10
58	63	11
58	63	12
59	1	13
59	1	14
59	2	13
59	2	14
59	2	15
59	3	13
59	3	14
59	3	15
59	4	14
59	4	15
59	4	16
59	4	17
59	5	14
59	5	15
59	5	16
59	6	15
59	6	16
59	7	15
59	7	16
59	62	7
59	62	8
59	62	9
