#i	j	k
6	56	53
7	54	50
7	54	51
7	54	52
7	54	53
7	55	50
7	55	51
7	55	52
7	55	53
7	56	50
7	56	51
7	56	52
7	56	53
7	56	54
7	57	51
8	52	51
8	52	52
8	52	53
8	53	49
8	53	50
8	53	51
8	53	52
8	53	53
8	54	49
8	54	50
8	54	51
8	54	52
8	54	53
8	54	54
8	55	49
8	55	50
8	55	51
8	55	52
8	55	53
8	55	54
8	56	49
8	56	50
8	56	51
8	56	52
8	56	53
8	56	54
8	57	50
8	57	51
8	57	52
8	57	53
8	57	54
9	51	52
9	52	50
9	52	51
9	52	52
9	52	53
9	52	54
9	53	48
9	53	49
9	53	50
9	53	51
9	53	52
9	53	53
9	53	54
9	54	49
9	54	50
9	54	51
9	54	52
9	54	53
9	54	54
9	55	49
9	55	50
9	55	51
9	55	52
9	55	53
9	55	54
9	56	49
9	56	50
9	56	51
9	56	52
9	56	53
9	56	54
9	57	51
9	57	52
9	57	53
9	57	54
9	58	51
9	58	52
9	58	53
9	58	54
10	51	51
10	51	52
10	52	49
10	52	50
10	52	51
10	52	52
10	52	53
10	52	54
10	53	48
10	53	49
10	53	50
10	53	51
10	53	52
10	53	53
10	53	54
10	54	48
10	54	49
10	54	50
10	54	51
10	54	52
10	54	53
10	54	54
10	54	55
10	55	49
10	55	50
10	55	51
10	55	52
10	55	53
10	55	54
10	55	55
10	56	50
10	56	51
10	56	52
10	56	53
10	56	54
10	57	51
10	57	52
10	57	53
10	57	54
10	58	52
10	58	53
10	58	54
10	58	55
10	59	52
10	59	53
10	59	54
10	59	55
10	60	54
10	60	55
10	61	54
10	62	55
11	51	45
11	51	46
11	51	47
11	51	51
11	52	48
11	52	49
11	52	50
11	52	51
11	52	52
11	52	53
11	53	48
11	53	49
11	53	50
11	53	51
11	53	52
11	53	53
11	53	54
11	54	48
11	54	49
11	54	50
11	54	51
11	54	52
11	54	53
11	54	54
11	54	55
11	55	48
11	55	49
11	55	50
11	55	51
11	55	52
11	55	53
11	55	54
11	55	55
11	56	50
11	56	51
11	56	52
11	56	53
11	56	54
11	56	55
11	57	51
11	57	52
11	57	53
11	57	54
11	57	55
11	58	52
11	58	53
11	58	54
11	58	55
11	59	52
11	59	53
11	59	54
11	59	55
11	60	52
11	60	53
11	60	54
11	60	55
11	61	54
11	61	55
12	51	44
12	51	45
12	51	46
12	51	47
12	52	44
12	52	45
12	52	46
12	52	47
12	52	48
12	52	49
12	52	50
12	52	51
12	52	52
12	52	53
12	52	54
12	53	31
12	53	32
12	53	47
12	53	48
12	53	49
12	53	50
12	53	51
12	53	52
12	53	53
12	53	54
12	53	55
12	54	32
12	54	48
12	54	49
12	54	50
12	54	51
12	54	52
12	54	53
12	54	54
12	54	55
12	54	56
12	55	32
12	55	47
12	55	48
12	55	49
12	55	50
12	55	51
12	55	52
12	55	53
12	55	54
12	55	55
12	56	32
12	56	47
12	56	50
12	56	51
12	56	52
12	56	53
12	56	54
12	56	55
12	57	32
12	57	51
12	57	52
12	57	53
12	57	54
12	57	55
12	58	51
12	58	52
12	58	53
12	58	54
12	58	55
12	58	56
12	59	52
12	59	53
12	59	54
12	59	55
12	59	56
12	60	52
12	60	53
12	60	54
12	60	55
12	61	54
12	61	55
13	51	43
13	51	44
13	51	45
13	51	46
13	51	47
13	52	44
13	52	45
13	52	46
13	52	47
13	52	48
13	52	49
13	52	50
13	52	51
13	52	52
13	52	53
13	52	54
13	52	55
13	53	31
13	53	45
13	53	46
13	53	47
13	53	48
13	53	49
13	53	50
13	53	51
13	53	52
13	53	53
13	53	54
13	53	55
13	53	56
13	54	31
13	54	32
13	54	33
13	54	47
13	54	48
13	54	49
13	54	50
13	54	51
13	54	52
13	54	53
13	54	54
13	54	55
13	54	56
13	55	32
13	55	33
13	55	47
13	55	48
13	55	49
13	55	50
13	55	51
13	55	52
13	55	53
13	55	54
13	55	55
13	55	56
13	56	31
13	56	32
13	56	33
13	56	46
13	56	47
13	56	50
13	56	51
13	56	52
13	56	53
13	56	54
13	56	55
13	57	32
13	57	33
13	57	46
13	57	50
13	57	51
13	57	52
13	57	53
13	57	54
13	57	55
13	57	56
13	58	33
13	58	51
13	58	52
13	58	53
13	58	54
13	58	55
13	58	56
13	59	33
13	59	51
13	59	52
13	59	53
13	59	54
13	59	55
13	59	56
13	60	52
13	60	53
13	60	54
13	60	55
13	61	54
14	51	43
14	51	44
14	51	45
14	51	46
14	51	47
14	51	48
14	51	52
14	51	53
14	51	54
14	51	55
14	52	42
14	52	43
14	52	44
14	52	45
14	52	46
14	52	47
14	52	48
14	52	49
14	52	50
14	52	51
14	52	52
14	52	53
14	52	54
14	52	55
14	52	56
14	53	30
14	53	31
14	53	45
14	53	46
14	53	47
14	53	48
14	53	49
14	53	50
14	53	51
14	53	52
14	53	53
14	53	54
14	53	55
14	53	56
14	54	31
14	54	32
14	54	46
14	54	47
14	54	48
14	54	49
14	54	50
14	54	51
14	54	52
14	54	53
14	54	54
14	54	55
14	54	56
14	55	31
14	55	32
14	55	33
14	55	34
14	55	47
14	55	48
14	55	49
14	55	50
14	55	51
14	55	52
14	55	53
14	55	54
14	55	55
14	55	56
14	56	31
14	56	32
14	56	33
14	56	34
14	56	46
14	56	47
14	56	50
14	56	51
14	56	52
14	56	53
14	56	54
14	56	55
14	56	56
14	57	32
14	57	33
14	57	34
14	57	45
14	57	46
14	57	50
14	57	51
14	57	52
14	57	53
14	57	54
14	57	55
14	57	56
14	58	32
14	58	33
14	58	34
14	58	45
14	58	51
14	58	52
14	58	53
14	58	54
14	58	55
14	58	56
14	59	32
14	59	33
14	59	34
14	59	35
14	59	51
14	59	52
14	59	53
14	59	54
14	59	55
14	59	56
14	60	52
14	60	53
14	60	54
14	60	55
14	61	52
14	61	53
14	61	54
14	61	55
15	51	42
15	51	43
15	51	44
15	51	45
15	51	46
15	51	47
15	51	48
15	51	52
15	51	53
15	51	54
15	51	55
15	52	41
15	52	42
15	52	43
15	52	44
15	52	45
15	52	46
15	52	47
15	52	48
15	52	49
15	52	50
15	52	51
15	52	52
15	52	53
15	52	54
15	52	55
15	52	56
15	53	31
15	53	43
15	53	44
15	53	45
15	53	46
15	53	47
15	53	48
15	53	49
15	53	50
15	53	51
15	53	52
15	53	53
15	53	54
15	53	55
15	53	56
15	53	57
15	54	31
15	54	32
15	54	45
15	54	46
15	54	47
15	54	48
15	54	49
15	54	50
15	54	51
15	54	52
15	54	53
15	54	54
15	54	55
15	54	56
15	54	57
15	55	31
15	55	32
15	55	33
15	55	46
15	55	47
15	55	48
15	55	49
15	55	50
15	55	51
15	55	52
15	55	53
15	55	54
15	55	55
15	56	31
15	56	32
15	56	33
15	56	34
15	56	35
15	56	46
15	56	47
15	56	49
15	56	50
15	56	51
15	56	52
15	56	53
15	56	54
15	56	55
15	56	56
15	57	32
15	57	33
15	57	34
15	57	35
15	57	44
15	57	45
15	57	46
15	57	50
15	57	51
15	57	52
15	57	53
15	57	54
15	57	55
15	57	56
15	58	32
15	58	33
15	58	34
15	58	35
15	58	44
15	58	45
15	58	50
15	58	51
15	58	52
15	58	53
15	58	54
15	58	55
15	58	56
15	59	32
15	59	33
15	59	34
15	59	35
15	59	44
15	59	51
15	59	52
15	59	53
15	59	54
15	59	55
15	59	56
15	60	33
15	60	34
15	60	51
15	60	52
15	60	53
15	60	54
15	60	55
15	60	60
15	60	61
15	61	52
15	61	53
15	61	54
15	61	55
15	61	59
15	61	60
15	61	61
15	62	55
16	51	42
16	51	43
16	51	44
16	51	45
16	51	46
16	51	52
16	51	53
16	51	54
16	52	39
16	52	40
16	52	41
16	52	42
16	52	43
16	52	44
16	52	45
16	52	46
16	52	47
16	52	48
16	52	49
16	52	50
16	52	51
16	52	52
16	52	53
16	52	54
16	52	55
16	52	56
16	53	31
16	53	42
16	53	43
16	53	44
16	53	45
16	53	46
16	53	47
16	53	48
16	53	49
16	53	50
16	53	51
16	53	52
16	53	53
16	53	54
16	53	55
16	53	56
16	53	57
16	54	31
16	54	32
16	54	43
16	54	44
16	54	45
16	54	46
16	54	47
16	54	48
16	54	49
16	54	50
16	54	51
16	54	52
16	54	53
16	54	54
16	54	55
16	54	56
16	54	57
16	55	31
16	55	32
16	55	33
16	55	34
16	55	44
16	55	45
16	55	46
16	55	47
16	55	48
16	55	49
16	55	50
16	55	51
16	55	52
16	55	53
16	55	54
16	56	31
16	56	32
16	56	33
16	56	34
16	56	45
16	56	46
16	56	47
16	56	48
16	56	49
16	56	50
16	56	51
16	56	52
16	56	53
16	56	54
16	56	55
16	56	56
16	57	32
16	57	33
16	57	34
16	57	35
16	57	44
16	57	45
16	57	46
16	57	48
16	57	49
16	57	50
16	57	51
16	57	52
16	57	53
16	57	54
16	57	55
16	57	56
16	57	57
16	58	32
16	58	33
16	58	34
16	58	35
16	58	43
16	58	44
16	58	45
16	58	50
16	58	51
16	58	52
16	58	53
16	58	54
16	58	55
16	58	56
16	59	32
16	59	33
16	59	34
16	59	35
16	59	43
16	59	44
16	59	50
16	59	51
16	59	52
16	59	53
16	59	54
16	59	55
16	59	56
16	59	60
16	59	61
16	59	62
16	60	33
16	60	34
16	60	43
16	60	50
16	60	51
16	60	52
16	60	53
16	60	54
16	60	55
16	60	59
16	60	60
16	60	61
16	60	62
16	61	51
16	61	52
16	61	53
16	61	54
16	61	55
16	61	58
16	61	59
16	61	60
16	61	61
16	61	62
16	62	55
16	62	57
16	62	58
16	62	59
16	62	60
16	62	61
16	62	62
17	0	41
17	51	42
17	51	43
17	51	44
17	51	45
17	51	52
17	51	53
17	51	54
17	52	38
17	52	39
17	52	40
17	52	41
17	52	42
17	52	43
17	52	44
17	52	45
17	52	46
17	52	47
17	52	48
17	52	49
17	52	50
17	52	51
17	52	52
17	52	53
17	52	54
17	52	55
17	53	38
17	53	39
17	53	40
17	53	41
17	53	42
17	53	43
17	53	44
17	53	45
17	53	46
17	53	47
17	53	48
17	53	49
17	53	50
17	53	51
17	53	52
17	53	53
17	53	54
17	53	55
17	53	56
17	53	57
17	54	31
17	54	32
17	54	33
17	54	42
17	54	43
17	54	44
17	54	45
17	54	46
17	54	47
17	54	48
17	54	49
17	54	50
17	54	51
17	54	52
17	54	53
17	54	56
17	54	57
17	55	31
17	55	32
17	55	33
17	55	34
17	55	43
17	55	44
17	55	45
17	55	46
17	55	47
17	55	48
17	55	49
17	55	50
17	55	51
17	55	52
17	55	53
17	55	57
17	56	32
17	56	33
17	56	34
17	56	35
17	56	44
17	56	45
17	56	46
17	56	47
17	56	48
17	56	49
17	56	50
17	56	51
17	56	52
17	56	53
17	56	54
17	56	55
17	56	56
17	56	57
17	56	58
17	57	32
17	57	33
17	57	34
17	57	35
17	57	44
17	57	45
17	57	46
17	57	47
17	57	48
17	57	49
17	57	50
17	57	51
17	57	52
17	57	53
17	57	54
17	57	55
17	57	56
17	57	57
17	58	32
17	58	33
17	58	34
17	58	35
17	58	42
17	58	43
17	58	44
17	58	45
17	58	49
17	58	50
17	58	51
17	58	52
17	58	53
17	58	54
17	58	55
17	58	56
17	58	61
17	58	62
17	58	63
17	59	32
17	59	33
17	59	34
17	59	35
17	59	42
17	59	43
17	59	44
17	59	50
17	59	51
17	59	52
17	59	53
17	59	54
17	59	55
17	59	56
17	59	60
17	59	61
17	59	62
17	60	33
17	60	34
17	60	35
17	60	42
17	60	43
17	60	44
17	60	51
17	60	52
17	60	53
17	60	54
17	60	55
17	60	56
17	60	59
17	60	60
17	60	61
17	60	62
17	61	39
17	61	40
17	61	41
17	61	42
17	61	43
17	61	51
17	61	52
17	61	53
17	61	54
17	61	55
17	61	56
17	61	57
17	61	58
17	61	59
17	61	60
17	61	61
17	61	62
17	62	40
17	62	41
17	62	42
17	62	51
17	62	52
17	62	53
17	62	54
17	62	55
17	62	56
17	62	57
17	62	58
17	62	59
17	62	60
17	62	61
17	62	62
17	63	41
17	63	42
17	63	56
17	63	57
17	63	58
17	63	59
17	63	60
17	63	61
17	63	62
18	0	41
18	0	57
18	0	58
18	0	59
18	0	60
18	0	61
18	0	62
18	1	62
18	51	43
18	51	52
18	51	53
18	51	54
18	52	39
18	52	40
18	52	41
18	52	42
18	52	43
18	52	44
18	52	45
18	52	46
18	52	47
18	52	48
18	52	49
18	52	50
18	52	51
18	52	52
18	52	53
18	52	54
18	52	55
18	53	37
18	53	38
18	53	39
18	53	40
18	53	41
18	53	42
18	53	43
18	53	44
18	53	45
18	53	46
18	53	47
18	53	48
18	53	49
18	53	50
18	53	51
18	53	52
18	53	55
18	53	56
18	53	57
18	54	32
18	54	33
18	54	37
18	54	38
18	54	39
18	54	40
18	54	41
18	54	42
18	54	43
18	54	44
18	54	45
18	54	46
18	54	47
18	54	48
18	54	49
18	54	50
18	54	51
18	54	52
18	54	56
18	54	57
18	55	32
18	55	33
18	55	34
18	55	35
18	55	42
18	55	43
18	55	44
18	55	45
18	55	46
18	55	47
18	55	48
18	55	49
18	55	50
18	55	51
18	55	52
18	55	53
18	55	56
18	55	57
18	56	32
18	56	33
18	56	34
18	56	35
18	56	42
18	56	43
18	56	44
18	56	45
18	56	46
18	56	47
18	56	48
18	56	49
18	56	50
18	56	51
18	56	52
18	56	53
18	56	54
18	56	55
18	56	56
18	56	57
18	56	58
18	57	32
18	57	33
18	57	34
18	57	35
18	57	36
18	57	43
18	57	44
18	57	45
18	57	46
18	57	47
18	57	48
18	57	49
18	57	50
18	57	51
18	57	52
18	57	53
18	57	54
18	57	55
18	57	56
18	57	57
18	57	58
18	58	32
18	58	33
18	58	34
18	58	35
18	58	36
18	58	42
18	58	43
18	58	44
18	58	45
18	58	47
18	58	48
18	58	49
18	58	50
18	58	51
18	58	52
18	58	53
18	58	54
18	58	55
18	58	56
18	58	57
18	58	60
18	58	61
18	58	62
18	58	63
18	59	32
18	59	33
18	59	34
18	59	35
18	59	36
18	59	41
18	59	42
18	59	43
18	59	44
18	59	45
18	59	50
18	59	51
18	59	52
18	59	53
18	59	54
18	59	55
18	59	56
18	59	57
18	59	58
18	59	59
18	59	60
18	59	61
18	59	62
18	60	33
18	60	34
18	60	35
18	60	36
18	60	40
18	60	41
18	60	42
18	60	43
18	60	44
18	60	51
18	60	52
18	60	53
18	60	54
18	60	55
18	60	56
18	60	57
18	60	58
18	60	59
18	60	60
18	60	61
18	60	62
18	61	39
18	61	40
18	61	41
18	61	42
18	61	43
18	61	51
18	61	52
18	61	53
18	61	54
18	61	55
18	61	56
18	61	57
18	61	58
18	61	59
18	61	60
18	61	61
18	61	62
18	61	63
18	62	40
18	62	41
18	62	42
18	62	43
18	62	51
18	62	52
18	62	53
18	62	54
18	62	55
18	62	56
18	62	57
18	62	58
18	62	59
18	62	60
18	62	61
18	62	62
18	62	63
18	63	41
18	63	42
18	63	43
18	63	56
18	63	57
18	63	58
18	63	59
18	63	60
18	63	61
18	63	62
18	63	63
19	0	41
19	0	57
19	0	58
19	0	59
19	0	60
19	0	61
19	0	62
19	0	63
19	1	58
19	1	59
19	1	60
19	1	61
19	1	62
19	2	61
19	2	62
19	3	61
19	4	61
19	52	40
19	52	41
19	52	42
19	52	43
19	52	44
19	52	45
19	52	49
19	52	50
19	52	51
19	52	52
19	52	53
19	52	54
19	52	55
19	53	36
19	53	37
19	53	38
19	53	39
19	53	40
19	53	41
19	53	42
19	53	43
19	53	44
19	53	45
19	53	47
19	53	48
19	53	49
19	53	50
19	53	51
19	53	52
19	53	53
19	53	54
19	53	55
19	53	56
19	54	32
19	54	33
19	54	34
19	54	35
19	54	36
19	54	37
19	54	38
19	54	39
19	54	40
19	54	41
19	54	42
19	54	43
19	54	44
19	54	45
19	54	46
19	54	47
19	54	48
19	54	49
19	54	50
19	54	51
19	54	52
19	54	53
19	54	54
19	54	55
19	54	56
19	54	57
19	55	32
19	55	33
19	55	34
19	55	35
19	55	36
19	55	37
19	55	38
19	55	39
19	55	40
19	55	41
19	55	42
19	55	43
19	55	44
19	55	45
19	55	46
19	55	47
19	55	48
19	55	49
19	55	50
19	55	51
19	55	52
19	55	53
19	55	54
19	55	55
19	55	56
19	55	57
19	56	33
19	56	34
19	56	35
19	56	36
19	56	41
19	56	42
19	56	43
19	56	44
19	56	45
19	56	46
19	56	47
19	56	48
19	56	49
19	56	50
19	56	51
19	56	52
19	56	53
19	56	54
19	56	55
19	56	56
19	56	57
19	56	58
19	57	33
19	57	34
19	57	35
19	57	36
19	57	41
19	57	42
19	57	43
19	57	44
19	57	45
19	57	46
19	57	47
19	57	48
19	57	49
19	57	50
19	57	51
19	57	52
19	57	53
19	57	54
19	57	55
19	57	56
19	57	57
19	57	58
19	58	33
19	58	34
19	58	35
19	58	36
19	58	41
19	58	42
19	58	43
19	58	44
19	58	45
19	58	46
19	58	47
19	58	48
19	58	49
19	58	50
19	58	51
19	58	52
19	58	53
19	58	54
19	58	55
19	58	56
19	58	57
19	58	58
19	58	59
19	58	60
19	58	61
19	58	62
19	59	0
19	59	1
19	59	33
19	59	34
19	59	35
19	59	36
19	59	37
19	59	41
19	59	42
19	59	43
19	59	44
19	59	45
19	59	48
19	59	50
19	59	51
19	59	52
19	59	53
19	59	54
19	59	55
19	59	56
19	59	57
19	59	58
19	59	59
19	59	60
19	59	61
19	59	62
19	59	63
19	60	0
19	60	34
19	60	35
19	60	36
19	60	39
19	60	40
19	60	41
19	60	42
19	60	43
19	60	44
19	60	50
19	60	51
19	60	52
19	60	53
19	60	54
19	60	55
19	60	56
19	60	57
19	60	58
19	60	59
19	60	60
19	60	61
19	60	62
19	60	63
19	61	0
19	61	39
19	61	40
19	61	41
19	61	42
19	61	43
19	61	44
19	61	51
19	61	52
19	61	53
19	61	54
19	61	55
19	61	56
19	61	57
19	61	58
19	61	59
19	61	60
19	61	61
19	61	62
19	61	63
19	62	0
19	62	40
19	62	41
19	62	42
19	62	43
19	62	44
19	62	51
19	62	52
19	62	53
19	62	54
19	62	55
19	62	56
19	62	57
19	62	58
19	62	59
19	62	60
19	62	61
19	62	62
19	62	63
19	63	0
19	63	41
19	63	42
19	63	43
19	63	44
19	63	56
19	63	57
19	63	58
19	63	59
19	63	60
19	63	61
19	63	62
19	63	63
20	0	0
20	0	41
20	0	57
20	0	58
20	0	59
20	0	60
20	0	61
20	0	62
20	0	63
20	1	0
20	1	58
20	1	59
20	1	60
20	1	61
20	1	62
20	1	63
20	2	59
20	2	60
20	2	61
20	2	62
20	3	60
20	3	61
20	3	62
20	4	61
20	4	62
20	5	62
20	52	39
20	52	40
20	52	41
20	52	42
20	52	43
20	52	44
20	52	49
20	52	50
20	52	51
20	52	52
20	52	53
20	52	54
20	53	35
20	53	36
20	53	37
20	53	38
20	53	39
20	53	40
20	53	41
20	53	42
20	53	43
20	53	44
20	53	45
20	53	48
20	53	49
20	53	50
20	53	51
20	53	52
20	53	53
20	53	54
20	53	55
20	53	56
20	54	34
20	54	35
20	54	36
20	54	37
20	54	38
20	54	39
20	54	40
20	54	41
20	54	42
20	54	43
20	54	44
20	54	45
20	54	46
20	54	47
20	54	48
20	54	49
20	54	50
20	54	51
20	54	52
20	54	53
20	54	54
20	54	55
20	54	56
20	54	57
20	55	33
20	55	34
20	55	35
20	55	36
20	55	37
20	55	38
20	55	39
20	55	40
20	55	41
20	55	42
20	55	43
20	55	44
20	55	45
20	55	46
20	55	47
20	55	48
20	55	49
20	55	50
20	55	51
20	55	52
20	55	53
20	55	54
20	55	55
20	55	56
20	55	57
20	56	33
20	56	34
20	56	35
20	56	36
20	56	37
20	56	38
20	56	39
20	56	40
20	56	41
20	56	42
20	56	43
20	56	44
20	56	45
20	56	46
20	56	47
20	56	48
20	56	49
20	56	50
20	56	51
20	56	52
20	56	53
20	56	54
20	56	55
20	56	56
20	56	57
20	57	33
20	57	34
20	57	35
20	57	36
20	57	37
20	57	38
20	57	39
20	57	40
20	57	41
20	57	42
20	57	43
20	57	44
20	57	45
20	57	46
20	57	47
20	57	48
20	57	49
20	57	50
20	57	51
20	57	52
20	57	53
20	57	54
20	57	55
20	57	56
20	57	57
20	57	58
20	57	59
20	58	33
20	58	34
20	58	35
20	58	36
20	58	37
20	58	38
20	58	39
20	58	40
20	58	41
20	58	42
20	58	43
20	58	44
20	58	45
20	58	46
20	58	47
20	58	48
20	58	49
20	58	50
20	58	51
20	58	52
20	58	53
20	58	54
20	58	55
20	58	56
20	58	57
20	58	58
20	58	59
20	58	60
20	58	61
20	58	62
20	59	1
20	59	34
20	59	35
20	59	36
20	59	37
20	59	38
20	59	39
20	59	40
20	59	41
20	59	42
20	59	43
20	59	44
20	59	45
20	59	47
20	59	48
20	59	49
20	59	50
20	59	51
20	59	52
20	59	53
20	59	54
20	59	55
20	59	56
20	59	57
20	59	58
20	59	59
20	59	60
20	59	61
20	59	62
20	59	63
20	60	0
20	60	1
20	60	36
20	60	39
20	60	40
20	60	41
20	60	42
20	60	43
20	60	44
20	60	45
20	60	50
20	60	51
20	60	52
20	60	53
20	60	54
20	60	55
20	60	56
20	60	57
20	60	58
20	60	59
20	60	60
20	60	61
20	60	62
20	60	63
20	61	0
20	61	1
20	61	39
20	61	40
20	61	41
20	61	42
20	61	43
20	61	44
20	61	45
20	61	51
20	61	52
20	61	53
20	61	54
20	61	55
20	61	56
20	61	57
20	61	58
20	61	59
20	61	60
20	61	61
20	61	62
20	61	63
20	62	0
20	62	1
20	62	40
20	62	41
20	62	42
20	62	43
20	62	44
20	62	45
20	62	51
20	62	52
20	62	53
20	62	54
20	62	55
20	62	56
20	62	57
20	62	58
20	62	59
20	62	60
20	62	61
20	62	62
20	62	63
20	63	0
20	63	1
20	63	41
20	63	42
20	63	43
20	63	44
20	63	56
20	63	57
20	63	58
20	63	59
20	63	60
20	63	61
20	63	62
20	63	63
21	0	0
21	0	1
21	0	56
21	0	57
21	0	58
21	0	59
21	0	60
21	0	61
21	0	62
21	0	63
21	1	0
21	1	58
21	1	59
21	1	60
21	1	61
21	1	62
21	1	63
21	2	0
21	2	59
21	2	60
21	2	61
21	2	62
21	2	63
21	3	60
21	3	61
21	3	62
21	3	63
21	4	61
21	4	62
21	5	62
21	7	62
21	52	37
21	52	38
21	52	39
21	52	40
21	52	41
21	52	42
21	52	43
21	52	48
21	52	49
21	52	50
21	52	51
21	52	52
21	52	53
21	52	54
21	53	35
21	53	36
21	53	37
21	53	38
21	53	39
21	53	40
21	53	41
21	53	42
21	53	43
21	53	44
21	53	45
21	53	47
21	53	48
21	53	49
21	53	50
21	53	51
21	53	52
21	53	53
21	53	54
21	53	55
21	53	56
21	54	34
21	54	35
21	54	36
21	54	37
21	54	38
21	54	39
21	54	40
21	54	41
21	54	42
21	54	43
21	54	44
21	54	45
21	54	46
21	54	47
21	54	48
21	54	49
21	54	50
21	54	51
21	54	52
21	54	53
21	54	54
21	54	55
21	54	56
21	55	33
21	55	34
21	55	35
21	55	36
21	55	37
21	55	38
21	55	39
21	55	40
21	55	41
21	55	42
21	55	43
21	55	44
21	55	45
21	55	46
21	55	47
21	55	48
21	55	49
21	55	50
21	55	51
21	55	52
21	55	53
21	55	54
21	55	55
21	55	56
21	55	57
21	56	34
21	56	35
21	56	36
21	56	37
21	56	38
21	56	39
21	56	40
21	56	41
21	56	42
21	56	43
21	56	44
21	56	45
21	56	46
21	56	47
21	56	48
21	56	49
21	56	50
21	56	51
21	56	52
21	56	53
21	56	54
21	56	55
21	56	56
21	56	57
21	57	34
21	57	35
21	57	36
21	57	37
21	57	38
21	57	39
21	57	40
21	57	41
21	57	42
21	57	43
21	57	44
21	57	45
21	57	46
21	57	47
21	57	48
21	57	49
21	57	50
21	57	51
21	57	52
21	57	53
21	57	54
21	57	55
21	57	56
21	57	57
21	57	58
21	57	59
21	58	34
21	58	35
21	58	36
21	58	37
21	58	38
21	58	39
21	58	40
21	58	41
21	58	42
21	58	43
21	58	44
21	58	45
21	58	46
21	58	47
21	58	48
21	58	49
21	58	50
21	58	51
21	58	52
21	58	53
21	58	54
21	58	55
21	58	56
21	58	57
21	58	58
21	58	59
21	58	60
21	58	61
21	58	62
21	59	1
21	59	34
21	59	35
21	59	36
21	59	37
21	59	38
21	59	39
21	59	40
21	59	41
21	59	42
21	59	43
21	59	44
21	59	45
21	59	46
21	59	47
21	59	48
21	59	49
21	59	50
21	59	51
21	59	52
21	59	53
21	59	54
21	59	55
21	59	56
21	59	57
21	59	58
21	59	59
21	59	60
21	59	61
21	59	62
21	59	63
21	60	0
21	60	1
21	60	36
21	60	37
21	60	38
21	60	39
21	60	40
21	60	41
21	60	42
21	60	43
21	60	44
21	60	45
21	60	46
21	60	49
21	60	50
21	60	51
21	60	52
21	60	53
21	60	54
21	60	55
21	60	56
21	60	57
21	60	58
21	60	59
21	60	60
21	60	61
21	60	62
21	60	63
21	61	0
21	61	1
21	61	39
21	61	40
21	61	41
21	61	42
21	61	43
21	61	44
21	61	45
21	61	46
21	61	51
21	61	52
21	61	53
21	61	54
21	61	55
21	61	56
21	61	57
21	61	58
21	61	59
21	61	60
21	61	61
21	61	62
21	61	63
21	62	0
21	62	1
21	62	40
21	62	41
21	62	42
21	62	43
21	62	44
21	62	45
21	62	51
21	62	52
21	62	53
21	62	54
21	62	55
21	62	56
21	62	57
21	62	58
21	62	59
21	62	60
21	62	61
21	62	62
21	62	63
21	63	0
21	63	1
21	63	41
21	63	55
21	63	56
21	63	57
21	63	58
21	63	59
21	63	60
21	63	61
21	63	62
21	63	63
22	0	0
22	0	1
22	0	56
22	0	57
22	0	58
22	0	59
22	0	60
22	0	61
22	0	62
22	0	63
22	1	0
22	1	57
22	1	58
22	1	59
22	1	60
22	1	61
22	1	62
22	1	63
22	2	0
22	2	59
22	2	60
22	2	61
22	2	62
22	2	63
22	3	0
22	3	60
22	3	61
22	3	62
22	3	63
22	4	61
22	4	62
22	4	63
22	5	62
22	5	63
22	6	63
22	7	62
22	7	63
22	51	50
22	52	37
22	52	38
22	52	39
22	52	40
22	52	41
22	52	42
22	52	43
22	52	48
22	52	49
22	52	50
22	52	51
22	52	52
22	52	53
22	52	54
22	53	35
22	53	36
22	53	37
22	53	38
22	53	39
22	53	40
22	53	41
22	53	42
22	53	43
22	53	44
22	53	45
22	53	47
22	53	48
22	53	49
22	53	50
22	53	51
22	53	52
22	53	53
22	53	54
22	53	55
22	53	56
22	54	34
22	54	35
22	54	36
22	54	37
22	54	38
22	54	39
22	54	40
22	54	41
22	54	42
22	54	43
22	54	44
22	54	45
22	54	46
22	54	47
22	54	48
22	54	49
22	54	50
22	54	51
22	54	52
22	54	53
22	54	54
22	54	55
22	54	56
22	55	33
22	55	34
22	55	35
22	55	36
22	55	37
22	55	38
22	55	39
22	55	40
22	55	41
22	55	42
22	55	43
22	55	44
22	55	45
22	55	46
22	55	47
22	55	48
22	55	49
22	55	50
22	55	51
22	55	52
22	55	53
22	55	54
22	55	55
22	55	56
22	55	57
22	56	33
22	56	34
22	56	35
22	56	36
22	56	37
22	56	38
22	56	39
22	56	40
22	56	41
22	56	42
22	56	43
22	56	44
22	56	45
22	56	46
22	56	47
22	56	48
22	56	49
22	56	50
22	56	51
22	56	52
22	56	53
22	56	54
22	56	55
22	56	56
22	56	57
22	57	34
22	57	35
22	57	36
22	57	37
22	57	38
22	57	39
22	57	40
22	57	41
22	57	42
22	57	43
22	57	44
22	57	45
22	57	46
22	57	47
22	57	48
22	57	49
22	57	50
22	57	51
22	57	52
22	57	53
22	57	54
22	57	55
22	57	56
22	57	57
22	57	58
22	58	34
22	58	35
22	58	36
22	58	37
22	58	38
22	58	39
22	58	40
22	58	41
22	58	42
22	58	43
22	58	44
22	58	45
22	58	46
22	58	47
22	58	48
22	58	49
22	58	50
22	58	51
22	58	52
22	58	53
22	58	54
22	58	55
22	58	56
22	58	57
22	58	58
22	58	59
22	58	60
22	58	61
22	58	62
22	59	1
22	59	2
22	59	35
22	59	36
22	59	37
22	59	38
22	59	39
22	59	40
22	59	41
22	59	42
22	59	43
22	59	44
22	59	45
22	59	46
22	59	47
22	59	48
22	59	49
22	59	50
22	59	51
22	59	52
22	59	53
22	59	54
22	59	55
22	59	56
22	59	57
22	59	58
22	59	59
22	59	60
22	59	61
22	59	62
22	59	63
22	60	0
22	60	1
22	60	2
22	60	36
22	60	37
22	60	38
22	60	39
22	60	40
22	60	41
22	60	42
22	60	43
22	60	44
22	60	45
22	60	46
22	60	47
22	60	48
22	60	49
22	60	50
22	60	51
22	60	52
22	60	53
22	60	54
22	60	55
22	60	56
22	60	57
22	60	58
22	60	59
22	60	60
22	60	61
22	60	62
22	60	63
22	61	0
22	61	1
22	61	2
22	61	39
22	61	40
22	61	41
22	61	42
22	61	43
22	61	44
22	61	45
22	61	46
22	61	49
22	61	51
22	61	52
22	61	53
22	61	54
22	61	55
22	61	56
22	61	57
22	61	58
22	61	59
22	61	60
22	61	61
22	61	62
22	61	63
22	62	0
22	62	1
22	62	40
22	62	41
22	62	42
22	62	43
22	62	51
22	62	52
22	62	53
22	62	54
22	62	55
22	62	56
22	62	57
22	62	58
22	62	59
22	62	60
22	62	61
22	62	62
22	62	63
22	63	0
22	63	1
22	63	55
22	63	56
22	63	57
22	63	58
22	63	59
22	63	60
22	63	61
22	63	62
22	63	63
23	0	0
23	0	55
23	0	56
23	0	57
23	0	58
23	0	59
23	0	60
23	0	61
23	0	62
23	0	63
23	1	0
23	1	57
23	1	58
23	1	59
23	1	60
23	1	61
23	1	62
23	1	63
23	2	0
23	2	59
23	2	60
23	2	61
23	2	62
23	2	63
23	3	0
23	3	60
23	3	61
23	3	62
23	3	63
23	4	0
23	4	61
23	4	62
23	4	63
23	5	0
23	5	62
23	5	63
23	6	0
23	6	63
23	7	0
23	7	63
23	51	27
23	51	50
23	51	51
23	52	30
23	52	38
23	52	39
23	52	40
23	52	41
23	52	42
23	52	48
23	52	49
23	52	50
23	52	51
23	52	52
23	52	53
23	52	54
23	53	35
23	53	36
23	53	37
23	53	38
23	53	39
23	53	40
23	53	41
23	53	42
23	53	43
23	53	44
23	53	47
23	53	48
23	53	49
23	53	50
23	53	51
23	53	52
23	53	53
23	53	54
23	53	55
23	54	32
23	54	33
23	54	34
23	54	35
23	54	36
23	54	37
23	54	38
23	54	39
23	54	40
23	54	41
23	54	42
23	54	43
23	54	44
23	54	45
23	54	46
23	54	47
23	54	48
23	54	49
23	54	50
23	54	51
23	54	52
23	54	53
23	54	54
23	54	55
23	54	56
23	55	33
23	55	34
23	55	35
23	55	36
23	55	37
23	55	38
23	55	39
23	55	40
23	55	41
23	55	42
23	55	43
23	55	44
23	55	45
23	55	46
23	55	47
23	55	48
23	55	49
23	55	50
23	55	51
23	55	52
23	55	53
23	55	54
23	55	55
23	55	56
23	56	33
23	56	34
23	56	35
23	56	36
23	56	37
23	56	38
23	56	39
23	56	40
23	56	41
23	56	42
23	56	43
23	56	44
23	56	45
23	56	46
23	56	47
23	56	48
23	56	49
23	56	50
23	56	51
23	56	52
23	56	53
23	56	54
23	56	55
23	56	56
23	56	57
23	57	33
23	57	34
23	57	35
23	57	36
23	57	37
23	57	38
23	57	39
23	57	40
23	57	41
23	57	42
23	57	43
23	57	44
23	57	45
23	57	46
23	57	47
23	57	48
23	57	49
23	57	50
23	57	51
23	57	52
23	57	53
23	57	54
23	57	55
23	57	56
23	57	57
23	57	58
23	58	34
23	58	35
23	58	36
23	58	37
23	58	38
23	58	39
23	58	40
23	58	41
23	58	42
23	58	43
23	58	44
23	58	45
23	58	46
23	58	47
23	58	48
23	58	49
23	58	50
23	58	51
23	58	52
23	58	53
23	58	54
23	58	55
23	58	56
23	58	57
23	58	58
23	58	59
23	58	60
23	58	61
23	58	62
23	59	1
23	59	2
23	59	35
23	59	36
23	59	37
23	59	38
23	59	39
23	59	40
23	59	41
23	59	42
23	59	43
23	59	44
23	59	45
23	59	46
23	59	47
23	59	48
23	59	49
23	59	50
23	59	51
23	59	52
23	59	53
23	59	54
23	59	55
23	59	56
23	59	57
23	59	58
23	59	59
23	59	60
23	59	61
23	59	62
23	59	63
23	60	0
23	60	1
23	60	2
23	60	36
23	60	37
23	60	38
23	60	39
23	60	40
23	60	41
23	60	42
23	60	43
23	60	44
23	60	45
23	60	46
23	60	47
23	60	48
23	60	49
23	60	50
23	60	51
23	60	52
23	60	53
23	60	54
23	60	55
23	60	56
23	60	57
23	60	58
23	60	59
23	60	60
23	60	61
23	60	62
23	60	63
23	61	0
23	61	1
23	61	2
23	61	38
23	61	39
23	61	40
23	61	41
23	61	42
23	61	43
23	61	44
23	61	45
23	61	46
23	61	50
23	61	51
23	61	52
23	61	53
23	61	54
23	61	55
23	61	56
23	61	57
23	61	58
23	61	59
23	61	60
23	61	61
23	61	62
23	61	63
23	62	0
23	62	1
23	62	41
23	62	42
23	62	51
23	62	52
23	62	53
23	62	54
23	62	55
23	62	56
23	62	57
23	62	58
23	62	59
23	62	60
23	62	61
23	62	62
23	62	63
23	63	0
23	63	1
23	63	55
23	63	56
23	63	57
23	63	58
23	63	59
23	63	60
23	63	61
23	63	62
23	63	63
24	0	0
24	0	55
24	0	56
24	0	57
24	0	58
24	0	59
24	0	60
24	0	61
24	0	62
24	0	63
24	1	0
24	1	56
24	1	57
24	1	58
24	1	59
24	1	60
24	1	61
24	1	62
24	1	63
24	2	0
24	2	59
24	2	60
24	2	61
24	2	62
24	2	63
24	3	0
24	3	1
24	3	60
24	3	61
24	3	62
24	3	63
24	4	0
24	4	1
24	4	61
24	4	62
24	4	63
24	5	0
24	5	1
24	5	62
24	5	63
24	6	0
24	6	1
24	6	63
24	7	0
24	7	63
24	8	0
24	51	27
24	51	50
24	51	51
24	52	28
24	52	29
24	52	30
24	52	31
24	52	32
24	52	40
24	52	41
24	52	42
24	52	48
24	52	49
24	52	50
24	52	51
24	52	52
24	52	53
24	52	54
24	53	29
24	53	30
24	53	31
24	53	32
24	53	33
24	53	34
24	53	35
24	53	36
24	53	37
24	53	38
24	53	39
24	53	40
24	53	41
24	53	42
24	53	43
24	53	44
24	53	47
24	53	48
24	53	49
24	53	50
24	53	51
24	53	52
24	53	53
24	53	54
24	53	55
24	54	32
24	54	33
24	54	34
24	54	35
24	54	36
24	54	37
24	54	38
24	54	39
24	54	40
24	54	41
24	54	42
24	54	43
24	54	44
24	54	45
24	54	46
24	54	47
24	54	48
24	54	49
24	54	50
24	54	51
24	54	52
24	54	53
24	54	54
24	54	55
24	54	56
24	55	32
24	55	33
24	55	34
24	55	35
24	55	36
24	55	37
24	55	38
24	55	39
24	55	40
24	55	41
24	55	42
24	55	43
24	55	44
24	55	45
24	55	46
24	55	47
24	55	48
24	55	49
24	55	50
24	55	51
24	55	52
24	55	53
24	55	54
24	55	55
24	55	56
24	55	57
24	56	33
24	56	34
24	56	35
24	56	36
24	56	37
24	56	38
24	56	39
24	56	40
24	56	41
24	56	42
24	56	43
24	56	44
24	56	45
24	56	46
24	56	47
24	56	48
24	56	49
24	56	50
24	56	51
24	56	52
24	56	53
24	56	54
24	56	55
24	56	56
24	56	57
24	57	34
24	57	35
24	57	36
24	57	37
24	57	38
24	57	39
24	57	40
24	57	41
24	57	42
24	57	43
24	57	44
24	57	45
24	57	46
24	57	47
24	57	48
24	57	49
24	57	50
24	57	51
24	57	52
24	57	53
24	57	54
24	57	55
24	57	56
24	57	57
24	57	58
24	58	34
24	58	35
24	58	36
24	58	37
24	58	38
24	58	39
24	58	40
24	58	41
24	58	42
24	58	43
24	58	44
24	58	45
24	58	46
24	58	47
24	58	48
24	58	49
24	58	50
24	58	51
24	58	52
24	58	53
24	58	54
24	58	55
24	58	56
24	58	57
24	58	58
24	58	59
24	58	60
24	58	61
24	58	62
24	59	2
24	59	35
24	59	36
24	59	37
24	59	38
24	59	39
24	59	40
24	59	41
24	59	42
24	59	43
24	59	44
24	59	45
24	59	46
24	59	47
24	59	48
24	59	49
24	59	50
24	59	51
24	59	52
24	59	53
24	59	54
24	59	55
24	59	56
24	59	57
24	59	58
24	59	59
24	59	60
24	59	61
24	59	62
24	59	63
24	60	0
24	60	2
24	60	3
24	60	36
24	60	37
24	60	38
24	60	39
24	60	40
24	60	41
24	60	42
24	60	43
24	60	44
24	60	45
24	60	46
24	60	47
24	60	48
24	60	49
24	60	50
24	60	51
24	60	52
24	60	53
24	60	54
24	60	55
24	60	56
24	60	57
24	60	58
24	60	59
24	60	60
24	60	61
24	60	62
24	60	63
24	61	0
24	61	39
24	61	40
24	61	41
24	61	42
24	61	43
24	61	44
24	61	46
24	61	48
24	61	49
24	61	50
24	61	51
24	61	52
24	61	53
24	61	54
24	61	55
24	61	56
24	61	57
24	61	58
24	61	59
24	61	60
24	61	61
24	61	62
24	61	63
24	62	0
24	62	41
24	62	42
24	62	50
24	62	51
24	62	52
24	62	53
24	62	54
24	62	55
24	62	56
24	62	57
24	62	58
24	62	59
24	62	60
24	62	61
24	62	62
24	62	63
24	63	0
24	63	52
24	63	53
24	63	54
24	63	55
24	63	56
24	63	57
24	63	58
24	63	59
24	63	60
24	63	61
24	63	62
24	63	63
25	0	0
25	0	53
25	0	54
25	0	55
25	0	56
25	0	57
25	0	58
25	0	59
25	0	60
25	0	61
25	0	62
25	0	63
25	1	0
25	1	55
25	1	56
25	1	57
25	1	58
25	1	59
25	1	60
25	1	61
25	1	62
25	1	63
25	2	0
25	2	59
25	2	60
25	2	61
25	2	62
25	2	63
25	3	0
25	3	1
25	3	60
25	3	61
25	3	62
25	3	63
25	4	0
25	4	1
25	4	2
25	4	62
25	4	63
25	5	0
25	5	1
25	5	2
25	5	62
25	5	63
25	6	0
25	6	1
25	6	2
25	6	63
25	7	0
25	7	1
25	7	63
25	8	0
25	9	0
25	51	27
25	51	49
25	51	50
25	51	51
25	51	52
25	52	28
25	52	29
25	52	30
25	52	31
25	52	32
25	52	33
25	52	37
25	52	38
25	52	40
25	52	41
25	52	42
25	52	48
25	52	49
25	52	50
25	52	51
25	52	52
25	52	53
25	52	54
25	53	29
25	53	30
25	53	31
25	53	32
25	53	33
25	53	34
25	53	35
25	53	36
25	53	37
25	53	38
25	53	39
25	53	40
25	53	41
25	53	42
25	53	43
25	53	44
25	53	47
25	53	48
25	53	49
25	53	50
25	53	51
25	53	52
25	53	53
25	53	54
25	53	55
25	54	30
25	54	31
25	54	32
25	54	33
25	54	34
25	54	35
25	54	36
25	54	37
25	54	38
25	54	39
25	54	40
25	54	41
25	54	42
25	54	43
25	54	44
25	54	45
25	54	46
25	54	47
25	54	48
25	54	49
25	54	50
25	54	51
25	54	52
25	54	53
25	54	54
25	54	55
25	54	56
25	55	31
25	55	32
25	55	33
25	55	34
25	55	35
25	55	36
25	55	37
25	55	38
25	55	39
25	55	40
25	55	41
25	55	42
25	55	43
25	55	44
25	55	45
25	55	46
25	55	47
25	55	48
25	55	49
25	55	50
25	55	51
25	55	52
25	55	53
25	55	54
25	55	55
25	55	56
25	55	57
25	56	33
25	56	34
25	56	35
25	56	36
25	56	37
25	56	38
25	56	39
25	56	40
25	56	41
25	56	42
25	56	43
25	56	44
25	56	45
25	56	46
25	56	47
25	56	48
25	56	49
25	56	50
25	56	51
25	56	52
25	56	53
25	56	54
25	56	55
25	56	56
25	56	57
25	57	34
25	57	35
25	57	36
25	57	37
25	57	38
25	57	39
25	57	40
25	57	41
25	57	42
25	57	43
25	57	44
25	57	45
25	57	46
25	57	47
25	57	48
25	57	49
25	57	50
25	57	51
25	57	52
25	57	53
25	57	54
25	57	55
25	57	56
25	57	57
25	57	58
25	58	34
25	58	35
25	58	36
25	58	37
25	58	38
25	58	39
25	58	40
25	58	41
25	58	42
25	58	43
25	58	46
25	58	47
25	58	48
25	58	49
25	58	50
25	58	51
25	58	52
25	58	53
25	58	54
25	58	55
25	58	56
25	58	57
25	58	58
25	58	59
25	58	60
25	58	61
25	58	62
25	59	36
25	59	37
25	59	38
25	59	39
25	59	40
25	59	41
25	59	42
25	59	43
25	59	46
25	59	47
25	59	48
25	59	49
25	59	50
25	59	51
25	59	52
25	59	53
25	59	54
25	59	55
25	59	56
25	59	57
25	59	58
25	59	59
25	59	60
25	59	61
25	59	62
25	59	63
25	60	3
25	60	40
25	60	41
25	60	42
25	60	43
25	60	46
25	60	47
25	60	48
25	60	49
25	60	50
25	60	51
25	60	52
25	60	53
25	60	54
25	60	55
25	60	56
25	60	57
25	60	58
25	60	59
25	60	60
25	60	61
25	60	62
25	60	63
25	61	40
25	61	41
25	61	42
25	61	43
25	61	47
25	61	48
25	61	49
25	61	50
25	61	51
25	61	52
25	61	53
25	61	54
25	61	55
25	61	56
25	61	57
25	61	58
25	61	59
25	61	60
25	61	61
25	61	62
25	61	63
25	62	0
25	62	41
25	62	42
25	62	43
25	62	48
25	62	49
25	62	50
25	62	51
25	62	52
25	62	53
25	62	54
25	62	55
25	62	56
25	62	57
25	62	58
25	62	59
25	62	60
25	62	61
25	62	62
25	62	63
25	63	0
25	63	51
25	63	52
25	63	53
25	63	54
25	63	55
25	63	56
25	63	57
25	63	58
25	63	59
25	63	60
25	63	61
25	63	62
25	63	63
26	0	0
26	0	1
26	0	52
26	0	53
26	0	54
26	0	55
26	0	56
26	0	57
26	0	58
26	0	59
26	0	60
26	0	61
26	0	62
26	0	63
26	1	0
26	1	54
26	1	55
26	1	56
26	1	57
26	1	58
26	1	59
26	1	60
26	1	61
26	1	62
26	1	63
26	2	0
26	2	58
26	2	59
26	2	60
26	2	61
26	2	62
26	2	63
26	3	0
26	3	60
26	3	61
26	3	62
26	3	63
26	4	0
26	4	1
26	4	2
26	4	62
26	4	63
26	5	0
26	5	1
26	5	2
26	5	3
26	5	63
26	6	0
26	6	1
26	6	2
26	6	3
26	6	4
26	6	63
26	7	0
26	7	1
26	7	2
26	7	3
26	7	4
26	7	5
26	8	0
26	8	1
26	8	2
26	8	63
26	9	0
26	51	27
26	51	48
26	51	49
26	51	50
26	51	51
26	51	52
26	51	53
26	52	28
26	52	29
26	52	30
26	52	31
26	52	32
26	52	33
26	52	34
26	52	48
26	52	49
26	52	50
26	52	51
26	52	52
26	52	53
26	52	54
26	53	29
26	53	30
26	53	31
26	53	32
26	53	33
26	53	34
26	53	35
26	53	36
26	53	37
26	53	38
26	53	39
26	53	40
26	53	41
26	53	42
26	53	43
26	53	48
26	53	49
26	53	50
26	53	51
26	53	52
26	53	53
26	53	54
26	53	55
26	54	30
26	54	31
26	54	32
26	54	33
26	54	34
26	54	35
26	54	36
26	54	37
26	54	38
26	54	39
26	54	40
26	54	41
26	54	42
26	54	43
26	54	44
26	54	45
26	54	46
26	54	47
26	54	48
26	54	49
26	54	50
26	54	51
26	54	52
26	54	53
26	54	54
26	54	55
26	54	56
26	55	31
26	55	32
26	55	33
26	55	34
26	55	35
26	55	36
26	55	37
26	55	38
26	55	39
26	55	40
26	55	41
26	55	42
26	55	43
26	55	44
26	55	45
26	55	46
26	55	47
26	55	48
26	55	49
26	55	50
26	55	51
26	55	52
26	55	53
26	55	54
26	55	55
26	55	56
26	55	57
26	56	32
26	56	33
26	56	34
26	56	35
26	56	36
26	56	37
26	56	38
26	56	39
26	56	40
26	56	41
26	56	42
26	56	43
26	56	44
26	56	45
26	56	46
26	56	47
26	56	48
26	56	49
26	56	50
26	56	51
26	56	52
26	56	53
26	56	54
26	56	55
26	56	56
26	56	57
26	56	58
26	57	34
26	57	35
26	57	36
26	57	37
26	57	38
26	57	41
26	57	42
26	57	43
26	57	47
26	57	48
26	57	49
26	57	50
26	57	51
26	57	52
26	57	53
26	57	54
26	57	55
26	57	56
26	57	57
26	57	58
26	58	35
26	58	36
26	58	37
26	58	38
26	58	41
26	58	42
26	58	43
26	58	47
26	58	48
26	58	49
26	58	50
26	58	51
26	58	52
26	58	53
26	58	54
26	58	55
26	58	56
26	58	57
26	58	58
26	58	59
26	58	60
26	58	61
26	58	62
26	59	41
26	59	42
26	59	47
26	59	48
26	59	49
26	59	50
26	59	51
26	59	52
26	59	53
26	59	54
26	59	55
26	59	56
26	59	57
26	59	58
26	59	59
26	59	60
26	59	61
26	59	62
26	59	63
26	60	2
26	60	3
26	60	41
26	60	42
26	60	47
26	60	48
26	60	49
26	60	50
26	60	51
26	60	52
26	60	53
26	60	54
26	60	55
26	60	56
26	60	57
26	60	58
26	60	59
26	60	60
26	60	61
26	60	62
26	60	63
26	61	0
26	61	41
26	61	42
26	61	48
26	61	49
26	61	50
26	61	51
26	61	52
26	61	53
26	61	54
26	61	55
26	61	56
26	61	57
26	61	58
26	61	59
26	61	60
26	61	61
26	61	62
26	61	63
26	62	0
26	62	41
26	62	42
26	62	51
26	62	52
26	62	53
26	62	54
26	62	55
26	62	56
26	62	57
26	62	58
26	62	59
26	62	60
26	62	61
26	62	62
26	62	63
26	63	0
26	63	42
26	63	51
26	63	52
26	63	53
26	63	54
26	63	55
26	63	56
26	63	57
26	63	58
26	63	59
26	63	60
26	63	61
26	63	62
26	63	63
27	0	0
27	0	52
27	0	53
27	0	54
27	0	55
27	0	56
27	0	57
27	0	58
27	0	59
27	0	60
27	0	61
27	0	62
27	0	63
27	1	0
27	1	53
27	1	54
27	1	55
27	1	56
27	1	57
27	1	58
27	1	59
27	1	60
27	1	61
27	1	62
27	1	63
27	2	0
27	2	58
27	2	59
27	2	60
27	2	61
27	2	62
27	2	63
27	3	0
27	3	59
27	3	60
27	3	61
27	3	62
27	3	63
27	4	0
27	4	1
27	4	2
27	4	61
27	4	62
27	4	63
27	5	0
27	5	1
27	5	2
27	5	3
27	5	63
27	6	0
27	6	1
27	6	2
27	6	3
27	6	4
27	7	0
27	7	1
27	7	2
27	7	3
27	7	4
27	7	5
27	8	0
27	8	1
27	8	2
27	8	3
27	9	0
27	10	0
27	50	51
27	51	27
27	51	47
27	51	48
27	51	49
27	51	50
27	51	51
27	51	52
27	51	53
27	51	54
27	52	28
27	52	29
27	52	30
27	52	31
27	52	32
27	52	33
27	52	34
27	52	35
27	52	47
27	52	48
27	52	49
27	52	50
27	52	51
27	52	52
27	52	53
27	52	54
27	53	29
27	53	30
27	53	31
27	53	32
27	53	33
27	53	34
27	53	35
27	53	36
27	53	37
27	53	41
27	53	42
27	53	43
27	53	47
27	53	48
27	53	49
27	53	50
27	53	51
27	53	52
27	53	53
27	53	54
27	53	55
27	54	30
27	54	31
27	54	32
27	54	33
27	54	34
27	54	35
27	54	36
27	54	37
27	54	38
27	54	39
27	54	40
27	54	41
27	54	42
27	54	43
27	54	44
27	54	47
27	54	48
27	54	49
27	54	50
27	54	51
27	54	52
27	54	53
27	54	54
27	54	55
27	54	56
27	55	31
27	55	32
27	55	33
27	55	34
27	55	35
27	55	36
27	55	37
27	55	38
27	55	39
27	55	40
27	55	41
27	55	42
27	55	43
27	55	44
27	55	45
27	55	46
27	55	47
27	55	48
27	55	49
27	55	50
27	55	51
27	55	52
27	55	53
27	55	54
27	55	55
27	55	56
27	55	57
27	56	32
27	56	33
27	56	34
27	56	35
27	56	36
27	56	37
27	56	38
27	56	42
27	56	43
27	56	44
27	56	47
27	56	48
27	56	49
27	56	50
27	56	51
27	56	52
27	56	53
27	56	54
27	56	55
27	56	56
27	56	57
27	56	58
27	57	34
27	57	35
27	57	36
27	57	42
27	57	43
27	57	47
27	57	48
27	57	49
27	57	50
27	57	51
27	57	52
27	57	53
27	57	54
27	57	55
27	57	56
27	57	57
27	57	58
27	58	35
27	58	36
27	58	48
27	58	49
27	58	50
27	58	51
27	58	52
27	58	53
27	58	54
27	58	55
27	58	56
27	58	57
27	58	58
27	58	59
27	58	60
27	58	61
27	59	1
27	59	48
27	59	49
27	59	50
27	59	51
27	59	52
27	59	53
27	59	54
27	59	55
27	59	56
27	59	57
27	59	58
27	59	59
27	59	60
27	59	61
27	59	62
27	59	63
27	60	0
27	60	1
27	60	2
27	60	3
27	60	48
27	60	49
27	60	50
27	60	51
27	60	52
27	60	53
27	60	54
27	60	55
27	60	56
27	60	57
27	60	58
27	60	59
27	60	60
27	60	61
27	60	62
27	60	63
27	61	0
27	61	1
27	61	2
27	61	3
27	61	50
27	61	51
27	61	52
27	61	53
27	61	54
27	61	55
27	61	56
27	61	57
27	61	58
27	61	59
27	61	60
27	61	61
27	61	62
27	61	63
27	62	0
27	62	1
27	62	42
27	62	51
27	62	52
27	62	53
27	62	54
27	62	55
27	62	56
27	62	57
27	62	58
27	62	59
27	62	60
27	62	61
27	62	62
27	62	63
27	63	0
27	63	1
27	63	42
27	63	43
27	63	51
27	63	52
27	63	53
27	63	54
27	63	55
27	63	56
27	63	57
27	63	58
27	63	59
27	63	60
27	63	61
27	63	62
27	63	63
28	0	0
28	0	1
28	0	52
28	0	53
28	0	54
28	0	55
28	0	56
28	0	57
28	0	58
28	0	59
28	0	60
28	0	61
28	0	62
28	0	63
28	1	0
28	1	1
28	1	53
28	1	54
28	1	55
28	1	56
28	1	57
28	1	58
28	1	59
28	1	60
28	1	61
28	1	62
28	1	63
28	2	0
28	2	1
28	2	57
28	2	58
28	2	59
28	2	60
28	2	61
28	2	62
28	2	63
28	3	0
28	3	59
28	3	60
28	3	61
28	3	62
28	3	63
28	4	0
28	4	1
28	4	2
28	4	3
28	4	4
28	4	60
28	4	61
28	4	62
28	4	63
28	5	0
28	5	1
28	5	2
28	5	3
28	5	4
28	5	63
28	6	1
28	6	2
28	6	3
28	6	4
28	7	1
28	7	2
28	7	3
28	7	4
28	7	5
28	8	0
28	8	1
28	8	2
28	8	3
28	8	4
28	9	0
28	10	0
28	50	46
28	50	50
28	50	51
28	50	52
28	50	53
28	50	54
28	51	28
28	51	29
28	51	30
28	51	33
28	51	34
28	51	46
28	51	47
28	51	48
28	51	49
28	51	50
28	51	51
28	51	52
28	51	53
28	51	54
28	52	28
28	52	29
28	52	30
28	52	31
28	52	32
28	52	33
28	52	34
28	52	35
28	52	47
28	52	48
28	52	49
28	52	50
28	52	51
28	52	52
28	52	53
28	52	54
28	52	55
28	53	29
28	53	30
28	53	31
28	53	32
28	53	33
28	53	34
28	53	35
28	53	36
28	53	37
28	53	47
28	53	48
28	53	49
28	53	50
28	53	51
28	53	52
28	53	53
28	53	54
28	53	55
28	54	30
28	54	31
28	54	32
28	54	33
28	54	34
28	54	35
28	54	36
28	54	37
28	54	38
28	54	43
28	54	47
28	54	48
28	54	49
28	54	50
28	54	51
28	54	52
28	54	53
28	54	54
28	54	55
28	54	56
28	54	57
28	55	31
28	55	32
28	55	33
28	55	34
28	55	35
28	55	36
28	55	37
28	55	38
28	55	39
28	55	41
28	55	42
28	55	43
28	55	44
28	55	47
28	55	48
28	55	49
28	55	50
28	55	51
28	55	52
28	55	53
28	55	54
28	55	55
28	55	56
28	55	57
28	55	58
28	56	32
28	56	33
28	56	34
28	56	35
28	56	42
28	56	43
28	56	44
28	56	47
28	56	48
28	56	49
28	56	50
28	56	51
28	56	52
28	56	53
28	56	54
28	56	55
28	56	56
28	56	57
28	56	58
28	57	34
28	57	35
28	57	47
28	57	48
28	57	49
28	57	50
28	57	51
28	57	52
28	57	53
28	57	54
28	57	55
28	57	56
28	57	57
28	57	58
28	58	35
28	58	48
28	58	49
28	58	50
28	58	51
28	58	52
28	58	53
28	58	54
28	58	55
28	58	56
28	58	57
28	58	58
28	58	59
28	58	60
28	58	61
28	58	62
28	59	1
28	59	2
28	59	48
28	59	49
28	59	50
28	59	51
28	59	52
28	59	53
28	59	54
28	59	55
28	59	56
28	59	57
28	59	58
28	59	59
28	59	60
28	59	61
28	59	62
28	59	63
28	60	0
28	60	1
28	60	2
28	60	3
28	60	49
28	60	50
28	60	51
28	60	52
28	60	53
28	60	54
28	60	55
28	60	56
28	60	57
28	60	58
28	60	59
28	60	60
28	60	61
28	60	62
28	60	63
28	61	0
28	61	1
28	61	2
28	61	3
28	61	51
28	61	52
28	61	53
28	61	54
28	61	55
28	61	56
28	61	57
28	61	58
28	61	59
28	61	60
28	61	61
28	61	62
28	61	63
28	62	0
28	62	1
28	62	2
28	62	51
28	62	52
28	62	53
28	62	54
28	62	55
28	62	56
28	62	57
28	62	58
28	62	59
28	62	60
28	62	61
28	62	62
28	62	63
28	63	0
28	63	1
28	63	2
28	63	43
28	63	51
28	63	52
28	63	53
28	63	54
28	63	55
28	63	56
28	63	57
28	63	58
28	63	59
28	63	60
28	63	61
28	63	62
28	63	63
29	0	0
29	0	1
29	0	52
29	0	53
29	0	54
29	0	55
29	0	56
29	0	57
29	0	58
29	0	59
29	0	60
29	0	61
29	0	62
29	0	63
29	1	0
29	1	1
29	1	53
29	1	54
29	1	55
29	1	56
29	1	57
29	1	58
29	1	59
29	1	60
29	1	61
29	1	62
29	1	63
29	2	0
29	2	1
29	2	57
29	2	58
29	2	59
29	2	60
29	2	61
29	2	62
29	2	63
29	3	0
29	3	1
29	3	58
29	3	59
29	3	60
29	3	61
29	3	62
29	3	63
29	4	0
29	4	1
29	4	2
29	4	3
29	4	4
29	4	59
29	4	60
29	4	61
29	4	62
29	4	63
29	5	0
29	5	1
29	5	2
29	5	3
29	5	4
29	5	63
29	6	0
29	6	1
29	6	2
29	6	3
29	6	4
29	7	1
29	7	2
29	7	3
29	7	4
29	8	2
29	8	3
29	50	46
29	50	50
29	50	51
29	50	52
29	50	53
29	50	54
29	50	55
29	51	34
29	51	35
29	51	45
29	51	46
29	51	47
29	51	48
29	51	49
29	51	50
29	51	51
29	51	52
29	51	53
29	51	54
29	51	55
29	52	28
29	52	29
29	52	30
29	52	31
29	52	32
29	52	33
29	52	34
29	52	35
29	52	46
29	52	47
29	52	48
29	52	49
29	52	50
29	52	51
29	52	52
29	52	53
29	52	54
29	52	55
29	53	29
29	53	30
29	53	31
29	53	32
29	53	33
29	53	34
29	53	35
29	53	36
29	53	46
29	53	47
29	53	48
29	53	49
29	53	50
29	53	51
29	53	52
29	53	53
29	53	54
29	53	55
29	53	56
29	54	30
29	54	31
29	54	32
29	54	33
29	54	34
29	54	35
29	54	36
29	54	37
29	54	46
29	54	47
29	54	48
29	54	49
29	54	50
29	54	51
29	54	52
29	54	53
29	54	54
29	54	55
29	54	56
29	54	57
29	55	31
29	55	32
29	55	33
29	55	34
29	55	47
29	55	48
29	55	49
29	55	50
29	55	51
29	55	52
29	55	53
29	55	54
29	55	55
29	55	56
29	55	57
29	55	58
29	56	32
29	56	33
29	56	34
29	56	48
29	56	49
29	56	50
29	56	51
29	56	52
29	56	53
29	56	54
29	56	55
29	56	56
29	56	57
29	57	34
29	57	48
29	57	49
29	57	50
29	57	51
29	57	52
29	57	53
29	57	54
29	57	55
29	57	56
29	57	57
29	58	48
29	58	49
29	58	50
29	58	51
29	58	52
29	58	53
29	58	54
29	58	55
29	58	56
29	58	57
29	58	58
29	58	59
29	58	60
29	58	61
29	58	62
29	58	63
29	59	1
29	59	2
29	59	48
29	59	49
29	59	50
29	59	51
29	59	52
29	59	53
29	59	54
29	59	55
29	59	56
29	59	57
29	59	58
29	59	59
29	59	60
29	59	61
29	59	62
29	59	63
29	60	0
29	60	1
29	60	2
29	60	3
29	60	50
29	60	51
29	60	52
29	60	53
29	60	54
29	60	55
29	60	56
29	60	57
29	60	58
29	60	59
29	60	60
29	60	61
29	60	62
29	60	63
29	61	0
29	61	1
29	61	2
29	61	3
29	61	51
29	61	52
29	61	53
29	61	54
29	61	55
29	61	56
29	61	57
29	61	58
29	61	59
29	61	60
29	61	61
29	61	62
29	61	63
29	62	0
29	62	1
29	62	2
29	62	3
29	62	51
29	62	52
29	62	53
29	62	54
29	62	55
29	62	56
29	62	57
29	62	58
29	62	59
29	62	60
29	62	61
29	62	62
29	62	63
29	63	0
29	63	1
29	63	2
29	63	51
29	63	52
29	63	53
29	63	54
29	63	55
29	63	56
29	63	57
29	63	58
29	63	59
29	63	60
29	63	61
29	63	62
29	63	63
30	0	0
30	0	1
30	0	52
30	0	53
30	0	54
30	0	55
30	0	56
30	0	57
30	0	58
30	0	59
30	0	60
30	0	61
30	0	62
30	0	63
30	1	0
30	1	1
30	1	53
30	1	54
30	1	55
30	1	56
30	1	57
30	1	58
30	1	59
30	1	60
30	1	61
30	1	62
30	1	63
30	2	0
30	2	1
30	2	2
30	2	57
30	2	58
30	2	59
30	2	60
30	2	61
30	2	62
30	2	63
30	3	0
30	3	1
30	3	57
30	3	58
30	3	59
30	3	60
30	3	61
30	3	62
30	3	63
30	4	0
30	4	1
30	4	2
30	4	62
30	4	63
30	5	0
30	5	1
30	5	2
30	5	3
30	5	63
30	6	0
30	6	1
30	6	2
30	6	3
30	7	1
30	7	2
30	7	3
30	8	2
30	8	3
30	50	46
30	50	47
30	50	51
30	50	52
30	50	53
30	50	54
30	50	55
30	50	56
30	50	57
30	50	59
30	50	60
30	51	34
30	51	35
30	51	36
30	51	45
30	51	46
30	51	47
30	51	48
30	51	49
30	51	50
30	51	51
30	51	52
30	51	53
30	51	54
30	51	55
30	51	56
30	51	57
30	51	60
30	51	61
30	52	28
30	52	33
30	52	34
30	52	35
30	52	36
30	52	45
30	52	46
30	52	47
30	52	48
30	52	49
30	52	50
30	52	51
30	52	52
30	52	53
30	52	54
30	52	55
30	52	56
30	52	57
30	52	60
30	52	61
30	52	62
30	53	29
30	53	30
30	53	31
30	53	32
30	53	33
30	53	34
30	53	35
30	53	36
30	53	46
30	53	47
30	53	48
30	53	49
30	53	50
30	53	51
30	53	52
30	53	53
30	53	54
30	53	55
30	53	56
30	53	57
30	54	30
30	54	31
30	54	32
30	54	33
30	54	34
30	54	35
30	54	46
30	54	47
30	54	48
30	54	49
30	54	50
30	54	51
30	54	52
30	54	53
30	54	54
30	54	55
30	54	56
30	54	57
30	55	31
30	55	32
30	55	33
30	55	34
30	55	48
30	55	49
30	55	50
30	55	51
30	55	52
30	55	53
30	55	54
30	55	55
30	55	56
30	55	57
30	56	33
30	56	34
30	56	49
30	56	50
30	56	51
30	56	52
30	56	53
30	56	54
30	56	55
30	56	56
30	56	57
30	57	50
30	57	51
30	57	52
30	57	53
30	57	54
30	57	55
30	57	56
30	57	57
30	57	60
30	57	61
30	58	53
30	58	54
30	58	55
30	58	56
30	58	57
30	58	58
30	58	59
30	58	60
30	58	61
30	58	62
30	58	63
30	59	0
30	59	1
30	59	2
30	59	53
30	59	54
30	59	55
30	59	56
30	59	57
30	59	58
30	59	59
30	59	60
30	59	61
30	59	62
30	59	63
30	60	0
30	60	1
30	60	2
30	60	3
30	60	50
30	60	51
30	60	52
30	60	53
30	60	54
30	60	55
30	60	56
30	60	57
30	60	58
30	60	59
30	60	60
30	60	61
30	60	62
30	60	63
30	61	0
30	61	1
30	61	2
30	61	3
30	61	51
30	61	52
30	61	53
30	61	54
30	61	55
30	61	56
30	61	57
30	61	58
30	61	59
30	61	60
30	61	61
30	61	62
30	61	63
30	62	0
30	62	1
30	62	2
30	62	3
30	62	51
30	62	52
30	62	53
30	62	54
30	62	55
30	62	56
30	62	57
30	62	58
30	62	59
30	62	60
30	62	61
30	62	62
30	62	63
30	63	0
30	63	1
30	63	2
30	63	51
30	63	52
30	63	53
30	63	54
30	63	55
30	63	56
30	63	57
30	63	58
30	63	59
30	63	60
30	63	61
30	63	62
30	63	63
31	0	0
31	0	1
31	0	52
31	0	53
31	0	54
31	0	55
31	0	56
31	0	57
31	0	58
31	0	59
31	0	60
31	0	61
31	0	62
31	0	63
31	1	0
31	1	1
31	1	2
31	1	53
31	1	54
31	1	55
31	1	56
31	1	57
31	1	58
31	1	59
31	1	60
31	1	61
31	1	62
31	1	63
31	2	0
31	2	2
31	2	56
31	2	57
31	2	58
31	2	59
31	2	60
31	2	61
31	2	62
31	2	63
31	3	0
31	3	1
31	3	2
31	3	58
31	3	59
31	3	60
31	3	61
31	3	62
31	3	63
31	4	0
31	4	1
31	4	62
31	5	0
31	5	1
31	5	2
31	5	3
31	6	1
31	6	2
31	6	3
31	7	1
31	7	2
31	7	3
31	8	2
31	8	3
31	9	3
31	43	56
31	44	56
31	44	57
31	45	55
31	45	56
31	45	57
31	45	58
31	46	54
31	46	55
31	46	60
31	47	54
31	47	55
31	47	60
31	47	61
31	48	52
31	48	53
31	48	54
31	48	55
31	48	60
31	48	61
31	49	51
31	49	52
31	49	53
31	49	54
31	49	55
31	49	56
31	49	57
31	49	58
31	49	60
31	49	61
31	50	51
31	50	52
31	50	53
31	50	54
31	50	55
31	50	56
31	50	57
31	50	58
31	50	59
31	50	60
31	50	61
31	51	46
31	51	47
31	51	48
31	51	49
31	51	50
31	51	51
31	51	52
31	51	53
31	51	54
31	51	55
31	51	56
31	51	57
31	51	58
31	51	59
31	51	60
31	51	61
31	51	62
31	52	28
31	52	33
31	52	34
31	52	35
31	52	46
31	52	47
31	52	48
31	52	49
31	52	50
31	52	51
31	52	52
31	52	53
31	52	54
31	52	55
31	52	56
31	52	57
31	52	58
31	52	59
31	52	60
31	52	61
31	52	62
31	53	29
31	53	30
31	53	31
31	53	32
31	53	33
31	53	34
31	53	35
31	53	36
31	53	46
31	53	47
31	53	48
31	53	49
31	53	50
31	53	51
31	53	52
31	53	53
31	53	54
31	53	55
31	53	56
31	53	61
31	53	62
31	54	30
31	54	31
31	54	32
31	54	33
31	54	34
31	54	35
31	54	46
31	54	47
31	54	48
31	54	49
31	54	50
31	54	51
31	54	52
31	54	53
31	54	54
31	54	55
31	54	56
31	55	34
31	55	35
31	55	48
31	55	49
31	55	50
31	55	51
31	55	52
31	55	53
31	55	54
31	55	55
31	55	56
31	56	34
31	56	50
31	56	51
31	56	52
31	56	53
31	56	54
31	56	55
31	56	56
31	57	34
31	57	52
31	57	53
31	57	54
31	57	55
31	57	56
31	57	59
31	57	60
31	57	61
31	57	62
31	58	54
31	58	55
31	58	56
31	58	57
31	58	58
31	58	59
31	58	60
31	58	61
31	58	62
31	58	63
31	59	0
31	59	1
31	59	2
31	59	54
31	59	55
31	59	56
31	59	57
31	59	58
31	59	59
31	59	60
31	59	61
31	59	62
31	59	63
31	60	0
31	60	1
31	60	2
31	60	3
31	60	53
31	60	54
31	60	55
31	60	56
31	60	57
31	60	58
31	60	59
31	60	60
31	60	61
31	60	62
31	60	63
31	61	0
31	61	1
31	61	2
31	61	3
31	61	51
31	61	52
31	61	53
31	61	54
31	61	55
31	61	56
31	61	57
31	61	58
31	61	59
31	61	60
31	61	61
31	61	62
31	61	63
31	62	0
31	62	1
31	62	2
31	62	3
31	62	51
31	62	52
31	62	53
31	62	54
31	62	55
31	62	56
31	62	57
31	62	58
31	62	59
31	62	60
31	62	61
31	62	62
31	62	63
31	63	0
31	63	1
31	63	2
31	63	3
31	63	51
31	63	52
31	63	53
31	63	54
31	63	55
31	63	56
31	63	57
31	63	58
31	63	59
31	63	60
31	63	61
31	63	62
31	63	63
32	0	0
32	0	1
32	0	2
32	0	51
32	0	52
32	0	53
32	0	54
32	0	55
32	0	56
32	0	57
32	0	58
32	0	59
32	0	60
32	0	61
32	0	62
32	0	63
32	1	0
32	1	52
32	1	53
32	1	54
32	1	55
32	1	56
32	1	57
32	1	58
32	1	59
32	1	60
32	1	61
32	1	62
32	1	63
32	2	0
32	2	55
32	2	56
32	2	57
32	2	58
32	2	59
32	2	60
32	2	61
32	2	62
32	2	63
32	3	58
32	3	59
32	3	60
32	3	61
32	3	62
32	4	1
32	5	1
32	5	2
32	5	3
32	6	1
32	6	2
32	6	3
32	7	1
32	7	2
32	7	3
32	8	1
32	8	2
32	8	3
32	9	0
32	9	1
32	9	2
32	9	3
32	9	63
32	10	0
32	10	1
32	10	2
32	10	3
32	11	0
32	11	2
32	11	3
32	43	55
32	43	56
32	43	57
32	43	58
32	44	55
32	44	56
32	44	57
32	44	58
32	45	54
32	45	55
32	45	56
32	45	57
32	45	58
32	45	59
32	45	60
32	46	54
32	46	55
32	46	56
32	46	57
32	46	59
32	46	60
32	47	53
32	47	54
32	47	55
32	47	56
32	47	57
32	47	59
32	47	60
32	47	61
32	48	51
32	48	52
32	48	53
32	48	54
32	48	55
32	48	56
32	48	57
32	48	59
32	48	60
32	48	61
32	49	51
32	49	52
32	49	53
32	49	54
32	49	55
32	49	56
32	49	57
32	49	58
32	49	59
32	49	60
32	49	61
32	49	62
32	50	51
32	50	52
32	50	53
32	50	54
32	50	55
32	50	56
32	50	57
32	50	58
32	50	59
32	50	60
32	50	61
32	50	62
32	51	46
32	51	47
32	51	48
32	51	50
32	51	51
32	51	52
32	51	53
32	51	54
32	51	55
32	51	56
32	51	57
32	51	58
32	51	59
32	51	60
32	51	61
32	51	62
32	52	32
32	52	46
32	52	47
32	52	48
32	52	49
32	52	50
32	52	51
32	52	52
32	52	53
32	52	54
32	52	55
32	52	56
32	52	57
32	52	58
32	52	59
32	52	60
32	52	61
32	52	62
32	53	29
32	53	30
32	53	31
32	53	32
32	53	33
32	53	34
32	53	46
32	53	47
32	53	48
32	53	49
32	53	50
32	53	51
32	53	52
32	53	53
32	53	54
32	53	55
32	53	56
32	53	59
32	53	61
32	53	62
32	54	35
32	54	46
32	54	47
32	54	48
32	54	49
32	54	50
32	54	51
32	54	52
32	54	53
32	54	54
32	54	55
32	55	35
32	55	48
32	55	49
32	55	50
32	55	51
32	55	52
32	55	53
32	55	54
32	55	55
32	56	51
32	56	52
32	56	53
32	56	54
32	56	55
32	57	52
32	57	53
32	57	54
32	57	55
32	57	60
32	57	61
32	57	62
32	58	53
32	58	54
32	58	55
32	58	57
32	58	58
32	58	59
32	58	60
32	58	61
32	58	62
32	58	63
32	59	1
32	59	54
32	59	55
32	59	56
32	59	57
32	59	58
32	59	59
32	59	60
32	59	61
32	59	62
32	59	63
32	60	0
32	60	1
32	60	2
32	60	3
32	60	53
32	60	54
32	60	55
32	60	56
32	60	57
32	60	58
32	60	59
32	60	60
32	60	61
32	60	62
32	60	63
32	61	0
32	61	1
32	61	2
32	61	3
32	61	53
32	61	54
32	61	55
32	61	56
32	61	57
32	61	58
32	61	59
32	61	60
32	61	61
32	61	62
32	61	63
32	62	0
32	62	1
32	62	2
32	62	3
32	62	52
32	62	53
32	62	54
32	62	55
32	62	56
32	62	57
32	62	58
32	62	59
32	62	60
32	62	61
32	62	62
32	62	63
32	63	0
32	63	1
32	63	2
32	63	3
32	63	51
32	63	52
32	63	53
32	63	54
32	63	55
32	63	56
32	63	57
32	63	58
32	63	59
32	63	60
32	63	61
32	63	62
32	63	63
33	0	0
33	0	1
33	0	2
33	0	52
33	0	53
33	0	54
33	0	55
33	0	56
33	0	57
33	0	58
33	0	59
33	0	60
33	0	61
33	0	62
33	0	63
33	1	0
33	1	52
33	1	53
33	1	54
33	1	55
33	1	56
33	1	57
33	1	58
33	1	59
33	1	60
33	1	61
33	1	62
33	1	63
33	2	53
33	2	54
33	2	55
33	2	56
33	2	57
33	2	58
33	2	59
33	2	60
33	2	61
33	2	62
33	3	58
33	3	59
33	3	60
33	3	61
33	3	62
33	4	1
33	4	2
33	5	0
33	5	1
33	5	2
33	5	3
33	5	4
33	6	0
33	6	1
33	6	2
33	6	3
33	6	4
33	7	0
33	7	1
33	7	2
33	7	3
33	7	4
33	8	0
33	8	1
33	8	2
33	8	3
33	8	4
33	8	63
33	9	0
33	9	1
33	9	2
33	9	3
33	9	4
33	9	63
33	10	0
33	10	1
33	10	2
33	10	3
33	10	4
33	10	63
33	11	0
33	11	1
33	11	2
33	11	3
33	11	63
33	12	0
33	12	1
33	12	2
33	12	63
33	13	0
33	41	58
33	41	59
33	42	56
33	42	57
33	42	58
33	42	59
33	43	55
33	43	56
33	43	57
33	43	58
33	43	59
33	44	54
33	44	55
33	44	56
33	44	57
33	44	58
33	44	59
33	45	54
33	45	55
33	45	56
33	45	57
33	45	58
33	45	59
33	45	60
33	46	53
33	46	54
33	46	55
33	46	56
33	46	57
33	46	58
33	46	59
33	46	60
33	47	52
33	47	53
33	47	54
33	47	55
33	47	56
33	47	57
33	47	58
33	47	59
33	47	60
33	47	61
33	48	51
33	48	52
33	48	53
33	48	54
33	48	55
33	48	56
33	48	57
33	48	58
33	48	59
33	48	60
33	48	61
33	49	51
33	49	52
33	49	53
33	49	54
33	49	55
33	49	56
33	49	57
33	49	58
33	49	59
33	49	60
33	49	61
33	49	62
33	50	51
33	50	52
33	50	53
33	50	54
33	50	55
33	50	56
33	50	57
33	50	58
33	50	59
33	50	60
33	50	61
33	50	62
33	51	50
33	51	51
33	51	52
33	51	53
33	51	54
33	51	55
33	51	56
33	51	57
33	51	58
33	51	59
33	51	60
33	51	61
33	51	62
33	52	47
33	52	48
33	52	49
33	52	50
33	52	51
33	52	52
33	52	53
33	52	54
33	52	55
33	52	56
33	52	57
33	52	58
33	52	59
33	52	60
33	52	61
33	52	62
33	53	46
33	53	47
33	53	48
33	53	49
33	53	50
33	53	51
33	53	52
33	53	53
33	53	54
33	53	55
33	53	56
33	53	59
33	53	60
33	53	61
33	53	62
33	54	47
33	54	48
33	54	49
33	54	50
33	54	51
33	54	52
33	54	53
33	54	54
33	54	55
33	55	49
33	55	50
33	55	51
33	55	52
33	55	53
33	55	54
33	55	60
33	56	50
33	56	51
33	56	52
33	56	53
33	56	54
33	56	60
33	56	61
33	57	50
33	57	51
33	57	52
33	57	53
33	57	54
33	57	60
33	57	61
33	57	62
33	58	59
33	58	60
33	58	61
33	58	62
33	58	63
33	59	1
33	59	54
33	59	55
33	59	56
33	59	57
33	59	58
33	59	59
33	59	60
33	59	61
33	59	62
33	59	63
33	60	0
33	60	1
33	60	2
33	60	3
33	60	53
33	60	54
33	60	55
33	60	56
33	60	57
33	60	58
33	60	59
33	60	60
33	60	61
33	60	62
33	60	63
33	61	0
33	61	1
33	61	2
33	61	3
33	61	53
33	61	54
33	61	55
33	61	56
33	61	57
33	61	58
33	61	59
33	61	60
33	61	61
33	61	62
33	61	63
33	62	0
33	62	1
33	62	2
33	62	3
33	62	53
33	62	54
33	62	55
33	62	56
33	62	57
33	62	58
33	62	59
33	62	60
33	62	61
33	62	62
33	62	63
33	63	0
33	63	1
33	63	2
33	63	3
33	63	51
33	63	52
33	63	53
33	63	54
33	63	55
33	63	56
33	63	57
33	63	58
33	63	59
33	63	60
33	63	61
33	63	62
33	63	63
34	0	0
34	0	1
34	0	2
34	0	52
34	0	53
34	0	54
34	0	55
34	0	56
34	0	57
34	0	58
34	0	59
34	0	60
34	0	61
34	0	62
34	0	63
34	1	0
34	1	52
34	1	53
34	1	54
34	1	55
34	1	56
34	1	57
34	1	58
34	1	59
34	1	60
34	1	61
34	1	62
34	2	52
34	2	53
34	2	54
34	2	55
34	2	56
34	2	57
34	2	58
34	2	59
34	2	60
34	2	61
34	2	62
34	3	53
34	3	54
34	3	56
34	3	57
34	3	58
34	3	59
34	3	60
34	3	61
34	4	1
34	4	2
34	4	3
34	4	60
34	5	0
34	5	1
34	5	2
34	5	3
34	5	4
34	6	0
34	6	1
34	6	2
34	6	3
34	6	4
34	6	5
34	6	63
34	7	0
34	7	1
34	7	2
34	7	3
34	7	4
34	7	63
34	8	0
34	8	1
34	8	2
34	8	3
34	8	4
34	8	63
34	9	0
34	9	1
34	9	2
34	9	3
34	9	63
34	10	0
34	10	1
34	10	2
34	10	3
34	10	63
34	11	0
34	11	1
34	11	2
34	11	3
34	11	63
34	12	0
34	12	1
34	12	2
34	12	63
34	13	0
34	13	1
34	13	63
34	14	0
34	39	54
34	40	55
34	41	56
34	41	57
34	41	58
34	41	59
34	42	55
34	42	56
34	42	57
34	42	58
34	42	59
34	43	55
34	43	56
34	43	57
34	43	58
34	43	59
34	44	54
34	44	55
34	44	56
34	44	57
34	44	58
34	44	59
34	45	54
34	45	55
34	45	56
34	45	57
34	45	58
34	45	59
34	45	60
34	46	53
34	46	54
34	46	55
34	46	56
34	46	57
34	46	58
34	46	59
34	46	60
34	47	52
34	47	53
34	47	54
34	47	55
34	47	56
34	47	57
34	47	58
34	47	59
34	47	60
34	47	61
34	48	51
34	48	52
34	48	53
34	48	54
34	48	55
34	48	56
34	48	57
34	48	58
34	48	59
34	48	60
34	48	61
34	49	51
34	49	52
34	49	53
34	49	54
34	49	55
34	49	56
34	49	57
34	49	58
34	49	59
34	49	60
34	49	61
34	49	62
34	50	50
34	50	51
34	50	52
34	50	53
34	50	54
34	50	55
34	50	56
34	50	57
34	50	58
34	50	59
34	50	60
34	50	61
34	50	62
34	51	49
34	51	50
34	51	51
34	51	52
34	51	53
34	51	54
34	51	55
34	51	56
34	51	57
34	51	58
34	51	59
34	51	60
34	51	61
34	51	62
34	52	48
34	52	49
34	52	50
34	52	51
34	52	52
34	52	53
34	52	54
34	52	55
34	52	56
34	52	57
34	52	58
34	52	59
34	52	60
34	52	61
34	52	62
34	53	48
34	53	49
34	53	50
34	53	51
34	53	52
34	53	53
34	53	54
34	53	55
34	53	56
34	53	58
34	53	59
34	53	60
34	53	61
34	53	62
34	53	63
34	54	48
34	54	49
34	54	50
34	54	51
34	54	52
34	54	53
34	54	54
34	54	55
34	55	49
34	55	50
34	55	51
34	55	52
34	55	53
34	55	54
34	56	50
34	56	51
34	56	52
34	56	53
34	56	59
34	56	60
34	56	61
34	57	51
34	57	52
34	57	59
34	57	60
34	57	61
34	57	62
34	58	59
34	58	60
34	58	61
34	58	62
34	58	63
34	59	57
34	59	58
34	59	59
34	59	60
34	59	61
34	59	62
34	59	63
34	60	0
34	60	1
34	60	2
34	60	53
34	60	54
34	60	55
34	60	56
34	60	57
34	60	58
34	60	59
34	60	60
34	60	61
34	60	62
34	60	63
34	61	0
34	61	1
34	61	2
34	61	53
34	61	54
34	61	55
34	61	56
34	61	57
34	61	58
34	61	59
34	61	60
34	61	61
34	61	62
34	61	63
34	62	0
34	62	1
34	62	2
34	62	53
34	62	54
34	62	55
34	62	56
34	62	57
34	62	58
34	62	59
34	62	60
34	62	61
34	62	62
34	62	63
34	63	0
34	63	1
34	63	2
34	63	52
34	63	53
34	63	54
34	63	55
34	63	56
34	63	57
34	63	58
34	63	59
34	63	60
34	63	61
34	63	62
34	63	63
35	0	0
35	0	52
35	0	53
35	0	54
35	0	55
35	0	56
35	0	57
35	0	58
35	0	59
35	0	60
35	0	61
35	0	62
35	1	52
35	1	53
35	1	54
35	1	55
35	1	56
35	1	57
35	1	58
35	1	59
35	1	60
35	1	61
35	2	52
35	2	53
35	2	54
35	2	55
35	2	56
35	2	57
35	2	58
35	2	59
35	2	60
35	2	61
35	3	1
35	3	2
35	3	52
35	3	53
35	3	54
35	3	55
35	3	56
35	3	57
35	3	58
35	3	59
35	3	60
35	3	61
35	4	1
35	4	2
35	4	3
35	4	4
35	4	52
35	4	53
35	4	55
35	4	56
35	4	57
35	4	58
35	4	59
35	4	63
35	5	0
35	5	1
35	5	2
35	5	3
35	5	4
35	5	63
35	6	0
35	6	1
35	6	2
35	6	3
35	6	4
35	6	63
35	7	0
35	7	1
35	7	2
35	7	3
35	7	62
35	7	63
35	8	0
35	8	1
35	8	2
35	8	3
35	8	62
35	8	63
35	9	0
35	9	1
35	9	2
35	9	3
35	9	62
35	9	63
35	10	0
35	10	1
35	10	2
35	10	3
35	10	62
35	10	63
35	11	0
35	11	1
35	11	2
35	11	3
35	11	63
35	12	0
35	12	1
35	12	2
35	12	63
35	13	0
35	13	1
35	13	63
35	14	0
35	15	0
35	39	54
35	40	53
35	40	54
35	40	55
35	40	56
35	41	54
35	41	55
35	41	56
35	41	57
35	41	58
35	42	55
35	42	56
35	42	57
35	42	58
35	42	59
35	43	54
35	43	55
35	43	56
35	43	57
35	43	58
35	43	59
35	44	54
35	44	55
35	44	56
35	44	57
35	44	58
35	44	59
35	45	53
35	45	54
35	45	55
35	45	56
35	45	57
35	45	58
35	45	59
35	45	60
35	46	52
35	46	53
35	46	54
35	46	55
35	46	56
35	46	57
35	46	58
35	46	59
35	46	60
35	47	51
35	47	52
35	47	53
35	47	54
35	47	55
35	47	56
35	47	57
35	47	58
35	47	59
35	47	60
35	47	61
35	48	50
35	48	51
35	48	52
35	48	53
35	48	54
35	48	55
35	48	56
35	48	57
35	48	58
35	48	59
35	48	60
35	48	61
35	49	50
35	49	51
35	49	52
35	49	53
35	49	54
35	49	55
35	49	56
35	49	57
35	49	58
35	49	59
35	49	60
35	49	61
35	49	62
35	50	50
35	50	51
35	50	52
35	50	53
35	50	54
35	50	55
35	50	56
35	50	57
35	50	58
35	50	59
35	50	60
35	50	61
35	50	62
35	51	49
35	51	50
35	51	51
35	51	52
35	51	53
35	51	54
35	51	55
35	51	56
35	51	57
35	51	58
35	51	59
35	51	60
35	51	61
35	51	62
35	52	49
35	52	50
35	52	51
35	52	52
35	52	53
35	52	54
35	52	55
35	52	56
35	52	57
35	52	58
35	52	59
35	52	60
35	52	61
35	52	62
35	53	49
35	53	50
35	53	51
35	53	52
35	53	53
35	53	54
35	53	55
35	53	56
35	53	57
35	53	58
35	53	59
35	53	60
35	53	61
35	53	62
35	53	63
35	54	50
35	54	51
35	54	52
35	54	53
35	54	54
35	54	55
35	54	60
35	55	49
35	55	50
35	55	51
35	55	52
35	55	53
35	55	54
35	56	49
35	56	50
35	56	51
35	56	60
35	56	61
35	57	50
35	57	51
35	57	58
35	57	59
35	57	60
35	57	61
35	58	51
35	58	58
35	58	59
35	58	60
35	58	61
35	58	62
35	59	57
35	59	58
35	59	59
35	59	60
35	59	61
35	59	62
35	59	63
35	60	53
35	60	54
35	60	55
35	60	56
35	60	57
35	60	58
35	60	59
35	60	60
35	60	61
35	60	62
35	60	63
35	61	0
35	61	1
35	61	53
35	61	54
35	61	55
35	61	56
35	61	57
35	61	58
35	61	59
35	61	60
35	61	61
35	61	62
35	61	63
35	62	0
35	62	1
35	62	52
35	62	53
35	62	54
35	62	55
35	62	56
35	62	57
35	62	58
35	62	59
35	62	60
35	62	61
35	62	62
35	62	63
35	63	0
35	63	1
35	63	52
35	63	53
35	63	54
35	63	55
35	63	56
35	63	57
35	63	58
35	63	59
35	63	60
35	63	61
35	63	62
35	63	63
36	0	0
36	0	52
36	0	53
36	0	54
36	0	55
36	0	56
36	0	57
36	0	58
36	0	59
36	0	60
36	0	61
36	1	2
36	1	52
36	1	53
36	1	54
36	1	55
36	1	56
36	1	57
36	1	58
36	1	59
36	1	60
36	1	61
36	2	1
36	2	2
36	2	3
36	2	52
36	2	53
36	2	54
36	2	55
36	2	56
36	2	57
36	2	58
36	2	59
36	2	60
36	2	61
36	3	1
36	3	2
36	3	52
36	3	53
36	3	54
36	3	55
36	3	56
36	3	57
36	3	58
36	3	59
36	3	60
36	3	61
36	3	63
36	4	0
36	4	1
36	4	2
36	4	3
36	4	51
36	4	52
36	4	53
36	4	54
36	4	55
36	4	56
36	4	57
36	4	58
36	4	59
36	4	62
36	4	63
36	5	0
36	5	1
36	5	2
36	5	3
36	5	52
36	5	54
36	5	55
36	5	56
36	5	57
36	5	58
36	5	62
36	5	63
36	6	0
36	6	1
36	6	2
36	6	3
36	6	62
36	6	63
36	7	0
36	7	1
36	7	2
36	7	3
36	7	62
36	7	63
36	8	0
36	8	1
36	8	2
36	8	3
36	8	61
36	8	62
36	8	63
36	9	0
36	9	1
36	9	2
36	9	3
36	9	61
36	9	62
36	9	63
36	10	0
36	10	1
36	10	2
36	10	62
36	10	63
36	11	0
36	11	1
36	11	2
36	11	62
36	11	63
36	12	0
36	12	1
36	12	2
36	12	63
36	13	0
36	13	1
36	13	63
36	14	0
36	38	54
36	39	52
36	39	53
36	39	54
36	39	55
36	39	57
36	40	52
36	40	53
36	40	54
36	40	55
36	40	56
36	41	52
36	41	53
36	41	54
36	41	55
36	41	56
36	42	53
36	42	54
36	42	55
36	42	56
36	42	57
36	42	58
36	43	53
36	43	54
36	43	55
36	43	56
36	43	57
36	43	58
36	43	59
36	44	53
36	44	54
36	44	55
36	44	56
36	44	57
36	44	58
36	44	59
36	45	53
36	45	54
36	45	55
36	45	56
36	45	57
36	45	58
36	45	59
36	45	60
36	46	51
36	46	52
36	46	53
36	46	54
36	46	55
36	46	56
36	46	57
36	46	58
36	46	59
36	46	60
36	47	51
36	47	52
36	47	53
36	47	54
36	47	55
36	47	56
36	47	57
36	47	58
36	47	59
36	47	60
36	47	61
36	48	50
36	48	51
36	48	52
36	48	53
36	48	54
36	48	55
36	48	56
36	48	57
36	48	58
36	48	59
36	48	60
36	48	61
36	49	49
36	49	50
36	49	51
36	49	52
36	49	53
36	49	54
36	49	55
36	49	56
36	49	57
36	49	58
36	49	59
36	49	60
36	49	61
36	49	62
36	50	49
36	50	50
36	50	51
36	50	52
36	50	53
36	50	54
36	50	55
36	50	56
36	50	57
36	50	58
36	50	59
36	50	60
36	50	61
36	50	62
36	51	49
36	51	50
36	51	51
36	51	52
36	51	53
36	51	54
36	51	55
36	51	56
36	51	57
36	51	58
36	51	59
36	51	60
36	51	61
36	51	62
36	52	48
36	52	49
36	52	50
36	52	51
36	52	52
36	52	53
36	52	54
36	52	55
36	52	56
36	52	57
36	52	58
36	52	59
36	52	60
36	52	61
36	52	62
36	52	63
36	53	50
36	53	51
36	53	52
36	53	53
36	53	54
36	53	55
36	53	56
36	53	57
36	53	58
36	53	59
36	53	60
36	53	61
36	53	62
36	53	63
36	54	0
36	54	52
36	54	53
36	54	54
36	54	55
36	54	60
36	55	50
36	56	60
36	57	59
36	57	60
36	57	61
36	58	56
36	58	57
36	58	58
36	58	59
36	58	60
36	58	61
36	58	62
36	59	56
36	59	57
36	59	58
36	59	59
36	59	60
36	59	61
36	59	62
36	60	53
36	60	54
36	60	55
36	60	56
36	60	57
36	60	58
36	60	59
36	60	60
36	60	61
36	60	62
36	60	63
36	61	53
36	61	54
36	61	55
36	61	56
36	61	57
36	61	58
36	61	59
36	61	60
36	61	61
36	61	62
36	61	63
36	62	52
36	62	53
36	62	54
36	62	55
36	62	56
36	62	57
36	62	58
36	62	59
36	62	60
36	62	61
36	62	62
36	62	63
36	63	51
36	63	52
36	63	53
36	63	54
36	63	55
36	63	56
36	63	57
36	63	58
36	63	59
36	63	60
36	63	61
36	63	62
37	0	51
37	0	52
37	0	53
37	0	54
37	0	55
37	0	56
37	0	57
37	0	58
37	0	59
37	0	60
37	0	61
37	1	1
37	1	52
37	1	53
37	1	54
37	1	55
37	1	56
37	1	57
37	1	58
37	1	59
37	1	60
37	1	61
37	2	1
37	2	2
37	2	52
37	2	53
37	2	54
37	2	55
37	2	56
37	2	57
37	2	58
37	2	59
37	2	60
37	3	0
37	3	1
37	3	2
37	3	52
37	3	53
37	3	54
37	3	55
37	3	56
37	3	57
37	3	58
37	3	59
37	3	60
37	3	62
37	3	63
37	4	0
37	4	1
37	4	2
37	4	53
37	4	54
37	4	55
37	4	56
37	4	57
37	4	58
37	4	59
37	4	61
37	4	62
37	4	63
37	5	0
37	5	1
37	5	2
37	5	53
37	5	54
37	5	55
37	5	56
37	5	57
37	5	61
37	5	62
37	5	63
37	6	0
37	6	1
37	6	2
37	6	53
37	6	54
37	6	55
37	6	56
37	6	57
37	6	61
37	6	62
37	6	63
37	7	0
37	7	1
37	7	2
37	7	61
37	7	62
37	7	63
37	8	0
37	8	1
37	8	2
37	8	61
37	8	62
37	8	63
37	9	0
37	9	1
37	9	2
37	9	61
37	9	62
37	9	63
37	10	0
37	10	1
37	10	2
37	10	61
37	10	62
37	10	63
37	11	0
37	11	1
37	11	2
37	11	62
37	11	63
37	12	0
37	12	1
37	12	62
37	12	63
37	13	0
37	13	63
37	14	0
37	38	51
37	38	52
37	38	53
37	38	54
37	39	51
37	39	52
37	39	53
37	39	54
37	39	55
37	39	56
37	40	51
37	40	52
37	40	53
37	40	54
37	40	55
37	40	56
37	41	52
37	41	53
37	41	54
37	41	55
37	41	56
37	42	52
37	42	53
37	42	54
37	42	55
37	42	56
37	42	57
37	43	52
37	43	53
37	43	54
37	43	55
37	43	56
37	43	57
37	43	58
37	43	59
37	44	52
37	44	53
37	44	54
37	44	55
37	44	56
37	44	57
37	44	58
37	44	59
37	45	52
37	45	53
37	45	54
37	45	55
37	45	56
37	45	57
37	45	58
37	45	59
37	45	60
37	46	51
37	46	52
37	46	53
37	46	54
37	46	55
37	46	56
37	46	57
37	46	58
37	46	59
37	46	60
37	47	51
37	47	52
37	47	53
37	47	54
37	47	55
37	47	56
37	47	57
37	47	58
37	47	59
37	47	60
37	47	61
37	48	50
37	48	51
37	48	52
37	48	53
37	48	54
37	48	55
37	48	56
37	48	57
37	48	58
37	48	59
37	48	60
37	48	61
37	48	62
37	49	49
37	49	50
37	49	51
37	49	52
37	49	53
37	49	54
37	49	55
37	49	56
37	49	57
37	49	58
37	49	59
37	49	60
37	49	61
37	49	62
37	50	49
37	50	50
37	50	51
37	50	52
37	50	53
37	50	54
37	50	55
37	50	56
37	50	57
37	50	58
37	50	59
37	50	60
37	50	61
37	50	62
37	51	49
37	51	50
37	51	51
37	51	52
37	51	53
37	51	54
37	51	55
37	51	56
37	51	57
37	51	58
37	51	59
37	51	60
37	51	61
37	51	62
37	52	49
37	52	50
37	52	51
37	52	52
37	52	53
37	52	54
37	52	55
37	52	56
37	52	57
37	52	58
37	52	59
37	52	60
37	52	61
37	52	62
37	52	63
37	53	50
37	53	51
37	53	52
37	53	53
37	53	54
37	53	55
37	53	56
37	53	57
37	53	58
37	53	59
37	53	60
37	53	61
37	53	62
37	54	53
37	54	54
37	54	55
37	54	59
37	54	60
37	56	60
37	57	59
37	57	60
37	57	61
37	58	58
37	58	59
37	58	60
37	58	61
37	59	54
37	59	55
37	59	56
37	59	57
37	59	58
37	59	59
37	59	60
37	59	61
37	59	62
37	60	54
37	60	55
37	60	56
37	60	57
37	60	58
37	60	59
37	60	60
37	60	61
37	60	62
37	61	53
37	61	54
37	61	55
37	61	56
37	61	57
37	61	58
37	61	59
37	61	60
37	61	61
37	61	62
37	62	53
37	62	54
37	62	55
37	62	56
37	62	57
37	62	58
37	62	59
37	62	60
37	62	61
37	62	62
37	63	51
37	63	52
37	63	53
37	63	54
37	63	55
37	63	56
37	63	57
37	63	58
37	63	59
37	63	60
37	63	61
37	63	62
38	0	51
38	0	52
38	0	53
38	0	54
38	0	55
38	0	56
38	0	57
38	0	58
38	0	59
38	0	60
38	1	51
38	1	52
38	1	53
38	1	54
38	1	55
38	1	56
38	1	57
38	1	58
38	1	59
38	1	60
38	2	0
38	2	51
38	2	52
38	2	53
38	2	54
38	2	55
38	2	56
38	2	57
38	2	58
38	2	59
38	2	60
38	2	63
38	3	0
38	3	1
38	3	53
38	3	54
38	3	55
38	3	56
38	3	57
38	3	58
38	3	59
38	3	62
38	3	63
38	4	0
38	4	1
38	4	54
38	4	55
38	4	56
38	4	57
38	4	58
38	4	61
38	4	62
38	4	63
38	5	0
38	5	1
38	5	54
38	5	55
38	5	56
38	5	61
38	5	62
38	5	63
38	6	0
38	6	1
38	6	61
38	6	62
38	6	63
38	7	0
38	7	1
38	7	61
38	7	62
38	7	63
38	8	0
38	8	1
38	8	60
38	8	61
38	8	62
38	8	63
38	9	0
38	9	1
38	9	2
38	9	60
38	9	61
38	9	62
38	9	63
38	10	0
38	10	1
38	10	2
38	10	60
38	10	61
38	10	62
38	10	63
38	11	0
38	11	1
38	11	2
38	11	61
38	11	62
38	11	63
38	12	0
38	12	1
38	12	62
38	12	63
38	13	0
38	13	63
38	14	0
38	37	51
38	37	52
38	37	53
38	38	51
38	38	52
38	38	53
38	38	54
38	39	50
38	39	51
38	39	52
38	39	53
38	39	54
38	39	55
38	39	56
38	40	51
38	40	52
38	40	53
38	40	54
38	40	55
38	40	56
38	41	51
38	41	52
38	41	53
38	41	54
38	41	55
38	41	56
38	42	51
38	42	52
38	42	53
38	42	54
38	42	55
38	42	56
38	42	57
38	43	51
38	43	52
38	43	53
38	43	54
38	43	55
38	43	56
38	43	57
38	43	58
38	43	59
38	44	51
38	44	52
38	44	53
38	44	54
38	44	55
38	44	56
38	44	57
38	44	58
38	44	59
38	45	52
38	45	53
38	45	54
38	45	55
38	45	56
38	45	57
38	45	58
38	45	59
38	45	60
38	46	51
38	46	52
38	46	53
38	46	54
38	46	55
38	46	56
38	46	57
38	46	58
38	46	59
38	46	60
38	47	51
38	47	52
38	47	53
38	47	54
38	47	55
38	47	56
38	47	57
38	47	58
38	47	59
38	47	60
38	47	61
38	48	50
38	48	51
38	48	52
38	48	53
38	48	54
38	48	55
38	48	56
38	48	57
38	48	58
38	48	59
38	48	60
38	48	61
38	48	62
38	49	49
38	49	50
38	49	51
38	49	52
38	49	53
38	49	54
38	49	55
38	49	56
38	49	57
38	49	58
38	49	59
38	49	60
38	49	61
38	49	62
38	50	49
38	50	50
38	50	51
38	50	52
38	50	53
38	50	54
38	50	55
38	50	56
38	50	57
38	50	58
38	50	59
38	50	60
38	50	61
38	50	62
38	51	48
38	51	49
38	51	50
38	51	51
38	51	52
38	51	53
38	51	54
38	51	55
38	51	56
38	51	57
38	51	58
38	51	59
38	51	60
38	51	61
38	51	62
38	51	63
38	52	49
38	52	50
38	52	51
38	52	52
38	52	53
38	52	54
38	52	55
38	52	56
38	52	57
38	52	58
38	52	59
38	52	60
38	52	61
38	52	62
38	53	51
38	53	52
38	53	53
38	53	54
38	53	55
38	53	56
38	53	57
38	53	58
38	53	59
38	53	60
38	53	61
38	54	53
38	54	54
38	54	55
38	54	56
38	54	59
38	54	60
38	56	60
38	57	59
38	57	60
38	58	58
38	58	59
38	58	60
38	58	61
38	59	57
38	59	58
38	59	59
38	59	60
38	59	61
38	60	54
38	60	55
38	60	56
38	60	57
38	60	58
38	60	59
38	60	60
38	60	61
38	61	54
38	61	55
38	61	56
38	61	57
38	61	58
38	61	59
38	61	60
38	61	61
38	62	53
38	62	54
38	62	55
38	62	56
38	62	57
38	62	58
38	62	59
38	62	60
38	62	61
38	63	52
38	63	53
38	63	54
38	63	55
38	63	56
38	63	57
38	63	58
38	63	59
38	63	60
38	63	61
39	0	52
39	0	53
39	0	54
39	0	55
39	0	56
39	0	57
39	0	58
39	0	59
39	1	52
39	1	53
39	1	54
39	1	55
39	1	56
39	1	57
39	1	58
39	1	59
39	2	52
39	2	53
39	2	54
39	2	55
39	2	56
39	2	57
39	2	58
39	3	53
39	3	54
39	3	55
39	3	56
39	3	57
39	3	58
39	3	63
39	4	54
39	4	55
39	4	56
39	4	62
39	4	63
39	5	0
39	5	61
39	5	62
39	5	63
39	6	0
39	6	60
39	6	61
39	6	62
39	6	63
39	7	0
39	7	60
39	7	61
39	7	62
39	7	63
39	8	0
39	8	1
39	8	60
39	8	61
39	8	62
39	8	63
39	9	0
39	9	1
39	9	60
39	9	61
39	9	62
39	9	63
39	10	0
39	10	1
39	10	59
39	10	60
39	10	61
39	10	62
39	10	63
39	11	0
39	11	1
39	11	60
39	11	61
39	11	62
39	11	63
39	12	0
39	12	1
39	12	60
39	12	61
39	12	62
39	12	63
39	13	0
39	13	62
39	13	63
39	14	0
39	37	51
39	37	52
39	37	53
39	38	50
39	38	51
39	38	52
39	38	53
39	38	54
39	39	51
39	39	52
39	39	53
39	39	54
39	39	55
39	39	56
39	40	51
39	40	52
39	40	53
39	40	54
39	40	55
39	40	56
39	41	51
39	41	52
39	41	53
39	41	54
39	41	55
39	41	56
39	42	51
39	42	52
39	42	53
39	42	54
39	42	55
39	42	56
39	42	57
39	43	51
39	43	52
39	43	53
39	43	54
39	43	55
39	43	56
39	43	57
39	43	58
39	44	52
39	44	53
39	44	54
39	44	55
39	44	56
39	44	57
39	44	58
39	44	59
39	45	52
39	45	53
39	45	54
39	45	55
39	45	56
39	45	57
39	45	58
39	45	59
39	45	60
39	46	51
39	46	52
39	46	53
39	46	54
39	46	55
39	46	56
39	46	57
39	46	58
39	46	59
39	46	60
39	47	51
39	47	52
39	47	53
39	47	54
39	47	55
39	47	56
39	47	57
39	47	58
39	47	59
39	47	60
39	47	61
39	48	50
39	48	51
39	48	52
39	48	53
39	48	54
39	48	55
39	48	56
39	48	57
39	48	58
39	48	59
39	48	60
39	48	61
39	48	62
39	49	49
39	49	50
39	49	51
39	49	52
39	49	53
39	49	54
39	49	55
39	49	56
39	49	57
39	49	58
39	49	59
39	49	60
39	49	61
39	49	62
39	50	49
39	50	50
39	50	51
39	50	52
39	50	53
39	50	54
39	50	55
39	50	56
39	50	57
39	50	58
39	50	59
39	50	60
39	50	61
39	50	62
39	51	48
39	51	49
39	51	50
39	51	51
39	51	52
39	51	53
39	51	54
39	51	55
39	51	56
39	51	57
39	51	58
39	51	59
39	51	60
39	51	61
39	51	62
39	52	50
39	52	51
39	52	52
39	52	53
39	52	54
39	52	55
39	52	56
39	52	57
39	52	58
39	52	59
39	52	60
39	52	61
39	53	51
39	53	52
39	53	53
39	53	54
39	53	55
39	53	56
39	53	57
39	53	58
39	53	59
39	53	60
39	54	53
39	54	54
39	54	55
39	54	56
39	54	59
39	54	60
39	56	60
39	57	59
39	57	60
39	58	58
39	58	59
39	58	60
39	59	57
39	59	58
39	59	59
39	59	60
39	60	56
39	60	57
39	60	58
39	60	59
39	60	60
39	60	61
39	61	54
39	61	55
39	61	56
39	61	57
39	61	58
39	61	59
39	61	60
39	61	61
39	62	53
39	62	54
39	62	55
39	62	56
39	62	57
39	62	58
39	62	59
39	62	60
39	63	52
39	63	53
39	63	54
39	63	55
39	63	56
39	63	57
39	63	58
39	63	59
39	63	60
40	0	52
40	0	53
40	0	54
40	0	55
40	0	56
40	0	57
40	0	58
40	0	59
40	1	52
40	1	53
40	1	54
40	1	55
40	1	56
40	1	57
40	1	58
40	2	52
40	2	53
40	2	54
40	2	55
40	2	56
40	2	57
40	2	58
40	3	53
40	3	54
40	3	55
40	3	56
40	3	57
40	4	54
40	4	55
40	4	62
40	5	61
40	5	62
40	5	63
40	6	60
40	6	61
40	6	62
40	6	63
40	7	59
40	7	60
40	7	61
40	7	62
40	7	63
40	8	0
40	8	59
40	8	60
40	8	61
40	8	62
40	8	63
40	9	0
40	9	59
40	9	60
40	9	61
40	9	62
40	9	63
40	10	0
40	10	1
40	10	59
40	10	60
40	10	61
40	10	62
40	10	63
40	11	0
40	11	1
40	11	59
40	11	60
40	11	61
40	11	62
40	11	63
40	12	0
40	12	59
40	12	60
40	12	61
40	12	62
40	12	63
40	13	0
40	13	60
40	13	61
40	13	62
40	13	63
40	14	0
40	37	51
40	37	52
40	38	50
40	38	51
40	38	52
40	38	53
40	38	54
40	39	51
40	39	52
40	39	53
40	39	54
40	39	55
40	39	56
40	40	51
40	40	52
40	40	53
40	40	54
40	40	55
40	40	56
40	41	51
40	41	52
40	41	53
40	41	54
40	41	55
40	41	56
40	42	51
40	42	52
40	42	53
40	42	54
40	42	55
40	42	56
40	42	57
40	43	52
40	43	53
40	43	54
40	43	55
40	43	56
40	43	57
40	43	58
40	44	52
40	44	53
40	44	54
40	44	55
40	44	56
40	44	57
40	44	58
40	44	59
40	45	52
40	45	53
40	45	54
40	45	55
40	45	56
40	45	57
40	45	58
40	45	59
40	45	60
40	46	52
40	46	53
40	46	54
40	46	55
40	46	56
40	46	57
40	46	58
40	46	59
40	46	60
40	47	51
40	47	52
40	47	53
40	47	54
40	47	55
40	47	56
40	47	57
40	47	58
40	47	59
40	47	60
40	47	61
40	48	50
40	48	51
40	48	52
40	48	53
40	48	54
40	48	55
40	48	56
40	48	57
40	48	58
40	48	59
40	48	60
40	48	61
40	48	62
40	49	50
40	49	51
40	49	52
40	49	53
40	49	54
40	49	55
40	49	56
40	49	57
40	49	58
40	49	59
40	49	60
40	49	61
40	49	62
40	50	50
40	50	51
40	50	52
40	50	53
40	50	54
40	50	55
40	50	56
40	50	57
40	50	58
40	50	59
40	50	60
40	50	61
40	50	62
40	51	48
40	51	49
40	51	50
40	51	51
40	51	52
40	51	53
40	51	54
40	51	55
40	51	56
40	51	57
40	51	58
40	51	59
40	51	60
40	51	61
40	51	62
40	52	50
40	52	51
40	52	52
40	52	53
40	52	54
40	52	55
40	52	56
40	52	57
40	52	58
40	52	59
40	52	60
40	52	61
40	53	51
40	53	52
40	53	53
40	53	54
40	53	55
40	53	56
40	53	57
40	53	58
40	53	59
40	53	60
40	54	52
40	54	53
40	54	54
40	54	55
40	54	56
40	54	57
40	54	58
40	54	59
40	57	59
40	58	58
40	58	59
40	58	60
40	59	57
40	59	58
40	59	59
40	59	60
40	60	56
40	60	57
40	60	58
40	60	59
40	60	60
40	61	54
40	61	55
40	61	56
40	61	57
40	61	58
40	61	59
40	61	60
40	62	53
40	62	54
40	62	55
40	62	56
40	62	57
40	62	58
40	62	59
40	62	60
40	63	52
40	63	53
40	63	54
40	63	55
40	63	56
40	63	57
40	63	58
40	63	59
40	63	60
41	0	53
41	0	54
41	0	55
41	0	56
41	0	57
41	0	58
41	0	59
41	1	53
41	1	54
41	1	55
41	1	56
41	1	57
41	1	58
41	2	53
41	2	54
41	2	55
41	2	56
41	2	57
41	3	53
41	3	54
41	3	55
41	3	56
41	4	61
41	5	60
41	5	61
41	5	62
41	6	59
41	6	60
41	6	61
41	6	62
41	6	63
41	7	59
41	7	60
41	7	61
41	7	62
41	7	63
41	8	0
41	8	59
41	8	60
41	8	61
41	8	62
41	8	63
41	9	0
41	9	59
41	9	60
41	9	61
41	9	62
41	9	63
41	10	0
41	10	59
41	10	60
41	10	61
41	10	62
41	10	63
41	11	0
41	11	59
41	11	60
41	11	61
41	11	62
41	11	63
41	12	0
41	12	59
41	12	60
41	12	61
41	12	62
41	12	63
41	13	59
41	13	60
41	13	61
41	14	59
41	14	60
41	14	61
41	37	51
41	37	52
41	37	53
41	38	50
41	38	51
41	38	52
41	38	53
41	38	54
41	39	51
41	39	52
41	39	53
41	39	54
41	39	55
41	39	56
41	40	51
41	40	52
41	40	53
41	40	54
41	40	55
41	40	56
41	41	51
41	41	52
41	41	53
41	41	54
41	41	55
41	41	56
41	42	51
41	42	52
41	42	53
41	42	54
41	42	55
41	42	56
41	42	57
41	43	52
41	43	53
41	43	54
41	43	55
41	43	56
41	43	57
41	44	52
41	44	53
41	44	54
41	44	55
41	44	56
41	44	57
41	44	58
41	44	59
41	45	52
41	45	53
41	45	54
41	45	55
41	45	56
41	45	57
41	45	58
41	45	59
41	46	52
41	46	53
41	46	54
41	46	55
41	46	56
41	46	57
41	46	58
41	46	59
41	46	60
41	46	61
41	47	52
41	47	53
41	47	54
41	47	55
41	47	56
41	47	57
41	47	58
41	47	59
41	47	60
41	47	61
41	47	62
41	48	51
41	48	52
41	48	53
41	48	54
41	48	55
41	48	56
41	48	57
41	48	58
41	48	59
41	48	60
41	48	61
41	48	62
41	49	51
41	49	52
41	49	53
41	49	54
41	49	55
41	49	56
41	49	57
41	49	58
41	49	59
41	49	60
41	49	61
41	49	62
41	50	51
41	50	52
41	50	53
41	50	54
41	50	55
41	50	56
41	50	57
41	50	58
41	50	59
41	50	60
41	50	61
41	51	49
41	51	50
41	51	51
41	51	52
41	51	53
41	51	54
41	51	55
41	51	56
41	51	57
41	51	58
41	51	59
41	51	60
41	51	61
41	52	50
41	52	51
41	52	52
41	52	53
41	52	54
41	52	55
41	52	56
41	52	57
41	52	58
41	52	59
41	52	60
41	53	51
41	53	52
41	53	53
41	53	54
41	53	55
41	53	56
41	53	57
41	53	58
41	53	59
41	53	60
41	54	52
41	54	53
41	54	54
41	54	55
41	54	56
41	54	57
41	54	58
41	54	59
41	57	59
41	58	58
41	58	59
41	59	57
41	59	58
41	59	59
41	59	60
41	60	57
41	60	58
41	60	59
41	60	60
41	61	56
41	61	57
41	61	58
41	61	59
41	61	60
41	62	53
41	62	54
41	62	55
41	62	56
41	62	57
41	62	58
41	62	59
41	63	52
41	63	53
41	63	54
41	63	55
41	63	56
41	63	57
41	63	58
41	63	59
42	0	53
42	0	54
42	0	55
42	0	56
42	0	57
42	0	58
42	1	53
42	1	54
42	1	55
42	1	56
42	1	57
42	1	58
42	2	53
42	2	54
42	2	55
42	2	56
42	2	57
42	3	53
42	3	54
42	3	55
42	3	56
42	4	54
42	4	55
42	5	59
42	5	60
42	5	61
42	6	59
42	6	60
42	6	61
42	6	62
42	6	63
42	7	0
42	7	59
42	7	60
42	7	61
42	7	62
42	7	63
42	8	0
42	8	59
42	8	60
42	8	61
42	8	62
42	8	63
42	9	0
42	9	59
42	9	60
42	9	61
42	9	62
42	9	63
42	10	0
42	10	59
42	10	60
42	10	61
42	11	59
42	11	60
42	12	59
42	12	60
42	13	59
42	13	60
42	14	59
42	14	60
42	15	60
42	37	52
42	38	51
42	38	52
42	38	53
42	38	54
42	39	51
42	39	52
42	39	53
42	39	54
42	39	55
42	39	56
42	40	51
42	40	52
42	40	53
42	40	54
42	40	55
42	40	56
42	41	51
42	41	52
42	41	53
42	41	54
42	41	55
42	41	56
42	42	51
42	42	52
42	42	53
42	42	54
42	42	55
42	42	56
42	43	52
42	43	53
42	43	54
42	43	55
42	43	56
42	43	57
42	44	52
42	44	53
42	44	54
42	44	55
42	44	56
42	44	57
42	44	58
42	45	52
42	45	53
42	45	54
42	45	55
42	45	56
42	45	57
42	45	58
42	45	59
42	45	60
42	46	52
42	46	53
42	46	54
42	46	55
42	46	56
42	46	57
42	46	58
42	46	59
42	46	60
42	46	61
42	47	52
42	47	53
42	47	54
42	47	55
42	47	56
42	47	57
42	47	58
42	47	59
42	47	60
42	47	61
42	48	52
42	48	53
42	48	54
42	48	55
42	48	56
42	48	57
42	48	58
42	48	59
42	48	60
42	48	61
42	49	52
42	49	53
42	49	54
42	49	55
42	49	56
42	49	57
42	49	58
42	49	59
42	49	60
42	49	61
42	50	52
42	50	53
42	50	54
42	50	55
42	50	56
42	50	57
42	50	58
42	50	59
42	50	60
42	50	61
42	51	52
42	51	53
42	51	54
42	51	55
42	51	56
42	51	57
42	51	58
42	51	59
42	51	60
42	51	61
42	52	50
42	52	51
42	52	52
42	52	53
42	52	54
42	52	55
42	52	56
42	52	57
42	52	58
42	52	59
42	52	60
42	53	51
42	53	52
42	53	53
42	53	54
42	53	55
42	53	56
42	53	57
42	53	58
42	53	59
42	54	53
42	54	54
42	54	55
42	54	56
42	54	57
42	54	58
42	54	59
42	57	59
42	58	58
42	58	59
42	59	58
42	59	59
42	60	58
42	60	59
42	61	58
42	61	59
42	62	57
42	62	58
42	62	59
42	63	53
42	63	54
42	63	55
42	63	56
42	63	57
42	63	58
42	63	59
43	0	54
43	0	55
43	0	56
43	0	57
43	0	58
43	1	54
43	1	55
43	1	56
43	1	57
43	1	58
43	2	54
43	2	55
43	2	56
43	2	57
43	3	53
43	3	54
43	3	55
43	3	56
43	4	55
43	6	58
43	6	59
43	6	60
43	7	59
43	7	60
43	8	59
43	9	0
43	11	59
43	12	59
43	38	52
43	38	53
43	39	51
43	39	52
43	39	53
43	39	54
43	40	51
43	40	52
43	40	53
43	40	54
43	40	55
43	41	51
43	41	52
43	41	53
43	41	54
43	41	55
43	42	51
43	42	52
43	42	53
43	42	54
43	42	55
43	42	56
43	43	51
43	43	52
43	43	53
43	43	54
43	43	55
43	43	56
43	44	53
43	44	54
43	44	55
43	44	56
43	44	57
43	44	58
43	45	53
43	45	54
43	45	55
43	45	56
43	45	57
43	45	58
43	45	59
43	45	60
43	46	52
43	46	53
43	46	54
43	46	55
43	46	56
43	46	57
43	46	58
43	46	59
43	46	60
43	46	61
43	47	52
43	47	53
43	47	54
43	47	55
43	47	56
43	47	57
43	47	58
43	47	59
43	47	60
43	48	53
43	48	54
43	48	55
43	48	56
43	48	57
43	48	58
43	48	59
43	48	60
43	49	53
43	49	54
43	49	55
43	49	56
43	49	57
43	49	58
43	49	59
43	49	60
43	50	52
43	50	53
43	50	54
43	50	55
43	50	56
43	50	57
43	50	58
43	50	59
43	50	60
43	51	52
43	51	53
43	51	54
43	51	55
43	51	56
43	51	57
43	51	58
43	51	59
43	51	60
43	52	52
43	52	53
43	52	54
43	52	55
43	52	56
43	52	57
43	52	58
43	52	59
43	52	60
43	53	51
43	53	52
43	53	53
43	53	54
43	53	55
43	53	56
43	53	57
43	53	58
43	53	59
43	54	53
43	54	54
43	54	55
43	54	56
43	54	57
43	54	58
43	58	59
43	59	59
43	60	59
43	61	59
43	62	58
43	63	58
44	1	53
44	1	54
44	1	55
44	1	56
44	1	57
44	2	54
44	2	55
44	2	56
44	2	57
44	3	54
44	3	55
44	3	56
44	40	52
44	40	53
44	41	51
44	41	52
44	41	53
44	41	54
44	42	51
44	42	52
44	42	53
44	42	54
44	42	55
44	43	51
44	43	52
44	43	53
44	43	54
44	43	55
44	44	52
44	44	53
44	44	54
44	44	55
44	44	56
44	45	54
44	45	55
44	45	56
44	45	57
44	46	53
44	46	54
44	46	55
44	46	56
44	46	57
44	46	58
44	47	54
44	47	55
44	47	56
44	47	57
44	47	58
44	48	54
44	48	55
44	48	56
44	48	57
44	48	58
44	48	59
44	49	53
44	49	54
44	49	55
44	49	56
44	49	57
44	49	58
44	49	59
44	50	53
44	50	54
44	50	55
44	50	56
44	50	57
44	50	58
44	50	59
44	50	60
44	51	53
44	51	54
44	51	55
44	51	56
44	51	57
44	51	58
44	51	59
44	52	52
44	52	53
44	52	54
44	52	55
44	52	56
44	52	57
44	52	58
44	52	59
44	53	51
44	53	52
44	53	53
44	53	54
44	53	55
44	53	56
44	53	57
44	53	58
44	54	53
44	54	54
44	54	55
44	54	56
44	54	57
44	54	58
45	0	54
45	1	54
45	2	54
45	2	55
45	2	56
45	3	54
45	3	55
45	42	52
45	42	53
45	43	52
45	43	53
45	43	54
45	44	51
45	44	52
45	44	53
45	44	54
45	45	54
45	47	55
45	47	56
45	47	57
45	48	54
45	48	55
45	48	56
45	48	57
45	48	58
45	49	53
45	49	54
45	49	55
45	49	56
45	49	57
45	49	58
45	50	53
45	50	54
45	50	55
45	50	56
45	50	57
45	50	58
45	51	53
45	51	54
45	51	55
45	51	56
45	51	57
45	51	58
45	52	52
45	52	53
45	52	54
45	52	55
45	52	56
45	52	57
45	52	58
45	53	51
45	53	52
45	53	53
45	53	54
45	53	55
45	53	56
45	53	57
45	53	58
45	54	56
45	54	57
46	49	53
46	50	53
46	50	54
46	50	55
46	51	52
46	51	53
46	51	54
46	51	55
46	51	56
46	52	51
46	52	52
46	52	53
46	52	54
46	52	55
46	52	56
46	52	57
46	53	53
46	53	54
46	53	55
46	53	56
46	53	57
47	52	52
47	52	53
