#i	j	k
0	25	8
0	25	9
0	25	10
0	26	8
0	26	9
0	26	10
0	26	11
0	26	12
0	26	13
0	26	14
0	27	4
0	27	5
0	27	6
0	27	8
0	27	9
0	27	10
0	27	11
0	27	12
0	27	13
0	27	14
0	28	6
0	28	8
0	28	9
0	28	10
0	28	11
0	28	12
0	28	13
0	28	14
0	28	17
0	28	18
0	28	19
0	28	20
0	28	21
0	29	6
0	29	8
0	29	9
0	29	10
0	29	11
0	29	12
0	29	13
0	29	14
0	29	16
0	29	17
0	29	18
0	29	19
0	29	20
0	29	21
0	29	22
0	30	6
0	30	7
0	30	8
0	30	9
0	30	10
0	30	11
0	30	12
0	30	13
0	30	14
0	30	15
0	30	16
0	30	17
0	30	18
0	30	19
0	30	20
0	30	21
0	30	22
0	30	23
0	31	7
0	31	8
0	31	9
0	31	10
0	31	11
0	31	12
0	31	13
0	31	14
0	31	15
0	31	16
0	31	17
0	31	18
0	31	19
0	31	20
0	31	21
0	31	22
0	32	7
0	32	8
0	32	9
0	32	10
0	32	11
0	32	12
0	32	13
0	32	14
0	32	15
0	32	16
0	32	17
0	32	18
0	32	19
0	32	20
0	32	21
0	32	22
0	33	6
0	33	7
0	33	8
0	33	9
0	33	10
0	33	11
0	33	12
0	33	13
0	33	14
0	33	15
0	33	16
0	33	17
0	33	18
0	33	19
0	33	20
0	34	7
0	34	8
0	34	9
0	34	10
0	34	11
0	34	12
0	34	13
0	34	14
0	34	15
0	34	16
0	34	17
0	34	18
0	34	19
0	34	20
0	35	6
0	35	7
0	35	8
0	35	9
0	35	10
0	35	11
0	35	12
0	35	13
0	35	14
0	35	15
0	35	16
0	35	17
0	35	18
0	35	19
0	35	20
0	36	7
0	36	8
0	36	9
0	36	10
0	36	11
0	36	12
0	36	13
0	36	14
0	36	15
0	36	16
0	36	17
0	36	18
0	36	19
0	37	8
0	37	9
0	37	10
0	37	11
0	37	12
0	37	13
0	37	14
0	37	15
0	37	16
0	37	17
0	37	18
0	37	19
0	38	11
0	38	12
0	38	13
0	38	14
0	38	15
0	38	16
0	38	17
0	38	18
0	39	13
0	39	14
0	39	15
0	39	16
0	39	17
0	39	18
0	39	19
0	39	20
0	39	21
0	39	22
0	40	15
0	40	16
0	40	17
0	40	18
0	40	19
0	40	20
0	41	17
0	41	18
0	41	19
0	41	20
0	42	20
0	42	21
0	42	22
1	24	9
1	25	9
1	25	10
1	25	11
1	25	12
1	26	9
1	26	10
1	26	11
1	26	12
1	26	13
1	26	14
1	27	9
1	27	10
1	27	11
1	27	12
1	27	13
1	27	14
1	27	18
1	27	19
1	27	20
1	27	21
1	28	5
1	28	9
1	28	10
1	28	11
1	28	12
1	28	13
1	28	14
1	28	15
1	28	17
1	28	18
1	28	19
1	28	20
1	28	21
1	29	5
1	29	9
1	29	10
1	29	11
1	29	12
1	29	13
1	29	14
1	29	15
1	29	16
1	29	17
1	29	18
1	29	19
1	29	20
1	29	21
1	29	22
1	29	24
1	30	5
1	30	7
1	30	9
1	30	10
1	30	11
1	30	12
1	30	13
1	30	14
1	30	15
1	30	16
1	30	17
1	30	18
1	30	19
1	30	20
1	30	21
1	30	22
1	30	23
1	30	24
1	31	6
1	31	7
1	31	9
1	31	10
1	31	11
1	31	12
1	31	13
1	31	14
1	31	15
1	31	16
1	31	17
1	31	18
1	31	19
1	31	20
1	31	21
1	31	22
1	32	6
1	32	7
1	32	9
1	32	10
1	32	11
1	32	12
1	32	13
1	32	14
1	32	15
1	32	16
1	32	17
1	32	18
1	32	19
1	32	20
1	32	21
1	33	8
1	33	9
1	33	10
1	33	11
1	33	12
1	33	13
1	33	14
1	33	15
1	33	16
1	33	17
1	33	18
1	33	19
1	33	20
1	33	21
1	34	7
1	34	8
1	34	9
1	34	10
1	34	11
1	34	12
1	34	13
1	34	14
1	34	15
1	34	16
1	34	17
1	34	18
1	34	19
1	34	20
1	35	7
1	35	8
1	35	9
1	35	10
1	35	11
1	35	12
1	35	13
1	35	14
1	35	15
1	35	16
1	35	17
1	35	18
1	35	19
1	35	20
1	36	8
1	36	9
1	36	10
1	36	11
1	36	12
1	36	13
1	36	14
1	36	15
1	36	16
1	36	17
1	36	18
1	36	19
1	36	20
1	37	9
1	37	10
1	37	11
1	37	12
1	37	13
1	37	14
1	37	15
1	37	16
1	37	17
1	37	18
1	37	19
1	38	12
1	38	13
1	38	14
1	38	15
1	38	16
1	38	17
1	38	18
1	38	19
1	38	20
1	38	21
1	38	22
1	38	23
1	39	15
1	39	16
1	39	17
1	39	18
1	39	19
1	39	20
1	39	21
1	39	22
1	39	23
1	39	24
1	40	15
1	40	16
1	40	17
1	40	18
1	40	19
1	40	20
1	40	21
1	40	22
1	40	23
1	41	17
1	41	18
1	41	19
1	41	20
1	41	21
1	41	22
1	41	23
1	42	17
1	42	18
1	42	19
1	42	20
1	42	21
1	42	22
1	42	23
1	43	9
1	43	10
1	43	11
1	43	12
1	44	10
1	44	11
1	44	12
2	25	10
2	25	11
2	25	12
2	25	13
2	26	10
2	26	11
2	26	12
2	26	13
2	26	14
2	27	10
2	27	11
2	27	12
2	27	13
2	27	14
2	27	18
2	27	19
2	27	20
2	27	21
2	27	22
2	27	23
2	28	10
2	28	11
2	28	12
2	28	13
2	28	14
2	28	15
2	28	17
2	28	18
2	28	19
2	28	20
2	28	21
2	28	22
2	28	23
2	29	10
2	29	11
2	29	12
2	29	13
2	29	14
2	29	15
2	29	16
2	29	17
2	29	18
2	29	19
2	29	20
2	29	21
2	29	22
2	29	23
2	29	24
2	30	10
2	30	11
2	30	12
2	30	13
2	30	14
2	30	15
2	30	16
2	30	17
2	30	18
2	30	19
2	30	20
2	30	21
2	30	22
2	30	23
2	30	24
2	31	10
2	31	11
2	31	12
2	31	13
2	31	14
2	31	15
2	31	16
2	31	17
2	31	18
2	31	19
2	31	20
2	31	21
2	31	22
2	31	23
2	32	9
2	32	10
2	32	11
2	32	12
2	32	13
2	32	14
2	32	15
2	32	16
2	32	17
2	32	18
2	32	19
2	32	20
2	32	21
2	33	8
2	33	9
2	33	10
2	33	11
2	33	12
2	33	13
2	33	14
2	33	15
2	33	16
2	33	17
2	33	18
2	33	19
2	33	20
2	33	21
2	34	7
2	34	8
2	34	9
2	34	10
2	34	11
2	34	12
2	34	13
2	34	14
2	34	15
2	34	16
2	34	17
2	34	18
2	34	19
2	34	20
2	34	21
2	35	8
2	35	9
2	35	10
2	35	11
2	35	12
2	35	13
2	35	14
2	35	15
2	35	16
2	35	17
2	35	18
2	35	19
2	35	20
2	35	21
2	36	9
2	36	10
2	36	11
2	36	12
2	36	13
2	36	14
2	36	15
2	36	16
2	36	17
2	36	18
2	36	19
2	36	20
2	37	10
2	37	11
2	37	12
2	37	13
2	37	14
2	37	15
2	37	16
2	37	17
2	37	18
2	37	19
2	37	20
2	37	21
2	37	22
2	38	13
2	38	14
2	38	15
2	38	16
2	38	17
2	38	18
2	38	19
2	38	20
2	38	21
2	38	22
2	38	23
2	39	15
2	39	16
2	39	17
2	39	18
2	39	19
2	39	20
2	39	21
2	39	22
2	39	23
2	39	24
2	40	16
2	40	17
2	40	18
2	40	19
2	40	20
2	40	21
2	40	22
2	40	23
2	40	24
2	41	7
2	41	8
2	41	17
2	41	18
2	41	19
2	41	20
2	41	21
2	41	22
2	41	23
2	42	7
2	42	8
2	42	9
2	42	10
2	42	11
2	42	12
2	42	13
2	42	16
2	42	17
2	42	18
2	42	19
2	42	20
2	42	21
2	42	22
2	42	23
2	43	8
2	43	9
2	43	10
2	43	11
2	43	12
2	43	13
2	43	14
2	43	15
2	43	16
2	43	17
2	43	18
2	44	8
2	44	9
2	44	10
2	44	11
2	44	12
2	44	13
2	44	14
2	44	15
2	45	9
2	45	10
2	45	11
2	45	12
2	45	13
2	45	14
2	46	10
2	46	11
2	46	12
3	25	13
3	26	11
3	26	12
3	26	13
3	26	14
3	26	17
3	26	18
3	26	19
3	26	20
3	26	21
3	27	11
3	27	12
3	27	13
3	27	14
3	27	17
3	27	18
3	27	19
3	27	20
3	27	21
3	28	11
3	28	12
3	28	13
3	28	14
3	28	15
3	28	17
3	28	18
3	28	19
3	28	20
3	28	21
3	28	22
3	29	11
3	29	12
3	29	13
3	29	14
3	29	15
3	29	16
3	29	17
3	29	18
3	29	19
3	29	20
3	29	21
3	29	22
3	29	23
3	29	24
3	29	25
3	30	11
3	30	12
3	30	13
3	30	14
3	30	15
3	30	16
3	30	17
3	30	18
3	30	19
3	30	20
3	30	21
3	30	22
3	30	23
3	30	24
3	31	10
3	31	11
3	31	12
3	31	13
3	31	14
3	31	15
3	31	16
3	31	17
3	31	18
3	31	19
3	31	20
3	31	21
3	31	22
3	31	23
3	32	9
3	32	10
3	32	11
3	32	12
3	32	13
3	32	14
3	32	15
3	32	16
3	32	17
3	32	18
3	32	19
3	32	20
3	32	21
3	32	22
3	33	8
3	33	9
3	33	10
3	33	11
3	33	12
3	33	13
3	33	14
3	33	15
3	33	16
3	33	17
3	33	18
3	33	19
3	33	20
3	33	21
3	33	22
3	34	7
3	34	8
3	34	9
3	34	10
3	34	11
3	34	12
3	34	13
3	34	14
3	34	15
3	34	16
3	34	17
3	34	18
3	34	19
3	34	20
3	34	21
3	34	22
3	35	8
3	35	9
3	35	10
3	35	11
3	35	12
3	35	13
3	35	14
3	35	15
3	35	16
3	35	17
3	35	18
3	35	19
3	35	20
3	35	21
3	36	10
3	36	11
3	36	12
3	36	13
3	36	14
3	36	15
3	36	16
3	36	17
3	36	18
3	36	19
3	36	20
3	36	21
3	37	11
3	37	12
3	37	13
3	37	14
3	37	15
3	37	16
3	37	17
3	37	18
3	37	19
3	37	20
3	37	21
3	37	22
3	38	14
3	38	15
3	38	16
3	38	17
3	38	18
3	38	19
3	38	20
3	38	21
3	38	22
3	38	23
3	39	16
3	39	17
3	39	18
3	39	19
3	39	20
3	39	21
3	39	22
3	39	23
3	39	24
3	40	6
3	40	7
3	40	8
3	40	9
3	40	17
3	40	18
3	40	19
3	40	20
3	40	21
3	40	22
3	40	23
3	40	24
3	40	25
3	41	6
3	41	7
3	41	8
3	41	9
3	41	10
3	41	11
3	41	19
3	41	20
3	41	21
3	41	22
3	41	23
3	41	24
3	42	6
3	42	7
3	42	8
3	42	9
3	42	10
3	42	11
3	42	12
3	42	13
3	42	14
3	42	15
3	42	16
3	42	17
3	42	18
3	42	19
3	42	20
3	42	21
3	42	22
3	42	23
3	43	6
3	43	7
3	43	8
3	43	9
3	43	10
3	43	11
3	43	12
3	43	13
3	43	14
3	43	15
3	43	16
3	44	7
3	44	8
3	44	9
3	44	10
3	44	11
3	44	12
3	44	13
3	44	14
3	44	15
3	45	7
3	45	8
3	45	9
3	45	10
3	45	11
3	45	12
3	45	13
3	45	14
3	45	15
3	46	8
3	46	9
3	46	10
3	46	11
3	46	12
3	46	13
3	46	14
4	25	16
4	26	12
4	26	13
4	26	14
4	26	15
4	26	16
4	26	17
4	27	12
4	27	13
4	27	14
4	27	15
4	27	16
4	27	17
4	27	18
4	27	19
4	27	20
4	28	12
4	28	13
4	28	14
4	28	15
4	28	16
4	28	17
4	28	18
4	28	19
4	28	20
4	28	21
4	28	22
4	29	12
4	29	13
4	29	14
4	29	15
4	29	16
4	29	17
4	29	18
4	29	19
4	29	20
4	29	21
4	29	22
4	29	23
4	29	26
4	30	11
4	30	12
4	30	13
4	30	14
4	30	15
4	30	16
4	30	17
4	30	18
4	30	19
4	30	20
4	30	21
4	30	22
4	30	23
4	30	24
4	31	10
4	31	11
4	31	12
4	31	13
4	31	14
4	31	15
4	31	16
4	31	17
4	31	18
4	31	19
4	31	20
4	31	21
4	31	22
4	31	23
4	32	9
4	32	10
4	32	11
4	32	12
4	32	13
4	32	14
4	32	15
4	32	16
4	32	17
4	32	18
4	32	19
4	32	20
4	32	21
4	32	22
4	33	8
4	33	9
4	33	10
4	33	11
4	33	12
4	33	13
4	33	14
4	33	15
4	33	16
4	33	17
4	33	18
4	33	19
4	33	20
4	33	21
4	33	22
4	34	7
4	34	8
4	34	9
4	34	10
4	34	11
4	34	12
4	34	13
4	34	14
4	34	15
4	34	16
4	34	17
4	34	18
4	34	19
4	34	20
4	34	21
4	34	22
4	35	10
4	35	11
4	35	12
4	35	13
4	35	14
4	35	15
4	35	16
4	35	17
4	35	18
4	35	19
4	35	20
4	35	21
4	36	10
4	36	11
4	36	12
4	36	13
4	36	14
4	36	15
4	36	16
4	36	17
4	36	18
4	36	19
4	36	20
4	36	21
4	37	12
4	37	13
4	37	14
4	37	15
4	37	16
4	37	17
4	37	18
4	37	19
4	37	20
4	37	21
4	37	22
4	38	14
4	38	15
4	38	16
4	38	17
4	38	18
4	38	19
4	38	20
4	38	21
4	38	22
4	38	23
4	39	6
4	39	7
4	39	8
4	39	9
4	39	16
4	39	17
4	39	18
4	39	19
4	39	20
4	39	21
4	39	22
4	39	23
4	39	24
4	40	6
4	40	7
4	40	8
4	40	9
4	40	10
4	40	11
4	40	19
4	40	20
4	40	21
4	40	22
4	40	23
4	40	24
4	40	25
4	41	5
4	41	6
4	41	7
4	41	8
4	41	9
4	41	10
4	41	11
4	41	12
4	41	13
4	41	14
4	41	20
4	41	21
4	41	22
4	41	23
4	41	24
4	42	5
4	42	6
4	42	7
4	42	8
4	42	9
4	42	10
4	42	11
4	42	12
4	42	13
4	42	14
4	42	15
4	42	16
4	42	17
4	42	20
4	42	21
4	43	5
4	43	6
4	43	7
4	43	8
4	43	9
4	43	10
4	43	11
4	43	12
4	43	13
4	43	14
4	43	15
4	43	16
4	44	8
4	44	9
4	44	10
4	44	11
4	44	12
4	44	13
4	44	14
4	44	15
4	45	9
4	45	10
4	45	11
4	45	12
4	45	13
4	45	14
5	26	16
5	27	13
5	27	14
5	27	15
5	27	16
5	27	17
5	28	13
5	28	14
5	28	15
5	28	16
5	28	17
5	28	18
5	28	19
5	28	20
5	28	21
5	29	12
5	29	13
5	29	14
5	29	15
5	29	16
5	29	17
5	29	18
5	29	19
5	29	20
5	29	21
5	29	22
5	29	23
5	30	11
5	30	12
5	30	13
5	30	14
5	30	15
5	30	16
5	30	17
5	30	18
5	30	19
5	30	20
5	30	21
5	30	22
5	30	23
5	30	24
5	30	25
5	31	10
5	31	11
5	31	12
5	31	13
5	31	14
5	31	15
5	31	16
5	31	17
5	31	18
5	31	19
5	31	20
5	31	21
5	31	22
5	31	23
5	32	9
5	32	10
5	32	11
5	32	12
5	32	13
5	32	14
5	32	15
5	32	16
5	32	17
5	32	18
5	32	19
5	32	20
5	32	21
5	32	22
5	32	23
5	33	8
5	33	9
5	33	10
5	33	11
5	33	12
5	33	13
5	33	14
5	33	15
5	33	16
5	33	17
5	33	18
5	33	19
5	33	20
5	33	21
5	33	22
5	33	23
5	34	9
5	34	10
5	34	11
5	34	12
5	34	13
5	34	14
5	34	15
5	34	16
5	34	17
5	34	18
5	34	19
5	34	20
5	34	21
5	34	22
5	34	23
5	35	10
5	35	11
5	35	12
5	35	13
5	35	14
5	35	15
5	35	16
5	35	17
5	35	18
5	35	19
5	35	20
5	35	21
5	35	22
5	35	23
5	36	11
5	36	12
5	36	13
5	36	14
5	36	15
5	36	16
5	36	17
5	36	18
5	36	19
5	36	20
5	36	21
5	36	22
5	37	12
5	37	13
5	37	14
5	37	15
5	37	16
5	37	17
5	37	18
5	37	19
5	37	20
5	37	21
5	37	22
5	38	14
5	38	15
5	38	16
5	38	17
5	38	18
5	38	19
5	38	20
5	38	21
5	38	22
5	38	23
5	39	7
5	39	8
5	39	9
5	39	10
5	39	11
5	39	16
5	39	17
5	39	18
5	39	19
5	39	20
5	39	21
5	39	22
5	39	23
5	39	24
5	40	5
5	40	6
5	40	7
5	40	8
5	40	9
5	40	10
5	40	11
5	40	12
5	40	13
5	40	14
5	40	20
5	40	21
5	40	22
5	40	23
5	40	24
5	40	25
5	41	4
5	41	5
5	41	6
5	41	7
5	41	8
5	41	9
5	41	10
5	41	11
5	41	12
5	41	13
5	41	14
5	41	15
5	41	16
5	41	21
5	41	22
5	41	23
5	41	24
5	42	4
5	42	5
5	42	6
5	42	7
5	42	8
5	42	9
5	42	10
5	42	11
5	42	12
5	42	13
5	42	14
5	42	15
5	42	16
5	42	17
5	43	5
5	43	8
5	43	9
5	43	10
5	43	11
5	43	12
5	43	13
5	43	14
5	43	15
5	43	16
5	44	10
5	44	11
5	44	12
5	44	13
5	44	14
5	44	15
5	44	16
5	45	13
5	45	14
5	45	15
5	46	15
5	47	15
6	26	16
6	27	15
6	27	16
6	27	17
6	28	13
6	28	14
6	28	15
6	28	16
6	28	17
6	28	18
6	28	19
6	28	20
6	29	12
6	29	13
6	29	14
6	29	15
6	29	16
6	29	17
6	29	18
6	29	19
6	29	20
6	29	21
6	29	22
6	30	11
6	30	12
6	30	13
6	30	14
6	30	15
6	30	16
6	30	17
6	30	18
6	30	19
6	30	20
6	30	21
6	30	22
6	30	23
6	30	24
6	31	10
6	31	11
6	31	12
6	31	13
6	31	14
6	31	15
6	31	16
6	31	17
6	31	18
6	31	19
6	31	20
6	31	21
6	31	22
6	31	23
6	31	24
6	32	9
6	32	10
6	32	11
6	32	12
6	32	13
6	32	14
6	32	15
6	32	16
6	32	17
6	32	18
6	32	19
6	32	20
6	32	21
6	32	22
6	32	23
6	32	24
6	33	8
6	33	9
6	33	10
6	33	11
6	33	12
6	33	13
6	33	14
6	33	15
6	33	16
6	33	17
6	33	18
6	33	19
6	33	20
6	33	21
6	33	22
6	33	23
6	33	24
6	34	7
6	34	10
6	34	11
6	34	12
6	34	13
6	34	14
6	34	15
6	34	16
6	34	17
6	34	18
6	34	19
6	34	20
6	34	21
6	34	22
6	34	23
6	34	24
6	35	11
6	35	12
6	35	13
6	35	14
6	35	15
6	35	16
6	35	17
6	35	18
6	35	19
6	35	20
6	35	21
6	35	22
6	35	23
6	35	24
6	36	12
6	36	13
6	36	14
6	36	15
6	36	16
6	36	17
6	36	18
6	36	19
6	36	20
6	36	21
6	36	22
6	36	23
6	36	24
6	37	12
6	37	13
6	37	14
6	37	15
6	37	16
6	37	17
6	37	18
6	37	19
6	37	20
6	37	21
6	37	22
6	37	23
6	38	14
6	38	15
6	38	16
6	38	17
6	38	18
6	38	19
6	38	20
6	38	21
6	38	22
6	38	23
6	39	10
6	39	11
6	39	12
6	39	13
6	39	14
6	39	15
6	39	16
6	39	17
6	39	18
6	39	19
6	39	20
6	39	21
6	39	22
6	39	23
6	39	24
6	40	5
6	40	6
6	40	7
6	40	8
6	40	9
6	40	10
6	40	11
6	40	12
6	40	13
6	40	14
6	40	15
6	40	16
6	40	21
6	40	22
6	40	23
6	40	24
6	40	25
6	41	4
6	41	5
6	41	6
6	41	7
6	41	8
6	41	9
6	41	10
6	41	11
6	41	12
6	41	13
6	41	14
6	41	15
6	41	16
6	41	17
6	41	22
6	41	23
6	41	24
6	42	5
6	42	6
6	42	7
6	42	8
6	42	9
6	42	10
6	42	11
6	42	12
6	42	13
6	42	14
6	42	15
6	42	16
6	42	17
6	43	6
6	43	7
6	43	8
6	43	9
6	43	10
6	43	11
6	43	12
6	43	13
6	43	14
6	43	15
6	43	16
6	43	17
6	44	13
6	44	14
6	44	15
6	44	16
6	45	14
6	45	15
6	45	16
6	46	14
6	46	15
6	46	16
6	46	17
6	47	14
6	47	15
6	47	16
6	47	19
6	48	14
6	48	15
6	49	14
7	26	16
7	27	15
7	27	16
7	28	13
7	28	14
7	28	15
7	28	16
7	29	12
7	29	13
7	29	14
7	29	15
7	29	16
7	29	17
7	29	18
7	30	11
7	30	12
7	30	13
7	30	14
7	30	15
7	30	16
7	30	17
7	30	18
7	30	19
7	30	20
7	30	21
7	30	22
7	31	10
7	31	11
7	31	12
7	31	13
7	31	14
7	31	15
7	31	16
7	31	17
7	31	18
7	31	19
7	31	20
7	31	21
7	31	22
7	31	23
7	32	9
7	32	10
7	32	11
7	32	12
7	32	13
7	32	14
7	32	15
7	32	16
7	32	17
7	32	18
7	32	19
7	32	20
7	32	21
7	32	22
7	32	23
7	32	24
7	33	8
7	33	9
7	33	10
7	33	11
7	33	12
7	33	13
7	33	14
7	33	15
7	33	16
7	33	17
7	33	18
7	33	19
7	33	20
7	33	21
7	33	22
7	33	23
7	33	24
7	33	25
7	34	7
7	34	8
7	34	12
7	34	13
7	34	14
7	34	15
7	34	16
7	34	17
7	34	18
7	34	19
7	34	20
7	34	21
7	34	22
7	34	23
7	34	24
7	34	25
7	35	6
7	35	12
7	35	13
7	35	14
7	35	15
7	35	16
7	35	17
7	35	18
7	35	19
7	35	20
7	35	21
7	35	22
7	35	23
7	35	24
7	35	25
7	36	13
7	36	14
7	36	15
7	36	16
7	36	17
7	36	18
7	36	19
7	36	20
7	36	21
7	36	22
7	36	23
7	36	24
7	36	25
7	37	13
7	37	14
7	37	15
7	37	16
7	37	17
7	37	18
7	37	19
7	37	20
7	37	21
7	37	22
7	37	23
7	37	24
7	37	25
7	38	12
7	38	13
7	38	14
7	38	15
7	38	16
7	38	17
7	38	18
7	38	19
7	38	20
7	38	21
7	38	22
7	38	23
7	38	24
7	39	10
7	39	11
7	39	12
7	39	13
7	39	14
7	39	15
7	39	16
7	39	18
7	39	19
7	39	20
7	39	21
7	39	22
7	39	23
7	39	24
7	40	6
7	40	7
7	40	8
7	40	9
7	40	10
7	40	11
7	40	12
7	40	13
7	40	14
7	40	15
7	40	16
7	40	21
7	40	22
7	40	23
7	40	24
7	40	25
7	41	6
7	41	7
7	41	8
7	41	9
7	41	10
7	41	11
7	41	12
7	41	13
7	41	14
7	41	15
7	41	16
7	41	17
7	42	5
7	42	6
7	42	7
7	42	8
7	42	9
7	42	10
7	42	11
7	42	12
7	42	13
7	42	14
7	42	15
7	42	16
7	42	17
7	42	18
7	43	6
7	43	7
7	43	8
7	43	9
7	43	10
7	43	11
7	43	12
7	43	13
7	43	14
7	43	15
7	43	16
7	43	17
7	43	18
7	44	7
7	44	8
7	44	9
7	44	10
7	44	11
7	44	12
7	44	13
7	44	14
7	44	15
7	44	16
7	44	17
7	44	18
7	45	13
7	45	14
7	45	15
7	45	16
7	45	17
7	45	18
7	46	13
7	46	14
7	46	15
7	46	16
7	46	17
7	46	18
7	46	19
7	47	13
7	47	14
7	47	15
7	47	16
7	47	17
7	47	18
7	47	19
7	48	13
7	48	14
7	48	15
7	48	16
7	49	13
7	49	14
7	49	15
7	50	13
8	26	16
8	27	15
8	27	16
8	28	15
8	28	16
8	29	12
8	29	13
8	29	14
8	29	15
8	29	16
8	29	17
8	30	11
8	30	12
8	30	13
8	30	14
8	30	15
8	30	17
8	31	10
8	31	11
8	31	12
8	31	13
8	31	14
8	31	15
8	31	16
8	31	17
8	31	18
8	31	19
8	31	20
8	31	21
8	32	9
8	32	10
8	32	11
8	32	12
8	32	13
8	32	14
8	32	15
8	32	16
8	32	17
8	32	18
8	32	19
8	32	20
8	32	21
8	33	8
8	33	9
8	33	10
8	33	11
8	33	12
8	33	13
8	33	14
8	33	15
8	33	16
8	33	17
8	33	18
8	33	19
8	33	20
8	33	21
8	33	22
8	33	26
8	34	7
8	34	8
8	34	9
8	34	13
8	34	14
8	34	15
8	34	16
8	34	17
8	34	18
8	34	19
8	34	20
8	34	21
8	34	22
8	34	23
8	34	24
8	34	25
8	34	26
8	35	6
8	35	7
8	35	8
8	35	13
8	35	14
8	35	15
8	35	16
8	35	17
8	35	18
8	35	19
8	35	20
8	35	21
8	35	22
8	35	23
8	35	24
8	35	25
8	35	26
8	36	6
8	36	14
8	36	15
8	36	16
8	36	17
8	36	18
8	36	19
8	36	20
8	36	21
8	36	22
8	36	23
8	36	24
8	36	25
8	36	26
8	37	15
8	37	16
8	37	17
8	37	18
8	37	19
8	37	20
8	37	21
8	37	22
8	37	23
8	37	24
8	37	25
8	37	26
8	38	11
8	38	12
8	38	13
8	38	14
8	38	17
8	38	18
8	38	19
8	38	20
8	38	21
8	38	22
8	38	23
8	38	24
8	38	25
8	38	26
8	39	11
8	39	12
8	39	13
8	39	14
8	39	15
8	39	16
8	39	20
8	39	21
8	39	22
8	39	23
8	39	24
8	39	25
8	40	11
8	40	12
8	40	13
8	40	14
8	40	15
8	40	16
8	40	17
8	40	22
8	40	23
8	40	24
8	40	25
8	41	3
8	41	7
8	41	8
8	41	9
8	41	10
8	41	11
8	41	12
8	41	13
8	41	14
8	41	15
8	41	16
8	41	17
8	41	18
8	42	1
8	42	7
8	42	8
8	42	9
8	42	10
8	42	11
8	42	12
8	42	13
8	42	14
8	42	15
8	42	16
8	42	17
8	42	18
8	43	1
8	43	6
8	43	7
8	43	8
8	43	9
8	43	10
8	43	11
8	43	12
8	43	13
8	43	14
8	43	15
8	43	16
8	43	17
8	43	18
8	44	1
8	44	7
8	44	8
8	44	9
8	44	10
8	44	11
8	44	12
8	44	13
8	44	14
8	44	15
8	44	16
8	44	17
8	44	18
8	44	19
8	45	0
8	45	1
8	45	8
8	45	9
8	45	10
8	45	11
8	45	12
8	45	13
8	45	14
8	45	15
8	45	16
8	45	17
8	45	18
8	45	19
8	45	20
8	46	0
8	46	1
8	46	12
8	46	13
8	46	14
8	46	15
8	46	16
8	46	17
8	46	18
8	46	19
8	46	20
8	47	0
8	47	1
8	47	12
8	47	13
8	47	14
8	47	15
8	47	16
8	47	17
8	47	18
8	47	19
8	48	12
8	48	13
8	48	14
8	48	15
8	48	16
8	49	12
8	49	13
8	49	14
8	49	15
8	50	13
8	50	14
9	26	16
9	27	16
9	28	16
9	29	16
9	29	17
9	30	11
9	30	12
9	30	13
9	30	14
9	30	15
9	30	16
9	31	10
9	31	11
9	31	12
9	31	13
9	31	14
9	31	15
9	31	16
9	31	17
9	32	9
9	32	10
9	32	11
9	32	12
9	32	13
9	32	14
9	32	15
9	32	16
9	32	17
9	32	18
9	32	19
9	32	20
9	33	8
9	33	9
9	33	10
9	33	11
9	33	12
9	33	13
9	33	14
9	33	15
9	33	16
9	33	17
9	33	18
9	33	19
9	33	20
9	34	4
9	34	7
9	34	8
9	34	9
9	34	13
9	34	14
9	34	15
9	34	16
9	34	17
9	34	18
9	34	19
9	34	20
9	34	21
9	34	27
9	35	4
9	35	6
9	35	7
9	35	8
9	35	14
9	35	15
9	35	16
9	35	17
9	35	18
9	35	19
9	35	20
9	35	21
9	35	22
9	35	23
9	35	24
9	35	25
9	35	26
9	35	27
9	36	16
9	36	17
9	36	18
9	36	19
9	36	20
9	36	21
9	36	22
9	36	23
9	36	24
9	36	25
9	36	26
9	36	27
9	37	17
9	37	18
9	37	19
9	37	20
9	37	21
9	37	22
9	37	23
9	37	24
9	37	25
9	37	26
9	37	27
9	38	11
9	38	12
9	38	13
9	38	14
9	38	19
9	38	20
9	38	21
9	38	22
9	38	23
9	38	24
9	38	25
9	38	26
9	39	12
9	39	13
9	39	14
9	39	15
9	39	16
9	39	22
9	39	23
9	39	24
9	39	25
9	39	26
9	40	12
9	40	13
9	40	14
9	40	15
9	40	16
9	40	17
9	40	23
9	40	24
9	41	1
9	41	2
9	41	10
9	41	11
9	41	12
9	41	13
9	41	14
9	41	15
9	41	16
9	41	17
9	41	18
9	42	1
9	42	2
9	42	4
9	42	8
9	42	9
9	42	10
9	42	11
9	42	12
9	42	13
9	42	14
9	42	15
9	42	16
9	42	17
9	42	18
9	42	19
9	42	62
9	43	0
9	43	1
9	43	2
9	43	8
9	43	9
9	43	10
9	43	11
9	43	12
9	43	13
9	43	14
9	43	15
9	43	16
9	43	17
9	43	18
9	43	19
9	43	62
9	43	63
9	44	0
9	44	1
9	44	2
9	44	7
9	44	8
9	44	9
9	44	10
9	44	11
9	44	12
9	44	13
9	44	14
9	44	15
9	44	16
9	44	17
9	44	18
9	44	19
9	44	20
9	44	62
9	44	63
9	45	0
9	45	1
9	45	2
9	45	8
9	45	9
9	45	10
9	45	11
9	45	12
9	45	13
9	45	14
9	45	15
9	45	16
9	45	17
9	45	18
9	45	19
9	45	20
9	45	62
9	45	63
9	46	0
9	46	1
9	46	2
9	46	9
9	46	10
9	46	11
9	46	12
9	46	13
9	46	14
9	46	15
9	46	16
9	46	17
9	46	18
9	46	19
9	46	20
9	46	63
9	47	0
9	47	1
9	47	2
9	47	11
9	47	12
9	47	13
9	47	14
9	47	15
9	47	16
9	47	17
9	47	18
9	47	19
9	48	0
9	48	1
9	48	2
9	48	11
9	48	12
9	48	13
9	48	14
9	48	15
9	48	16
9	48	17
9	49	12
9	49	13
9	49	14
9	49	15
9	49	16
9	50	13
9	50	14
9	50	15
9	51	13
9	51	14
10	28	12
10	28	13
10	28	14
10	28	15
10	29	12
10	29	13
10	29	14
10	29	15
10	29	16
10	29	17
10	30	12
10	30	13
10	30	14
10	30	15
10	30	16
10	31	11
10	31	12
10	31	13
10	31	14
10	31	15
10	31	16
10	32	9
10	32	10
10	32	11
10	32	12
10	32	13
10	32	14
10	32	15
10	32	16
10	32	17
10	32	18
10	32	19
10	33	5
10	33	8
10	33	9
10	33	10
10	33	11
10	33	12
10	33	13
10	33	14
10	33	15
10	33	16
10	33	17
10	33	18
10	33	19
10	33	20
10	34	5
10	34	7
10	34	8
10	34	9
10	34	10
10	34	13
10	34	14
10	34	15
10	34	16
10	34	17
10	34	18
10	34	19
10	34	20
10	35	15
10	35	16
10	35	17
10	35	18
10	35	19
10	35	20
10	35	28
10	36	17
10	36	18
10	36	19
10	36	20
10	36	21
10	36	22
10	36	23
10	36	24
10	36	25
10	36	26
10	36	27
10	36	28
10	37	18
10	37	19
10	37	20
10	37	21
10	37	22
10	37	23
10	37	24
10	37	25
10	37	26
10	37	27
10	38	12
10	38	13
10	38	14
10	38	22
10	38	23
10	38	24
10	38	25
10	38	26
10	39	12
10	39	13
10	39	14
10	39	15
10	39	16
10	39	17
10	39	23
10	39	24
10	39	25
10	40	13
10	40	14
10	40	15
10	40	16
10	40	17
10	40	18
10	41	1
10	41	2
10	41	13
10	41	14
10	41	15
10	41	16
10	41	17
10	41	18
10	41	19
10	41	60
10	41	61
10	41	62
10	42	0
10	42	1
10	42	2
10	42	3
10	42	9
10	42	10
10	42	11
10	42	12
10	42	13
10	42	14
10	42	15
10	42	16
10	42	17
10	42	18
10	42	19
10	42	60
10	42	61
10	42	62
10	42	63
10	43	0
10	43	1
10	43	2
10	43	3
10	43	5
10	43	9
10	43	10
10	43	11
10	43	12
10	43	13
10	43	14
10	43	15
10	43	16
10	43	17
10	43	18
10	43	19
10	43	20
10	43	60
10	43	61
10	43	62
10	43	63
10	44	0
10	44	1
10	44	2
10	44	3
10	44	7
10	44	8
10	44	9
10	44	10
10	44	11
10	44	12
10	44	13
10	44	14
10	44	15
10	44	16
10	44	17
10	44	18
10	44	19
10	44	20
10	44	21
10	44	61
10	44	62
10	44	63
10	45	0
10	45	1
10	45	2
10	45	3
10	45	8
10	45	9
10	45	10
10	45	11
10	45	12
10	45	13
10	45	14
10	45	15
10	45	16
10	45	17
10	45	18
10	45	19
10	45	20
10	45	21
10	45	61
10	45	62
10	45	63
10	46	0
10	46	1
10	46	2
10	46	3
10	46	9
10	46	10
10	46	11
10	46	12
10	46	13
10	46	14
10	46	15
10	46	16
10	46	17
10	46	18
10	46	19
10	46	20
10	46	21
10	46	62
10	46	63
10	47	0
10	47	1
10	47	2
10	47	3
10	47	10
10	47	11
10	47	12
10	47	13
10	47	14
10	47	15
10	47	16
10	47	17
10	47	18
10	47	19
10	47	20
10	47	63
10	48	0
10	48	1
10	48	2
10	48	3
10	48	11
10	48	12
10	48	13
10	48	14
10	48	15
10	48	16
10	48	17
10	49	0
10	49	3
10	49	12
10	49	13
10	49	14
10	49	15
10	49	16
10	50	12
10	50	13
10	50	14
10	50	15
10	50	16
10	51	12
10	51	13
10	51	14
10	51	15
11	23	8
11	24	9
11	25	10
11	25	11
11	25	12
11	26	10
11	26	11
11	26	12
11	27	10
11	27	11
11	27	12
11	27	13
11	27	14
11	27	15
11	28	10
11	28	11
11	28	12
11	28	13
11	28	14
11	28	15
11	28	16
11	29	10
11	29	11
11	29	12
11	29	13
11	29	14
11	29	15
11	29	16
11	29	17
11	30	11
11	30	12
11	30	13
11	30	14
11	30	15
11	30	16
11	30	17
11	31	11
11	31	12
11	31	13
11	31	14
11	31	15
11	31	16
11	31	17
11	32	10
11	32	11
11	32	12
11	32	13
11	32	14
11	32	15
11	32	16
11	32	17
11	32	18
11	33	6
11	33	8
11	33	9
11	33	10
11	33	11
11	33	12
11	33	13
11	33	14
11	33	15
11	33	16
11	33	17
11	33	18
11	33	19
11	34	11
11	34	12
11	34	13
11	34	14
11	34	15
11	34	16
11	34	17
11	34	18
11	34	19
11	34	20
11	35	12
11	35	13
11	35	14
11	35	15
11	35	16
11	35	17
11	35	18
11	35	19
11	35	20
11	36	11
11	36	12
11	36	18
11	36	19
11	36	20
11	37	23
11	37	24
11	37	25
11	37	26
11	37	27
11	38	24
11	38	25
11	38	26
11	39	13
11	39	14
11	39	15
11	39	16
11	39	17
11	39	28
11	39	29
11	40	1
11	40	14
11	40	15
11	40	16
11	40	17
11	40	18
11	40	61
11	40	62
11	41	1
11	41	2
11	41	14
11	41	15
11	41	16
11	41	17
11	41	18
11	41	19
11	41	61
11	41	62
11	41	63
11	42	0
11	42	1
11	42	2
11	42	3
11	42	14
11	42	15
11	42	16
11	42	17
11	42	18
11	42	19
11	42	20
11	42	61
11	42	62
11	42	63
11	43	0
11	43	1
11	43	2
11	43	3
11	43	4
11	43	5
11	43	10
11	43	11
11	43	12
11	43	13
11	43	14
11	43	15
11	43	16
11	43	17
11	43	18
11	43	19
11	43	20
11	43	21
11	43	61
11	43	62
11	43	63
11	44	0
11	44	1
11	44	2
11	44	3
11	44	4
11	44	6
11	44	9
11	44	10
11	44	11
11	44	12
11	44	13
11	44	14
11	44	15
11	44	16
11	44	17
11	44	18
11	44	19
11	44	20
11	44	21
11	44	22
11	44	61
11	44	62
11	44	63
11	45	0
11	45	1
11	45	2
11	45	3
11	45	4
11	45	8
11	45	9
11	45	10
11	45	11
11	45	12
11	45	13
11	45	14
11	45	15
11	45	16
11	45	17
11	45	18
11	45	19
11	45	20
11	45	21
11	45	22
11	45	23
11	45	61
11	45	62
11	45	63
11	46	0
11	46	1
11	46	2
11	46	3
11	46	4
11	46	9
11	46	10
11	46	11
11	46	12
11	46	13
11	46	14
11	46	15
11	46	16
11	46	17
11	46	18
11	46	19
11	46	20
11	46	21
11	46	22
11	46	62
11	46	63
11	47	0
11	47	1
11	47	2
11	47	3
11	47	4
11	47	10
11	47	11
11	47	12
11	47	13
11	47	14
11	47	15
11	47	16
11	47	17
11	47	18
11	47	62
11	47	63
11	48	0
11	48	1
11	48	2
11	48	3
11	48	4
11	48	10
11	48	11
11	48	12
11	48	13
11	48	14
11	48	15
11	48	16
11	48	17
11	48	18
11	48	63
11	49	0
11	49	3
11	49	4
11	49	11
11	49	12
11	49	13
11	49	14
11	49	15
11	49	16
11	49	17
11	50	11
11	50	12
11	50	13
11	50	14
11	50	15
11	50	16
11	51	11
11	51	12
11	51	13
11	51	14
11	51	15
11	51	16
11	52	12
11	52	13
11	52	14
11	52	15
12	23	7
12	23	8
12	24	9
12	24	10
12	24	11
12	25	9
12	25	10
12	25	11
12	25	12
12	26	9
12	26	10
12	26	11
12	26	12
12	26	13
12	27	9
12	27	10
12	27	11
12	27	12
12	27	13
12	27	14
12	28	9
12	28	10
12	28	11
12	28	12
12	28	13
12	28	14
12	28	15
12	28	16
12	29	9
12	29	10
12	29	11
12	29	12
12	29	13
12	29	14
12	29	15
12	29	16
12	29	17
12	30	9
12	30	10
12	30	11
12	30	12
12	30	13
12	30	14
12	30	15
12	30	16
12	30	17
12	31	10
12	31	11
12	31	12
12	31	13
12	31	14
12	31	15
12	31	16
12	31	17
12	31	18
12	32	7
12	32	10
12	32	11
12	32	12
12	32	13
12	32	14
12	32	15
12	32	16
12	32	17
12	32	18
12	33	10
12	33	11
12	33	12
12	33	13
12	33	14
12	33	15
12	33	16
12	33	17
12	33	18
12	33	19
12	34	12
12	34	13
12	34	14
12	34	15
12	34	16
12	34	17
12	34	18
12	34	19
12	35	11
12	35	12
12	35	13
12	35	14
12	35	15
12	35	16
12	35	17
12	35	18
12	35	19
12	36	13
12	36	14
12	36	15
12	36	16
12	36	23
12	36	24
12	36	25
12	36	26
12	37	24
12	37	25
12	37	26
12	37	27
12	38	25
12	38	26
12	38	27
12	38	28
12	39	16
12	39	17
12	39	29
12	40	1
12	40	15
12	40	16
12	40	17
12	40	18
12	40	62
12	40	63
12	41	0
12	41	1
12	41	2
12	41	15
12	41	16
12	41	17
12	41	18
12	41	19
12	41	20
12	41	62
12	41	63
12	42	0
12	42	1
12	42	2
12	42	3
12	42	4
12	42	14
12	42	15
12	42	16
12	42	17
12	42	18
12	42	19
12	42	20
12	42	21
12	42	62
12	42	63
12	43	0
12	43	1
12	43	2
12	43	3
12	43	4
12	43	5
12	43	13
12	43	14
12	43	15
12	43	16
12	43	17
12	43	18
12	43	19
12	43	20
12	43	21
12	43	22
12	43	61
12	43	62
12	43	63
12	44	0
12	44	1
12	44	2
12	44	3
12	44	4
12	44	5
12	44	6
12	44	11
12	44	12
12	44	13
12	44	14
12	44	15
12	44	16
12	44	17
12	44	18
12	44	19
12	44	20
12	44	21
12	44	22
12	44	61
12	44	62
12	44	63
12	45	0
12	45	1
12	45	2
12	45	3
12	45	4
12	45	5
12	45	7
12	45	10
12	45	11
12	45	12
12	45	13
12	45	14
12	45	15
12	45	16
12	45	17
12	45	18
12	45	19
12	45	20
12	45	21
12	45	22
12	45	61
12	45	62
12	45	63
12	46	0
12	46	1
12	46	2
12	46	3
12	46	4
12	46	5
12	46	9
12	46	10
12	46	11
12	46	12
12	46	13
12	46	14
12	46	15
12	46	16
12	46	17
12	46	18
12	46	19
12	46	20
12	46	21
12	46	22
12	46	62
12	46	63
12	47	0
12	47	1
12	47	2
12	47	3
12	47	4
12	47	5
12	47	9
12	47	10
12	47	11
12	47	12
12	47	13
12	47	14
12	47	15
12	47	16
12	47	17
12	47	18
12	47	19
12	47	20
12	47	21
12	47	62
12	47	63
12	48	0
12	48	1
12	48	2
12	48	3
12	48	4
12	48	5
12	48	9
12	48	10
12	48	11
12	48	12
12	48	13
12	48	14
12	48	15
12	48	16
12	48	17
12	48	18
12	48	62
12	48	63
12	49	0
12	49	1
12	49	2
12	49	3
12	49	4
12	49	9
12	49	10
12	49	11
12	49	12
12	49	13
12	49	14
12	49	15
12	49	16
12	49	17
12	49	18
12	49	63
12	50	0
12	50	10
12	50	11
12	50	12
12	50	13
12	50	14
12	50	15
12	50	16
12	50	17
12	51	10
12	51	11
12	51	12
12	51	13
12	51	14
12	51	15
12	51	16
12	51	17
12	52	11
12	52	12
12	52	13
13	23	8
13	23	9
13	23	10
13	23	11
13	24	8
13	24	9
13	24	10
13	24	11
13	24	12
13	25	8
13	25	9
13	25	10
13	25	11
13	25	12
13	26	8
13	26	9
13	26	10
13	26	11
13	26	12
13	26	13
13	27	8
13	27	9
13	27	10
13	27	11
13	27	12
13	27	13
13	27	14
13	27	15
13	28	8
13	28	9
13	28	10
13	28	11
13	28	12
13	28	13
13	28	14
13	28	15
13	28	16
13	29	8
13	29	9
13	29	10
13	29	11
13	29	12
13	29	13
13	29	14
13	29	15
13	29	16
13	29	17
13	30	8
13	30	9
13	30	10
13	30	11
13	30	12
13	30	13
13	30	14
13	30	15
13	30	16
13	30	17
13	31	8
13	31	9
13	31	10
13	31	11
13	31	12
13	31	13
13	31	14
13	31	15
13	31	16
13	31	17
13	31	18
13	32	9
13	32	10
13	32	11
13	32	12
13	32	13
13	32	14
13	32	15
13	32	16
13	32	17
13	32	18
13	32	19
13	33	12
13	33	13
13	33	14
13	33	15
13	33	16
13	34	12
13	34	13
13	34	14
13	34	15
13	34	16
13	34	23
13	34	24
13	34	25
13	35	11
13	35	12
13	35	13
13	35	14
13	35	15
13	35	16
13	35	17
13	35	23
13	35	24
13	35	25
13	36	16
13	36	17
13	36	23
13	36	24
13	36	25
13	36	26
13	37	24
13	37	25
13	37	26
13	37	27
13	38	25
13	38	26
13	38	27
13	38	28
13	40	1
13	40	17
13	40	18
13	40	63
13	41	0
13	41	1
13	41	2
13	41	16
13	41	17
13	41	18
13	41	19
13	41	20
13	41	63
13	42	0
13	42	1
13	42	2
13	42	3
13	42	4
13	42	15
13	42	16
13	42	17
13	42	18
13	42	19
13	42	20
13	42	21
13	42	22
13	42	62
13	42	63
13	43	0
13	43	1
13	43	2
13	43	3
13	43	4
13	43	5
13	43	14
13	43	15
13	43	16
13	43	17
13	43	18
13	43	19
13	43	20
13	43	21
13	43	22
13	43	62
13	43	63
13	44	0
13	44	1
13	44	2
13	44	3
13	44	4
13	44	5
13	44	6
13	44	12
13	44	13
13	44	14
13	44	15
13	44	16
13	44	17
13	44	18
13	44	19
13	44	20
13	44	21
13	44	22
13	44	62
13	44	63
13	45	0
13	45	1
13	45	2
13	45	3
13	45	4
13	45	5
13	45	6
13	45	7
13	45	11
13	45	12
13	45	13
13	45	14
13	45	15
13	45	16
13	45	17
13	45	18
13	45	19
13	45	20
13	45	21
13	45	22
13	45	62
13	45	63
13	46	0
13	46	1
13	46	2
13	46	3
13	46	4
13	46	5
13	46	6
13	46	8
13	46	9
13	46	10
13	46	11
13	46	12
13	46	13
13	46	14
13	46	15
13	46	16
13	46	17
13	46	18
13	46	19
13	46	20
13	46	21
13	46	22
13	46	62
13	46	63
13	47	0
13	47	1
13	47	2
13	47	3
13	47	4
13	47	5
13	47	6
13	47	8
13	47	9
13	47	10
13	47	11
13	47	12
13	47	13
13	47	14
13	47	15
13	47	16
13	47	17
13	47	18
13	47	19
13	47	20
13	47	62
13	47	63
13	48	0
13	48	1
13	48	2
13	48	3
13	48	4
13	48	5
13	48	8
13	48	9
13	48	10
13	48	11
13	48	12
13	48	13
13	48	14
13	48	15
13	48	16
13	48	17
13	48	18
13	48	19
13	48	62
13	48	63
13	49	0
13	49	1
13	49	2
13	49	3
13	49	4
13	49	8
13	49	9
13	49	10
13	49	11
13	49	12
13	49	13
13	49	14
13	49	15
13	49	16
13	49	17
13	49	63
13	50	0
13	50	8
13	50	9
13	50	10
13	50	11
13	50	12
13	50	13
13	50	14
13	50	15
13	50	16
13	50	17
13	51	0
13	51	9
13	51	10
13	51	11
13	51	12
13	51	13
13	51	14
13	52	11
13	52	12
13	52	13
14	22	9
14	22	10
14	23	8
14	23	9
14	23	10
14	23	11
14	24	8
14	24	9
14	24	10
14	24	11
14	24	12
14	25	8
14	25	9
14	25	10
14	25	11
14	25	12
14	25	13
14	26	8
14	26	9
14	26	10
14	26	11
14	26	12
14	26	13
14	26	14
14	27	8
14	27	9
14	27	10
14	27	11
14	27	12
14	27	13
14	27	14
14	27	15
14	28	9
14	28	10
14	28	11
14	28	12
14	28	13
14	28	14
14	28	15
14	28	16
14	29	9
14	29	10
14	29	11
14	29	12
14	29	13
14	29	14
14	29	15
14	29	16
14	29	17
14	30	9
14	30	10
14	30	11
14	30	12
14	30	13
14	30	14
14	30	15
14	30	16
14	30	17
14	30	18
14	31	9
14	31	10
14	31	11
14	31	12
14	31	13
14	31	14
14	31	15
14	31	16
14	31	17
14	31	18
14	32	12
14	32	13
14	32	14
14	32	15
14	32	16
14	32	17
14	32	18
14	32	19
14	33	13
14	33	14
14	33	15
14	33	16
14	33	18
14	33	19
14	34	12
14	34	13
14	34	14
14	34	15
14	34	16
14	34	17
14	34	23
14	34	24
14	34	25
14	35	11
14	35	12
14	35	13
14	35	14
14	35	15
14	35	16
14	35	17
14	35	23
14	35	24
14	35	25
14	35	26
14	36	24
14	36	25
14	36	26
14	37	24
14	37	25
14	37	26
14	37	27
14	38	25
14	38	26
14	38	27
14	38	28
14	40	0
14	40	1
14	40	2
14	40	17
14	40	18
14	41	0
14	41	1
14	41	2
14	41	16
14	41	17
14	41	18
14	41	19
14	41	20
14	41	63
14	42	0
14	42	1
14	42	2
14	42	3
14	42	4
14	42	15
14	42	16
14	42	17
14	42	18
14	42	19
14	42	20
14	42	21
14	42	22
14	43	0
14	43	1
14	43	2
14	43	3
14	43	4
14	43	5
14	43	14
14	43	15
14	43	16
14	43	17
14	43	18
14	43	19
14	43	20
14	43	21
14	43	22
14	43	23
14	43	63
14	44	0
14	44	1
14	44	2
14	44	3
14	44	4
14	44	5
14	44	6
14	44	13
14	44	14
14	44	15
14	44	16
14	44	17
14	44	18
14	44	19
14	44	20
14	44	21
14	44	22
14	44	23
14	44	63
14	45	0
14	45	1
14	45	2
14	45	3
14	45	4
14	45	5
14	45	6
14	45	7
14	45	11
14	45	12
14	45	13
14	45	14
14	45	15
14	45	16
14	45	17
14	45	18
14	45	19
14	45	20
14	45	21
14	45	22
14	45	23
14	45	63
14	46	0
14	46	1
14	46	2
14	46	3
14	46	4
14	46	5
14	46	6
14	46	7
14	46	8
14	46	10
14	46	11
14	46	12
14	46	13
14	46	14
14	46	15
14	46	16
14	46	17
14	46	18
14	46	19
14	46	20
14	46	21
14	46	63
14	47	0
14	47	1
14	47	2
14	47	3
14	47	4
14	47	5
14	47	6
14	47	7
14	47	8
14	47	9
14	47	10
14	47	11
14	47	12
14	47	13
14	47	14
14	47	15
14	47	16
14	47	17
14	47	18
14	47	19
14	47	63
14	48	0
14	48	1
14	48	2
14	48	3
14	48	4
14	48	5
14	48	7
14	48	8
14	48	9
14	48	10
14	48	11
14	48	12
14	48	13
14	48	14
14	48	15
14	48	16
14	48	17
14	48	18
14	48	62
14	48	63
14	49	0
14	49	1
14	49	2
14	49	3
14	49	4
14	49	7
14	49	8
14	49	9
14	49	10
14	49	11
14	49	12
14	49	13
14	49	14
14	49	15
14	49	16
14	49	17
14	49	63
14	50	0
14	50	1
14	50	7
14	50	8
14	50	9
14	50	10
14	50	11
14	50	12
14	50	13
14	50	14
14	50	15
14	51	9
14	51	10
14	51	11
14	51	12
14	51	13
14	51	14
14	52	11
14	52	12
14	52	13
15	22	9
15	22	10
15	23	8
15	23	9
15	23	10
15	23	11
15	24	9
15	24	10
15	24	11
15	24	12
15	25	9
15	25	10
15	25	11
15	25	12
15	25	13
15	26	9
15	26	10
15	26	11
15	26	12
15	26	13
15	26	14
15	27	9
15	27	10
15	27	11
15	27	12
15	27	13
15	27	14
15	27	15
15	27	16
15	28	9
15	28	10
15	28	11
15	28	12
15	28	13
15	28	14
15	28	15
15	28	16
15	28	17
15	29	10
15	29	11
15	29	12
15	29	13
15	29	14
15	29	15
15	29	16
15	29	17
15	30	10
15	30	11
15	30	12
15	30	13
15	30	14
15	30	15
15	30	16
15	30	17
15	31	11
15	31	12
15	31	13
15	31	14
15	31	15
15	31	16
15	31	17
15	31	18
15	32	12
15	32	13
15	32	14
15	32	15
15	32	16
15	32	17
15	32	18
15	33	13
15	33	14
15	33	15
15	33	16
15	33	23
15	33	24
15	33	25
15	34	12
15	34	13
15	34	14
15	34	15
15	34	16
15	34	23
15	34	24
15	34	25
15	35	11
15	35	12
15	35	13
15	35	14
15	35	15
15	35	16
15	35	17
15	35	23
15	35	24
15	35	25
15	35	26
15	36	24
15	36	25
15	36	26
15	36	27
15	37	24
15	37	25
15	37	26
15	37	27
15	38	26
15	38	27
15	40	17
15	40	18
15	41	0
15	41	1
15	41	2
15	41	3
15	41	17
15	41	18
15	41	19
15	41	20
15	41	21
15	42	0
15	42	1
15	42	2
15	42	3
15	42	4
15	42	15
15	42	16
15	42	17
15	42	18
15	42	19
15	42	20
15	42	21
15	42	22
15	42	23
15	43	0
15	43	1
15	43	2
15	43	3
15	43	4
15	43	5
15	43	14
15	43	15
15	43	16
15	43	17
15	43	18
15	43	19
15	43	20
15	43	21
15	43	22
15	43	23
15	44	0
15	44	1
15	44	2
15	44	3
15	44	4
15	44	5
15	44	6
15	44	13
15	44	14
15	44	15
15	44	16
15	44	17
15	44	18
15	44	19
15	44	20
15	44	21
15	44	22
15	44	23
15	45	0
15	45	1
15	45	2
15	45	3
15	45	4
15	45	5
15	45	6
15	45	7
15	45	12
15	45	13
15	45	14
15	45	15
15	45	16
15	45	17
15	45	18
15	45	19
15	45	20
15	45	21
15	45	22
15	45	23
15	46	0
15	46	1
15	46	2
15	46	3
15	46	4
15	46	5
15	46	6
15	46	7
15	46	10
15	46	11
15	46	12
15	46	13
15	46	14
15	46	15
15	46	16
15	46	17
15	46	18
15	46	19
15	47	0
15	47	1
15	47	2
15	47	3
15	47	4
15	47	5
15	47	6
15	47	7
15	47	9
15	47	10
15	47	11
15	47	12
15	47	13
15	47	14
15	47	15
15	47	16
15	47	17
15	47	18
15	47	63
15	48	0
15	48	1
15	48	2
15	48	3
15	48	4
15	48	5
15	48	6
15	48	7
15	48	8
15	48	9
15	48	10
15	48	11
15	48	12
15	48	13
15	48	14
15	48	15
15	48	16
15	48	17
15	48	63
15	49	0
15	49	1
15	49	2
15	49	3
15	49	4
15	49	6
15	49	7
15	49	8
15	49	9
15	49	10
15	49	11
15	49	12
15	49	13
15	49	14
15	49	15
15	49	16
15	49	63
15	50	7
15	50	8
15	50	9
15	50	10
15	50	11
15	50	12
15	50	13
15	50	14
15	50	15
15	51	9
15	51	10
15	51	11
15	51	12
15	51	13
15	51	14
15	52	11
15	52	12
15	52	13
16	22	9
16	22	10
16	23	9
16	23	10
16	23	11
16	24	9
16	24	10
16	24	11
16	24	12
16	24	13
16	25	9
16	25	10
16	25	11
16	25	12
16	25	13
16	25	14
16	26	9
16	26	10
16	26	11
16	26	12
16	26	13
16	26	14
16	26	15
16	27	10
16	27	11
16	27	12
16	27	13
16	27	14
16	27	15
16	28	10
16	28	11
16	28	12
16	28	13
16	28	14
16	28	15
16	29	11
16	29	12
16	29	13
16	29	14
16	29	15
16	30	11
16	30	12
16	30	13
16	30	14
16	30	15
16	30	16
16	30	17
16	31	12
16	31	13
16	31	14
16	31	15
16	31	16
16	31	17
16	32	12
16	32	13
16	32	14
16	32	26
16	33	13
16	33	14
16	33	26
16	34	13
16	34	14
16	34	15
16	34	23
16	34	24
16	34	25
16	34	26
16	35	15
16	35	16
16	35	17
16	35	24
16	35	25
16	35	26
16	36	24
16	36	25
16	36	26
16	36	27
16	37	25
16	37	26
16	37	27
16	40	18
16	40	19
16	41	3
16	41	17
16	41	18
16	41	19
16	41	20
16	41	21
16	41	22
16	42	1
16	42	2
16	42	3
16	42	4
16	42	16
16	42	17
16	42	18
16	42	19
16	42	20
16	42	21
16	42	22
16	42	23
16	43	1
16	43	2
16	43	3
16	43	4
16	43	5
16	43	14
16	43	15
16	43	16
16	43	17
16	43	18
16	43	19
16	43	20
16	43	21
16	43	22
16	43	23
16	44	1
16	44	2
16	44	3
16	44	4
16	44	5
16	44	6
16	44	13
16	44	14
16	44	15
16	44	16
16	44	17
16	44	18
16	44	19
16	44	20
16	44	21
16	44	22
16	44	23
16	45	1
16	45	2
16	45	3
16	45	4
16	45	5
16	45	6
16	45	12
16	45	13
16	45	14
16	45	15
16	45	16
16	45	17
16	45	18
16	45	19
16	45	20
16	45	21
16	45	22
16	45	23
16	46	1
16	46	2
16	46	3
16	46	4
16	46	5
16	46	6
16	46	11
16	46	12
16	46	13
16	46	14
16	46	15
16	46	16
16	46	17
16	46	18
16	47	2
16	47	3
16	47	4
16	47	5
16	47	6
16	47	9
16	47	10
16	47	11
16	47	12
16	47	13
16	47	14
16	47	15
16	47	16
16	47	17
16	48	2
16	48	3
16	48	4
16	48	5
16	48	6
16	48	8
16	48	9
16	48	10
16	48	11
16	48	12
16	48	13
16	48	14
16	48	15
16	48	16
16	49	2
16	49	3
16	49	4
16	49	5
16	49	6
16	49	7
16	49	8
16	49	9
16	49	10
16	49	11
16	49	12
16	49	13
16	49	14
16	49	15
16	49	16
16	50	7
16	50	8
16	50	9
16	50	10
16	50	11
16	50	12
16	50	13
16	50	14
16	50	15
16	51	9
16	51	10
16	51	11
16	51	12
16	51	13
16	51	14
16	52	11
16	52	12
16	52	13
17	22	9
17	22	10
17	23	9
17	23	10
17	23	11
17	23	12
17	24	9
17	24	10
17	24	11
17	24	12
17	24	13
17	24	14
17	25	9
17	25	10
17	25	11
17	25	12
17	25	13
17	25	14
17	26	9
17	26	10
17	26	11
17	26	12
17	26	13
17	26	14
17	27	10
17	27	11
17	27	12
17	27	13
17	27	14
17	28	11
17	28	12
17	28	13
17	28	14
17	29	11
17	29	12
17	29	13
17	29	14
17	30	12
17	30	13
17	30	14
17	31	12
17	31	13
17	31	14
17	31	15
17	32	13
17	32	14
17	33	13
17	34	13
17	34	27
17	35	25
17	35	26
17	35	27
17	40	18
17	40	19
17	41	3
17	41	17
17	41	18
17	41	19
17	41	20
17	41	21
17	41	22
17	42	2
17	42	3
17	42	4
17	42	16
17	42	17
17	42	18
17	42	19
17	42	20
17	42	21
17	42	22
17	42	23
17	43	2
17	43	3
17	43	4
17	43	5
17	43	14
17	43	15
17	43	16
17	43	17
17	43	18
17	43	19
17	43	20
17	43	21
17	43	22
17	43	23
17	44	3
17	44	4
17	44	5
17	44	13
17	44	14
17	44	15
17	44	16
17	44	17
17	44	18
17	44	19
17	44	20
17	44	21
17	44	22
17	45	3
17	45	4
17	45	5
17	45	12
17	45	13
17	45	14
17	45	15
17	45	16
17	45	17
17	45	18
17	45	19
17	45	20
17	45	21
17	45	22
17	46	3
17	46	4
17	46	5
17	46	11
17	46	12
17	46	13
17	46	14
17	46	15
17	46	16
17	46	17
17	46	18
17	47	3
17	47	4
17	47	5
17	47	10
17	47	11
17	47	12
17	47	13
17	47	14
17	47	15
17	47	16
17	47	17
17	48	3
17	48	4
17	48	5
17	48	8
17	48	9
17	48	10
17	48	11
17	48	12
17	48	13
17	48	14
17	48	15
17	48	16
17	49	3
17	49	4
17	49	5
17	49	7
17	49	8
17	49	9
17	49	10
17	49	11
17	49	12
17	49	13
17	49	14
17	49	15
17	49	16
17	50	7
17	50	8
17	50	9
17	50	10
17	50	11
17	50	12
17	50	13
17	50	14
17	50	15
17	51	10
17	51	11
17	51	12
17	51	13
17	51	14
17	52	12
17	52	13
18	22	10
18	22	11
18	23	9
18	23	10
18	23	11
18	23	12
18	23	13
18	24	9
18	24	10
18	24	11
18	24	12
18	24	13
18	25	9
18	25	10
18	25	11
18	25	12
18	25	13
18	26	9
18	26	10
18	26	11
18	26	12
18	26	13
18	27	10
18	27	11
18	27	12
18	27	13
18	28	11
18	28	12
18	28	13
18	29	12
18	29	13
18	30	12
18	30	13
18	31	13
18	32	13
18	32	14
18	33	13
18	40	18
18	40	19
18	41	3
18	41	17
18	41	18
18	41	19
18	41	20
18	41	21
18	42	3
18	42	4
18	42	16
18	42	17
18	42	18
18	42	19
18	42	20
18	42	21
18	42	22
18	43	3
18	43	4
18	43	14
18	43	15
18	43	16
18	43	17
18	43	18
18	43	19
18	43	20
18	43	21
18	43	22
18	44	4
18	44	14
18	44	15
18	44	16
18	44	17
18	44	18
18	44	19
18	44	20
18	44	21
18	45	4
18	45	12
18	45	13
18	45	14
18	45	15
18	45	16
18	45	17
18	45	18
18	45	19
18	45	20
18	46	4
18	46	11
18	46	12
18	46	13
18	46	14
18	46	15
18	46	16
18	46	17
18	46	18
18	47	4
18	47	10
18	47	11
18	47	12
18	47	13
18	47	14
18	47	15
18	47	16
18	47	17
18	48	9
18	48	10
18	48	11
18	48	12
18	48	13
18	48	14
18	48	15
18	48	16
18	49	7
18	49	8
18	49	9
18	49	10
18	49	11
18	49	12
18	49	13
18	49	14
18	49	15
18	50	8
18	50	9
18	50	10
18	50	11
18	50	12
18	50	13
18	50	14
18	50	15
18	51	10
18	51	11
18	51	12
18	51	13
18	51	14
18	52	13
19	22	11
19	22	12
19	23	10
19	23	11
19	23	12
19	24	9
19	24	10
19	24	11
19	24	12
19	25	9
19	25	10
19	25	11
19	25	12
19	26	9
19	26	10
19	26	11
19	26	12
19	27	11
19	27	12
19	28	12
19	28	13
19	29	13
19	30	13
19	31	13
19	40	18
19	40	19
19	41	17
19	41	18
19	41	19
19	41	20
19	42	18
19	42	19
19	42	20
19	43	15
19	43	16
19	43	17
19	43	18
19	43	19
19	43	20
19	44	15
19	44	16
19	44	17
19	44	18
19	44	19
19	44	20
19	45	15
19	45	16
19	45	17
19	45	18
19	45	19
19	46	11
19	46	12
19	46	13
19	46	14
19	46	15
19	46	16
19	46	17
19	47	10
19	47	11
19	47	12
19	47	13
19	47	14
19	47	15
19	47	16
19	47	17
19	48	9
19	48	10
19	48	11
19	48	12
19	48	13
19	48	14
19	48	15
19	48	16
19	49	8
19	49	9
19	49	10
19	49	11
19	49	12
19	49	13
19	49	14
19	49	15
19	50	9
19	50	10
19	50	11
19	50	12
19	50	13
19	50	14
19	51	12
19	51	13
19	51	14
20	22	11
20	23	11
20	24	9
20	24	10
20	24	11
20	25	9
20	25	10
20	25	11
20	26	10
20	26	11
20	29	13
20	40	18
20	40	19
20	41	19
20	42	18
20	42	19
20	43	17
20	43	18
20	43	19
20	43	20
20	44	17
20	44	18
20	44	19
20	44	20
20	45	17
20	45	18
20	45	19
20	46	14
20	46	15
20	46	16
20	46	17
20	46	18
20	46	19
20	47	10
20	47	11
20	47	12
20	47	13
20	47	14
20	47	15
20	47	16
20	48	9
20	48	10
20	48	11
20	48	12
20	48	13
20	48	14
20	48	15
20	48	16
20	49	9
20	49	10
20	49	11
20	49	12
20	49	13
20	49	14
20	49	15
20	50	11
20	50	12
20	50	13
21	25	9
21	25	10
21	41	19
21	42	18
21	42	19
21	43	18
21	43	19
21	44	18
21	44	19
21	45	18
21	45	19
21	46	18
21	46	19
21	47	15
21	47	16
21	47	17
21	47	18
21	47	19
21	48	10
21	48	11
21	48	12
21	48	13
21	48	14
21	48	15
21	49	11
22	43	19
58	34	18
58	35	18
59	30	15
59	31	15
59	32	15
59	33	15
59	33	16
59	33	17
59	33	18
59	33	19
59	33	20
59	33	21
59	34	15
59	34	16
59	34	17
59	34	18
59	34	19
59	34	20
59	35	15
59	35	16
59	35	17
59	35	18
59	35	19
59	36	16
59	36	17
59	36	18
59	36	19
59	37	18
60	28	9
60	28	10
60	29	9
60	29	10
60	29	11
60	29	12
60	29	13
60	30	8
60	30	9
60	30	10
60	30	11
60	30	12
60	30	13
60	30	14
60	30	15
60	30	16
60	31	7
60	31	8
60	31	9
60	31	10
60	31	11
60	31	12
60	31	13
60	31	14
60	31	15
60	31	16
60	32	7
60	32	8
60	32	9
60	32	10
60	32	11
60	32	12
60	32	13
60	32	14
60	32	15
60	32	16
60	32	17
60	32	18
60	32	19
60	32	20
60	32	21
60	32	22
60	33	8
60	33	13
60	33	14
60	33	15
60	33	16
60	33	17
60	33	18
60	33	19
60	33	20
60	33	21
60	33	22
60	34	13
60	34	14
60	34	15
60	34	16
60	34	17
60	34	18
60	34	19
60	34	20
60	35	14
60	35	15
60	35	16
60	35	17
60	35	18
60	35	19
60	35	20
60	36	14
60	36	15
60	36	16
60	36	17
60	36	18
60	36	19
60	36	20
60	37	15
60	37	16
60	37	17
60	37	18
60	37	19
60	38	16
60	38	17
60	38	18
61	27	7
61	27	10
61	27	11
61	27	12
61	27	13
61	28	8
61	28	9
61	28	10
61	28	11
61	28	12
61	28	13
61	29	8
61	29	9
61	29	10
61	29	11
61	29	12
61	29	13
61	29	14
61	30	8
61	30	9
61	30	10
61	30	11
61	30	12
61	30	13
61	30	14
61	31	8
61	31	9
61	31	10
61	31	11
61	31	12
61	31	13
61	31	14
61	31	15
61	31	16
61	31	17
61	31	18
61	31	19
61	31	20
61	31	21
61	31	22
61	31	23
61	31	24
61	32	7
61	32	8
61	32	9
61	32	10
61	32	11
61	32	12
61	32	13
61	32	14
61	32	15
61	32	16
61	32	17
61	32	18
61	32	19
61	32	20
61	32	21
61	32	22
61	32	23
61	33	7
61	33	8
61	33	9
61	33	10
61	33	11
61	33	12
61	33	13
61	33	14
61	33	15
61	33	16
61	33	17
61	33	18
61	33	19
61	33	20
61	33	21
61	33	22
61	34	7
61	34	8
61	34	9
61	34	10
61	34	11
61	34	12
61	34	13
61	34	14
61	34	15
61	34	16
61	34	17
61	34	18
61	34	19
61	34	20
61	34	21
61	35	12
61	35	13
61	35	14
61	35	15
61	35	16
61	35	17
61	35	18
61	35	19
61	35	20
61	35	21
61	36	13
61	36	14
61	36	15
61	36	16
61	36	17
61	36	18
61	36	19
61	37	13
61	37	14
61	37	15
61	37	16
61	37	17
61	37	18
61	37	19
61	38	13
61	38	14
61	38	15
61	38	16
61	38	17
61	38	18
61	38	19
61	39	15
61	39	16
61	39	17
61	39	18
62	26	7
62	26	8
62	27	7
62	27	8
62	27	9
62	27	10
62	27	11
62	27	12
62	27	13
62	28	6
62	28	7
62	28	8
62	28	9
62	28	10
62	28	11
62	28	12
62	28	13
62	29	7
62	29	8
62	29	9
62	29	10
62	29	11
62	29	12
62	29	13
62	29	14
62	30	7
62	30	8
62	30	9
62	30	10
62	30	11
62	30	12
62	30	13
62	30	14
62	30	15
62	30	16
62	30	17
62	30	18
62	30	19
62	30	20
62	30	21
62	30	22
62	30	23
62	31	7
62	31	8
62	31	9
62	31	10
62	31	11
62	31	12
62	31	13
62	31	14
62	31	15
62	31	16
62	31	17
62	31	18
62	31	19
62	31	20
62	31	21
62	31	22
62	31	23
62	31	24
62	32	7
62	32	8
62	32	9
62	32	10
62	32	11
62	32	12
62	32	13
62	32	14
62	32	15
62	32	16
62	32	17
62	32	18
62	32	19
62	32	20
62	32	21
62	32	22
62	32	23
62	32	24
62	33	7
62	33	8
62	33	9
62	33	10
62	33	11
62	33	12
62	33	13
62	33	14
62	33	15
62	33	16
62	33	17
62	33	18
62	33	19
62	33	20
62	33	21
62	33	22
62	33	23
62	33	24
62	34	6
62	34	7
62	34	8
62	34	9
62	34	10
62	34	11
62	34	12
62	34	13
62	34	14
62	34	15
62	34	16
62	34	17
62	34	18
62	34	19
62	34	20
62	34	21
62	34	22
62	34	23
62	35	7
62	35	8
62	35	9
62	35	10
62	35	11
62	35	12
62	35	13
62	35	14
62	35	15
62	35	16
62	35	17
62	35	18
62	36	8
62	36	9
62	36	10
62	36	11
62	36	12
62	36	13
62	36	14
62	36	15
62	36	16
62	36	17
62	36	18
62	37	12
62	37	13
62	37	14
62	37	15
62	37	16
62	37	17
62	37	18
62	37	19
62	37	20
62	38	12
62	38	13
62	38	14
62	38	15
62	38	16
62	38	17
62	38	18
62	38	19
62	39	13
62	39	14
62	39	15
62	39	16
62	39	17
62	39	18
62	39	19
62	40	14
62	40	15
62	40	16
62	40	17
62	40	18
63	26	7
63	26	8
63	26	9
63	26	10
63	26	11
63	26	12
63	26	13
63	26	14
63	27	6
63	27	7
63	27	8
63	27	9
63	27	10
63	27	11
63	27	12
63	27	13
63	28	6
63	28	7
63	28	8
63	28	9
63	28	10
63	28	11
63	28	12
63	28	13
63	29	7
63	29	8
63	29	9
63	29	10
63	29	11
63	29	12
63	29	13
63	29	14
63	29	16
63	29	17
63	29	18
63	29	19
63	29	20
63	29	21
63	29	22
63	30	7
63	30	8
63	30	9
63	30	10
63	30	11
63	30	12
63	30	13
63	30	14
63	30	15
63	30	16
63	30	17
63	30	18
63	30	19
63	30	20
63	30	21
63	30	22
63	30	23
63	31	7
63	31	8
63	31	9
63	31	10
63	31	11
63	31	12
63	31	13
63	31	14
63	31	15
63	31	16
63	31	17
63	31	18
63	31	19
63	31	20
63	31	21
63	31	22
63	31	23
63	32	7
63	32	8
63	32	9
63	32	10
63	32	11
63	32	12
63	32	13
63	32	14
63	32	15
63	32	16
63	32	17
63	32	18
63	32	19
63	32	20
63	32	21
63	32	22
63	32	23
63	33	7
63	33	8
63	33	9
63	33	10
63	33	11
63	33	12
63	33	13
63	33	14
63	33	15
63	33	16
63	33	17
63	33	18
63	33	19
63	33	20
63	33	21
63	33	22
63	33	23
63	34	6
63	34	7
63	34	8
63	34	9
63	34	10
63	34	11
63	34	12
63	34	13
63	34	14
63	34	15
63	34	16
63	34	17
63	34	18
63	34	19
63	35	6
63	35	7
63	35	8
63	35	9
63	35	10
63	35	11
63	35	12
63	35	13
63	35	14
63	35	15
63	35	16
63	35	17
63	35	18
63	35	19
63	36	7
63	36	8
63	36	9
63	36	10
63	36	11
63	36	12
63	36	13
63	36	14
63	36	15
63	36	16
63	36	17
63	36	18
63	36	19
63	37	9
63	37	10
63	37	11
63	37	12
63	37	13
63	37	14
63	37	15
63	37	16
63	37	17
63	37	18
63	38	11
63	38	12
63	38	13
63	38	14
63	38	15
63	38	16
63	38	17
63	38	18
63	39	13
63	39	14
63	39	15
63	39	16
63	39	17
63	39	18
63	39	19
63	40	14
63	40	15
63	40	16
63	40	17
63	40	18
63	40	19
63	41	17
