1	6.250000e+00	2.656250e+01	1.562500e+01	8	34	20
2	4.531250e+01	1.562500e+01	1.562500e+00	58	20	2
3	8.593750e+00	2.500000e+01	3.906250e+00	11	32	5
4	3.515625e+01	1.250000e+01	1.093750e+01	45	16	14
5	1.328125e+01	3.671875e+01	3.828125e+01	17	47	49
6	2.343750e+00	1.562500e+01	2.031250e+01	3	20	26
7	1.406250e+01	3.984375e+01	3.828125e+01	18	51	49
8	4.140625e+01	3.984375e+01	1.875000e+01	53	51	24
9	1.406250e+01	1.875000e+01	4.687500e+00	18	24	6
10	2.343750e+00	6.250000e+00	4.140625e+01	3	8	53
11	2.656250e+01	1.718750e+01	3.906250e+01	34	22	50
12	4.453125e+01	2.109375e+01	5.468750e+00	57	27	7
13	1.015625e+01	2.343750e+01	4.375000e+01	13	30	56
14	9.375000e+00	4.453125e+01	4.062500e+01	12	57	52
15	1.562500e+01	4.218750e+01	2.890625e+01	20	54	37
16	7.031250e+00	1.640625e+01	1.250000e+01	9	21	16
17	4.921875e+01	4.453125e+01	4.375000e+01	63	57	56
18	1.015625e+01	3.750000e+01	3.906250e+01	13	48	50
19	4.296875e+01	4.296875e+01	1.640625e+01	55	55	21
20	1.718750e+01	2.500000e+01	3.906250e+00	22	32	5
21	7.031250e+00	4.062500e+01	3.828125e+01	9	52	49
22	3.125000e+00	4.765625e+01	4.765625e+01	4	61	61
23	5.468750e+00	7.031250e+00	3.593750e+01	7	9	46
24	3.906250e+00	3.593750e+01	1.562500e+01	5	46	20
25	2.343750e+00	2.656250e+01	2.421875e+01	3	34	31
26	1.093750e+01	4.921875e+01	2.812500e+01	14	63	36
27	4.296875e+01	4.375000e+01	1.562500e+00	55	56	2
28	3.359375e+01	4.687500e+01	4.062500e+01	43	60	52
29	7.812500e+00	5.468750e+00	8.593750e+00	10	7	11
30	1.093750e+01	2.578125e+01	1.250000e+01	14	33	16
31	3.046875e+01	7.812500e+00	7.812500e-01	39	10	1
32	4.062500e+01	3.125000e+01	1.406250e+01	52	40	18
33	2.812500e+01	4.375000e+01	2.031250e+01	36	56	26
34	7.812500e-01	2.968750e+01	4.765625e+01	1	38	61
35	3.671875e+01	1.250000e+01	2.187500e+01	47	16	28
36	7.812500e+00	1.171875e+01	3.906250e+00	10	15	5
37	3.125000e+00	1.640625e+01	1.328125e+01	4	21	17
38	7.812500e+00	4.843750e+01	4.453125e+01	10	62	57
39	3.828125e+01	2.343750e+00	1.250000e+01	49	3	16
40	1.562500e+00	4.687500e+00	3.984375e+01	2	6	51
41	4.453125e+01	3.281250e+01	8.593750e+00	57	42	11
42	2.265625e+01	3.593750e+01	3.359375e+01	29	46	43
43	3.750000e+01	4.062500e+01	2.656250e+01	48	52	34
44	4.140625e+01	3.281250e+01	5.468750e+00	53	42	7
45	2.812500e+01	3.750000e+01	2.968750e+01	36	48	38
46	4.843750e+01	2.343750e+00	3.671875e+01	62	3	47
47	4.453125e+01	1.562500e+01	9.375000e+00	57	20	12
48	4.531250e+01	3.125000e+00	3.593750e+01	58	4	46
49	3.906250e+01	4.062500e+01	6.250000e+00	50	52	8
50	1.562500e+01	2.968750e+01	4.765625e+01	20	38	61
51	4.609375e+01	3.593750e+01	2.734375e+01	59	46	35
52	4.062500e+01	7.812500e+00	1.562500e+01	52	10	20
53	1.015625e+01	1.406250e+01	1.796875e+01	13	18	23
54	9.375000e+00	2.343750e+00	4.921875e+01	12	3	63
55	4.453125e+01	3.671875e+01	3.203125e+01	57	47	41
56	3.828125e+01	2.890625e+01	4.687500e+00	49	37	6
57	2.265625e+01	3.984375e+01	1.953125e+01	29	51	25
58	4.140625e+01	2.656250e+01	6.250000e+00	53	34	8
59	4.296875e+01	2.890625e+01	3.125000e+00	55	37	4
60	1.640625e+01	4.687500e+01	2.421875e+01	21	60	31
61	1.562500e+00	3.515625e+01	1.406250e+01	2	45	18
62	3.125000e+00	1.562500e+01	3.125000e+00	4	20	4
63	3.359375e+01	4.062500e+01	1.562500e+00	43	52	2
64	2.890625e+01	4.765625e+01	4.765625e+01	37	61	61
65	1.718750e+01	3.281250e+01	3.125000e+00	22	42	4
66	3.046875e+01	1.093750e+01	3.828125e+01	39	14	49
67	7.812500e+00	4.062500e+01	2.500000e+01	10	52	32
68	4.375000e+01	2.890625e+01	2.421875e+01	56	37	31
69	2.343750e+00	2.812500e+01	2.812500e+01	3	36	36
70	1.171875e+01	3.359375e+01	1.250000e+01	15	43	16
71	6.250000e+00	3.125000e+00	4.687500e+01	8	4	60
72	3.671875e+01	3.359375e+01	4.296875e+01	47	43	55
73	4.375000e+01	1.250000e+01	1.796875e+01	56	16	23
74	2.890625e+01	0.000000e+00	2.265625e+01	37	0	29
75	4.687500e+01	4.765625e+01	2.656250e+01	60	61	34
76	4.687500e+01	7.812500e+00	1.093750e+01	60	10	14
77	1.328125e+01	1.875000e+01	1.718750e+01	17	24	22
78	4.218750e+01	3.671875e+01	1.406250e+01	54	47	18
79	3.750000e+01	1.015625e+01	2.890625e+01	48	13	37
80	2.734375e+01	3.281250e+01	3.125000e+00	35	42	4
81	4.687500e+01	7.812500e+00	2.500000e+01	60	10	32
82	4.609375e+01	3.828125e+01	3.125000e+00	59	49	4
83	3.906250e+01	1.718750e+01	3.984375e+01	50	22	51
84	1.562500e+00	1.484375e+01	1.562500e+00	2	19	2
85	1.640625e+01	7.031250e+00	2.109375e+01	21	9	27
86	3.359375e+01	9.375000e+00	2.265625e+01	43	12	29
87	2.187500e+01	2.265625e+01	3.828125e+01	28	29	49
88	1.796875e+01	1.562500e+00	3.515625e+01	23	2	45
89	3.671875e+01	4.687500e+00	3.515625e+01	47	6	45
90	3.671875e+01	2.343750e+00	6.250000e+00	47	3	8
91	2.890625e+01	4.453125e+01	3.671875e+01	37	57	47
92	3.750000e+01	3.125000e+01	2.187500e+01	48	40	28
93	2.265625e+01	3.906250e+00	2.500000e+01	29	5	32
94	1.718750e+01	7.812500e-01	4.375000e+01	22	1	56
95	3.437500e+01	3.906250e+00	2.656250e+01	44	5	34
96	1.484375e+01	7.031250e+00	1.562500e+01	19	9	20
97	4.140625e+01	1.328125e+01	2.812500e+01	53	17	36
98	1.953125e+01	4.531250e+01	2.421875e+01	25	58	31
99	3.906250e+00	0.000000e+00	3.515625e+01	5	0	45
100	1.484375e+01	2.343750e+00	2.187500e+01	19	3	28
101	3.125000e+00	3.281250e+01	3.359375e+01	4	42	43
102	2.031250e+01	7.812500e+00	3.906250e+01	26	10	50
103	4.296875e+01	3.828125e+01	1.562500e+01	55	49	20
104	3.125000e+00	3.593750e+01	4.843750e+01	4	46	62
105	5.468750e+00	3.671875e+01	4.609375e+01	7	47	59
106	2.578125e+01	4.218750e+01	3.359375e+01	33	54	43
107	3.281250e+01	4.609375e+01	1.171875e+01	42	59	15
108	3.359375e+01	1.328125e+01	2.734375e+01	43	17	35
109	3.359375e+01	3.671875e+01	0.000000e+00	43	47	0
110	3.906250e+01	4.062500e+01	3.359375e+01	50	52	43
