#i	j	k
0	10	15
0	10	16
0	11	14
0	11	15
0	11	16
0	11	17
0	11	18
0	11	19
0	11	20
0	11	21
0	11	22
0	11	23
0	11	24
0	12	15
0	12	16
0	12	17
0	12	18
0	12	19
0	12	20
0	12	21
0	12	22
0	12	23
0	12	24
0	12	25
0	12	26
0	13	16
0	13	17
0	13	18
0	13	19
0	13	20
0	13	21
0	13	22
0	13	23
0	13	24
0	13	25
0	13	26
0	14	16
0	14	17
0	14	18
0	14	19
0	14	20
0	14	21
0	14	22
0	14	23
0	14	24
0	14	25
0	15	17
0	15	18
0	15	19
0	15	20
0	15	21
0	15	22
0	15	23
0	15	26
0	15	27
0	15	28
0	15	29
0	15	30
0	15	31
0	15	32
0	15	33
0	15	34
0	16	32
0	16	33
0	17	32
0	17	33
0	18	32
1	10	15
1	10	16
1	10	17
1	10	18
1	10	19
1	10	20
1	10	21
1	10	22
1	11	15
1	11	16
1	11	17
1	11	18
1	11	19
1	11	20
1	11	21
1	11	22
1	11	23
1	11	24
1	11	25
1	12	15
1	12	16
1	12	17
1	12	18
1	12	19
1	12	20
1	12	21
1	12	22
1	12	23
1	12	24
1	12	25
1	13	16
1	13	17
1	13	18
1	13	19
1	13	20
1	13	21
1	13	22
1	13	23
1	13	24
1	13	25
1	14	17
1	14	18
1	14	19
1	14	20
1	14	21
1	14	22
1	14	23
1	14	24
1	14	25
1	14	26
1	15	19
1	15	20
1	15	21
1	15	22
1	15	25
1	15	26
1	15	27
1	15	28
1	15	29
1	15	30
1	15	31
1	15	32
1	15	33
1	15	34
1	15	35
1	16	25
1	16	26
1	16	27
1	16	28
1	16	29
1	16	30
1	16	31
1	16	32
1	16	33
1	16	34
1	17	31
1	17	32
1	17	33
1	18	31
1	18	32
1	19	31
2	9	18
2	10	17
2	10	18
2	10	19
2	10	20
2	10	21
2	10	22
2	10	23
2	10	24
2	11	16
2	11	17
2	11	18
2	11	19
2	11	20
2	11	21
2	11	22
2	11	23
2	11	24
2	11	25
2	12	16
2	12	17
2	12	18
2	12	19
2	12	20
2	12	21
2	12	22
2	12	23
2	12	24
2	12	25
2	13	17
2	13	18
2	13	19
2	13	20
2	13	21
2	13	22
2	13	23
2	13	24
2	13	25
2	14	18
2	14	19
2	14	20
2	14	21
2	14	22
2	14	23
2	14	24
2	14	25
2	15	19
2	15	20
2	15	21
2	15	22
2	15	23
2	15	24
2	15	25
2	15	26
2	15	27
2	15	28
2	15	29
2	15	30
2	15	31
2	15	32
2	15	33
2	15	34
2	15	35
2	16	20
2	16	25
2	16	26
2	16	27
2	16	28
2	16	29
2	16	30
2	16	31
2	16	32
2	16	33
2	16	34
2	17	26
2	17	27
2	17	28
2	17	29
2	17	30
2	17	31
2	17	32
2	17	33
2	18	30
2	18	31
2	18	32
2	19	30
2	19	31
2	20	30
2	22	10
2	22	11
2	23	11
3	9	18
3	9	19
3	9	20
3	9	21
3	10	17
3	10	18
3	10	19
3	10	20
3	10	21
3	10	22
3	10	23
3	10	24
3	10	25
3	11	17
3	11	18
3	11	19
3	11	20
3	11	21
3	11	22
3	11	23
3	11	24
3	11	25
3	12	17
3	12	18
3	12	19
3	12	20
3	12	21
3	12	22
3	12	23
3	12	24
3	13	18
3	13	19
3	13	20
3	13	21
3	13	22
3	13	23
3	13	24
3	14	19
3	14	20
3	14	21
3	14	22
3	14	24
3	14	25
3	14	33
3	15	19
3	15	20
3	15	21
3	15	24
3	15	25
3	15	26
3	15	27
3	15	28
3	15	29
3	15	30
3	15	31
3	15	32
3	15	33
3	15	34
3	15	35
3	16	19
3	16	20
3	16	25
3	16	26
3	16	27
3	16	28
3	16	29
3	16	30
3	16	31
3	16	32
3	16	33
3	16	34
3	17	21
3	17	26
3	17	27
3	17	28
3	17	29
3	17	30
3	17	31
3	17	32
3	17	33
3	18	27
3	18	28
3	18	29
3	18	30
3	18	31
3	18	32
3	19	12
3	19	29
3	19	30
3	19	31
3	20	11
3	20	12
3	20	30
3	20	31
3	21	11
3	21	12
3	21	31
3	22	10
3	22	11
3	22	12
3	23	10
3	23	11
3	23	12
3	24	10
3	24	11
3	24	12
3	25	11
3	25	12
3	26	11
4	9	18
4	9	19
4	9	20
4	9	21
4	9	22
4	10	17
4	10	18
4	10	19
4	10	20
4	10	21
4	10	22
4	10	23
4	10	24
4	10	25
4	11	17
4	11	18
4	11	19
4	11	20
4	11	21
4	11	22
4	11	23
4	11	24
4	11	25
4	12	18
4	12	19
4	12	20
4	12	21
4	12	22
4	12	23
4	12	24
4	13	18
4	13	19
4	13	20
4	13	21
4	13	22
4	13	23
4	13	24
4	14	19
4	14	20
4	14	21
4	14	22
4	14	23
4	14	24
4	14	25
4	14	26
4	14	27
4	14	33
4	14	34
4	15	19
4	15	20
4	15	21
4	15	22
4	15	25
4	15	26
4	15	27
4	15	28
4	15	29
4	15	30
4	15	31
4	15	32
4	15	33
4	15	34
4	15	35
4	16	18
4	16	19
4	16	20
4	16	21
4	16	22
4	16	25
4	16	26
4	16	27
4	16	28
4	16	29
4	16	30
4	16	31
4	16	32
4	16	33
4	16	34
4	17	15
4	17	16
4	17	17
4	17	18
4	17	19
4	17	20
4	17	21
4	17	26
4	17	27
4	17	28
4	17	29
4	17	30
4	17	31
4	17	32
4	17	33
4	17	34
4	18	21
4	18	22
4	18	27
4	18	28
4	18	29
4	18	30
4	18	31
4	18	32
4	18	33
4	18	34
4	19	12
4	19	13
4	19	21
4	19	29
4	19	30
4	19	31
4	19	32
4	20	11
4	20	12
4	20	13
4	20	30
4	20	31
4	20	32
4	21	11
4	21	12
4	21	13
4	21	31
4	21	32
4	22	10
4	22	11
4	22	12
4	22	13
4	23	10
4	23	11
4	23	12
4	23	13
4	24	10
4	24	11
4	24	12
4	24	13
4	25	10
4	25	11
4	25	12
4	26	11
4	26	12
4	27	11
5	9	18
5	9	19
5	9	20
5	9	21
5	9	22
5	9	23
5	10	18
5	10	19
5	10	20
5	10	21
5	10	22
5	10	23
5	10	24
5	11	18
5	11	19
5	11	20
5	11	21
5	11	22
5	11	23
5	11	24
5	12	18
5	12	19
5	12	20
5	12	21
5	12	22
5	12	23
5	12	24
5	12	25
5	13	19
5	13	20
5	13	21
5	13	22
5	13	23
5	13	24
5	13	25
5	13	26
5	13	27
5	14	19
5	14	20
5	14	21
5	14	22
5	14	23
5	14	24
5	14	25
5	14	26
5	14	27
5	14	28
5	14	29
5	14	33
5	14	34
5	15	18
5	15	19
5	15	20
5	15	21
5	15	22
5	15	23
5	15	24
5	15	25
5	15	26
5	15	27
5	15	28
5	15	29
5	15	30
5	15	31
5	15	32
5	15	33
5	15	34
5	15	35
5	16	17
5	16	18
5	16	19
5	16	20
5	16	21
5	16	22
5	16	23
5	16	26
5	16	27
5	16	28
5	16	29
5	16	30
5	16	31
5	16	32
5	16	33
5	16	34
5	16	35
5	17	15
5	17	16
5	17	17
5	17	18
5	17	19
5	17	20
5	17	21
5	17	22
5	17	23
5	17	26
5	17	27
5	17	28
5	17	29
5	17	30
5	17	31
5	17	32
5	17	33
5	17	34
5	17	35
5	18	14
5	18	15
5	18	16
5	18	17
5	18	18
5	18	19
5	18	20
5	18	21
5	18	22
5	18	27
5	18	28
5	18	29
5	18	30
5	18	31
5	18	32
5	18	33
5	18	34
5	19	10
5	19	11
5	19	12
5	19	13
5	19	14
5	19	20
5	19	21
5	19	27
5	19	28
5	19	29
5	19	30
5	19	31
5	19	32
5	19	33
5	20	10
5	20	11
5	20	12
5	20	13
5	20	14
5	20	20
5	20	21
5	20	30
5	20	31
5	20	32
5	21	10
5	21	11
5	21	12
5	21	13
5	21	14
5	21	20
5	21	21
5	21	31
5	22	10
5	22	11
5	22	12
5	22	13
5	22	14
5	23	10
5	23	11
5	23	12
5	23	13
5	23	14
5	24	10
5	24	11
5	24	12
5	24	13
5	25	10
5	25	11
5	25	12
5	25	13
5	26	10
5	26	11
5	26	12
5	27	11
6	8	20
6	8	21
6	9	19
6	9	20
6	9	21
6	9	22
6	9	23
6	9	24
6	10	18
6	10	19
6	10	20
6	10	21
6	10	22
6	10	23
6	10	24
6	10	25
6	11	19
6	11	20
6	11	21
6	11	22
6	11	23
6	11	24
6	11	25
6	12	19
6	12	20
6	12	21
6	12	22
6	12	23
6	12	24
6	12	25
6	12	26
6	12	27
6	13	19
6	13	20
6	13	21
6	13	22
6	13	23
6	13	24
6	13	25
6	13	26
6	13	27
6	13	28
6	13	30
6	13	31
6	14	18
6	14	19
6	14	20
6	14	21
6	14	22
6	14	23
6	14	24
6	14	25
6	14	26
6	14	27
6	14	28
6	14	29
6	14	30
6	14	32
6	14	33
6	14	34
6	15	17
6	15	18
6	15	19
6	15	20
6	15	21
6	15	22
6	15	23
6	15	24
6	15	25
6	15	26
6	15	27
6	15	28
6	15	29
6	15	30
6	15	31
6	15	32
6	15	33
6	15	34
6	16	17
6	16	18
6	16	19
6	16	20
6	16	21
6	16	22
6	16	23
6	16	24
6	16	25
6	16	26
6	16	27
6	16	28
6	16	29
6	16	30
6	16	31
6	16	32
6	16	33
6	16	34
6	16	35
6	17	15
6	17	16
6	17	17
6	17	18
6	17	19
6	17	20
6	17	21
6	17	22
6	17	23
6	17	24
6	17	26
6	17	27
6	17	28
6	17	29
6	17	30
6	17	31
6	17	32
6	17	33
6	17	34
6	17	35
6	18	14
6	18	15
6	18	16
6	18	17
6	18	18
6	18	19
6	18	20
6	18	21
6	18	22
6	18	23
6	18	26
6	18	27
6	18	28
6	18	29
6	18	30
6	18	31
6	18	32
6	18	33
6	18	34
6	19	12
6	19	13
6	19	14
6	19	15
6	19	16
6	19	17
6	19	18
6	19	19
6	19	20
6	19	21
6	19	22
6	19	26
6	19	27
6	19	28
6	19	29
6	19	30
6	19	31
6	19	32
6	19	33
6	20	12
6	20	13
6	20	14
6	20	15
6	20	19
6	20	20
6	20	21
6	20	22
6	20	26
6	20	27
6	20	28
6	20	29
6	20	30
6	20	31
6	21	11
6	21	12
6	21	13
6	21	14
6	21	15
6	21	19
6	21	20
6	21	21
6	21	22
6	22	11
6	22	12
6	22	13
6	22	14
6	22	15
6	23	11
6	23	12
6	23	13
6	23	14
6	24	10
6	24	11
6	24	12
6	24	13
6	24	14
6	25	10
6	25	11
6	25	12
6	25	13
6	26	10
6	26	11
6	26	12
6	27	11
7	9	20
7	9	21
7	9	22
7	9	23
7	9	24
7	10	19
7	10	20
7	10	21
7	10	22
7	10	23
7	10	24
7	10	25
7	11	19
7	11	20
7	11	21
7	11	22
7	11	23
7	11	24
7	11	25
7	11	26
7	11	27
7	11	28
7	12	19
7	12	20
7	12	21
7	12	22
7	12	23
7	12	24
7	12	25
7	12	26
7	12	27
7	12	28
7	12	29
7	13	19
7	13	20
7	13	21
7	13	22
7	13	23
7	13	24
7	13	25
7	13	26
7	13	27
7	13	28
7	13	29
7	13	30
7	13	31
7	13	32
7	14	18
7	14	19
7	14	20
7	14	21
7	14	22
7	14	23
7	14	24
7	14	25
7	14	26
7	14	27
7	14	28
7	14	29
7	14	30
7	14	31
7	14	32
7	14	33
7	15	17
7	15	18
7	15	19
7	15	20
7	15	21
7	15	22
7	15	23
7	15	24
7	15	25
7	15	26
7	15	27
7	15	28
7	15	29
7	15	30
7	15	31
7	15	32
7	15	33
7	15	34
7	16	16
7	16	17
7	16	18
7	16	19
7	16	20
7	16	21
7	16	22
7	16	23
7	16	24
7	16	25
7	16	26
7	16	27
7	16	28
7	16	29
7	16	30
7	16	31
7	16	32
7	16	33
7	16	34
7	16	35
7	17	15
7	17	16
7	17	17
7	17	18
7	17	19
7	17	20
7	17	21
7	17	22
7	17	23
7	17	24
7	17	25
7	17	26
7	17	27
7	17	28
7	17	29
7	17	30
7	17	31
7	17	32
7	17	33
7	17	34
7	17	35
7	18	14
7	18	15
7	18	16
7	18	17
7	18	18
7	18	19
7	18	20
7	18	21
7	18	22
7	18	23
7	18	24
7	18	25
7	18	26
7	18	27
7	18	28
7	18	29
7	18	30
7	18	31
7	18	32
7	18	33
7	18	34
7	19	13
7	19	14
7	19	15
7	19	16
7	19	17
7	19	18
7	19	19
7	19	20
7	19	21
7	19	22
7	19	23
7	19	24
7	19	25
7	19	26
7	19	27
7	19	28
7	19	29
7	19	30
7	19	31
7	19	32
7	20	12
7	20	13
7	20	14
7	20	15
7	20	16
7	20	17
7	20	18
7	20	19
7	20	20
7	20	21
7	20	22
7	20	23
7	20	25
7	20	26
7	20	27
7	20	28
7	20	29
7	20	30
7	21	12
7	21	13
7	21	14
7	21	15
7	21	16
7	21	17
7	21	18
7	21	19
7	21	20
7	21	21
7	21	22
7	21	23
7	21	27
7	22	12
7	22	13
7	22	14
7	22	15
7	22	16
7	22	17
7	22	18
7	22	20
7	23	11
7	23	12
7	23	13
7	23	14
7	23	15
7	23	16
7	23	17
7	24	10
7	24	11
7	24	12
7	24	13
7	24	14
7	24	15
7	24	16
7	25	10
7	25	11
7	25	12
7	25	13
7	26	11
7	26	12
8	9	21
8	9	22
8	9	23
8	9	24
8	10	20
8	10	21
8	10	22
8	10	23
8	10	24
8	10	25
8	10	26
8	10	27
8	10	28
8	11	19
8	11	20
8	11	21
8	11	22
8	11	23
8	11	24
8	11	25
8	11	26
8	11	27
8	11	28
8	12	19
8	12	20
8	12	21
8	12	22
8	12	23
8	12	24
8	12	25
8	12	26
8	12	27
8	12	28
8	12	29
8	13	18
8	13	19
8	13	20
8	13	21
8	13	22
8	13	23
8	13	24
8	13	25
8	13	26
8	13	27
8	13	28
8	13	29
8	13	30
8	13	31
8	13	32
8	14	17
8	14	18
8	14	19
8	14	20
8	14	21
8	14	22
8	14	23
8	14	24
8	14	25
8	14	26
8	14	27
8	14	28
8	14	29
8	14	30
8	14	31
8	14	32
8	14	33
8	15	17
8	15	18
8	15	19
8	15	20
8	15	21
8	15	22
8	15	23
8	15	24
8	15	25
8	15	26
8	15	27
8	15	28
8	15	29
8	15	30
8	15	31
8	15	32
8	15	33
8	15	34
8	16	16
8	16	17
8	16	18
8	16	19
8	16	20
8	16	21
8	16	22
8	16	23
8	16	24
8	16	25
8	16	26
8	16	27
8	16	28
8	16	29
8	16	30
8	16	31
8	16	32
8	16	33
8	16	34
8	16	35
8	17	15
8	17	16
8	17	17
8	17	18
8	17	19
8	17	20
8	17	21
8	17	22
8	17	23
8	17	24
8	17	25
8	17	26
8	17	27
8	17	28
8	17	29
8	17	30
8	17	31
8	17	32
8	17	33
8	17	34
8	17	35
8	18	14
8	18	15
8	18	16
8	18	17
8	18	18
8	18	19
8	18	20
8	18	21
8	18	22
8	18	23
8	18	24
8	18	25
8	18	26
8	18	27
8	18	28
8	18	29
8	18	30
8	18	31
8	18	32
8	18	33
8	19	13
8	19	14
8	19	15
8	19	16
8	19	17
8	19	18
8	19	19
8	19	20
8	19	21
8	19	22
8	19	23
8	19	24
8	19	25
8	19	26
8	19	27
8	19	28
8	19	29
8	19	30
8	20	13
8	20	14
8	20	15
8	20	16
8	20	17
8	20	18
8	20	19
8	20	20
8	20	21
8	20	22
8	20	23
8	20	24
8	20	25
8	20	26
8	20	27
8	21	12
8	21	13
8	21	14
8	21	15
8	21	16
8	21	17
8	21	18
8	21	19
8	21	20
8	21	21
8	21	22
8	21	23
8	21	24
8	22	12
8	22	13
8	22	14
8	22	15
8	22	16
8	22	17
8	22	18
8	22	19
8	22	20
8	22	21
8	22	22
8	23	11
8	23	12
8	23	13
8	23	14
8	23	15
8	23	16
8	23	17
8	23	18
8	23	19
8	24	11
8	24	12
8	24	13
8	24	14
8	24	15
8	24	16
8	25	11
8	25	12
8	25	13
8	25	14
8	26	11
8	26	12
9	9	21
9	9	22
9	9	23
9	9	24
9	10	20
9	10	21
9	10	22
9	10	23
9	10	24
9	10	25
9	10	26
9	10	27
9	11	19
9	11	20
9	11	21
9	11	22
9	11	23
9	11	24
9	11	25
9	11	26
9	11	27
9	11	28
9	12	19
9	12	20
9	12	21
9	12	22
9	12	23
9	12	24
9	12	25
9	12	26
9	12	27
9	12	28
9	12	29
9	13	18
9	13	19
9	13	20
9	13	21
9	13	22
9	13	23
9	13	24
9	13	25
9	13	26
9	13	27
9	13	28
9	13	29
9	13	30
9	13	31
9	13	32
9	14	17
9	14	18
9	14	19
9	14	20
9	14	21
9	14	22
9	14	23
9	14	24
9	14	25
9	14	26
9	14	27
9	14	28
9	14	29
9	14	30
9	14	31
9	14	32
9	14	33
9	15	17
9	15	18
9	15	19
9	15	20
9	15	21
9	15	22
9	15	23
9	15	24
9	15	25
9	15	26
9	15	27
9	15	28
9	15	29
9	15	30
9	15	31
9	15	32
9	15	33
9	15	34
9	16	16
9	16	17
9	16	18
9	16	19
9	16	20
9	16	21
9	16	22
9	16	23
9	16	24
9	16	25
9	16	26
9	16	27
9	16	28
9	16	29
9	16	30
9	16	31
9	16	32
9	16	33
9	16	34
9	16	35
9	17	15
9	17	16
9	17	17
9	17	18
9	17	19
9	17	20
9	17	21
9	17	22
9	17	23
9	17	24
9	17	25
9	17	26
9	17	27
9	17	28
9	17	29
9	17	30
9	17	31
9	17	32
9	17	33
9	17	34
9	18	14
9	18	15
9	18	16
9	18	17
9	18	18
9	18	19
9	18	20
9	18	21
9	18	22
9	18	23
9	18	24
9	18	25
9	18	26
9	18	27
9	18	28
9	18	29
9	18	30
9	18	31
9	18	32
9	18	33
9	19	14
9	19	15
9	19	16
9	19	17
9	19	18
9	19	19
9	19	20
9	19	21
9	19	22
9	19	23
9	19	24
9	19	25
9	19	26
9	19	27
9	19	28
9	20	13
9	20	14
9	20	15
9	20	16
9	20	17
9	20	18
9	20	19
9	20	20
9	20	21
9	20	22
9	20	23
9	20	24
9	20	25
9	20	26
9	21	13
9	21	14
9	21	15
9	21	16
9	21	17
9	21	18
9	21	19
9	21	20
9	21	21
9	21	22
9	21	23
9	21	24
9	22	12
9	22	13
9	22	14
9	22	15
9	22	16
9	22	17
9	22	18
9	22	19
9	22	20
9	22	21
9	22	22
9	23	12
9	23	13
9	23	14
9	23	15
9	23	16
9	23	17
9	23	18
9	23	19
9	24	12
9	24	13
9	24	14
9	24	15
9	24	16
9	25	12
9	25	13
9	25	14
9	26	12
9	26	13
10	9	22
10	9	23
10	9	24
10	9	25
10	10	20
10	10	21
10	10	22
10	10	23
10	10	24
10	10	25
10	10	26
10	11	19
10	11	20
10	11	21
10	11	22
10	11	23
10	11	24
10	11	25
10	11	26
10	11	27
10	12	19
10	12	20
10	12	21
10	12	22
10	12	23
10	12	24
10	12	25
10	12	26
10	12	27
10	12	28
10	12	29
10	13	18
10	13	19
10	13	20
10	13	21
10	13	22
10	13	23
10	13	24
10	13	25
10	13	26
10	13	27
10	13	28
10	13	29
10	13	30
10	13	31
10	14	17
10	14	18
10	14	19
10	14	20
10	14	21
10	14	22
10	14	23
10	14	24
10	14	25
10	14	26
10	14	27
10	14	28
10	14	29
10	14	30
10	14	31
10	14	32
10	14	33
10	15	17
10	15	18
10	15	19
10	15	20
10	15	21
10	15	22
10	15	23
10	15	24
10	15	25
10	15	26
10	15	27
10	15	28
10	15	29
10	15	30
10	15	31
10	15	32
10	15	33
10	15	34
10	16	16
10	16	17
10	16	18
10	16	19
10	16	20
10	16	21
10	16	22
10	16	23
10	16	24
10	16	25
10	16	26
10	16	27
10	16	28
10	16	29
10	16	30
10	16	31
10	16	32
10	16	33
10	16	34
10	16	35
10	17	15
10	17	16
10	17	17
10	17	18
10	17	19
10	17	20
10	17	21
10	17	22
10	17	23
10	17	24
10	17	25
10	17	26
10	17	27
10	17	28
10	17	29
10	17	30
10	17	31
10	17	32
10	17	33
10	17	34
10	17	35
10	18	14
10	18	15
10	18	16
10	18	17
10	18	18
10	18	19
10	18	20
10	18	21
10	18	22
10	18	23
10	18	24
10	18	25
10	18	26
10	18	27
10	18	28
10	18	32
10	18	33
10	19	14
10	19	15
10	19	16
10	19	17
10	19	18
10	19	19
10	19	20
10	19	21
10	19	22
10	19	26
10	19	27
10	19	28
10	19	32
10	20	13
10	20	14
10	20	15
10	20	16
10	20	17
10	20	18
10	20	19
10	20	20
10	20	21
10	20	22
10	20	23
10	20	24
10	20	25
10	20	26
10	21	13
10	21	14
10	21	15
10	21	16
10	21	17
10	21	18
10	21	19
10	21	20
10	21	21
10	21	22
10	21	23
10	21	24
10	22	13
10	22	14
10	22	15
10	22	16
10	22	17
10	22	18
10	22	19
10	22	20
10	22	21
10	23	13
10	23	14
10	23	15
10	23	16
10	23	17
10	23	18
10	24	13
10	24	14
10	24	15
10	24	16
10	25	13
10	25	14
10	26	13
11	9	23
11	9	24
11	10	23
11	10	24
11	10	25
11	10	26
11	11	20
11	11	21
11	11	22
11	11	23
11	11	24
11	11	25
11	11	26
11	11	27
11	12	19
11	12	20
11	12	21
11	12	22
11	12	23
11	12	24
11	12	25
11	12	26
11	12	27
11	12	28
11	13	18
11	13	19
11	13	20
11	13	21
11	13	22
11	13	23
11	13	24
11	13	25
11	13	26
11	13	27
11	13	28
11	13	29
11	13	30
11	14	17
11	14	18
11	14	19
11	14	20
11	14	21
11	14	22
11	14	23
11	14	24
11	14	25
11	14	26
11	14	27
11	14	28
11	14	29
11	14	30
11	14	31
11	14	32
11	15	17
11	15	18
11	15	19
11	15	20
11	15	21
11	15	22
11	15	23
11	15	24
11	15	25
11	15	26
11	15	27
11	15	28
11	15	29
11	15	30
11	15	31
11	15	32
11	15	33
11	16	16
11	16	17
11	16	18
11	16	19
11	16	20
11	16	21
11	16	22
11	16	23
11	16	24
11	16	25
11	16	26
11	16	27
11	16	28
11	16	29
11	16	30
11	16	31
11	16	32
11	16	33
11	16	34
11	17	15
11	17	16
11	17	17
11	17	18
11	17	19
11	17	20
11	17	21
11	17	25
11	17	26
11	17	27
11	17	28
11	17	29
11	17	30
11	17	31
11	17	32
11	17	33
11	17	34
11	17	35
11	18	14
11	18	15
11	18	16
11	18	17
11	18	18
11	18	19
11	18	20
11	18	21
11	18	25
11	18	26
11	18	27
11	18	28
11	18	29
11	18	32
11	18	33
11	19	14
11	19	15
11	19	16
11	19	17
11	19	18
11	19	19
11	19	20
11	19	26
11	19	27
11	19	28
11	20	14
11	20	15
11	20	16
11	20	17
11	20	18
11	20	19
11	20	20
11	20	21
11	20	22
11	20	23
11	21	14
11	21	15
11	21	16
11	21	17
11	21	18
11	21	19
11	21	20
11	21	21
11	21	22
11	21	23
11	21	24
11	22	14
11	22	15
11	22	16
11	22	17
11	22	18
11	22	19
11	22	20
11	22	21
11	23	14
11	23	15
11	23	16
11	23	17
11	24	14
11	24	15
11	25	14
12	9	24
12	10	23
12	10	24
12	10	25
12	11	21
12	11	23
12	11	24
12	11	25
12	11	26
12	12	19
12	12	20
12	12	22
12	12	23
12	12	24
12	12	25
12	12	26
12	12	27
12	13	18
12	13	19
12	13	20
12	13	21
12	13	22
12	13	23
12	13	24
12	13	25
12	13	26
12	13	27
12	13	28
12	13	29
12	14	17
12	14	18
12	14	19
12	14	20
12	14	21
12	14	22
12	14	23
12	14	24
12	14	25
12	14	26
12	14	27
12	14	28
12	14	29
12	14	30
12	14	31
12	15	17
12	15	18
12	15	19
12	15	20
12	15	21
12	15	22
12	15	23
12	15	24
12	15	25
12	15	26
12	15	27
12	15	28
12	15	29
12	15	30
12	15	31
12	15	32
12	15	33
12	16	16
12	16	17
12	16	18
12	16	19
12	16	20
12	16	26
12	16	27
12	16	28
12	16	29
12	16	30
12	16	31
12	16	32
12	16	33
12	16	34
12	17	15
12	17	16
12	17	17
12	17	18
12	17	19
12	17	20
12	17	26
12	17	27
12	17	28
12	17	29
12	17	30
12	17	31
12	17	32
12	17	33
12	17	34
12	18	15
12	18	16
12	18	17
12	18	18
12	18	19
12	18	20
12	18	26
12	18	27
12	18	28
12	18	29
12	18	30
12	18	31
12	18	32
12	18	33
12	18	34
12	19	14
12	19	15
12	19	16
12	19	17
12	19	18
12	19	19
12	19	20
12	19	26
12	19	27
12	19	28
12	19	29
12	19	30
12	20	14
12	20	15
12	20	16
12	20	17
12	20	18
12	20	19
12	20	20
12	20	27
12	20	28
12	21	14
12	21	15
12	21	16
12	21	17
12	21	18
12	21	19
12	21	20
12	22	14
12	22	15
12	22	16
12	22	17
12	22	18
12	22	19
12	23	14
12	23	15
12	24	14
13	9	24
13	10	24
13	10	25
13	11	23
13	11	24
13	11	25
13	11	26
13	12	21
13	12	23
13	12	24
13	12	25
13	12	26
13	12	27
13	13	18
13	13	19
13	13	20
13	13	21
13	13	22
13	13	23
13	13	24
13	13	25
13	13	26
13	13	27
13	13	28
13	14	17
13	14	18
13	14	19
13	14	20
13	14	21
13	14	22
13	14	23
13	14	24
13	14	25
13	14	26
13	14	27
13	14	28
13	14	29
13	14	30
13	15	17
13	15	18
13	15	19
13	15	20
13	15	21
13	15	22
13	15	27
13	15	28
13	15	29
13	15	30
13	15	31
13	15	32
13	16	17
13	16	18
13	16	19
13	16	27
13	16	28
13	16	29
13	16	30
13	16	31
13	16	32
13	16	33
13	16	34
13	17	16
13	17	17
13	17	18
13	17	19
13	17	27
13	17	28
13	17	29
13	17	30
13	17	31
13	17	32
13	17	33
13	17	34
13	18	15
13	18	16
13	18	17
13	18	18
13	18	19
13	18	27
13	18	28
13	18	29
13	18	30
13	18	31
13	18	32
13	18	33
13	18	34
13	19	15
13	19	16
13	19	17
13	19	18
13	19	19
13	19	27
13	19	28
13	19	29
13	19	30
13	19	31
13	19	32
13	19	33
13	19	34
13	20	15
13	20	16
13	20	17
13	20	18
13	20	19
13	20	27
13	20	28
13	20	29
13	21	15
13	21	16
13	21	17
13	21	18
13	21	19
13	22	15
13	22	16
13	22	17
13	22	18
13	22	19
13	23	15
14	10	24
14	11	23
14	11	24
14	11	25
14	12	23
14	12	24
14	12	25
14	12	26
14	12	27
14	13	19
14	13	20
14	13	22
14	13	23
14	13	24
14	13	25
14	13	26
14	13	27
14	13	28
14	14	17
14	14	18
14	14	19
14	14	20
14	14	21
14	14	22
14	14	23
14	14	28
14	14	29
14	15	17
14	15	18
14	15	19
14	15	28
14	15	29
14	15	30
14	15	31
14	16	17
14	16	18
14	16	19
14	16	28
14	16	29
14	16	30
14	16	31
14	16	32
14	16	33
14	17	16
14	17	17
14	17	18
14	17	28
14	17	29
14	17	30
14	17	31
14	17	32
14	17	33
14	18	16
14	18	17
14	18	18
14	18	28
14	18	29
14	18	30
14	18	31
14	18	32
14	18	33
14	18	34
14	19	16
14	19	17
14	19	18
14	19	28
14	19	29
14	19	30
14	19	31
14	19	32
14	19	33
14	19	34
14	20	16
14	20	17
14	20	18
14	20	19
14	20	20
14	20	28
14	20	29
14	20	30
14	20	31
14	20	32
14	20	33
14	21	16
14	21	17
14	21	18
14	21	19
14	22	16
14	22	17
14	22	18
14	22	19
15	11	23
15	11	24
15	12	22
15	12	23
15	12	24
15	12	25
15	12	26
15	13	19
15	13	21
15	13	22
15	13	23
15	13	24
15	14	18
15	14	29
15	15	17
15	15	18
15	15	29
15	15	30
15	16	17
15	16	18
15	16	29
15	16	30
15	16	31
15	16	32
15	17	17
15	17	18
15	17	29
15	17	30
15	17	31
15	17	32
15	17	33
15	18	17
15	18	29
15	18	30
15	18	31
15	18	32
15	18	33
15	19	17
15	19	18
15	19	19
15	19	29
15	19	30
15	19	31
15	19	32
15	19	33
15	20	17
15	20	18
15	20	19
15	20	20
15	20	29
15	20	30
15	20	31
15	20	32
15	20	33
15	21	17
15	21	18
15	21	19
15	22	17
15	22	18
15	22	19
16	11	23
16	11	24
16	12	21
16	12	22
16	12	23
16	12	24
16	12	25
16	16	30
16	16	31
16	17	30
16	17	31
16	17	32
16	18	30
16	18	31
16	18	32
16	19	18
16	19	19
16	19	30
16	19	31
16	19	32
16	20	18
16	20	19
16	20	20
16	20	30
16	20	31
16	20	32
16	21	18
16	21	19
16	22	18
16	22	19
17	18	31
17	19	19
17	19	20
17	20	19
17	20	20
17	21	18
17	21	19
17	22	20
57	15	19
57	16	19
57	17	19
58	14	18
58	14	22
58	14	23
58	15	18
58	15	19
58	15	20
58	16	18
58	16	19
58	16	20
58	17	18
58	17	19
59	13	18
59	13	23
59	14	17
59	14	18
59	14	19
59	14	20
59	14	21
59	14	22
59	14	23
59	14	24
59	15	17
59	15	18
59	15	19
59	15	20
59	15	21
59	15	22
59	15	23
59	15	24
59	16	17
59	16	18
59	16	19
59	16	20
59	16	21
59	16	22
59	16	23
59	17	17
59	17	18
59	17	19
60	12	18
60	13	16
60	13	17
60	13	18
60	13	19
60	13	20
60	13	21
60	13	22
60	13	23
60	14	16
60	14	17
60	14	18
60	14	19
60	14	20
60	14	21
60	14	22
60	14	23
60	14	24
60	15	17
60	15	18
60	15	19
60	15	20
60	15	21
60	15	22
60	15	23
60	15	24
60	15	25
60	16	17
60	16	18
60	16	19
60	16	20
60	16	21
60	16	22
60	16	23
60	17	17
60	17	18
60	17	19
61	12	17
61	12	18
61	12	21
61	12	22
61	13	16
61	13	17
61	13	18
61	13	19
61	13	20
61	13	21
61	13	22
61	13	23
61	13	25
61	14	16
61	14	17
61	14	18
61	14	19
61	14	20
61	14	21
61	14	22
61	14	23
61	14	24
61	15	16
61	15	17
61	15	18
61	15	19
61	15	20
61	15	21
61	15	22
61	15	23
61	15	24
61	16	16
61	16	17
61	16	18
61	16	19
61	16	20
61	16	21
61	16	22
61	16	23
62	11	13
62	12	14
62	12	17
62	12	18
62	12	19
62	12	20
62	12	21
62	12	22
62	12	23
62	13	15
62	13	16
62	13	17
62	13	18
62	13	19
62	13	20
62	13	21
62	13	22
62	13	23
62	13	24
62	14	16
62	14	17
62	14	18
62	14	19
62	14	20
62	14	21
62	14	22
62	14	23
62	14	24
62	15	16
62	15	17
62	15	18
62	15	19
62	15	20
62	15	21
62	15	22
62	15	23
62	15	24
62	16	16
62	16	17
63	10	14
63	11	13
63	11	14
63	11	16
63	11	17
63	11	18
63	11	21
63	11	22
63	12	14
63	12	16
63	12	17
63	12	18
63	12	19
63	12	20
63	12	21
63	12	22
63	12	23
63	12	24
63	13	16
63	13	17
63	13	18
63	13	19
63	13	20
63	13	21
63	13	22
63	13	23
63	13	24
63	13	25
63	14	16
63	14	17
63	14	18
63	14	19
63	14	20
63	14	21
63	14	22
63	14	23
63	14	24
63	15	16
63	15	17
63	15	18
63	15	19
63	15	20
63	15	21
63	15	22
63	15	23
63	15	24
63	15	33
