#i	j	k
0	27	19
0	27	20
0	28	18
0	28	19
0	28	20
0	29	18
0	29	19
0	29	20
0	29	21
0	30	19
0	30	20
0	30	21
0	31	21
0	33	24
0	33	25
0	33	26
0	33	27
0	34	22
0	34	23
0	34	24
0	34	25
0	34	26
0	34	27
0	34	28
0	35	22
0	35	23
0	35	24
0	35	25
0	35	26
0	35	27
0	35	28
0	35	29
0	36	22
0	36	23
0	36	24
0	36	25
0	36	26
0	36	27
0	36	28
0	36	29
0	36	30
0	37	21
0	37	22
0	37	23
0	37	24
0	37	25
0	37	26
0	37	27
0	37	28
0	37	29
0	37	30
0	37	31
0	38	21
0	38	22
0	38	23
0	38	24
0	38	25
0	38	26
0	38	27
0	38	28
0	38	29
0	38	30
0	38	31
0	39	22
0	39	23
0	39	24
0	39	25
0	39	26
0	39	27
0	39	28
0	39	29
0	39	30
0	39	31
0	40	23
0	40	24
0	40	25
0	40	26
0	40	27
0	40	28
0	40	29
0	40	30
0	40	31
0	41	24
0	41	25
0	41	26
0	41	27
0	41	28
0	41	29
0	41	30
0	41	31
0	42	27
0	42	28
0	42	29
0	42	30
0	42	31
0	42	32
0	43	29
0	43	30
0	43	31
1	27	19
1	27	20
1	28	18
1	28	19
1	28	20
1	29	18
1	29	19
1	29	20
1	29	21
1	30	18
1	30	19
1	30	20
1	30	21
1	30	22
1	30	23
1	31	19
1	31	20
1	31	21
1	31	22
1	31	23
1	32	20
1	32	21
1	32	22
1	32	23
1	32	24
1	32	25
1	33	20
1	33	21
1	33	22
1	33	23
1	33	24
1	33	25
1	33	26
1	33	27
1	34	20
1	34	21
1	34	22
1	34	23
1	34	24
1	34	25
1	34	26
1	34	27
1	34	28
1	35	20
1	35	21
1	35	22
1	35	23
1	35	24
1	35	25
1	35	26
1	35	27
1	35	28
1	35	29
1	35	30
1	35	31
1	36	20
1	36	21
1	36	22
1	36	23
1	36	24
1	36	25
1	36	26
1	36	27
1	36	28
1	36	29
1	36	30
1	36	31
1	36	32
1	37	20
1	37	21
1	37	22
1	37	23
1	37	24
1	37	25
1	37	26
1	37	27
1	37	28
1	37	29
1	37	30
1	37	31
1	37	32
1	38	20
1	38	21
1	38	22
1	38	23
1	38	24
1	38	25
1	38	26
1	38	27
1	38	28
1	38	29
1	38	30
1	38	31
1	38	32
1	39	21
1	39	22
1	39	23
1	39	24
1	39	25
1	39	26
1	39	27
1	39	28
1	39	29
1	39	30
1	39	31
1	39	32
1	40	22
1	40	23
1	40	24
1	40	25
1	40	26
1	40	27
1	40	28
1	40	29
1	40	30
1	40	31
1	40	32
1	41	23
1	41	24
1	41	25
1	41	26
1	41	27
1	41	28
1	41	29
1	41	30
1	41	31
1	41	32
1	42	25
1	42	26
1	42	27
1	42	28
1	42	29
1	42	30
1	42	31
1	42	32
1	43	29
1	43	30
1	43	31
2	27	20
2	28	18
2	28	19
2	28	20
2	28	21
2	28	24
2	29	18
2	29	19
2	29	20
2	29	21
2	29	22
2	29	23
2	29	24
2	30	17
2	30	18
2	30	19
2	30	20
2	30	21
2	30	22
2	30	23
2	30	24
2	30	25
2	31	18
2	31	19
2	31	20
2	31	21
2	31	22
2	31	23
2	31	24
2	31	25
2	32	19
2	32	20
2	32	21
2	32	22
2	32	23
2	32	24
2	32	25
2	32	26
2	33	19
2	33	20
2	33	21
2	33	22
2	33	23
2	33	24
2	33	25
2	33	26
2	33	27
2	33	28
2	34	19
2	34	20
2	34	21
2	34	22
2	34	23
2	34	24
2	34	25
2	34	26
2	34	27
2	34	28
2	34	29
2	35	19
2	35	20
2	35	21
2	35	22
2	35	23
2	35	24
2	35	25
2	35	26
2	35	27
2	35	28
2	35	29
2	35	30
2	36	19
2	36	20
2	36	21
2	36	22
2	36	23
2	36	24
2	36	25
2	36	26
2	36	27
2	36	28
2	36	29
2	36	30
2	36	31
2	37	19
2	37	20
2	37	21
2	37	22
2	37	23
2	37	24
2	37	25
2	37	26
2	37	27
2	37	28
2	37	29
2	37	30
2	37	31
2	37	32
2	38	19
2	38	20
2	38	21
2	38	22
2	38	23
2	38	24
2	38	25
2	38	26
2	38	27
2	38	28
2	38	29
2	38	30
2	38	31
2	38	32
2	39	20
2	39	21
2	39	22
2	39	23
2	39	24
2	39	25
2	39	26
2	39	27
2	39	28
2	39	29
2	39	30
2	39	31
2	39	32
2	40	21
2	40	22
2	40	23
2	40	24
2	40	25
2	40	26
2	40	27
2	40	28
2	40	29
2	40	30
2	40	31
2	40	32
2	41	23
2	41	24
2	41	25
2	41	26
2	41	27
2	41	28
2	41	29
2	41	30
2	41	31
2	41	32
2	42	24
2	42	25
2	42	26
2	42	27
2	42	28
2	42	29
2	42	30
2	42	31
2	42	32
2	43	28
2	43	29
2	43	30
2	43	31
3	28	18
3	28	19
3	28	20
3	28	21
3	28	22
3	28	23
3	28	24
3	29	17
3	29	18
3	29	19
3	29	20
3	29	21
3	29	22
3	29	23
3	29	24
3	29	25
3	30	17
3	30	18
3	30	19
3	30	20
3	30	21
3	30	22
3	30	23
3	30	24
3	30	25
3	31	17
3	31	18
3	31	19
3	31	20
3	31	21
3	31	22
3	31	23
3	31	24
3	31	25
3	32	18
3	32	19
3	32	20
3	32	21
3	32	22
3	32	23
3	32	24
3	32	25
3	32	26
3	33	18
3	33	19
3	33	20
3	33	21
3	33	22
3	33	23
3	33	24
3	33	25
3	33	26
3	33	27
3	33	28
3	34	18
3	34	19
3	34	20
3	34	21
3	34	22
3	34	23
3	34	24
3	34	25
3	34	26
3	34	27
3	34	28
3	34	29
3	35	18
3	35	19
3	35	20
3	35	21
3	35	22
3	35	23
3	35	24
3	35	25
3	35	26
3	35	27
3	35	28
3	35	29
3	35	30
3	36	18
3	36	19
3	36	20
3	36	21
3	36	22
3	36	23
3	36	24
3	36	25
3	36	26
3	36	27
3	36	28
3	36	29
3	36	30
3	37	18
3	37	19
3	37	20
3	37	21
3	37	22
3	37	23
3	37	24
3	37	25
3	37	26
3	37	27
3	37	28
3	37	29
3	37	30
3	37	31
3	37	32
3	38	18
3	38	19
3	38	20
3	38	21
3	38	22
3	38	23
3	38	24
3	38	25
3	38	26
3	38	27
3	38	28
3	38	29
3	38	30
3	38	31
3	38	32
3	39	19
3	39	20
3	39	21
3	39	22
3	39	23
3	39	24
3	39	25
3	39	26
3	39	27
3	39	28
3	39	29
3	39	30
3	39	31
3	39	32
3	39	33
3	40	20
3	40	21
3	40	22
3	40	23
3	40	24
3	40	25
3	40	26
3	40	27
3	40	28
3	40	29
3	40	30
3	40	31
3	40	32
3	40	33
3	41	21
3	41	22
3	41	23
3	41	24
3	41	25
3	41	26
3	41	27
3	41	28
3	41	29
3	41	30
3	41	31
3	41	32
3	41	33
3	42	23
3	42	24
3	42	25
3	42	26
3	42	27
3	42	28
3	42	29
3	42	30
3	42	31
3	42	32
3	42	33
3	43	27
3	43	28
3	43	29
3	43	30
3	43	31
3	43	32
4	28	19
4	28	20
4	28	21
4	28	22
4	28	23
4	29	17
4	29	18
4	29	19
4	29	20
4	29	21
4	29	22
4	29	23
4	29	24
4	30	16
4	30	17
4	30	18
4	30	19
4	30	20
4	30	21
4	30	22
4	30	23
4	30	24
4	30	25
4	31	16
4	31	17
4	31	18
4	31	19
4	31	20
4	31	21
4	31	22
4	31	23
4	31	24
4	31	25
4	32	17
4	32	18
4	32	19
4	32	20
4	32	21
4	32	22
4	32	23
4	32	24
4	32	25
4	32	26
4	32	27
4	33	17
4	33	18
4	33	19
4	33	20
4	33	21
4	33	22
4	33	23
4	33	24
4	33	25
4	33	26
4	33	27
4	33	28
4	33	29
4	34	17
4	34	18
4	34	19
4	34	20
4	34	21
4	34	22
4	34	23
4	34	24
4	34	25
4	34	26
4	34	27
4	34	28
4	34	29
4	35	17
4	35	18
4	35	19
4	35	20
4	35	21
4	35	22
4	35	23
4	35	24
4	35	25
4	35	26
4	35	27
4	35	28
4	35	29
4	35	30
4	36	18
4	36	19
4	36	20
4	36	21
4	36	22
4	36	23
4	36	24
4	36	25
4	36	26
4	36	27
4	36	28
4	36	29
4	36	30
4	37	18
4	37	19
4	37	20
4	37	21
4	37	22
4	37	23
4	37	24
4	37	25
4	37	26
4	37	27
4	37	28
4	37	29
4	37	30
4	37	31
4	37	32
4	38	17
4	38	18
4	38	19
4	38	20
4	38	21
4	38	22
4	38	23
4	38	24
4	38	25
4	38	26
4	38	27
4	38	28
4	38	29
4	38	30
4	38	31
4	38	32
4	39	18
4	39	19
4	39	20
4	39	21
4	39	22
4	39	23
4	39	24
4	39	25
4	39	26
4	39	27
4	39	28
4	39	29
4	39	30
4	39	31
4	39	32
4	39	33
4	40	18
4	40	19
4	40	20
4	40	21
4	40	22
4	40	23
4	40	24
4	40	25
4	40	26
4	40	27
4	40	28
4	40	29
4	40	30
4	40	31
4	40	32
4	40	33
4	41	19
4	41	20
4	41	21
4	41	22
4	41	23
4	41	24
4	41	25
4	41	26
4	41	27
4	41	28
4	41	29
4	41	30
4	41	31
4	41	32
4	41	33
4	42	21
4	42	22
4	42	23
4	42	24
4	42	25
4	42	26
4	42	27
4	42	28
4	42	29
4	42	30
4	42	31
4	42	32
4	42	33
4	43	23
4	43	24
4	43	25
4	43	26
4	43	27
4	43	28
4	43	29
4	43	30
4	43	31
4	43	32
5	28	22
5	29	17
5	29	18
5	29	19
5	29	20
5	29	21
5	29	22
5	29	23
5	29	24
5	30	16
5	30	17
5	30	18
5	30	19
5	30	20
5	30	21
5	30	22
5	30	23
5	30	24
5	30	25
5	31	15
5	31	16
5	31	17
5	31	18
5	31	19
5	31	20
5	31	21
5	31	22
5	31	23
5	31	24
5	31	25
5	31	26
5	32	16
5	32	17
5	32	18
5	32	19
5	32	20
5	32	21
5	32	22
5	32	23
5	32	24
5	32	25
5	32	26
5	32	27
5	33	16
5	33	17
5	33	18
5	33	19
5	33	20
5	33	21
5	33	22
5	33	23
5	33	24
5	33	25
5	33	26
5	33	27
5	33	28
5	34	16
5	34	17
5	34	18
5	34	19
5	34	20
5	34	21
5	34	22
5	34	23
5	34	24
5	34	25
5	34	26
5	34	27
5	34	28
5	34	29
5	35	17
5	35	18
5	35	19
5	35	20
5	35	21
5	35	22
5	35	23
5	35	24
5	35	25
5	35	26
5	35	27
5	35	28
5	35	29
5	36	17
5	36	18
5	36	19
5	36	20
5	36	21
5	36	22
5	36	23
5	36	24
5	36	25
5	36	26
5	36	27
5	36	28
5	36	29
5	36	30
5	37	17
5	37	18
5	37	19
5	37	20
5	37	21
5	37	22
5	37	23
5	37	24
5	37	25
5	37	26
5	37	27
5	37	28
5	37	29
5	37	30
5	37	31
5	38	17
5	38	18
5	38	19
5	38	20
5	38	21
5	38	22
5	38	23
5	38	24
5	38	25
5	38	26
5	38	27
5	38	28
5	38	29
5	38	30
5	38	31
5	38	32
5	39	17
5	39	18
5	39	19
5	39	20
5	39	21
5	39	22
5	39	23
5	39	24
5	39	25
5	39	26
5	39	27
5	39	28
5	39	29
5	39	30
5	39	31
5	39	32
5	40	18
5	40	19
5	40	20
5	40	21
5	40	22
5	40	23
5	40	24
5	40	25
5	40	26
5	40	27
5	40	28
5	40	29
5	40	30
5	40	31
5	40	32
5	41	18
5	41	19
5	41	20
5	41	21
5	41	22
5	41	23
5	41	24
5	41	25
5	41	26
5	41	27
5	41	28
5	41	29
5	41	30
5	41	31
5	41	32
5	42	19
5	42	20
5	42	21
5	42	22
5	42	23
5	42	24
5	42	25
5	42	26
5	42	27
5	42	28
5	42	29
5	42	30
5	42	31
5	42	32
5	43	20
5	43	21
5	43	22
5	43	23
5	43	24
5	43	25
5	43	26
5	43	27
5	43	28
5	43	29
5	43	30
5	43	31
5	43	32
5	43	33
5	44	22
5	44	23
5	44	24
5	44	34
5	44	35
5	45	34
5	45	35
5	46	34
5	46	35
6	29	19
6	29	20
6	29	21
6	29	22
6	29	23
6	29	24
6	30	15
6	30	16
6	30	17
6	30	18
6	30	19
6	30	20
6	30	21
6	30	22
6	30	23
6	30	24
6	30	25
6	31	15
6	31	16
6	31	17
6	31	18
6	31	19
6	31	20
6	31	21
6	31	22
6	31	23
6	31	24
6	31	25
6	31	26
6	31	27
6	32	15
6	32	16
6	32	17
6	32	18
6	32	19
6	32	20
6	32	21
6	32	22
6	32	23
6	32	24
6	32	25
6	32	26
6	32	27
6	32	28
6	33	15
6	33	16
6	33	17
6	33	18
6	33	19
6	33	20
6	33	21
6	33	22
6	33	23
6	33	24
6	33	25
6	33	26
6	33	27
6	33	28
6	34	16
6	34	17
6	34	18
6	34	19
6	34	20
6	34	21
6	34	22
6	34	23
6	34	24
6	34	25
6	34	26
6	34	27
6	34	28
6	34	29
6	35	16
6	35	17
6	35	18
6	35	19
6	35	20
6	35	21
6	35	22
6	35	23
6	35	24
6	35	25
6	35	26
6	35	27
6	35	28
6	35	29
6	36	16
6	36	17
6	36	18
6	36	19
6	36	20
6	36	21
6	36	22
6	36	23
6	36	24
6	36	25
6	36	26
6	36	27
6	36	28
6	36	29
6	36	30
6	37	17
6	37	18
6	37	19
6	37	20
6	37	21
6	37	22
6	37	23
6	37	24
6	37	25
6	37	26
6	37	27
6	37	28
6	37	29
6	37	30
6	38	17
6	38	18
6	38	19
6	38	20
6	38	21
6	38	22
6	38	23
6	38	24
6	38	25
6	38	26
6	38	27
6	38	28
6	38	29
6	38	30
6	38	31
6	39	17
6	39	18
6	39	19
6	39	20
6	39	21
6	39	22
6	39	23
6	39	24
6	39	25
6	39	26
6	39	27
6	39	28
6	39	29
6	39	30
6	39	31
6	40	17
6	40	18
6	40	19
6	40	20
6	40	21
6	40	22
6	40	23
6	40	24
6	40	25
6	40	26
6	40	27
6	40	28
6	40	29
6	40	30
6	40	31
6	41	18
6	41	19
6	41	20
6	41	21
6	41	22
6	41	23
6	41	24
6	41	25
6	41	26
6	41	27
6	41	28
6	41	29
6	41	30
6	41	31
6	42	19
6	42	20
6	42	21
6	42	22
6	42	23
6	42	24
6	42	25
6	42	26
6	42	27
6	42	28
6	42	29
6	42	30
6	42	31
6	42	32
6	43	20
6	43	21
6	43	22
6	43	23
6	43	24
6	43	25
6	43	26
6	43	27
6	43	28
6	43	29
6	43	30
6	43	31
6	43	32
6	43	33
6	43	34
6	43	35
6	44	21
6	44	22
6	44	23
6	44	24
6	44	25
6	44	27
6	44	28
6	44	29
6	44	32
6	44	33
6	44	34
6	44	35
6	44	36
6	45	33
6	45	34
6	45	35
6	45	36
6	46	33
6	46	34
6	46	35
6	46	36
6	47	33
6	47	34
6	47	35
6	47	36
6	48	34
6	48	35
7	29	22
7	29	23
7	30	15
7	30	16
7	30	17
7	30	18
7	30	19
7	30	20
7	30	21
7	30	22
7	30	23
7	30	24
7	30	25
7	31	14
7	31	15
7	31	16
7	31	17
7	31	18
7	31	19
7	31	20
7	31	21
7	31	22
7	31	23
7	31	24
7	31	25
7	31	26
7	31	27
7	31	28
7	32	14
7	32	15
7	32	16
7	32	17
7	32	18
7	32	19
7	32	20
7	32	21
7	32	22
7	32	23
7	32	24
7	32	25
7	32	26
7	32	27
7	32	28
7	33	15
7	33	16
7	33	17
7	33	18
7	33	19
7	33	20
7	33	21
7	33	22
7	33	23
7	33	24
7	33	25
7	33	26
7	33	27
7	33	28
7	34	15
7	34	16
7	34	17
7	34	18
7	34	19
7	34	20
7	34	21
7	34	22
7	34	23
7	34	24
7	34	25
7	34	26
7	34	27
7	34	28
7	34	29
7	35	15
7	35	16
7	35	17
7	35	18
7	35	19
7	35	20
7	35	21
7	35	22
7	35	23
7	35	24
7	35	25
7	35	26
7	35	27
7	35	28
7	35	29
7	36	15
7	36	16
7	36	17
7	36	18
7	36	19
7	36	20
7	36	21
7	36	22
7	36	23
7	36	24
7	36	25
7	36	26
7	36	27
7	36	28
7	36	29
7	37	16
7	37	17
7	37	18
7	37	19
7	37	20
7	37	21
7	37	22
7	37	23
7	37	24
7	37	25
7	37	26
7	37	27
7	37	28
7	37	29
7	38	16
7	38	17
7	38	18
7	38	19
7	38	20
7	38	21
7	38	22
7	38	23
7	38	24
7	38	25
7	38	26
7	38	27
7	38	28
7	38	29
7	38	30
7	38	31
7	39	17
7	39	18
7	39	19
7	39	20
7	39	21
7	39	22
7	39	23
7	39	24
7	39	25
7	39	26
7	39	27
7	39	28
7	39	29
7	39	30
7	39	31
7	40	17
7	40	18
7	40	19
7	40	20
7	40	21
7	40	22
7	40	23
7	40	24
7	40	25
7	40	26
7	40	27
7	40	28
7	40	29
7	40	30
7	40	31
7	41	18
7	41	19
7	41	20
7	41	21
7	41	22
7	41	23
7	41	24
7	41	25
7	41	26
7	41	27
7	41	28
7	41	29
7	41	30
7	41	31
7	42	19
7	42	20
7	42	21
7	42	22
7	42	23
7	42	24
7	42	25
7	42	26
7	42	27
7	42	28
7	42	29
7	42	30
7	42	31
7	42	32
7	42	34
7	42	35
7	42	36
7	43	19
7	43	20
7	43	21
7	43	22
7	43	23
7	43	24
7	43	25
7	43	26
7	43	27
7	43	28
7	43	29
7	43	30
7	43	31
7	43	32
7	43	33
7	43	34
7	43	35
7	43	36
7	44	20
7	44	21
7	44	22
7	44	23
7	44	24
7	44	27
7	44	28
7	44	29
7	44	30
7	44	31
7	44	32
7	44	33
7	44	34
7	44	35
7	44	36
7	45	21
7	45	32
7	45	33
7	45	34
7	45	35
7	45	36
7	46	32
7	46	33
7	46	34
7	46	35
7	46	36
7	47	32
7	47	33
7	47	34
7	47	35
7	47	36
7	47	37
7	48	33
7	48	34
7	48	35
7	48	36
8	30	19
8	30	20
8	30	21
8	30	22
8	30	23
8	30	24
8	31	14
8	31	15
8	31	16
8	31	17
8	31	18
8	31	19
8	31	20
8	31	21
8	31	22
8	31	23
8	31	24
8	31	25
8	31	26
8	31	27
8	31	28
8	32	14
8	32	15
8	32	16
8	32	17
8	32	18
8	32	19
8	32	20
8	32	21
8	32	22
8	32	23
8	32	24
8	32	25
8	32	26
8	32	27
8	32	28
8	33	14
8	33	15
8	33	16
8	33	17
8	33	18
8	33	19
8	33	20
8	33	21
8	33	22
8	33	23
8	33	24
8	33	25
8	33	26
8	33	27
8	33	28
8	34	14
8	34	15
8	34	16
8	34	17
8	34	18
8	34	19
8	34	20
8	34	21
8	34	22
8	34	23
8	34	24
8	34	25
8	34	26
8	34	27
8	34	28
8	35	14
8	35	15
8	35	16
8	35	17
8	35	18
8	35	19
8	35	20
8	35	21
8	35	22
8	35	23
8	35	24
8	35	25
8	35	26
8	35	27
8	35	28
8	35	29
8	36	14
8	36	15
8	36	16
8	36	17
8	36	18
8	36	19
8	36	20
8	36	21
8	36	22
8	36	23
8	36	24
8	36	25
8	36	26
8	36	27
8	36	28
8	36	29
8	37	16
8	37	17
8	37	18
8	37	19
8	37	20
8	37	21
8	37	22
8	37	23
8	37	24
8	37	25
8	37	26
8	37	27
8	37	28
8	37	29
8	37	30
8	38	16
8	38	17
8	38	18
8	38	19
8	38	20
8	38	21
8	38	22
8	38	23
8	38	24
8	38	25
8	38	26
8	38	27
8	38	28
8	38	29
8	38	30
8	39	17
8	39	18
8	39	19
8	39	20
8	39	21
8	39	22
8	39	23
8	39	24
8	39	25
8	39	26
8	39	27
8	39	28
8	39	29
8	39	30
8	40	17
8	40	18
8	40	19
8	40	20
8	40	21
8	40	22
8	40	23
8	40	24
8	40	25
8	40	26
8	40	27
8	40	28
8	40	29
8	40	30
8	41	18
8	41	19
8	41	20
8	41	21
8	41	22
8	41	23
8	41	24
8	41	25
8	41	26
8	41	27
8	41	28
8	41	29
8	41	30
8	42	18
8	42	19
8	42	20
8	42	21
8	42	22
8	42	23
8	42	24
8	42	25
8	42	26
8	42	27
8	42	28
8	42	29
8	42	30
8	42	31
8	42	32
8	42	34
8	42	35
8	42	36
8	43	19
8	43	20
8	43	21
8	43	22
8	43	23
8	43	24
8	43	25
8	43	26
8	43	27
8	43	28
8	43	29
8	43	30
8	43	31
8	43	32
8	43	33
8	43	34
8	43	35
8	43	36
8	44	20
8	44	21
8	44	22
8	44	23
8	44	27
8	44	28
8	44	29
8	44	30
8	44	31
8	44	32
8	44	33
8	44	34
8	44	35
8	44	36
8	45	32
8	45	33
8	45	34
8	45	35
8	45	36
8	46	31
8	46	32
8	46	33
8	46	34
8	46	35
8	46	36
8	47	32
8	47	33
8	47	34
8	47	35
8	47	36
8	48	32
8	48	33
8	48	34
8	48	35
8	48	36
8	48	37
8	49	34
8	49	35
8	49	36
9	31	15
9	31	16
9	31	17
9	31	18
9	31	19
9	31	20
9	31	21
9	31	22
9	31	23
9	31	24
9	31	25
9	31	26
9	32	14
9	32	15
9	32	16
9	32	17
9	32	18
9	32	19
9	32	20
9	32	21
9	32	22
9	32	23
9	32	24
9	32	25
9	32	26
9	32	27
9	32	28
9	33	13
9	33	14
9	33	15
9	33	16
9	33	17
9	33	18
9	33	19
9	33	20
9	33	21
9	33	22
9	33	23
9	33	24
9	33	25
9	33	26
9	33	27
9	33	28
9	34	13
9	34	14
9	34	15
9	34	16
9	34	17
9	34	18
9	34	19
9	34	20
9	34	21
9	34	22
9	34	23
9	34	24
9	34	25
9	34	26
9	34	27
9	34	28
9	35	14
9	35	15
9	35	16
9	35	17
9	35	18
9	35	19
9	35	20
9	35	21
9	35	22
9	35	23
9	35	24
9	35	25
9	35	26
9	35	27
9	35	28
9	35	29
9	36	14
9	36	15
9	36	16
9	36	17
9	36	18
9	36	19
9	36	20
9	36	21
9	36	22
9	36	23
9	36	24
9	36	25
9	36	26
9	36	27
9	36	28
9	36	29
9	37	15
9	37	16
9	37	17
9	37	18
9	37	19
9	37	20
9	37	21
9	37	22
9	37	23
9	37	24
9	37	25
9	37	26
9	37	27
9	37	28
9	37	29
9	37	30
9	38	17
9	38	18
9	38	19
9	38	20
9	38	21
9	38	22
9	38	23
9	38	24
9	38	25
9	38	26
9	38	27
9	38	28
9	38	29
9	38	30
9	39	17
9	39	18
9	39	19
9	39	20
9	39	21
9	39	22
9	39	23
9	39	24
9	39	25
9	39	26
9	39	27
9	39	28
9	39	29
9	40	17
9	40	18
9	40	19
9	40	20
9	40	21
9	40	22
9	40	23
9	40	24
9	40	25
9	40	26
9	40	27
9	40	28
9	40	29
9	41	18
9	41	19
9	41	20
9	41	21
9	41	22
9	41	23
9	41	24
9	41	25
9	41	26
9	41	27
9	41	28
9	41	29
9	41	35
9	42	18
9	42	19
9	42	20
9	42	21
9	42	22
9	42	23
9	42	24
9	42	25
9	42	26
9	42	27
9	42	28
9	42	29
9	42	30
9	42	31
9	42	34
9	42	35
9	42	36
9	43	19
9	43	20
9	43	21
9	43	22
9	43	23
9	43	24
9	43	26
9	43	27
9	43	28
9	43	29
9	43	30
9	43	31
9	43	32
9	43	33
9	43	34
9	43	35
9	43	36
9	43	37
9	44	20
9	44	21
9	44	28
9	44	32
9	44	33
9	44	34
9	44	35
9	44	36
9	44	37
9	45	31
9	45	32
9	45	33
9	45	34
9	45	35
9	45	36
9	45	37
9	46	31
9	46	32
9	46	33
9	46	34
9	46	35
9	46	36
9	46	37
9	47	31
9	47	32
9	47	33
9	47	34
9	47	35
9	47	36
9	47	37
9	47	38
9	48	32
9	48	33
9	48	34
9	48	35
9	48	36
9	48	37
9	48	38
9	48	39
9	48	40
9	48	41
9	49	33
9	49	34
9	49	35
9	49	36
9	49	37
9	49	38
9	49	39
9	49	40
9	49	41
9	50	42
10	31	18
10	31	19
10	31	20
10	31	21
10	31	22
10	31	23
10	32	15
10	32	16
10	32	17
10	32	18
10	32	19
10	32	20
10	32	21
10	32	22
10	32	23
10	32	24
10	32	25
10	32	26
10	32	27
10	32	28
10	33	14
10	33	15
10	33	16
10	33	17
10	33	18
10	33	19
10	33	20
10	33	21
10	33	22
10	33	23
10	33	24
10	33	25
10	33	26
10	33	27
10	33	28
10	34	13
10	34	14
10	34	15
10	34	16
10	34	17
10	34	18
10	34	19
10	34	20
10	34	21
10	34	22
10	34	23
10	34	24
10	34	25
10	34	26
10	34	27
10	34	28
10	35	14
10	35	15
10	35	16
10	35	17
10	35	18
10	35	19
10	35	20
10	35	21
10	35	22
10	35	23
10	35	24
10	35	25
10	35	26
10	35	27
10	35	28
10	36	14
10	36	15
10	36	16
10	36	17
10	36	18
10	36	19
10	36	20
10	36	21
10	36	22
10	36	23
10	36	24
10	36	25
10	36	26
10	36	27
10	36	28
10	37	17
10	37	18
10	37	19
10	37	20
10	37	21
10	37	22
10	37	23
10	37	24
10	37	25
10	37	26
10	37	27
10	37	28
10	37	29
10	37	30
10	38	18
10	38	19
10	38	20
10	38	21
10	38	22
10	38	23
10	38	24
10	38	25
10	38	26
10	38	27
10	38	28
10	38	29
10	39	18
10	39	19
10	39	20
10	39	21
10	39	22
10	39	23
10	39	24
10	39	25
10	39	26
10	39	27
10	39	28
10	39	29
10	40	18
10	40	19
10	40	20
10	40	21
10	40	22
10	40	23
10	40	24
10	40	25
10	40	26
10	40	27
10	40	28
10	40	29
10	41	18
10	41	19
10	41	20
10	41	21
10	41	22
10	41	23
10	41	24
10	41	25
10	41	26
10	41	27
10	41	28
10	41	34
10	41	35
10	42	19
10	42	20
10	42	21
10	42	22
10	42	23
10	42	24
10	42	26
10	42	27
10	42	28
10	42	33
10	42	34
10	42	35
10	42	36
10	43	19
10	43	20
10	43	21
10	43	22
10	43	28
10	43	32
10	43	33
10	43	34
10	43	35
10	43	36
10	43	37
10	44	20
10	44	32
10	44	33
10	44	34
10	44	35
10	44	36
10	44	37
10	44	38
10	45	31
10	45	32
10	45	33
10	45	34
10	45	35
10	45	36
10	45	37
10	45	38
10	46	31
10	46	32
10	46	33
10	46	34
10	46	35
10	46	36
10	46	37
10	46	38
10	46	39
10	47	31
10	47	32
10	47	33
10	47	34
10	47	35
10	47	36
10	47	37
10	47	38
10	47	39
10	47	40
10	47	41
10	47	42
10	47	43
10	47	44
10	48	31
10	48	32
10	48	33
10	48	34
10	48	35
10	48	36
10	48	37
10	48	38
10	48	39
10	48	40
10	48	41
10	48	42
10	48	43
10	49	33
10	49	34
10	49	35
10	49	36
10	49	37
10	49	38
10	49	39
10	49	40
10	49	41
10	49	42
10	49	43
10	50	36
10	50	37
10	50	40
10	50	41
10	50	42
10	50	43
11	32	17
11	32	18
11	32	19
11	32	20
11	32	21
11	32	22
11	32	23
11	32	24
11	33	15
11	33	16
11	33	17
11	33	18
11	33	19
11	33	20
11	33	21
11	33	22
11	33	23
11	33	24
11	33	25
11	33	26
11	33	27
11	33	28
11	34	14
11	34	15
11	34	16
11	34	17
11	34	18
11	34	19
11	34	20
11	34	21
11	34	22
11	34	23
11	34	24
11	34	25
11	34	26
11	34	27
11	34	28
11	35	14
11	35	15
11	35	16
11	35	17
11	35	18
11	35	19
11	35	20
11	35	21
11	35	22
11	35	23
11	35	24
11	35	25
11	35	26
11	35	27
11	35	28
11	36	14
11	36	15
11	36	16
11	36	17
11	36	18
11	36	19
11	36	20
11	36	21
11	36	22
11	36	23
11	36	24
11	36	25
11	36	26
11	36	27
11	37	18
11	37	19
11	37	20
11	37	21
11	37	22
11	37	23
11	37	24
11	37	25
11	37	26
11	37	27
11	38	19
11	38	20
11	38	21
11	38	22
11	38	23
11	38	24
11	38	25
11	38	26
11	38	27
11	38	28
11	39	19
11	39	20
11	39	21
11	39	22
11	39	23
11	39	24
11	39	25
11	39	26
11	39	27
11	39	28
11	40	19
11	40	20
11	40	21
11	40	22
11	40	23
11	40	24
11	40	25
11	40	26
11	40	27
11	40	28
11	41	19
11	41	20
11	41	21
11	41	22
11	41	23
11	41	24
11	41	27
11	41	28
11	41	34
11	41	35
11	42	19
11	42	20
11	42	21
11	42	32
11	42	33
11	42	34
11	42	35
11	42	36
11	43	19
11	43	20
11	43	32
11	43	33
11	43	34
11	43	35
11	43	36
11	43	37
11	44	31
11	44	32
11	44	33
11	44	34
11	44	35
11	44	36
11	44	37
11	44	38
11	45	30
11	45	31
11	45	32
11	45	33
11	45	34
11	45	35
11	45	36
11	45	37
11	45	38
11	45	39
11	46	30
11	46	31
11	46	32
11	46	33
11	46	34
11	46	35
11	46	36
11	46	37
11	46	38
11	46	39
11	46	40
11	46	41
11	46	42
11	46	43
11	47	28
11	47	29
11	47	30
11	47	31
11	47	32
11	47	33
11	47	34
11	47	35
11	47	36
11	47	37
11	47	38
11	47	39
11	47	40
11	47	41
11	47	42
11	47	43
11	47	44
11	48	28
11	48	29
11	48	30
11	48	31
11	48	32
11	48	33
11	48	34
11	48	35
11	48	36
11	48	37
11	48	38
11	48	39
11	48	40
11	48	41
11	48	42
11	48	43
11	48	44
11	49	29
11	49	30
11	49	31
11	49	32
11	49	33
11	49	34
11	49	35
11	49	36
11	49	37
11	49	38
11	49	39
11	49	40
11	49	41
11	49	42
11	49	43
11	49	44
11	50	36
11	50	37
11	50	38
11	50	39
11	50	40
11	50	41
11	50	42
11	50	43
11	50	44
12	32	18
12	32	19
12	32	20
12	32	21
12	32	22
12	33	17
12	33	18
12	33	19
12	33	20
12	33	21
12	33	22
12	33	23
12	33	24
12	33	25
12	33	27
12	33	28
12	34	16
12	34	17
12	34	18
12	34	19
12	34	20
12	34	21
12	34	22
12	34	23
12	34	24
12	34	25
12	34	26
12	34	27
12	34	28
12	35	16
12	35	17
12	35	18
12	35	19
12	35	20
12	35	21
12	35	22
12	35	23
12	35	24
12	35	25
12	35	26
12	35	27
12	35	28
12	35	29
12	36	18
12	36	19
12	36	20
12	36	21
12	36	22
12	36	23
12	36	24
12	36	25
12	36	26
12	37	20
12	37	21
12	37	22
12	37	23
12	37	24
12	37	25
12	37	26
12	38	20
12	38	21
12	38	22
12	38	23
12	38	24
12	38	25
12	39	21
12	39	22
12	39	23
12	39	24
12	39	25
12	40	21
12	40	22
12	40	23
12	41	35
12	42	33
12	42	34
12	42	35
12	42	36
12	43	32
12	43	33
12	43	34
12	43	35
12	43	36
12	43	37
12	44	30
12	44	31
12	44	32
12	44	33
12	44	34
12	44	35
12	44	36
12	44	37
12	44	38
12	45	28
12	45	29
12	45	30
12	45	31
12	45	32
12	45	33
12	45	34
12	45	35
12	45	36
12	45	37
12	45	38
12	45	39
12	46	27
12	46	28
12	46	29
12	46	30
12	46	31
12	46	32
12	46	33
12	46	34
12	46	35
12	46	36
12	46	37
12	46	38
12	46	39
12	46	40
12	46	41
12	46	42
12	46	43
12	47	27
12	47	28
12	47	29
12	47	30
12	47	31
12	47	32
12	47	33
12	47	34
12	47	35
12	47	36
12	47	37
12	47	38
12	47	39
12	47	40
12	47	41
12	47	42
12	47	43
12	47	44
12	48	28
12	48	29
12	48	30
12	48	31
12	48	32
12	48	33
12	48	34
12	48	35
12	48	36
12	48	37
12	48	38
12	48	39
12	48	40
12	48	41
12	48	42
12	48	43
12	48	44
12	49	29
12	49	30
12	49	31
12	49	32
12	49	33
12	49	34
12	49	35
12	49	36
12	49	37
12	49	38
12	49	39
12	49	40
12	49	41
12	49	42
12	49	43
12	49	44
12	50	36
12	50	37
12	50	38
12	50	39
12	50	40
12	50	41
12	50	42
12	50	43
12	50	44
12	51	38
12	51	39
12	51	41
12	51	42
12	51	43
13	33	18
13	33	19
13	33	20
13	33	21
13	33	22
13	33	23
13	34	18
13	34	19
13	34	20
13	34	21
13	34	22
13	34	23
13	34	24
13	34	28
13	35	19
13	35	20
13	35	21
13	35	22
13	35	27
13	41	35
13	42	33
13	42	34
13	42	35
13	42	36
13	43	31
13	43	32
13	43	33
13	43	34
13	43	35
13	43	36
13	43	37
13	44	29
13	44	30
13	44	31
13	44	32
13	44	33
13	44	34
13	44	35
13	44	36
13	44	37
13	44	38
13	45	27
13	45	28
13	45	29
13	45	30
13	45	31
13	45	32
13	45	33
13	45	34
13	45	35
13	45	36
13	45	37
13	45	38
13	45	39
13	45	40
13	45	41
13	45	42
13	45	43
13	46	27
13	46	28
13	46	29
13	46	30
13	46	31
13	46	32
13	46	33
13	46	34
13	46	35
13	46	36
13	46	37
13	46	38
13	46	39
13	46	40
13	46	41
13	46	42
13	46	43
13	47	27
13	47	28
13	47	29
13	47	30
13	47	31
13	47	32
13	47	33
13	47	34
13	47	35
13	47	36
13	47	37
13	47	38
13	47	39
13	47	40
13	47	41
13	47	42
13	47	43
13	47	44
13	48	28
13	48	29
13	48	30
13	48	31
13	48	32
13	48	33
13	48	34
13	48	35
13	48	36
13	48	37
13	48	38
13	48	39
13	48	40
13	48	41
13	48	42
13	48	43
13	48	44
13	49	29
13	49	30
13	49	31
13	49	32
13	49	33
13	49	34
13	49	35
13	49	36
13	49	37
13	49	38
13	49	39
13	49	40
13	49	41
13	49	42
13	49	43
13	49	44
13	50	36
13	50	37
13	50	38
13	50	39
13	50	40
13	50	41
13	50	42
13	50	43
13	50	44
13	51	38
13	51	39
13	51	40
13	51	41
13	51	42
13	51	43
14	42	32
14	42	33
14	42	34
14	42	35
14	42	36
14	43	30
14	43	31
14	43	32
14	43	33
14	43	34
14	43	35
14	43	36
14	43	37
14	44	28
14	44	29
14	44	30
14	44	31
14	44	32
14	44	33
14	44	34
14	44	35
14	44	36
14	44	37
14	44	38
14	44	39
14	44	40
14	44	41
14	44	42
14	44	43
14	45	27
14	45	28
14	45	29
14	45	30
14	45	31
14	45	32
14	45	33
14	45	34
14	45	35
14	45	36
14	45	37
14	45	38
14	45	39
14	45	40
14	45	41
14	45	42
14	45	43
14	46	27
14	46	28
14	46	29
14	46	30
14	46	31
14	46	32
14	46	33
14	46	34
14	46	35
14	46	36
14	46	37
14	46	38
14	46	39
14	46	40
14	46	41
14	46	42
14	46	43
14	47	27
14	47	28
14	47	29
14	47	30
14	47	31
14	47	32
14	47	33
14	47	34
14	47	35
14	47	36
14	47	37
14	47	38
14	47	39
14	47	40
14	47	41
14	47	42
14	47	43
14	47	44
14	48	28
14	48	29
14	48	30
14	48	31
14	48	32
14	48	33
14	48	34
14	48	35
14	48	36
14	48	37
14	48	38
14	48	39
14	48	40
14	48	41
14	48	42
14	48	43
14	48	44
14	49	30
14	49	31
14	49	32
14	49	33
14	49	34
14	49	35
14	49	36
14	49	37
14	49	38
14	49	39
14	49	40
14	49	41
14	49	42
14	49	43
14	49	44
14	50	37
14	50	38
14	50	39
14	50	40
14	50	41
14	50	42
14	50	43
14	50	44
14	51	41
14	51	42
14	51	43
14	51	44
15	43	31
15	43	32
15	43	33
15	43	34
15	43	35
15	43	36
15	43	37
15	43	38
15	43	39
15	43	40
15	44	28
15	44	29
15	44	30
15	44	31
15	44	32
15	44	33
15	44	34
15	44	35
15	44	36
15	44	37
15	44	38
15	44	39
15	44	40
15	44	41
15	45	28
15	45	29
15	45	30
15	45	31
15	45	32
15	45	33
15	45	34
15	45	35
15	45	36
15	45	37
15	45	38
15	45	39
15	45	40
15	45	41
15	45	42
15	45	45
15	45	46
15	46	27
15	46	28
15	46	29
15	46	30
15	46	31
15	46	32
15	46	33
15	46	34
15	46	35
15	46	36
15	46	37
15	46	38
15	46	39
15	46	40
15	46	41
15	46	42
15	46	43
15	46	44
15	46	45
15	46	46
15	47	28
15	47	29
15	47	30
15	47	31
15	47	32
15	47	33
15	47	34
15	47	35
15	47	36
15	47	37
15	47	38
15	47	39
15	47	40
15	47	41
15	47	42
15	47	43
15	47	44
15	47	45
15	48	29
15	48	30
15	48	31
15	48	32
15	48	33
15	48	34
15	48	35
15	48	36
15	48	37
15	48	38
15	48	39
15	48	40
15	48	41
15	48	42
15	48	43
15	48	44
15	48	45
15	49	30
15	49	31
15	49	32
15	49	33
15	49	37
15	49	38
15	49	39
15	49	40
15	49	41
15	49	42
15	49	43
15	49	44
15	49	45
15	50	38
15	50	39
15	50	40
15	50	41
15	50	42
15	50	43
15	50	44
15	50	45
15	51	42
15	51	43
15	51	44
16	46	29
16	46	39
16	46	44
16	47	29
16	47	38
16	47	39
16	47	40
16	47	41
16	47	43
16	47	44
16	48	38
16	48	39
16	48	40
16	48	41
16	48	42
16	48	43
16	48	44
16	49	40
16	49	41
16	49	42
16	49	43
16	49	44
16	50	41
16	50	42
16	50	43
16	50	44
16	51	42
16	51	43
59	25	19
59	25	20
59	26	19
59	26	20
59	37	24
60	24	19
60	24	20
60	25	19
60	25	20
60	26	19
60	26	20
60	27	19
60	36	23
60	36	24
60	36	25
60	36	26
60	37	23
60	37	24
60	37	25
60	37	26
60	37	27
60	38	26
60	38	27
61	25	19
61	25	20
61	26	19
61	26	20
61	27	18
61	27	19
61	28	18
61	35	24
61	35	25
61	35	26
61	36	23
61	36	24
61	36	25
61	36	26
61	36	27
61	37	23
61	37	24
61	37	25
61	37	26
61	37	27
61	37	28
61	38	24
61	38	25
61	38	26
61	38	27
61	38	28
61	39	26
61	39	27
61	39	28
62	25	20
62	26	19
62	26	20
62	27	18
62	27	19
62	27	20
62	28	18
62	34	25
62	34	26
62	35	23
62	35	24
62	35	25
62	35	26
62	35	27
62	36	22
62	36	23
62	36	24
62	36	25
62	36	26
62	36	27
62	36	28
62	37	22
62	37	23
62	37	24
62	37	25
62	37	26
62	37	27
62	37	28
62	38	23
62	38	24
62	38	25
62	38	26
62	38	27
62	38	28
62	38	29
62	39	25
62	39	26
62	39	27
62	39	28
62	39	29
62	40	26
62	40	27
62	40	28
62	40	29
62	41	28
62	41	29
63	26	19
63	26	20
63	27	18
63	27	19
63	27	20
63	28	17
63	28	18
63	28	19
63	28	20
63	34	24
63	34	25
63	34	26
63	34	27
63	35	23
63	35	24
63	35	25
63	35	26
63	35	27
63	35	28
63	36	22
63	36	23
63	36	24
63	36	25
63	36	26
63	36	27
63	36	28
63	36	29
63	37	22
63	37	23
63	37	24
63	37	25
63	37	26
63	37	27
63	37	28
63	37	29
63	37	30
63	38	22
63	38	23
63	38	24
63	38	25
63	38	26
63	38	27
63	38	28
63	38	29
63	38	30
63	39	23
63	39	24
63	39	25
63	39	26
63	39	27
63	39	28
63	39	29
63	39	30
63	40	24
63	40	25
63	40	26
63	40	27
63	40	28
63	40	29
63	40	30
63	40	31
63	41	26
63	41	27
63	41	28
63	41	29
63	41	30
63	41	31
63	42	28
63	42	29
63	42	30
63	42	31
63	43	30
63	43	31
