#i	j	k
7	0	34
7	63	34
8	0	34
8	0	35
8	1	34
8	1	35
8	62	33
8	63	33
8	63	34
8	63	35
9	0	33
9	0	34
9	0	35
9	0	36
9	1	34
9	1	35
9	1	36
9	2	35
9	2	36
9	3	35
9	3	36
9	62	34
9	63	33
9	63	34
9	63	35
9	63	36
10	0	33
10	0	34
10	0	35
10	0	36
10	0	37
10	1	34
10	1	35
10	1	36
10	1	37
10	2	34
10	2	35
10	2	36
10	2	37
10	3	34
10	3	35
10	3	36
10	3	37
10	4	34
10	4	35
10	62	34
10	62	35
10	63	34
10	63	35
10	63	36
11	0	34
11	0	35
11	0	36
11	0	37
11	0	38
11	1	34
11	1	35
11	1	36
11	1	37
11	1	38
11	2	34
11	2	35
11	2	36
11	2	37
11	2	38
11	3	33
11	3	34
11	3	35
11	3	36
11	3	37
11	3	38
11	4	33
11	4	34
11	4	35
11	4	36
11	5	33
11	5	34
11	7	33
11	7	34
11	8	33
11	8	34
11	62	35
11	63	34
11	63	35
11	63	36
12	0	35
12	0	36
12	0	37
12	0	38
12	0	39
12	1	34
12	1	35
12	1	36
12	1	37
12	1	38
12	1	39
12	2	34
12	2	35
12	2	36
12	2	37
12	2	38
12	2	39
12	3	33
12	3	34
12	3	35
12	3	36
12	3	37
12	3	38
12	3	39
12	4	33
12	4	34
12	4	35
12	4	36
12	4	37
12	4	38
12	4	39
12	5	33
12	5	34
12	5	35
12	6	33
12	6	34
12	6	35
12	6	41
12	7	33
12	7	34
12	7	35
12	7	36
12	7	37
12	7	38
12	7	40
12	7	41
12	7	42
12	8	33
12	8	34
12	8	35
12	8	36
12	8	37
12	8	38
12	8	40
12	8	41
12	8	42
12	9	32
12	9	33
12	9	34
12	9	35
12	9	36
12	9	41
12	9	42
12	10	33
12	10	34
12	10	35
12	11	33
12	11	34
12	11	35
12	12	35
12	13	35
12	13	36
12	14	35
12	15	35
12	16	35
12	62	35
12	63	35
12	63	36
12	63	37
12	63	38
12	63	39
13	0	35
13	0	36
13	0	37
13	0	38
13	0	39
13	0	40
13	1	35
13	1	36
13	1	37
13	1	38
13	1	39
13	1	40
13	2	34
13	2	35
13	2	36
13	2	37
13	2	38
13	2	39
13	2	40
13	2	41
13	3	34
13	3	35
13	3	36
13	3	37
13	3	38
13	3	39
13	3	40
13	3	41
13	3	42
13	3	43
13	4	33
13	4	34
13	4	35
13	4	36
13	4	37
13	4	38
13	4	39
13	4	40
13	4	41
13	4	42
13	4	43
13	5	34
13	5	35
13	5	36
13	5	37
13	5	38
13	5	39
13	5	40
13	5	41
13	5	42
13	5	43
13	6	33
13	6	34
13	6	35
13	6	36
13	6	37
13	6	38
13	6	39
13	6	40
13	6	41
13	6	42
13	6	43
13	7	33
13	7	34
13	7	35
13	7	36
13	7	37
13	7	38
13	7	39
13	7	40
13	7	41
13	7	42
13	7	43
13	8	32
13	8	33
13	8	34
13	8	35
13	8	36
13	8	37
13	8	38
13	8	39
13	8	40
13	8	41
13	8	42
13	8	43
13	9	32
13	9	33
13	9	34
13	9	35
13	9	36
13	9	37
13	9	38
13	9	39
13	9	40
13	9	41
13	9	42
13	9	43
13	10	32
13	10	33
13	10	34
13	10	35
13	10	41
13	10	42
13	11	32
13	11	33
13	11	34
13	11	35
13	11	42
13	12	33
13	12	34
13	12	35
13	12	36
13	13	34
13	13	35
13	13	36
13	14	34
13	14	35
13	14	36
13	15	34
13	15	35
13	16	34
13	16	35
13	62	36
13	62	37
13	62	38
13	62	39
13	62	40
13	63	35
13	63	36
13	63	37
13	63	38
13	63	39
13	63	40
14	0	35
14	0	36
14	0	37
14	0	38
14	0	39
14	0	40
14	0	41
14	1	35
14	1	36
14	1	37
14	1	38
14	1	39
14	1	40
14	1	41
14	2	34
14	2	35
14	2	36
14	2	37
14	2	38
14	2	39
14	2	40
14	2	41
14	2	42
14	3	34
14	3	35
14	3	36
14	3	37
14	3	38
14	3	39
14	3	40
14	3	41
14	3	42
14	4	34
14	4	35
14	4	36
14	4	37
14	4	38
14	4	39
14	4	40
14	4	41
14	4	42
14	5	34
14	5	35
14	5	36
14	5	37
14	5	38
14	5	39
14	5	40
14	5	41
14	5	42
14	6	34
14	6	35
14	6	36
14	6	37
14	6	38
14	6	39
14	6	40
14	6	41
14	6	42
14	7	33
14	7	34
14	7	35
14	7	36
14	7	37
14	7	38
14	7	39
14	7	40
14	7	41
14	7	42
14	8	32
14	8	33
14	8	34
14	8	35
14	8	36
14	8	37
14	8	38
14	8	39
14	8	40
14	8	41
14	8	42
14	9	32
14	9	33
14	9	34
14	9	35
14	9	36
14	9	37
14	9	38
14	9	39
14	9	40
14	9	41
14	9	42
14	10	32
14	10	33
14	10	34
14	10	35
14	10	36
14	10	37
14	10	38
14	10	39
14	10	40
14	10	41
14	10	42
14	11	32
14	11	33
14	11	34
14	11	35
14	11	36
14	12	31
14	12	32
14	12	33
14	12	34
14	12	35
14	12	36
14	13	31
14	13	32
14	13	33
14	13	34
14	13	35
14	13	36
14	14	31
14	14	32
14	14	33
14	14	34
14	14	35
14	14	36
14	15	31
14	15	32
14	15	33
14	15	34
14	15	35
14	16	32
14	16	33
14	16	34
14	16	35
14	17	33
14	17	35
14	18	35
14	19	35
14	62	36
14	62	37
14	62	38
14	62	39
14	63	36
14	63	37
14	63	38
14	63	39
14	63	40
15	0	36
15	0	37
15	0	38
15	0	39
15	0	40
15	1	35
15	1	36
15	1	37
15	1	38
15	1	39
15	1	40
15	1	41
15	2	35
15	2	36
15	2	37
15	2	38
15	2	39
15	2	40
15	2	41
15	3	34
15	3	35
15	3	36
15	3	37
15	3	38
15	3	39
15	3	40
15	3	41
15	3	42
15	4	34
15	4	35
15	4	36
15	4	37
15	4	38
15	4	39
15	4	40
15	4	41
15	4	42
15	5	34
15	5	35
15	5	36
15	5	37
15	5	38
15	5	39
15	5	40
15	5	41
15	5	42
15	6	34
15	6	35
15	6	36
15	6	37
15	6	38
15	6	39
15	6	40
15	6	41
15	6	42
15	7	33
15	7	34
15	7	35
15	7	36
15	7	37
15	7	38
15	7	39
15	7	40
15	7	41
15	8	32
15	8	33
15	8	34
15	8	35
15	8	36
15	8	37
15	8	38
15	8	39
15	8	40
15	8	41
15	9	32
15	9	33
15	9	34
15	9	35
15	9	36
15	9	37
15	9	38
15	9	39
15	9	40
15	9	41
15	10	32
15	10	33
15	10	34
15	10	35
15	10	36
15	10	37
15	10	38
15	10	39
15	10	40
15	10	41
15	11	31
15	11	32
15	11	33
15	11	34
15	11	35
15	11	36
15	11	37
15	11	38
15	11	39
15	11	40
15	11	41
15	12	31
15	12	32
15	12	33
15	12	34
15	12	35
15	12	36
15	13	30
15	13	31
15	13	32
15	13	33
15	13	34
15	13	35
15	13	36
15	14	30
15	14	31
15	14	32
15	14	33
15	14	34
15	14	35
15	14	36
15	15	30
15	15	31
15	15	32
15	15	33
15	15	34
15	15	35
15	16	31
15	16	32
15	16	33
15	16	34
15	16	35
15	17	32
15	17	33
15	17	34
15	17	35
15	18	34
15	18	35
15	19	34
15	19	35
15	20	34
15	62	37
15	62	38
15	62	39
15	63	36
15	63	37
15	63	38
15	63	39
15	63	40
16	0	38
16	0	39
16	0	40
16	1	37
16	1	38
16	1	39
16	1	40
16	2	36
16	2	37
16	2	38
16	2	39
16	2	40
16	2	41
16	3	35
16	3	36
16	3	37
16	3	38
16	3	39
16	3	40
16	3	41
16	4	35
16	4	36
16	4	37
16	4	38
16	4	39
16	4	40
16	4	41
16	4	42
16	5	35
16	5	36
16	5	37
16	5	38
16	5	39
16	5	40
16	5	41
16	5	42
16	6	35
16	6	36
16	6	37
16	6	38
16	6	39
16	6	40
16	6	41
16	7	33
16	7	34
16	7	35
16	7	36
16	7	37
16	7	38
16	7	39
16	7	40
16	7	41
16	8	32
16	8	33
16	8	34
16	8	35
16	8	36
16	8	37
16	8	38
16	8	39
16	8	40
16	8	41
16	9	32
16	9	33
16	9	34
16	9	35
16	9	36
16	9	37
16	9	38
16	9	39
16	9	40
16	9	41
16	10	32
16	10	33
16	10	34
16	10	35
16	10	36
16	10	37
16	10	38
16	10	39
16	10	40
16	11	31
16	11	32
16	11	33
16	11	34
16	11	35
16	11	36
16	11	37
16	11	38
16	11	39
16	11	40
16	12	31
16	12	32
16	12	33
16	12	34
16	12	35
16	12	36
16	12	39
16	13	30
16	13	31
16	13	32
16	13	33
16	13	34
16	13	35
16	13	36
16	14	30
16	14	31
16	14	32
16	14	33
16	14	34
16	14	35
16	15	30
16	15	31
16	15	32
16	15	33
16	15	34
16	15	35
16	16	30
16	16	31
16	16	32
16	16	33
16	16	34
16	16	35
16	17	31
16	17	32
16	17	33
16	17	34
16	17	35
16	18	32
16	18	33
16	18	34
16	18	35
16	19	33
16	19	34
16	19	35
16	20	33
16	20	34
16	63	38
16	63	39
16	63	40
17	1	39
17	2	38
17	2	39
17	2	40
17	3	37
17	3	38
17	3	39
17	3	40
17	3	41
17	4	36
17	4	37
17	4	38
17	4	39
17	4	40
17	4	41
17	5	36
17	5	37
17	5	38
17	5	39
17	5	40
17	5	41
17	6	36
17	6	37
17	6	38
17	6	39
17	6	40
17	6	41
17	7	35
17	7	36
17	7	37
17	7	38
17	7	39
17	7	40
17	7	41
17	8	33
17	8	34
17	8	35
17	8	36
17	8	37
17	8	38
17	8	39
17	8	40
17	9	32
17	9	33
17	9	34
17	9	35
17	9	36
17	9	37
17	9	38
17	9	39
17	9	40
17	10	32
17	10	33
17	10	34
17	10	35
17	10	36
17	10	37
17	10	38
17	10	39
17	10	40
17	11	31
17	11	32
17	11	33
17	11	34
17	11	35
17	11	36
17	11	38
17	11	39
17	12	31
17	12	32
17	12	33
17	12	34
17	12	35
17	12	39
17	13	30
17	13	31
17	13	32
17	13	33
17	13	34
17	13	35
17	14	30
17	14	31
17	14	32
17	14	33
17	14	34
17	14	35
17	15	30
17	15	31
17	15	32
17	15	33
17	15	34
17	15	35
17	16	30
17	16	31
17	16	32
17	16	33
17	16	34
17	16	35
17	17	30
17	17	31
17	17	32
17	17	33
17	17	34
17	17	35
17	18	31
17	18	32
17	18	33
17	18	34
17	18	35
17	19	32
17	19	33
17	19	34
17	19	35
17	20	33
17	20	34
18	3	39
18	4	38
18	4	39
18	4	40
18	5	37
18	5	38
18	5	39
18	5	40
18	6	37
18	6	38
18	6	39
18	6	40
18	7	37
18	7	38
18	7	39
18	8	33
18	8	34
18	8	37
18	8	38
18	8	39
18	9	32
18	9	33
18	9	34
18	9	35
18	9	38
18	9	39
18	10	32
18	10	33
18	10	34
18	10	35
18	10	38
18	10	39
18	11	31
18	11	32
18	11	33
18	11	34
18	11	35
18	12	31
18	12	32
18	12	33
18	12	34
18	12	35
18	13	30
18	13	31
18	13	32
18	13	33
18	13	34
18	13	35
18	14	30
18	14	31
18	14	32
18	14	33
18	14	34
18	14	35
18	15	30
18	15	31
18	15	32
18	15	33
18	15	34
18	15	35
18	16	29
18	16	30
18	16	31
18	16	32
18	16	33
18	16	34
18	16	35
18	17	29
18	17	30
18	17	31
18	17	32
18	17	33
18	17	34
18	17	35
18	18	30
18	18	31
18	18	32
18	18	33
18	18	34
18	18	35
18	19	31
18	19	32
18	19	33
18	19	34
18	19	35
18	20	31
18	20	32
18	20	33
18	20	34
19	5	39
19	8	33
19	8	34
19	9	33
19	9	34
19	10	32
19	10	33
19	10	34
19	11	32
19	11	33
19	11	34
19	12	31
19	12	32
19	12	33
19	12	34
19	12	35
19	13	30
19	13	31
19	13	32
19	13	33
19	13	34
19	13	35
19	14	30
19	14	31
19	14	32
19	14	33
19	14	34
19	14	35
19	15	30
19	15	31
19	15	32
19	15	33
19	15	34
19	15	35
19	16	29
19	16	30
19	16	31
19	16	32
19	16	33
19	16	34
19	16	35
19	17	29
19	17	30
19	17	31
19	17	32
19	17	33
19	17	34
19	17	35
19	18	30
19	18	31
19	18	32
19	18	33
19	18	34
19	18	35
19	19	30
19	19	31
19	19	32
19	19	33
19	19	34
19	19	35
19	20	30
19	20	31
19	20	32
19	20	33
19	20	34
19	21	32
19	21	33
20	9	33
20	9	34
20	10	32
20	10	33
20	10	34
20	11	32
20	11	33
20	11	34
20	12	31
20	12	32
20	12	33
20	12	34
20	13	30
20	13	31
20	13	32
20	13	33
20	13	34
20	13	35
20	14	30
20	14	31
20	14	32
20	14	33
20	14	34
20	14	35
20	15	30
20	15	31
20	15	32
20	15	33
20	15	34
20	15	35
20	16	29
20	16	30
20	16	31
20	16	32
20	16	33
20	16	34
20	16	35
20	17	29
20	17	30
20	17	31
20	17	32
20	17	33
20	17	34
20	17	35
20	18	29
20	18	30
20	18	31
20	18	32
20	18	33
20	18	34
20	18	35
20	19	29
20	19	30
20	19	31
20	19	32
20	19	33
20	19	34
20	19	35
20	20	29
20	20	30
20	20	31
20	20	32
20	20	33
20	20	34
20	21	29
20	21	30
20	21	31
20	21	32
20	21	33
21	9	33
21	10	33
21	10	34
21	11	32
21	11	33
21	11	34
21	12	31
21	12	32
21	12	33
21	12	34
21	13	30
21	13	31
21	13	32
21	13	33
21	13	34
21	14	30
21	14	31
21	14	32
21	14	33
21	14	34
21	15	30
21	15	31
21	15	32
21	15	33
21	15	34
21	16	29
21	16	30
21	16	31
21	16	32
21	16	33
21	16	34
21	16	35
21	17	29
21	17	30
21	17	31
21	17	32
21	17	33
21	17	34
21	17	35
21	18	29
21	18	30
21	18	31
21	18	32
21	18	33
21	18	34
21	18	35
21	19	29
21	19	30
21	19	31
21	19	32
21	19	33
21	19	34
21	19	35
21	19	36
21	20	29
21	20	30
21	20	31
21	20	32
21	20	33
21	20	34
21	21	29
21	21	30
21	21	31
21	21	32
21	21	33
21	22	30
21	22	31
22	10	33
22	11	32
22	11	33
22	11	34
22	12	31
22	12	32
22	12	33
22	12	34
22	13	30
22	13	31
22	13	32
22	13	33
22	13	34
22	14	30
22	14	31
22	14	32
22	14	33
22	14	34
22	15	30
22	15	31
22	15	32
22	15	33
22	15	34
22	16	30
22	16	31
22	16	32
22	16	33
22	16	34
22	17	30
22	17	31
22	17	32
22	17	33
22	17	34
22	18	30
22	18	31
22	18	32
22	18	33
22	18	34
22	19	30
22	19	31
22	19	32
22	19	33
22	19	34
22	20	30
22	20	31
22	20	32
22	20	33
22	21	32
23	11	32
23	11	33
23	12	30
23	12	31
23	12	32
23	12	33
23	13	30
23	13	31
23	13	32
23	13	33
23	14	30
23	14	31
23	14	32
23	14	33
23	15	29
23	15	30
23	15	31
23	15	32
23	15	33
23	16	30
23	16	31
23	16	32
23	16	33
23	17	31
23	17	32
23	17	33
24	11	30
24	11	31
24	11	32
24	12	29
24	12	30
24	12	31
24	12	32
24	13	29
24	13	30
24	13	31
24	13	32
24	13	33
24	14	29
24	14	30
24	14	31
24	14	32
24	14	33
24	15	29
24	15	30
24	15	31
24	15	32
24	15	33
24	16	29
24	16	30
24	16	31
24	16	32
24	16	33
24	17	30
24	17	31
24	17	32
24	17	33
25	10	29
25	10	30
25	11	29
25	11	30
25	11	31
25	12	29
25	12	30
25	12	31
25	12	32
25	13	28
25	13	29
25	13	30
25	13	31
25	13	32
25	14	28
25	14	29
25	14	30
25	14	31
25	14	32
25	15	28
25	15	29
25	15	30
25	15	31
25	15	32
25	16	28
25	16	29
25	16	30
25	16	31
25	16	32
25	17	29
25	17	30
25	17	31
25	17	32
26	12	29
26	12	30
26	12	31
26	13	29
26	13	30
26	13	31
26	14	29
26	14	30
26	15	29
26	15	30
26	16	29
