#i	j	k
0	22	14
0	22	15
0	22	16
0	23	14
0	23	15
0	23	16
0	23	17
0	23	18
0	23	19
0	24	13
0	24	14
0	24	15
0	24	16
0	24	17
0	24	18
0	24	19
0	24	20
0	24	21
0	25	11
0	25	12
0	25	13
0	25	14
0	25	15
0	25	16
0	25	17
0	25	18
0	25	19
0	25	20
0	25	21
0	26	9
0	26	10
0	26	11
0	26	12
0	26	13
0	26	14
0	26	15
0	26	16
0	26	17
0	26	18
0	26	19
0	26	20
0	26	21
0	27	9
0	27	10
0	27	11
0	27	12
0	27	13
0	27	14
0	27	15
0	27	16
0	27	17
0	27	18
0	27	19
0	27	20
0	27	21
0	28	9
0	28	10
0	28	11
0	28	12
0	28	13
0	28	14
0	28	15
0	28	16
0	28	17
0	28	18
0	28	19
0	28	20
0	28	21
0	29	9
0	29	10
0	29	11
0	29	12
0	29	13
0	29	14
0	29	15
0	29	16
0	29	17
0	29	18
0	29	19
0	29	20
0	29	21
0	29	22
0	30	9
0	30	10
0	30	11
0	30	12
0	30	13
0	30	14
0	30	15
0	30	16
0	30	17
0	30	18
0	30	19
0	30	20
0	30	21
0	31	9
0	31	10
0	31	11
0	31	12
0	31	13
0	31	14
0	31	15
0	31	16
0	31	17
0	31	18
0	31	19
0	31	20
0	32	9
0	32	10
0	32	11
0	32	12
0	32	13
0	32	14
0	32	15
0	32	16
0	32	17
0	32	18
0	32	19
0	32	20
0	33	9
0	33	10
0	33	11
0	33	12
0	33	13
0	33	14
0	33	15
0	33	16
0	33	17
0	33	18
0	33	19
0	33	20
0	34	9
0	34	10
0	34	11
0	34	12
0	34	13
0	34	14
0	34	15
0	34	16
0	34	17
0	34	18
0	34	19
0	34	21
0	35	9
0	35	10
0	35	11
0	35	12
0	35	13
0	36	10
0	36	11
0	36	12
0	36	13
1	22	14
1	22	15
1	22	16
1	22	20
1	23	14
1	23	15
1	23	16
1	23	17
1	23	18
1	23	19
1	23	20
1	23	21
1	24	13
1	24	14
1	24	15
1	24	16
1	24	17
1	24	18
1	24	19
1	24	20
1	24	21
1	25	12
1	25	13
1	25	14
1	25	15
1	25	16
1	25	17
1	25	18
1	25	19
1	25	20
1	25	21
1	26	11
1	26	12
1	26	13
1	26	14
1	26	15
1	26	16
1	26	17
1	26	18
1	26	19
1	26	20
1	26	21
1	27	9
1	27	10
1	27	11
1	27	12
1	27	13
1	27	14
1	27	15
1	27	16
1	27	17
1	27	18
1	27	19
1	27	20
1	27	21
1	27	22
1	28	9
1	28	10
1	28	11
1	28	12
1	28	13
1	28	14
1	28	15
1	28	16
1	28	17
1	28	18
1	28	19
1	28	20
1	28	21
1	28	22
1	29	9
1	29	10
1	29	11
1	29	12
1	29	13
1	29	14
1	29	15
1	29	16
1	29	17
1	29	18
1	29	19
1	29	20
1	29	21
1	29	22
1	30	9
1	30	10
1	30	11
1	30	12
1	30	13
1	30	14
1	30	15
1	30	16
1	30	17
1	30	18
1	30	19
1	30	20
1	30	21
1	31	9
1	31	10
1	31	11
1	31	12
1	31	13
1	31	14
1	31	15
1	31	16
1	31	17
1	31	18
1	31	19
1	32	9
1	32	10
1	32	11
1	32	12
1	32	13
1	32	14
1	32	15
1	32	16
1	32	17
1	32	18
1	32	19
1	33	9
1	33	10
1	33	11
1	33	12
1	33	13
1	33	14
1	33	15
1	33	16
1	33	17
1	33	18
1	33	19
1	34	9
1	34	10
1	34	11
1	34	12
1	34	13
1	34	14
1	34	15
1	34	16
1	34	17
1	34	18
1	34	19
1	34	20
1	34	21
1	35	10
1	35	11
1	35	12
1	35	13
1	35	14
1	35	15
1	35	16
1	35	17
1	35	18
1	35	19
1	36	10
1	36	11
1	36	12
1	36	13
1	36	14
2	22	14
2	22	15
2	22	20
2	22	21
2	23	14
2	23	15
2	23	16
2	23	17
2	23	18
2	23	19
2	23	20
2	23	21
2	23	22
2	24	13
2	24	14
2	24	15
2	24	16
2	24	17
2	24	18
2	24	19
2	24	20
2	24	21
2	24	22
2	25	12
2	25	13
2	25	14
2	25	15
2	25	16
2	25	17
2	25	18
2	25	19
2	25	20
2	25	21
2	25	22
2	26	11
2	26	12
2	26	13
2	26	14
2	26	15
2	26	16
2	26	17
2	26	18
2	26	19
2	26	20
2	26	21
2	26	22
2	27	10
2	27	11
2	27	12
2	27	13
2	27	14
2	27	15
2	27	16
2	27	17
2	27	18
2	27	19
2	27	20
2	27	21
2	27	22
2	28	9
2	28	10
2	28	11
2	28	12
2	28	13
2	28	14
2	28	15
2	28	16
2	28	17
2	28	18
2	28	19
2	28	20
2	28	21
2	28	22
2	29	9
2	29	10
2	29	11
2	29	12
2	29	13
2	29	14
2	29	15
2	29	16
2	29	17
2	29	18
2	29	19
2	29	20
2	29	21
2	29	22
2	30	9
2	30	10
2	30	11
2	30	12
2	30	13
2	30	14
2	30	15
2	30	16
2	30	17
2	30	18
2	30	19
2	30	20
2	31	9
2	31	10
2	31	11
2	31	12
2	31	13
2	31	14
2	31	15
2	31	16
2	31	17
2	31	18
2	31	19
2	31	20
2	32	9
2	32	10
2	32	11
2	32	12
2	32	13
2	32	14
2	32	15
2	32	16
2	32	17
2	32	18
2	33	10
2	33	11
2	33	12
2	33	13
2	33	14
2	33	15
2	33	16
2	33	17
2	33	18
2	34	10
2	34	11
2	34	12
2	34	13
2	34	14
2	34	15
2	34	16
2	34	17
2	34	18
2	34	19
2	34	20
2	35	11
2	35	12
2	35	13
2	35	14
2	35	15
2	35	16
2	35	17
2	35	18
2	35	19
2	36	11
2	36	12
2	36	13
2	36	14
3	22	14
3	22	15
3	23	13
3	23	14
3	23	15
3	23	16
3	23	17
3	23	20
3	23	21
3	23	22
3	23	23
3	24	13
3	24	14
3	24	15
3	24	16
3	24	17
3	24	18
3	24	19
3	24	20
3	24	21
3	24	22
3	24	23
3	25	12
3	25	13
3	25	14
3	25	15
3	25	16
3	25	17
3	25	18
3	25	19
3	25	20
3	25	21
3	25	22
3	26	12
3	26	13
3	26	14
3	26	15
3	26	16
3	26	17
3	26	18
3	26	19
3	26	20
3	26	21
3	26	22
3	27	11
3	27	12
3	27	13
3	27	14
3	27	15
3	27	16
3	27	17
3	27	18
3	27	19
3	27	20
3	27	21
3	27	22
3	28	9
3	28	10
3	28	11
3	28	12
3	28	13
3	28	14
3	28	15
3	28	16
3	28	17
3	28	18
3	28	19
3	28	20
3	28	21
3	28	22
3	29	9
3	29	10
3	29	11
3	29	12
3	29	13
3	29	14
3	29	15
3	29	16
3	29	17
3	29	18
3	29	19
3	29	20
3	29	21
3	30	9
3	30	10
3	30	11
3	30	12
3	30	13
3	30	14
3	30	15
3	30	16
3	30	17
3	30	18
3	30	19
3	30	20
3	30	21
3	31	9
3	31	10
3	31	11
3	31	12
3	31	13
3	31	14
3	31	15
3	31	16
3	31	17
3	31	18
3	31	19
3	31	20
3	31	21
3	32	10
3	32	11
3	32	12
3	32	13
3	32	14
3	32	15
3	32	16
3	32	17
3	32	18
3	32	19
3	32	20
3	32	21
3	33	11
3	33	12
3	33	13
3	33	14
3	33	15
3	33	16
3	33	17
3	34	11
3	34	12
3	34	13
3	34	14
3	34	15
3	34	16
3	34	17
3	35	12
3	35	13
3	35	14
3	35	15
3	36	12
3	36	13
3	36	14
4	22	14
4	22	15
4	23	14
4	23	15
4	23	16
4	23	21
4	23	22
4	23	23
4	24	14
4	24	15
4	24	16
4	24	17
4	24	20
4	24	21
4	24	22
4	24	23
4	25	13
4	25	14
4	25	15
4	25	16
4	25	17
4	25	18
4	25	19
4	25	20
4	25	21
4	25	22
4	26	13
4	26	14
4	26	15
4	26	16
4	26	17
4	26	18
4	26	19
4	26	20
4	26	21
4	26	22
4	27	11
4	27	12
4	27	13
4	27	14
4	27	15
4	27	16
4	27	17
4	27	18
4	27	19
4	27	20
4	27	21
4	27	22
4	28	10
4	28	11
4	28	12
4	28	13
4	28	14
4	28	15
4	28	16
4	28	17
4	28	18
4	28	19
4	28	20
4	28	21
4	28	22
4	29	9
4	29	10
4	29	11
4	29	12
4	29	13
4	29	14
4	29	15
4	29	16
4	29	17
4	29	18
4	29	19
4	29	20
4	29	21
4	29	22
4	30	9
4	30	10
4	30	11
4	30	12
4	30	13
4	30	14
4	30	15
4	30	16
4	30	17
4	30	18
4	30	19
4	30	20
4	30	21
4	30	22
4	31	10
4	31	11
4	31	12
4	31	13
4	31	14
4	31	15
4	31	16
4	31	17
4	31	18
4	31	19
4	31	20
4	31	21
4	31	22
4	32	12
4	32	13
4	32	14
4	32	15
4	32	16
4	32	17
4	32	18
4	32	19
4	32	20
4	32	21
4	32	22
4	33	12
4	33	13
4	33	14
4	33	15
4	33	16
4	33	17
4	33	18
4	33	19
4	34	12
4	34	13
4	34	14
4	34	15
4	34	16
4	35	12
4	35	13
4	35	14
4	35	15
4	36	12
4	36	13
4	36	14
5	23	15
5	23	16
5	24	15
5	24	16
5	24	17
5	25	14
5	25	15
5	25	16
5	25	17
5	25	18
5	25	19
5	25	20
5	26	14
5	26	15
5	26	16
5	26	17
5	26	18
5	26	19
5	26	20
5	26	21
5	27	14
5	27	15
5	27	16
5	27	17
5	27	18
5	27	19
5	27	20
5	27	21
5	28	10
5	28	11
5	28	13
5	28	14
5	28	15
5	28	16
5	28	17
5	28	18
5	28	19
5	28	20
5	28	21
5	29	9
5	29	10
5	29	11
5	29	12
5	29	13
5	29	14
5	29	15
5	29	16
5	29	17
5	29	18
5	29	19
5	29	20
5	29	21
5	30	10
5	30	11
5	30	12
5	30	13
5	30	14
5	30	15
5	30	16
5	30	17
5	30	18
5	30	19
5	30	20
5	30	21
5	31	12
5	31	13
5	31	14
5	31	15
5	31	16
5	31	17
5	31	18
5	31	19
5	31	20
5	31	21
5	32	12
5	32	13
5	32	14
5	32	15
5	32	16
5	32	17
5	32	18
5	32	19
5	32	20
5	33	12
5	33	13
5	33	14
5	33	15
5	33	16
5	33	17
5	34	12
5	34	13
5	34	14
5	34	15
5	34	16
5	35	12
5	35	13
5	35	14
5	35	15
5	36	12
5	36	13
5	36	14
5	36	15
6	25	16
6	25	17
6	26	16
6	26	17
6	26	18
6	26	19
6	27	16
6	27	17
6	27	18
6	27	19
6	27	20
6	28	15
6	28	16
6	28	17
6	28	18
6	28	19
6	28	20
6	29	14
6	29	15
6	29	16
6	29	17
6	29	18
6	29	19
6	29	20
6	30	13
6	30	14
6	30	15
6	30	16
6	30	17
6	30	18
6	30	19
6	30	20
6	30	21
6	31	13
6	31	14
6	31	15
6	31	16
6	31	17
6	31	18
6	31	19
6	31	20
6	32	12
6	32	13
6	32	14
6	32	15
6	32	16
6	32	17
6	32	18
6	32	19
6	33	12
6	33	13
6	33	14
6	33	15
6	33	16
6	33	17
6	34	12
6	34	13
6	34	14
6	34	15
6	34	16
6	35	12
6	35	13
6	35	14
6	35	15
6	36	13
6	36	14
6	36	15
7	28	18
7	28	19
7	29	17
7	29	18
7	29	19
7	29	20
7	30	17
7	30	18
7	30	19
7	30	20
7	30	21
7	31	15
7	31	16
7	31	17
7	31	18
7	31	19
7	31	20
7	32	14
7	32	15
7	32	16
7	32	17
7	32	18
7	33	13
7	33	14
7	33	15
7	33	16
7	34	13
7	34	14
7	34	15
7	35	13
7	35	14
7	35	15
7	36	13
7	36	14
57	28	15
58	28	14
58	28	15
58	29	14
58	29	15
58	30	14
58	30	15
58	31	14
58	31	15
58	32	15
59	27	15
59	27	16
59	28	14
59	28	15
59	29	14
59	29	15
59	30	14
59	30	15
59	31	14
59	31	15
60	26	16
60	27	15
60	27	16
60	27	17
60	28	13
60	28	14
60	28	15
60	28	16
60	28	17
60	29	13
60	29	14
60	29	15
60	29	16
60	29	17
60	30	13
60	30	14
60	30	15
60	30	16
60	30	17
60	31	13
60	31	14
60	31	15
60	31	16
60	31	17
60	32	14
60	32	15
60	32	16
60	32	17
60	32	18
61	25	11
61	26	9
61	26	10
61	26	11
61	26	12
61	26	13
61	26	15
61	26	16
61	26	17
61	26	18
61	27	9
61	27	10
61	27	11
61	27	12
61	27	13
61	27	14
61	27	15
61	27	16
61	27	17
61	27	18
61	27	19
61	28	9
61	28	10
61	28	11
61	28	12
61	28	13
61	28	14
61	28	15
61	28	16
61	28	17
61	28	18
61	28	19
61	29	9
61	29	10
61	29	11
61	29	12
61	29	13
61	29	14
61	29	15
61	29	16
61	29	17
61	29	18
61	29	19
61	30	9
61	30	10
61	30	11
61	30	12
61	30	13
61	30	14
61	30	15
61	30	16
61	30	17
61	30	18
61	30	19
61	31	10
61	31	11
61	31	12
61	31	13
61	31	14
61	31	15
61	31	16
61	31	17
61	31	18
61	31	19
61	32	10
61	32	11
61	32	14
61	32	15
61	32	16
61	32	17
61	32	18
61	32	19
62	25	9
62	25	10
62	25	11
62	25	12
62	25	15
62	25	16
62	25	17
62	25	18
62	26	9
62	26	10
62	26	11
62	26	12
62	26	13
62	26	15
62	26	16
62	26	17
62	26	18
62	26	19
62	27	9
62	27	10
62	27	11
62	27	12
62	27	13
62	27	14
62	27	15
62	27	16
62	27	17
62	27	18
62	27	19
62	27	20
62	28	9
62	28	10
62	28	11
62	28	12
62	28	13
62	28	14
62	28	15
62	28	16
62	28	17
62	28	18
62	28	19
62	28	20
62	29	9
62	29	10
62	29	11
62	29	12
62	29	13
62	29	14
62	29	15
62	29	16
62	29	17
62	29	18
62	29	19
62	29	20
62	30	9
62	30	10
62	30	11
62	30	12
62	30	13
62	30	14
62	30	15
62	30	16
62	30	17
62	30	18
62	30	19
62	30	20
62	31	9
62	31	10
62	31	11
62	31	12
62	31	13
62	31	14
62	31	15
62	31	16
62	31	17
62	31	18
62	31	19
62	31	20
62	31	21
62	32	9
62	32	10
62	32	11
62	32	12
62	32	13
62	32	14
62	32	15
62	32	16
62	32	17
62	32	18
62	32	19
62	32	20
62	32	21
62	33	9
62	33	10
62	33	11
62	33	12
62	33	13
62	33	20
62	34	10
62	34	11
62	34	12
62	34	13
62	35	10
63	23	16
63	23	17
63	24	13
63	24	14
63	24	15
63	24	16
63	24	17
63	24	18
63	24	19
63	25	9
63	25	10
63	25	11
63	25	12
63	25	13
63	25	14
63	25	15
63	25	16
63	25	17
63	25	18
63	25	19
63	25	20
63	26	9
63	26	10
63	26	11
63	26	12
63	26	13
63	26	14
63	26	15
63	26	16
63	26	17
63	26	18
63	26	19
63	26	20
63	26	21
63	27	9
63	27	10
63	27	11
63	27	12
63	27	13
63	27	14
63	27	15
63	27	16
63	27	17
63	27	18
63	27	19
63	27	20
63	27	21
63	28	9
63	28	10
63	28	11
63	28	12
63	28	13
63	28	14
63	28	15
63	28	16
63	28	17
63	28	18
63	28	19
63	28	20
63	28	21
63	29	9
63	29	10
63	29	11
63	29	12
63	29	13
63	29	14
63	29	15
63	29	16
63	29	17
63	29	18
63	29	19
63	29	20
63	29	21
63	30	9
63	30	10
63	30	11
63	30	12
63	30	13
63	30	14
63	30	15
63	30	16
63	30	17
63	30	18
63	30	19
63	30	20
63	30	21
63	31	9
63	31	10
63	31	11
63	31	12
63	31	13
63	31	14
63	31	15
63	31	16
63	31	17
63	31	18
63	31	19
63	31	20
63	32	9
63	32	10
63	32	11
63	32	12
63	32	13
63	32	14
63	32	15
63	32	16
63	32	17
63	32	18
63	32	19
63	32	20
63	33	9
63	33	10
63	33	11
63	33	12
63	33	13
63	33	14
63	33	15
63	33	16
63	33	17
63	33	18
63	33	20
63	34	9
63	34	10
63	34	11
63	34	12
63	34	13
63	35	9
63	35	10
63	35	11
63	35	12
63	35	13
63	36	10
63	36	11
63	36	12
