#i	j	k
0	0	25
0	0	26
0	0	27
0	0	28
0	0	29
0	0	30
0	0	31
0	0	32
0	0	33
0	0	34
0	0	35
0	0	36
0	0	37
0	0	38
0	0	39
0	0	40
0	0	41
0	0	42
0	0	43
0	0	44
0	0	45
0	0	46
0	0	47
0	1	26
0	1	27
0	1	28
0	1	29
0	1	30
0	1	31
0	1	32
0	1	33
0	1	34
0	1	35
0	1	36
0	1	37
0	1	38
0	1	39
0	1	40
0	1	41
0	1	42
0	1	43
0	1	44
0	1	45
0	1	46
0	2	28
0	2	29
0	2	30
0	2	31
0	2	32
0	2	33
0	2	34
0	2	35
0	2	36
0	2	37
0	2	38
0	2	39
0	2	40
0	2	41
0	2	42
0	2	43
0	2	44
0	2	45
0	2	46
0	3	29
0	3	30
0	3	31
0	3	32
0	3	33
0	3	34
0	3	35
0	3	36
0	3	37
0	3	38
0	3	39
0	3	40
0	3	41
0	3	42
0	3	43
0	3	44
0	3	45
0	3	46
0	4	30
0	4	31
0	4	32
0	4	33
0	4	34
0	4	35
0	4	36
0	4	37
0	4	38
0	4	39
0	4	40
0	4	41
0	4	42
0	4	43
0	4	44
0	4	45
0	4	46
0	4	47
0	5	30
0	5	31
0	5	32
0	5	33
0	5	34
0	5	35
0	5	36
0	5	37
0	5	38
0	5	39
0	5	40
0	5	41
0	5	42
0	5	43
0	5	44
0	5	45
0	5	46
0	5	47
0	5	48
0	6	31
0	6	32
0	6	33
0	6	34
0	6	35
0	6	36
0	6	37
0	6	38
0	6	39
0	6	40
0	6	41
0	6	42
0	6	43
0	6	44
0	6	45
0	6	46
0	6	47
0	6	48
0	6	49
0	7	32
0	7	33
0	7	34
0	7	35
0	7	36
0	7	37
0	7	38
0	7	39
0	7	40
0	7	41
0	7	42
0	7	43
0	7	44
0	7	45
0	7	46
0	7	47
0	7	48
0	8	34
0	8	35
0	8	36
0	8	37
0	8	38
0	8	39
0	8	40
0	8	41
0	8	42
0	8	43
0	8	44
0	8	45
0	8	46
0	9	36
0	9	37
0	9	38
0	9	39
0	9	40
0	9	41
0	9	42
0	10	37
0	10	38
0	10	39
0	10	40
0	55	32
0	55	33
0	56	30
0	56	31
0	56	32
0	56	33
0	56	34
0	56	35
0	56	36
0	56	37
0	56	38
0	56	39
0	57	30
0	57	31
0	57	32
0	57	33
0	57	34
0	57	35
0	57	36
0	57	37
0	57	38
0	57	39
0	57	40
0	57	41
0	58	29
0	58	30
0	58	31
0	58	32
0	58	33
0	58	34
0	58	35
0	58	36
0	58	37
0	58	38
0	58	39
0	58	40
0	58	41
0	58	42
0	59	26
0	59	27
0	59	28
0	59	29
0	59	30
0	59	31
0	59	32
0	59	33
0	59	34
0	59	35
0	59	36
0	59	37
0	59	38
0	59	39
0	59	40
0	59	41
0	59	42
0	59	43
0	59	44
0	60	24
0	60	25
0	60	26
0	60	27
0	60	28
0	60	29
0	60	30
0	60	31
0	60	32
0	60	33
0	60	34
0	60	35
0	60	36
0	60	37
0	60	38
0	60	39
0	60	40
0	60	41
0	60	42
0	60	43
0	60	44
0	60	45
0	60	46
0	60	47
0	61	24
0	61	25
0	61	26
0	61	27
0	61	28
0	61	29
0	61	30
0	61	31
0	61	32
0	61	33
0	61	34
0	61	35
0	61	36
0	61	37
0	61	38
0	61	39
0	61	40
0	61	41
0	61	42
0	61	43
0	61	44
0	61	45
0	61	46
0	61	47
0	62	24
0	62	25
0	62	26
0	62	27
0	62	28
0	62	29
0	62	30
0	62	31
0	62	32
0	62	33
0	62	34
0	62	35
0	62	36
0	62	37
0	62	38
0	62	39
0	62	40
0	62	41
0	62	42
0	62	43
0	62	44
0	62	45
0	62	46
0	62	47
0	63	25
0	63	26
0	63	27
0	63	28
0	63	29
0	63	30
0	63	31
0	63	32
0	63	33
0	63	34
0	63	35
0	63	36
0	63	37
0	63	38
0	63	39
0	63	40
0	63	41
0	63	42
0	63	43
0	63	44
0	63	45
0	63	46
0	63	47
1	0	27
1	0	28
1	0	29
1	0	30
1	0	31
1	0	32
1	0	33
1	0	34
1	0	35
1	0	36
1	0	37
1	0	38
1	0	39
1	0	40
1	0	41
1	0	42
1	0	43
1	0	44
1	0	45
1	0	46
1	1	28
1	1	29
1	1	30
1	1	31
1	1	32
1	1	33
1	1	34
1	1	35
1	1	36
1	1	37
1	1	38
1	1	39
1	1	40
1	1	41
1	1	42
1	1	43
1	1	44
1	1	45
1	2	29
1	2	30
1	2	31
1	2	32
1	2	33
1	2	34
1	2	35
1	2	36
1	2	37
1	2	38
1	2	39
1	2	40
1	2	41
1	2	42
1	2	43
1	2	44
1	3	30
1	3	31
1	3	32
1	3	33
1	3	34
1	3	35
1	3	36
1	3	37
1	3	38
1	3	39
1	3	40
1	3	41
1	3	42
1	3	43
1	4	30
1	4	31
1	4	32
1	4	33
1	4	34
1	4	35
1	4	36
1	4	37
1	4	38
1	4	39
1	4	40
1	4	41
1	4	42
1	4	43
1	4	44
1	4	45
1	4	46
1	5	30
1	5	31
1	5	32
1	5	33
1	5	34
1	5	35
1	5	36
1	5	37
1	5	38
1	5	39
1	5	40
1	5	41
1	5	42
1	5	43
1	5	44
1	5	45
1	5	46
1	5	47
1	6	31
1	6	32
1	6	33
1	6	34
1	6	35
1	6	36
1	6	37
1	6	38
1	6	39
1	6	40
1	6	41
1	6	42
1	6	43
1	6	44
1	6	45
1	6	46
1	6	47
1	7	32
1	7	33
1	7	34
1	7	35
1	7	36
1	7	37
1	7	38
1	7	39
1	7	40
1	7	41
1	7	42
1	7	43
1	7	44
1	7	45
1	7	46
1	7	47
1	7	48
1	8	32
1	8	33
1	8	34
1	8	35
1	8	36
1	8	37
1	8	38
1	8	39
1	8	40
1	8	41
1	8	42
1	8	43
1	8	44
1	8	45
1	9	35
1	9	36
1	9	37
1	9	38
1	9	39
1	9	40
1	9	41
1	9	42
1	10	36
1	10	37
1	10	38
1	10	39
1	10	40
1	55	32
1	55	33
1	55	34
1	55	35
1	55	36
1	55	37
1	56	30
1	56	31
1	56	32
1	56	33
1	56	34
1	56	35
1	56	36
1	56	37
1	56	38
1	56	39
1	56	40
1	57	30
1	57	31
1	57	32
1	57	33
1	57	34
1	57	35
1	57	36
1	57	37
1	57	38
1	57	39
1	57	40
1	57	41
1	58	29
1	58	30
1	58	31
1	58	32
1	58	33
1	58	34
1	58	35
1	58	36
1	58	37
1	58	38
1	58	39
1	58	40
1	58	41
1	58	42
1	59	25
1	59	26
1	59	27
1	59	28
1	59	29
1	59	30
1	59	31
1	59	32
1	59	33
1	59	34
1	59	35
1	59	36
1	59	37
1	59	38
1	59	39
1	59	40
1	59	41
1	59	42
1	59	43
1	60	25
1	60	26
1	60	27
1	60	28
1	60	29
1	60	30
1	60	31
1	60	32
1	60	33
1	60	34
1	60	35
1	60	36
1	60	37
1	60	38
1	60	39
1	60	40
1	60	41
1	60	42
1	60	43
1	60	44
1	61	25
1	61	26
1	61	27
1	61	28
1	61	29
1	61	30
1	61	31
1	61	32
1	61	33
1	61	34
1	61	35
1	61	36
1	61	37
1	61	38
1	61	39
1	61	40
1	61	41
1	61	42
1	61	43
1	61	44
1	61	45
1	61	46
1	61	47
1	62	25
1	62	26
1	62	27
1	62	28
1	62	29
1	62	30
1	62	31
1	62	32
1	62	33
1	62	34
1	62	35
1	62	36
1	62	37
1	62	38
1	62	39
1	62	40
1	62	41
1	62	42
1	62	43
1	62	44
1	62	45
1	62	46
1	62	47
1	63	26
1	63	27
1	63	28
1	63	29
1	63	30
1	63	31
1	63	32
1	63	33
1	63	34
1	63	35
1	63	36
1	63	37
1	63	38
1	63	39
1	63	40
1	63	41
1	63	42
1	63	43
1	63	44
1	63	45
1	63	46
2	0	29
2	0	30
2	0	31
2	0	32
2	0	33
2	0	34
2	0	35
2	0	36
2	0	37
2	0	38
2	0	39
2	0	40
2	0	41
2	0	42
2	0	43
2	0	44
2	0	45
2	1	30
2	1	31
2	1	32
2	1	33
2	1	34
2	1	35
2	1	36
2	1	37
2	1	38
2	1	39
2	1	40
2	1	41
2	1	42
2	1	43
2	2	30
2	2	31
2	2	32
2	2	33
2	2	34
2	2	35
2	2	36
2	2	37
2	2	38
2	2	39
2	2	40
2	2	41
2	3	31
2	3	32
2	3	33
2	3	34
2	3	35
2	3	36
2	3	37
2	3	38
2	3	39
2	3	40
2	4	31
2	4	32
2	4	33
2	4	34
2	4	35
2	4	36
2	4	37
2	4	39
2	4	40
2	4	41
2	4	42
2	4	43
2	4	44
2	5	31
2	5	32
2	5	33
2	5	34
2	5	35
2	5	36
2	5	37
2	5	38
2	5	39
2	5	40
2	5	41
2	5	42
2	5	43
2	5	44
2	5	45
2	6	32
2	6	33
2	6	34
2	6	35
2	6	36
2	6	37
2	6	38
2	6	39
2	6	40
2	6	41
2	6	42
2	6	43
2	6	44
2	6	45
2	6	46
2	7	32
2	7	33
2	7	34
2	7	35
2	7	36
2	7	37
2	7	38
2	7	39
2	7	40
2	7	41
2	7	42
2	7	43
2	7	44
2	7	45
2	8	32
2	8	33
2	8	34
2	8	35
2	8	36
2	8	37
2	8	38
2	8	39
2	8	40
2	8	41
2	8	42
2	8	43
2	8	44
2	9	32
2	9	33
2	9	34
2	9	35
2	9	36
2	9	37
2	9	38
2	9	39
2	9	40
2	9	41
2	9	42
2	10	35
2	10	36
2	10	37
2	10	38
2	10	39
2	10	40
2	54	35
2	54	36
2	55	30
2	55	31
2	55	32
2	55	33
2	55	34
2	55	35
2	55	36
2	55	37
2	56	30
2	56	31
2	56	32
2	56	33
2	56	34
2	56	35
2	56	36
2	56	37
2	56	38
2	56	39
2	56	40
2	57	29
2	57	30
2	57	31
2	57	32
2	57	33
2	57	34
2	57	35
2	57	36
2	57	37
2	57	38
2	57	39
2	57	40
2	57	41
2	58	28
2	58	29
2	58	30
2	58	31
2	58	32
2	58	33
2	58	34
2	58	35
2	58	36
2	58	37
2	58	38
2	58	39
2	58	40
2	58	41
2	59	27
2	59	28
2	59	29
2	59	30
2	59	31
2	59	32
2	59	33
2	59	34
2	59	35
2	59	36
2	59	37
2	59	38
2	59	39
2	59	40
2	59	41
2	59	42
2	60	27
2	60	28
2	60	29
2	60	30
2	60	31
2	60	32
2	60	33
2	60	34
2	60	35
2	60	36
2	60	37
2	60	38
2	60	39
2	60	40
2	60	41
2	60	42
2	61	27
2	61	28
2	61	29
2	61	30
2	61	31
2	61	32
2	61	33
2	61	34
2	61	35
2	61	36
2	61	37
2	61	38
2	61	39
2	61	40
2	61	41
2	61	42
2	61	43
2	61	44
2	62	28
2	62	29
2	62	30
2	62	31
2	62	32
2	62	33
2	62	34
2	62	35
2	62	36
2	62	37
2	62	38
2	62	39
2	62	40
2	62	41
2	62	42
2	62	43
2	62	44
2	62	45
2	62	46
2	63	29
2	63	30
2	63	31
2	63	32
2	63	33
2	63	34
2	63	35
2	63	36
2	63	37
2	63	38
2	63	39
2	63	40
2	63	41
2	63	42
2	63	43
2	63	44
2	63	45
2	63	46
3	0	31
3	0	32
3	0	33
3	0	34
3	0	35
3	0	36
3	0	37
3	0	38
3	0	39
3	0	40
3	0	41
3	0	42
3	1	32
3	1	33
3	1	34
3	1	35
3	1	36
3	1	37
3	1	38
3	1	39
3	1	40
3	2	32
3	2	33
3	2	34
3	2	35
3	2	36
3	2	37
3	2	38
3	2	39
3	3	33
3	3	34
3	3	35
3	3	36
3	4	33
3	4	34
3	4	35
3	4	40
3	4	41
3	4	42
3	5	33
3	5	34
3	5	35
3	5	36
3	5	37
3	5	38
3	5	39
3	5	40
3	5	41
3	5	42
3	5	43
3	5	44
3	6	33
3	6	34
3	6	35
3	6	36
3	6	37
3	6	38
3	6	39
3	6	40
3	6	41
3	6	42
3	6	43
3	6	44
3	7	33
3	7	34
3	7	35
3	7	36
3	7	37
3	7	38
3	7	39
3	7	40
3	7	41
3	7	42
3	7	43
3	7	44
3	8	34
3	8	35
3	8	36
3	8	37
3	8	38
3	8	39
3	8	40
3	8	41
3	8	42
3	8	43
3	9	35
3	9	36
3	9	37
3	9	38
3	9	39
3	9	40
3	9	41
3	9	42
3	10	35
3	10	36
3	10	37
3	10	38
3	10	39
3	10	40
3	53	36
3	54	35
3	54	36
3	54	37
3	55	34
3	55	35
3	55	36
3	55	37
3	55	38
3	56	30
3	56	31
3	56	32
3	56	33
3	56	34
3	56	35
3	56	36
3	56	37
3	56	38
3	56	39
3	56	40
3	57	30
3	57	31
3	57	32
3	57	33
3	57	34
3	57	35
3	57	36
3	57	37
3	57	38
3	57	39
3	57	40
3	58	30
3	58	31
3	58	32
3	58	33
3	58	34
3	58	35
3	58	36
3	58	37
3	58	38
3	58	39
3	58	40
3	59	30
3	59	31
3	59	32
3	59	33
3	59	34
3	59	35
3	59	36
3	59	37
3	59	38
3	59	39
3	59	40
3	60	30
3	60	31
3	60	32
3	60	33
3	60	34
3	60	35
3	60	36
3	60	37
3	60	38
3	60	39
3	60	40
3	60	41
3	61	30
3	61	31
3	61	32
3	61	33
3	61	34
3	61	35
3	61	36
3	61	37
3	61	38
3	61	39
3	61	40
3	61	41
3	62	30
3	62	31
3	62	32
3	62	33
3	62	34
3	62	35
3	62	36
3	62	37
3	62	38
3	62	39
3	62	40
3	62	41
3	62	42
3	63	31
3	63	32
3	63	33
3	63	34
3	63	35
3	63	36
3	63	37
3	63	38
3	63	39
3	63	40
3	63	41
3	63	42
3	63	43
4	5	39
4	5	40
4	5	41
4	6	37
4	6	38
4	6	39
4	6	40
4	6	41
4	6	42
4	7	36
4	7	37
4	7	38
4	7	39
4	7	40
4	7	41
4	7	42
4	8	35
4	8	36
4	8	37
4	8	38
4	8	39
4	8	40
4	8	41
4	8	42
4	9	35
4	9	36
4	9	37
4	9	38
4	9	39
4	9	40
4	9	41
4	10	35
4	10	36
4	10	37
4	10	38
4	10	39
4	11	35
4	11	36
4	54	35
4	54	36
4	55	34
4	55	35
4	55	36
4	56	32
4	56	33
4	56	34
4	56	35
4	56	36
4	56	37
4	57	31
4	57	32
4	57	33
4	57	34
4	57	35
4	57	36
4	57	37
4	57	38
4	58	31
4	58	32
4	58	33
4	58	34
4	58	35
4	58	36
4	58	37
4	59	31
4	59	32
4	59	33
4	59	34
4	59	35
4	59	36
4	60	31
4	60	32
4	60	33
4	60	34
4	61	32
4	61	33
5	9	38
5	57	32
5	57	33
5	57	34
5	58	31
5	58	32
5	58	33
5	59	32
5	59	33
5	60	32
5	60	33
56	0	38
56	5	46
56	63	38
57	0	36
57	0	37
57	0	38
57	0	39
57	0	40
57	1	37
57	1	38
57	1	39
57	1	40
57	2	37
57	2	38
57	2	39
57	2	40
57	2	45
57	3	38
57	3	39
57	3	45
57	4	45
57	4	46
57	5	46
57	63	38
57	63	39
57	63	40
57	63	41
57	63	42
58	0	30
58	0	31
58	0	32
58	0	36
58	0	37
58	0	38
58	0	39
58	0	40
58	0	41
58	0	42
58	0	43
58	0	44
58	0	45
58	1	30
58	1	31
58	1	32
58	1	36
58	1	37
58	1	38
58	1	39
58	1	40
58	1	41
58	1	44
58	1	45
58	1	46
58	2	36
58	2	37
58	2	38
58	2	39
58	2	40
58	2	44
58	2	45
58	2	46
58	2	47
58	3	37
58	3	38
58	3	39
58	3	44
58	3	45
58	3	46
58	4	45
58	4	46
58	5	46
58	62	39
58	62	40
58	62	41
58	63	37
58	63	38
58	63	39
58	63	40
58	63	41
58	63	42
58	63	43
58	63	44
59	0	29
59	0	30
59	0	31
59	0	32
59	0	33
59	0	34
59	0	35
59	0	36
59	0	37
59	0	38
59	0	39
59	0	40
59	0	41
59	0	42
59	0	43
59	0	44
59	0	45
59	0	46
59	1	28
59	1	29
59	1	30
59	1	31
59	1	32
59	1	33
59	1	34
59	1	35
59	1	36
59	1	37
59	1	38
59	1	39
59	1	40
59	1	41
59	1	42
59	1	43
59	1	44
59	1	45
59	1	46
59	1	47
59	2	32
59	2	33
59	2	34
59	2	35
59	2	36
59	2	37
59	2	38
59	2	39
59	2	40
59	2	41
59	2	42
59	2	43
59	2	44
59	2	45
59	2	46
59	2	47
59	2	48
59	3	36
59	3	37
59	3	38
59	3	39
59	3	40
59	3	44
59	3	45
59	3	46
59	3	47
59	3	48
59	4	38
59	4	39
59	4	45
59	4	46
59	4	47
59	5	46
59	61	36
59	61	37
59	61	38
59	61	39
59	61	40
59	61	41
59	61	42
59	62	31
59	62	32
59	62	34
59	62	35
59	62	36
59	62	37
59	62	38
59	62	39
59	62	40
59	62	41
59	62	42
59	62	43
59	62	44
59	62	45
59	63	29
59	63	30
59	63	31
59	63	32
59	63	33
59	63	34
59	63	35
59	63	36
59	63	37
59	63	38
59	63	39
59	63	40
59	63	41
59	63	42
59	63	43
59	63	44
59	63	45
59	63	46
60	0	27
60	0	28
60	0	29
60	0	30
60	0	31
60	0	32
60	0	33
60	0	34
60	0	35
60	0	36
60	0	37
60	0	38
60	0	39
60	0	40
60	0	41
60	0	42
60	0	43
60	0	44
60	0	45
60	0	46
60	0	47
60	1	27
60	1	28
60	1	29
60	1	30
60	1	31
60	1	32
60	1	33
60	1	34
60	1	35
60	1	36
60	1	37
60	1	38
60	1	39
60	1	40
60	1	41
60	1	42
60	1	43
60	1	44
60	1	45
60	1	46
60	1	47
60	2	30
60	2	31
60	2	32
60	2	33
60	2	34
60	2	35
60	2	36
60	2	37
60	2	38
60	2	39
60	2	40
60	2	41
60	2	42
60	2	43
60	2	44
60	2	45
60	2	46
60	2	47
60	2	48
60	3	32
60	3	33
60	3	34
60	3	35
60	3	36
60	3	37
60	3	38
60	3	39
60	3	40
60	3	41
60	3	42
60	3	43
60	3	44
60	3	45
60	3	46
60	3	47
60	3	48
60	4	35
60	4	36
60	4	37
60	4	38
60	4	39
60	4	40
60	4	45
60	4	46
60	4	47
60	4	48
60	5	46
60	5	47
60	6	46
60	7	43
60	7	44
60	7	45
60	8	43
60	8	44
60	8	45
60	9	43
60	9	44
60	9	45
60	60	35
60	60	36
60	60	37
60	60	38
60	60	39
60	60	40
60	60	41
60	60	42
60	60	43
60	61	30
60	61	31
60	61	32
60	61	33
60	61	34
60	61	35
60	61	36
60	61	37
60	61	38
60	61	39
60	61	40
60	61	41
60	61	42
60	61	43
60	61	44
60	62	28
60	62	29
60	62	30
60	62	31
60	62	32
60	62	33
60	62	34
60	62	35
60	62	36
60	62	37
60	62	38
60	62	39
60	62	40
60	62	41
60	62	42
60	62	43
60	62	44
60	62	45
60	62	46
60	63	27
60	63	28
60	63	29
60	63	30
60	63	31
60	63	32
60	63	33
60	63	34
60	63	35
60	63	36
60	63	37
60	63	38
60	63	39
60	63	40
60	63	41
60	63	42
60	63	43
60	63	44
60	63	45
60	63	46
61	0	25
61	0	26
61	0	27
61	0	28
61	0	29
61	0	30
61	0	31
61	0	32
61	0	33
61	0	34
61	0	35
61	0	36
61	0	37
61	0	38
61	0	39
61	0	40
61	0	41
61	0	42
61	0	43
61	0	44
61	0	45
61	0	46
61	0	47
61	1	27
61	1	28
61	1	29
61	1	30
61	1	31
61	1	32
61	1	33
61	1	34
61	1	35
61	1	36
61	1	37
61	1	38
61	1	39
61	1	40
61	1	41
61	1	42
61	1	43
61	1	44
61	1	45
61	1	46
61	1	47
61	2	29
61	2	30
61	2	31
61	2	32
61	2	33
61	2	34
61	2	35
61	2	36
61	2	37
61	2	38
61	2	39
61	2	40
61	2	41
61	2	42
61	2	43
61	2	44
61	2	45
61	2	46
61	2	47
61	2	48
61	3	31
61	3	32
61	3	33
61	3	34
61	3	35
61	3	36
61	3	37
61	3	38
61	3	39
61	3	40
61	3	41
61	3	42
61	3	43
61	3	44
61	3	45
61	3	46
61	3	47
61	3	48
61	4	33
61	4	34
61	4	35
61	4	36
61	4	37
61	4	38
61	4	39
61	4	40
61	4	41
61	4	42
61	4	43
61	4	44
61	4	45
61	4	46
61	4	47
61	5	35
61	5	36
61	5	37
61	5	38
61	5	39
61	5	45
61	5	46
61	5	47
61	6	35
61	6	36
61	6	43
61	6	44
61	6	45
61	6	46
61	6	47
61	7	42
61	7	43
61	7	44
61	7	45
61	7	46
61	8	42
61	8	43
61	8	44
61	8	45
61	9	42
61	9	43
61	9	44
61	10	42
61	10	43
61	59	35
61	59	36
61	59	37
61	59	38
61	59	39
61	59	40
61	59	41
61	59	42
61	60	29
61	60	30
61	60	31
61	60	32
61	60	33
61	60	34
61	60	35
61	60	36
61	60	37
61	60	38
61	60	39
61	60	40
61	60	41
61	60	42
61	60	43
61	60	44
61	61	26
61	61	27
61	61	28
61	61	29
61	61	30
61	61	31
61	61	32
61	61	33
61	61	34
61	61	35
61	61	36
61	61	37
61	61	38
61	61	39
61	61	40
61	61	41
61	61	42
61	61	43
61	61	44
61	61	45
61	62	25
61	62	26
61	62	27
61	62	28
61	62	29
61	62	30
61	62	31
61	62	32
61	62	33
61	62	34
61	62	35
61	62	36
61	62	37
61	62	38
61	62	39
61	62	40
61	62	41
61	62	42
61	62	43
61	62	44
61	62	45
61	62	46
61	63	25
61	63	26
61	63	27
61	63	28
61	63	29
61	63	30
61	63	31
61	63	32
61	63	33
61	63	34
61	63	35
61	63	36
61	63	37
61	63	38
61	63	39
61	63	40
61	63	41
61	63	42
61	63	43
61	63	44
61	63	45
61	63	46
61	63	47
62	0	24
62	0	25
62	0	26
62	0	27
62	0	28
62	0	29
62	0	30
62	0	31
62	0	32
62	0	33
62	0	34
62	0	35
62	0	36
62	0	37
62	0	38
62	0	39
62	0	40
62	0	41
62	0	42
62	0	43
62	0	44
62	0	45
62	0	46
62	0	47
62	1	26
62	1	27
62	1	28
62	1	29
62	1	30
62	1	31
62	1	32
62	1	33
62	1	34
62	1	35
62	1	36
62	1	37
62	1	38
62	1	39
62	1	40
62	1	41
62	1	42
62	1	43
62	1	44
62	1	45
62	1	46
62	1	47
62	2	28
62	2	29
62	2	30
62	2	31
62	2	32
62	2	33
62	2	34
62	2	35
62	2	36
62	2	37
62	2	38
62	2	39
62	2	40
62	2	41
62	2	42
62	2	43
62	2	44
62	2	45
62	2	46
62	2	47
62	3	29
62	3	30
62	3	31
62	3	32
62	3	33
62	3	34
62	3	35
62	3	36
62	3	37
62	3	38
62	3	39
62	3	40
62	3	41
62	3	42
62	3	43
62	3	44
62	3	45
62	3	46
62	3	47
62	4	31
62	4	32
62	4	33
62	4	34
62	4	35
62	4	36
62	4	37
62	4	38
62	4	39
62	4	40
62	4	41
62	4	42
62	4	43
62	4	44
62	4	45
62	4	46
62	4	47
62	5	34
62	5	35
62	5	36
62	5	37
62	5	38
62	5	39
62	5	40
62	5	41
62	5	42
62	5	43
62	5	44
62	5	45
62	5	46
62	5	47
62	6	34
62	6	35
62	6	36
62	6	37
62	6	38
62	6	39
62	6	40
62	6	41
62	6	42
62	6	43
62	6	44
62	6	45
62	6	46
62	6	47
62	7	35
62	7	40
62	7	41
62	7	42
62	7	43
62	7	44
62	7	45
62	7	46
62	7	47
62	8	41
62	8	42
62	8	43
62	8	44
62	8	45
62	9	41
62	9	42
62	9	43
62	9	44
62	10	41
62	10	42
62	11	41
62	58	33
62	58	34
62	58	35
62	58	36
62	58	37
62	58	38
62	58	39
62	58	40
62	59	27
62	59	28
62	59	29
62	59	30
62	59	31
62	59	32
62	59	33
62	59	34
62	59	35
62	59	36
62	59	37
62	59	38
62	59	39
62	59	40
62	59	41
62	59	42
62	59	43
62	60	23
62	60	26
62	60	27
62	60	28
62	60	29
62	60	30
62	60	31
62	60	32
62	60	33
62	60	34
62	60	35
62	60	36
62	60	37
62	60	38
62	60	39
62	60	40
62	60	41
62	60	42
62	60	43
62	60	44
62	60	45
62	61	23
62	61	24
62	61	25
62	61	26
62	61	27
62	61	28
62	61	29
62	61	30
62	61	31
62	61	32
62	61	33
62	61	34
62	61	35
62	61	36
62	61	37
62	61	38
62	61	39
62	61	40
62	61	41
62	61	42
62	61	43
62	61	44
62	61	45
62	61	46
62	62	23
62	62	24
62	62	25
62	62	26
62	62	27
62	62	28
62	62	29
62	62	30
62	62	31
62	62	32
62	62	33
62	62	34
62	62	35
62	62	36
62	62	37
62	62	38
62	62	39
62	62	40
62	62	41
62	62	42
62	62	43
62	62	44
62	62	45
62	62	46
62	62	47
62	63	23
62	63	24
62	63	25
62	63	26
62	63	27
62	63	28
62	63	29
62	63	30
62	63	31
62	63	32
62	63	33
62	63	34
62	63	35
62	63	36
62	63	37
62	63	38
62	63	39
62	63	40
62	63	41
62	63	42
62	63	43
62	63	44
62	63	45
62	63	46
62	63	47
63	0	24
63	0	25
63	0	26
63	0	27
63	0	28
63	0	29
63	0	30
63	0	31
63	0	32
63	0	33
63	0	34
63	0	35
63	0	36
63	0	37
63	0	38
63	0	39
63	0	40
63	0	41
63	0	42
63	0	43
63	0	44
63	0	45
63	0	46
63	0	47
63	1	25
63	1	26
63	1	27
63	1	28
63	1	29
63	1	30
63	1	31
63	1	32
63	1	33
63	1	34
63	1	35
63	1	36
63	1	37
63	1	38
63	1	39
63	1	40
63	1	41
63	1	42
63	1	43
63	1	44
63	1	45
63	1	46
63	1	47
63	2	28
63	2	29
63	2	30
63	2	31
63	2	32
63	2	33
63	2	34
63	2	35
63	2	36
63	2	37
63	2	38
63	2	39
63	2	40
63	2	41
63	2	42
63	2	43
63	2	44
63	2	45
63	2	46
63	3	29
63	3	30
63	3	31
63	3	32
63	3	33
63	3	34
63	3	35
63	3	36
63	3	37
63	3	38
63	3	39
63	3	40
63	3	41
63	3	42
63	3	43
63	3	44
63	3	45
63	3	46
63	4	30
63	4	31
63	4	32
63	4	33
63	4	34
63	4	35
63	4	36
63	4	37
63	4	38
63	4	39
63	4	40
63	4	41
63	4	42
63	4	43
63	4	44
63	4	45
63	4	46
63	4	47
63	5	31
63	5	32
63	5	33
63	5	34
63	5	35
63	5	36
63	5	37
63	5	38
63	5	39
63	5	40
63	5	41
63	5	42
63	5	43
63	5	44
63	5	45
63	5	46
63	5	47
63	5	48
63	6	32
63	6	33
63	6	34
63	6	35
63	6	36
63	6	37
63	6	38
63	6	39
63	6	40
63	6	41
63	6	42
63	6	43
63	6	44
63	6	45
63	6	46
63	6	47
63	6	48
63	6	49
63	7	34
63	7	35
63	7	36
63	7	37
63	7	38
63	7	39
63	7	40
63	7	41
63	7	42
63	7	43
63	7	44
63	7	45
63	7	46
63	7	47
63	8	35
63	8	36
63	8	37
63	8	38
63	8	39
63	8	40
63	8	41
63	8	42
63	8	43
63	8	44
63	8	45
63	9	38
63	9	39
63	9	40
63	9	41
63	9	42
63	9	43
63	10	39
63	10	40
63	10	41
63	56	31
63	57	30
63	57	31
63	57	32
63	57	33
63	57	34
63	57	35
63	57	36
63	57	37
63	57	38
63	57	39
63	57	40
63	58	29
63	58	30
63	58	31
63	58	32
63	58	33
63	58	34
63	58	35
63	58	36
63	58	37
63	58	38
63	58	39
63	58	40
63	58	41
63	58	42
63	59	26
63	59	27
63	59	28
63	59	29
63	59	30
63	59	31
63	59	32
63	59	33
63	59	34
63	59	35
63	59	36
63	59	37
63	59	38
63	59	39
63	59	40
63	59	41
63	59	42
63	59	43
63	59	44
63	60	23
63	60	24
63	60	25
63	60	26
63	60	27
63	60	28
63	60	29
63	60	30
63	60	31
63	60	32
63	60	33
63	60	34
63	60	35
63	60	36
63	60	37
63	60	38
63	60	39
63	60	40
63	60	41
63	60	42
63	60	43
63	60	44
63	60	45
63	60	46
63	61	23
63	61	24
63	61	25
63	61	26
63	61	27
63	61	28
63	61	29
63	61	30
63	61	31
63	61	32
63	61	33
63	61	34
63	61	35
63	61	36
63	61	37
63	61	38
63	61	39
63	61	40
63	61	41
63	61	42
63	61	43
63	61	44
63	61	45
63	61	46
63	61	47
63	62	24
63	62	25
63	62	26
63	62	27
63	62	28
63	62	29
63	62	30
63	62	31
63	62	32
63	62	33
63	62	34
63	62	35
63	62	36
63	62	37
63	62	38
63	62	39
63	62	40
63	62	41
63	62	42
63	62	43
63	62	44
63	62	45
63	62	46
63	62	47
63	63	24
63	63	25
63	63	26
63	63	27
63	63	28
63	63	29
63	63	30
63	63	31
63	63	32
63	63	33
63	63	34
63	63	35
63	63	36
63	63	37
63	63	38
63	63	39
63	63	40
63	63	41
63	63	42
63	63	43
63	63	44
63	63	45
63	63	46
63	63	47
