#i	j	k
12	34	45
12	34	46
12	35	45
12	35	46
12	36	45
12	36	46
12	37	45
12	37	46
13	28	36
13	29	34
13	29	35
13	29	36
13	29	37
13	30	34
13	30	35
13	30	36
13	30	37
13	30	38
13	31	36
13	31	37
13	32	37
13	32	38
13	32	43
13	32	44
13	32	45
13	33	37
13	33	38
13	33	39
13	33	43
13	33	44
13	33	45
13	33	46
13	33	47
13	34	37
13	34	38
13	34	39
13	34	40
13	34	41
13	34	42
13	34	43
13	34	44
13	34	45
13	34	46
13	34	47
13	34	48
13	35	38
13	35	39
13	35	40
13	35	41
13	35	42
13	35	43
13	35	44
13	35	45
13	35	46
13	35	47
13	35	48
13	36	44
13	36	45
13	36	46
13	36	47
13	36	48
13	37	45
13	37	46
14	27	38
14	27	39
14	27	40
14	28	35
14	28	36
14	28	37
14	28	38
14	28	39
14	28	40
14	28	41
14	29	34
14	29	35
14	29	36
14	29	37
14	29	38
14	29	39
14	29	40
14	29	41
14	29	42
14	29	43
14	30	34
14	30	35
14	30	36
14	30	37
14	30	38
14	30	39
14	30	40
14	30	41
14	30	42
14	30	43
14	31	34
14	31	35
14	31	36
14	31	37
14	31	38
14	31	39
14	31	40
14	31	41
14	31	42
14	31	43
14	31	44
14	32	34
14	32	35
14	32	36
14	32	37
14	32	38
14	32	39
14	32	40
14	32	41
14	32	42
14	32	43
14	32	44
14	32	45
14	33	34
14	33	35
14	33	36
14	33	37
14	33	38
14	33	39
14	33	40
14	33	41
14	33	42
14	33	43
14	33	44
14	33	45
14	33	46
14	34	36
14	34	37
14	34	38
14	34	39
14	34	40
14	34	41
14	34	42
14	34	43
14	34	44
14	34	45
14	34	46
14	34	47
14	34	48
14	35	37
14	35	38
14	35	39
14	35	40
14	35	41
14	35	42
14	35	43
14	35	44
14	35	45
14	35	46
14	35	47
14	35	48
14	36	37
14	36	38
14	36	39
14	36	40
14	36	41
14	36	42
14	36	43
14	36	44
14	36	45
14	36	46
14	36	47
14	36	48
14	37	45
15	26	39
15	27	37
15	27	38
15	27	39
15	27	40
15	27	41
15	28	36
15	28	37
15	28	38
15	28	39
15	28	40
15	28	41
15	28	42
15	29	35
15	29	36
15	29	37
15	29	38
15	29	39
15	29	40
15	29	41
15	29	42
15	29	43
15	30	34
15	30	35
15	30	36
15	30	37
15	30	38
15	30	39
15	30	40
15	30	41
15	30	42
15	30	43
15	31	33
15	31	34
15	31	35
15	31	36
15	31	37
15	31	38
15	31	39
15	31	40
15	31	41
15	31	42
15	32	33
15	32	34
15	32	35
15	32	36
15	32	37
15	32	38
15	32	39
15	32	40
15	32	41
15	32	42
15	32	43
15	33	33
15	33	34
15	33	35
15	33	36
15	33	37
15	33	38
15	33	39
15	33	40
15	33	41
15	33	42
15	33	43
15	33	44
15	33	45
15	34	35
15	34	36
15	34	37
15	34	38
15	34	39
15	34	40
15	34	41
15	34	42
15	34	43
15	34	44
15	34	45
15	34	46
15	34	47
15	35	36
15	35	37
15	35	38
15	35	39
15	35	40
15	35	41
15	35	42
15	35	43
15	35	44
15	35	45
15	35	46
15	35	47
15	35	48
15	36	37
15	36	38
15	36	39
15	36	40
15	36	41
15	36	42
15	36	43
15	36	44
15	36	45
15	36	46
15	36	47
15	36	48
16	27	37
16	27	38
16	27	39
16	27	40
16	27	41
16	27	42
16	28	36
16	28	37
16	28	38
16	28	39
16	28	40
16	28	41
16	28	42
16	29	35
16	29	36
16	29	37
16	29	38
16	29	39
16	29	40
16	29	41
16	29	42
16	29	43
16	30	34
16	30	35
16	30	36
16	30	37
16	30	38
16	30	39
16	30	40
16	30	41
16	30	42
16	30	43
16	31	33
16	31	34
16	31	35
16	31	36
16	31	37
16	31	38
16	31	39
16	31	40
16	31	41
16	31	42
16	32	33
16	32	34
16	32	35
16	32	36
16	32	37
16	32	38
16	32	39
16	32	40
16	32	41
16	33	33
16	33	34
16	33	35
16	33	36
16	33	37
16	33	38
16	33	39
16	33	40
16	33	41
16	33	42
16	34	33
16	34	34
16	34	35
16	34	36
16	34	37
16	34	38
16	34	39
16	34	40
16	34	41
16	34	42
16	34	43
16	34	45
16	35	35
16	35	36
16	35	37
16	35	38
16	35	39
16	35	40
16	35	41
16	35	42
16	35	43
16	35	45
16	35	46
16	36	37
16	36	38
16	36	39
16	36	40
16	36	42
16	36	43
16	36	44
16	36	45
16	36	46
17	27	38
17	27	39
17	27	40
17	28	37
17	28	38
17	28	39
17	28	40
17	28	41
17	29	36
17	29	37
17	29	38
17	29	39
17	29	40
17	29	41
17	30	34
17	30	35
17	30	36
17	30	37
17	30	38
17	30	39
17	30	40
17	30	41
17	30	42
17	30	43
17	31	33
17	31	34
17	31	35
17	31	36
17	31	37
17	31	38
17	31	39
17	31	40
17	31	41
17	31	42
17	32	33
17	32	34
17	32	35
17	32	36
17	32	37
17	32	38
17	32	39
17	32	40
17	32	41
17	33	34
17	33	35
17	33	36
17	33	37
17	33	38
17	33	39
17	33	40
17	33	41
17	34	35
17	34	36
17	34	37
17	34	38
17	34	39
17	34	40
17	34	41
17	35	36
17	35	37
17	35	38
17	35	39
17	35	40
17	35	41
17	36	38
17	36	43
17	36	44
18	27	40
18	28	39
18	28	40
18	29	39
18	29	40
18	29	41
18	30	38
18	30	39
18	30	40
18	30	41
18	31	38
18	31	39
18	31	40
18	31	41
18	32	34
18	32	35
18	32	38
18	32	39
18	32	40
18	33	34
18	33	35
18	33	36
18	33	37
18	33	38
18	33	39
18	33	40
18	34	36
18	34	37
18	35	37
19	28	40
19	29	40
19	30	40
19	32	39
