#i	j	k
0	5	49
0	7	44
0	8	43
0	8	44
0	8	45
0	8	46
0	9	42
0	9	43
0	9	44
0	9	45
0	9	46
0	10	43
0	10	44
0	10	45
0	10	46
0	11	43
0	11	44
0	11	45
0	11	46
0	11	47
0	12	44
0	12	45
0	12	46
0	12	47
0	12	48
0	13	44
0	13	45
0	13	46
0	13	47
0	13	48
0	13	49
0	14	44
0	14	45
0	14	46
0	14	47
0	14	48
0	14	49
0	14	50
0	15	43
0	15	44
0	15	45
0	15	46
0	15	47
0	15	48
0	15	49
0	15	50
0	15	51
0	59	56
0	60	55
0	60	56
0	61	54
0	61	55
0	61	56
0	62	53
0	62	54
0	62	57
0	63	52
1	0	51
1	0	52
1	1	51
1	1	52
1	2	50
1	2	51
1	3	50
1	4	46
1	4	47
1	4	48
1	4	49
1	4	50
1	5	45
1	5	46
1	5	47
1	5	48
1	5	49
1	5	50
1	6	45
1	6	46
1	6	47
1	6	48
1	6	49
1	6	50
1	7	45
1	8	43
1	8	44
1	8	45
1	8	46
1	8	47
1	9	43
1	9	44
1	9	45
1	9	46
1	9	47
1	10	43
1	10	44
1	10	45
1	10	46
1	10	47
1	11	43
1	11	44
1	11	45
1	11	46
1	11	47
1	12	44
1	12	45
1	12	46
1	12	47
1	12	48
1	13	44
1	13	45
1	13	46
1	13	47
1	13	48
1	13	49
1	14	44
1	14	45
1	14	46
1	14	47
1	14	48
1	14	49
1	14	50
1	15	43
1	15	44
1	15	45
1	15	46
1	15	49
1	15	50
1	15	51
1	59	55
1	59	56
1	60	55
1	60	56
1	60	57
1	61	54
1	61	55
1	61	56
1	62	53
1	62	54
1	62	55
1	62	57
1	63	52
1	63	53
1	63	54
1	63	56
2	0	51
2	0	52
2	0	53
2	0	55
2	1	50
2	1	51
2	1	52
2	2	50
2	2	51
2	2	52
2	2	53
2	3	47
2	3	48
2	3	49
2	3	50
2	3	51
2	3	52
2	4	46
2	4	47
2	4	48
2	4	49
2	4	50
2	4	51
2	5	45
2	5	46
2	5	47
2	5	48
2	5	49
2	5	50
2	5	51
2	6	44
2	6	45
2	6	46
2	6	47
2	6	48
2	6	49
2	6	50
2	7	45
2	7	46
2	7	47
2	7	48
2	7	49
2	8	43
2	8	44
2	8	45
2	8	46
2	8	47
2	8	48
2	9	43
2	9	44
2	9	45
2	9	46
2	9	47
2	9	48
2	10	43
2	10	44
2	10	45
2	10	46
2	10	47
2	10	48
2	11	43
2	11	44
2	11	45
2	11	46
2	11	47
2	11	48
2	12	44
2	12	45
2	12	46
2	12	47
2	12	48
2	13	44
2	13	45
2	13	46
2	13	47
2	13	48
2	13	49
2	14	44
2	14	45
2	14	46
2	14	47
2	14	48
2	14	49
2	14	50
2	15	45
2	15	46
2	59	56
2	59	57
2	60	55
2	60	56
2	60	57
2	61	54
2	61	55
2	61	56
2	62	53
2	62	54
2	62	55
2	62	57
2	63	52
2	63	53
2	63	54
2	63	56
3	0	51
3	0	52
3	0	53
3	0	55
3	1	50
3	1	51
3	1	52
3	1	53
3	1	54
3	2	47
3	2	48
3	2	49
3	2	50
3	2	51
3	2	52
3	2	53
3	3	47
3	3	48
3	3	49
3	3	50
3	3	51
3	3	52
3	3	53
3	4	46
3	4	47
3	4	48
3	4	49
3	4	50
3	4	51
3	4	52
3	5	42
3	5	43
3	5	44
3	5	45
3	5	46
3	5	47
3	5	48
3	5	49
3	5	50
3	5	51
3	5	52
3	6	44
3	6	45
3	6	46
3	6	47
3	6	48
3	6	49
3	6	50
3	6	51
3	6	52
3	7	45
3	7	46
3	7	47
3	7	48
3	7	49
3	7	50
3	8	44
3	8	45
3	8	46
3	8	47
3	8	48
3	9	43
3	9	44
3	9	45
3	9	46
3	9	47
3	9	48
3	10	44
3	10	45
3	10	46
3	10	47
3	10	48
3	11	44
3	11	45
3	11	46
3	11	47
3	11	48
3	12	44
3	12	45
3	12	46
3	12	47
3	12	48
3	13	44
3	13	45
3	13	46
3	13	47
3	13	48
3	13	49
3	14	45
3	14	46
3	14	47
3	14	49
3	59	56
3	59	57
3	60	55
3	60	56
3	60	57
3	61	54
3	61	55
3	61	56
3	62	53
3	62	54
3	62	55
3	62	57
3	63	52
3	63	53
3	63	54
3	63	56
4	0	51
4	0	52
4	0	53
4	0	54
4	0	55
4	1	46
4	1	47
4	1	48
4	1	49
4	1	50
4	1	51
4	1	52
4	1	53
4	1	54
4	2	46
4	2	47
4	2	48
4	2	49
4	2	50
4	2	51
4	2	52
4	2	53
4	2	54
4	3	46
4	3	47
4	3	48
4	3	49
4	3	50
4	3	51
4	3	52
4	3	53
4	4	43
4	4	44
4	4	45
4	4	46
4	4	47
4	4	48
4	4	49
4	4	50
4	4	51
4	4	52
4	4	53
4	5	43
4	5	44
4	5	45
4	5	46
4	5	47
4	5	48
4	5	49
4	5	50
4	5	51
4	5	52
4	5	53
4	6	42
4	6	43
4	6	44
4	6	45
4	6	46
4	6	47
4	6	48
4	6	49
4	6	50
4	6	51
4	6	52
4	7	43
4	7	44
4	7	45
4	7	46
4	7	47
4	7	48
4	7	49
4	7	50
4	7	51
4	7	52
4	8	44
4	8	45
4	8	46
4	8	48
4	8	49
4	9	44
4	9	45
4	9	46
4	9	47
4	10	44
4	10	45
4	10	46
4	10	47
4	11	44
4	11	45
4	11	46
4	11	47
4	12	44
4	12	45
4	12	46
4	12	47
4	13	46
4	13	47
4	59	56
4	59	57
4	60	55
4	60	56
4	60	57
4	61	54
4	61	55
4	61	56
4	62	53
4	62	54
4	62	55
4	62	57
4	63	52
4	63	53
4	63	54
4	63	56
5	0	48
5	0	49
5	0	50
5	0	51
5	0	52
5	0	53
5	0	54
5	0	55
5	1	47
5	1	48
5	1	49
5	1	50
5	1	51
5	1	52
5	1	53
5	1	54
5	1	55
5	2	46
5	2	47
5	2	48
5	2	49
5	2	50
5	2	51
5	2	52
5	2	53
5	2	54
5	3	44
5	3	45
5	3	46
5	3	47
5	3	48
5	3	49
5	3	50
5	3	51
5	3	52
5	3	53
5	3	54
5	4	44
5	4	45
5	4	46
5	4	47
5	4	48
5	4	49
5	4	50
5	4	51
5	4	52
5	4	53
5	4	54
5	5	43
5	5	44
5	5	45
5	5	46
5	5	47
5	5	48
5	5	49
5	5	50
5	5	51
5	5	52
5	5	53
5	5	54
5	6	43
5	6	44
5	6	45
5	6	46
5	6	47
5	6	48
5	6	49
5	6	50
5	6	51
5	6	52
5	6	53
5	7	42
5	7	43
5	7	44
5	7	45
5	7	46
5	7	47
5	7	48
5	7	49
5	7	50
5	7	51
5	7	52
5	7	53
5	8	43
5	8	44
5	8	45
5	8	46
5	8	47
5	8	48
5	8	49
5	9	45
5	9	46
5	10	44
5	10	45
5	10	46
5	11	44
5	11	45
5	11	46
5	59	56
5	59	57
5	60	55
5	60	56
5	60	57
5	60	59
5	61	54
5	61	55
5	61	56
5	61	58
5	62	53
5	62	54
5	62	55
5	62	57
5	63	52
5	63	53
5	63	54
5	63	55
5	63	56
6	0	49
6	0	50
6	0	51
6	0	52
6	0	53
6	0	54
6	0	55
6	0	56
6	1	48
6	1	49
6	1	50
6	1	51
6	1	52
6	1	53
6	1	54
6	1	55
6	1	56
6	2	46
6	2	47
6	2	48
6	2	49
6	2	50
6	2	51
6	2	52
6	2	53
6	2	54
6	2	55
6	2	56
6	3	45
6	3	46
6	3	47
6	3	48
6	3	49
6	3	50
6	3	51
6	3	52
6	3	53
6	3	54
6	3	55
6	4	44
6	4	45
6	4	46
6	4	47
6	4	48
6	4	49
6	4	50
6	4	51
6	4	52
6	4	53
6	4	54
6	5	44
6	5	45
6	5	46
6	5	47
6	5	48
6	5	49
6	5	50
6	5	51
6	5	52
6	5	53
6	5	54
6	6	43
6	6	44
6	6	45
6	6	46
6	6	47
6	6	48
6	6	49
6	6	50
6	6	51
6	6	52
6	6	53
6	7	42
6	7	43
6	7	44
6	7	45
6	7	46
6	7	47
6	7	48
6	7	49
6	7	50
6	7	51
6	7	52
6	8	42
6	8	43
6	8	44
6	8	45
6	8	46
6	8	47
6	8	48
6	8	49
6	9	43
6	9	44
6	9	45
6	59	54
6	59	56
6	59	57
6	60	55
6	60	56
6	60	57
6	60	59
6	61	54
6	61	55
6	61	56
6	61	58
6	62	53
6	62	54
6	62	55
6	62	56
6	62	57
6	63	49
6	63	50
6	63	51
6	63	52
6	63	53
6	63	54
6	63	55
6	63	56
7	0	49
7	0	50
7	0	51
7	0	52
7	0	53
7	0	54
7	0	55
7	0	56
7	1	48
7	1	49
7	1	50
7	1	51
7	1	52
7	1	53
7	1	54
7	1	55
7	1	56
7	2	47
7	2	48
7	2	49
7	2	50
7	2	51
7	2	52
7	2	53
7	2	54
7	2	55
7	3	45
7	3	46
7	3	47
7	3	48
7	3	49
7	3	50
7	3	51
7	3	52
7	3	53
7	3	54
7	3	55
7	4	44
7	4	45
7	4	46
7	4	47
7	4	48
7	4	49
7	4	50
7	4	51
7	4	52
7	4	53
7	4	54
7	5	44
7	5	45
7	5	46
7	5	47
7	5	48
7	5	49
7	5	50
7	5	51
7	5	52
7	5	53
7	6	43
7	6	44
7	6	45
7	6	46
7	6	47
7	6	48
7	6	49
7	6	50
7	6	51
7	6	52
7	7	42
7	7	43
7	7	44
7	7	45
7	7	46
7	7	47
7	7	48
7	7	49
7	7	50
7	7	51
7	8	42
7	8	43
7	8	44
7	8	45
7	8	46
7	8	47
7	8	48
7	8	49
7	9	42
7	9	43
7	9	44
7	10	42
7	10	43
7	58	55
7	59	54
7	59	56
7	59	57
7	60	53
7	60	54
7	60	55
7	60	56
7	60	57
7	60	59
7	61	54
7	61	55
7	61	56
7	61	57
7	61	58
7	62	50
7	62	51
7	62	52
7	62	53
7	62	54
7	62	55
7	62	56
7	62	57
7	63	50
7	63	51
7	63	52
7	63	53
7	63	54
7	63	55
7	63	56
7	63	57
8	0	49
8	0	50
8	0	51
8	0	52
8	0	53
8	0	54
8	0	55
8	1	49
8	1	50
8	1	51
8	1	52
8	1	53
8	1	54
8	1	55
8	2	49
8	2	50
8	2	51
8	2	52
8	2	53
8	2	54
8	2	55
8	3	48
8	3	49
8	3	50
8	3	51
8	3	52
8	3	53
8	3	54
8	4	45
8	4	46
8	4	47
8	4	48
8	4	49
8	4	50
8	4	51
8	4	52
8	4	53
8	4	54
8	5	45
8	5	46
8	5	47
8	5	48
8	5	49
8	5	50
8	5	51
8	5	52
8	6	43
8	6	44
8	6	45
8	6	46
8	6	47
8	6	48
8	6	49
8	6	50
8	6	51
8	7	43
8	7	44
8	7	45
8	7	46
8	7	47
8	7	48
8	7	49
8	7	50
8	7	51
8	8	43
8	8	44
8	8	45
8	8	46
8	8	47
8	8	48
8	8	49
8	58	55
8	59	54
8	59	55
8	60	53
8	60	54
8	60	55
8	60	56
8	60	57
8	60	58
8	60	59
8	61	51
8	61	52
8	61	53
8	61	54
8	61	55
8	61	56
8	62	51
8	62	52
8	62	53
8	62	54
8	62	55
8	62	56
8	63	50
8	63	51
8	63	52
8	63	53
8	63	54
8	63	55
8	63	56
9	0	50
9	0	51
9	0	52
9	0	53
9	0	54
9	0	55
9	1	50
9	1	51
9	1	52
9	1	53
9	1	54
9	1	55
9	2	50
9	2	51
9	2	52
9	2	53
9	2	54
9	2	55
9	3	50
9	3	51
9	3	52
9	3	53
9	3	54
9	4	49
9	4	50
9	4	51
9	4	52
9	4	53
9	4	54
9	5	46
9	5	47
9	5	48
9	5	49
9	5	50
9	5	51
9	5	52
9	6	44
9	6	45
9	6	46
9	6	47
9	6	48
9	6	49
9	6	50
9	7	45
9	7	46
9	7	47
9	7	48
9	7	49
9	8	46
9	58	55
9	59	54
9	59	55
9	60	52
9	60	53
9	60	54
9	60	55
9	61	52
9	61	53
9	61	54
9	61	55
9	61	56
9	62	51
9	62	52
9	62	53
9	62	54
9	62	55
9	62	56
9	63	50
9	63	51
9	63	52
9	63	53
9	63	54
9	63	55
10	0	51
10	0	52
10	0	53
10	0	54
10	0	55
10	1	51
10	1	52
10	1	53
10	1	54
10	1	55
10	2	51
10	2	52
10	2	53
10	2	54
10	2	55
10	3	51
10	3	52
10	3	53
10	3	54
10	4	51
10	4	52
10	4	53
10	5	50
10	5	51
10	6	46
10	6	47
10	6	48
10	6	49
10	7	47
10	58	55
10	59	53
10	59	54
10	59	55
10	59	56
10	60	53
10	60	54
10	60	55
10	60	56
10	61	52
10	61	53
10	61	54
10	61	55
10	62	51
10	62	52
10	62	53
10	62	54
10	62	55
10	63	51
10	63	52
10	63	53
10	63	54
10	63	55
11	0	52
11	0	53
11	0	54
11	1	52
11	1	53
11	1	54
11	2	52
11	2	53
11	2	54
11	3	52
11	3	53
11	4	52
11	58	54
11	58	55
11	59	54
11	59	55
11	59	56
11	60	53
11	60	54
11	60	55
11	61	52
11	61	53
11	61	54
11	61	55
11	62	52
11	62	53
11	62	54
11	62	55
11	63	52
11	63	53
11	63	54
11	63	55
12	0	53
12	0	54
12	1	53
12	1	54
12	2	53
12	2	54
12	3	53
12	59	54
12	60	53
12	60	54
12	60	55
12	61	53
12	61	54
12	62	53
12	62	54
12	63	53
12	63	54
13	2	54
46	21	33
47	16	34
47	17	34
47	18	34
47	18	35
47	19	34
47	19	35
47	20	34
47	21	34
48	12	33
48	12	34
48	13	33
48	13	34
48	14	33
48	14	34
48	15	33
48	15	34
48	16	33
48	16	34
48	16	35
48	17	33
48	17	34
48	17	35
48	18	33
48	18	34
48	18	35
48	19	33
48	19	34
48	19	35
48	19	36
48	20	34
48	20	35
49	11	34
49	11	35
49	12	33
49	12	34
49	12	35
49	13	32
49	13	33
49	13	34
49	13	35
49	14	32
49	14	33
49	14	34
49	14	35
49	15	32
49	15	33
49	15	34
49	15	35
49	16	32
49	16	33
49	16	34
49	16	35
49	17	32
49	17	33
49	17	34
49	17	35
49	18	32
49	18	33
49	18	34
49	18	35
49	19	33
49	19	34
49	19	35
49	19	36
49	20	33
49	20	34
49	20	35
49	21	34
50	10	35
50	10	36
50	11	34
50	11	35
50	11	36
50	12	33
50	12	34
50	12	35
50	12	36
50	13	32
50	13	33
50	13	34
50	13	35
50	13	36
50	14	31
50	14	32
50	14	33
50	14	34
50	14	35
50	14	36
50	14	37
50	15	31
50	15	32
50	15	33
50	15	34
50	15	35
50	15	36
50	16	31
50	16	32
50	16	33
50	16	34
50	16	35
50	16	36
50	17	31
50	17	32
50	17	33
50	17	34
50	17	35
50	17	36
50	18	32
50	18	33
50	18	34
50	18	35
50	18	36
50	19	32
50	19	33
50	19	34
50	19	35
50	19	36
50	20	33
50	20	34
50	20	35
50	21	33
50	21	34
51	9	36
51	10	35
51	10	36
51	11	34
51	11	35
51	11	36
51	11	37
51	12	33
51	12	34
51	12	35
51	12	36
51	12	37
51	12	38
51	13	32
51	13	33
51	13	34
51	13	35
51	13	36
51	13	37
51	13	38
51	13	39
51	14	31
51	14	32
51	14	33
51	14	34
51	14	35
51	14	36
51	14	37
51	15	31
51	15	32
51	15	33
51	15	34
51	15	35
51	15	36
51	15	37
51	16	31
51	16	32
51	16	33
51	16	34
51	16	35
51	16	36
51	16	37
51	17	31
51	17	32
51	17	33
51	17	34
51	17	35
51	17	36
51	17	37
51	18	31
51	18	32
51	18	33
51	18	34
51	18	35
51	18	36
51	18	37
51	19	32
51	19	33
51	19	34
51	19	35
51	19	36
51	19	37
51	20	32
51	20	33
51	20	34
51	20	35
51	20	36
51	21	35
51	22	33
52	11	34
52	11	35
52	11	36
52	12	33
52	12	34
52	12	35
52	12	36
52	12	37
52	12	38
52	13	32
52	13	33
52	13	34
52	13	35
52	13	36
52	13	37
52	13	38
52	13	39
52	14	31
52	14	32
52	14	33
52	14	34
52	14	35
52	14	36
52	14	37
52	14	38
52	15	31
52	15	32
52	15	33
52	15	34
52	15	35
52	15	36
52	15	37
52	15	38
52	16	31
52	16	32
52	16	33
52	16	34
52	16	35
52	16	36
52	16	37
52	16	38
52	17	30
52	17	31
52	17	32
52	17	33
52	17	34
52	17	35
52	17	36
52	17	37
52	17	38
52	18	31
52	18	32
52	18	33
52	18	34
52	18	35
52	18	36
52	18	37
52	18	38
52	19	31
52	19	32
52	19	33
52	19	34
52	19	35
52	19	36
52	19	37
52	19	38
52	21	35
52	21	36
52	61	50
52	61	51
52	61	52
52	62	51
52	62	52
53	12	35
53	12	36
53	12	37
53	12	38
53	13	32
53	13	33
53	13	34
53	13	35
53	13	36
53	13	37
53	13	38
53	13	39
53	14	31
53	14	32
53	14	33
53	14	34
53	14	35
53	14	36
53	14	37
53	14	38
53	14	39
53	15	30
53	15	31
53	15	32
53	15	33
53	15	34
53	15	35
53	15	36
53	15	37
53	15	38
53	15	39
53	16	30
53	16	31
53	16	32
53	16	33
53	16	34
53	16	35
53	16	36
53	16	37
53	16	38
53	16	39
53	17	30
53	17	31
53	17	32
53	17	33
53	17	34
53	17	35
53	17	36
53	17	37
53	17	38
53	17	39
53	18	32
53	18	33
53	18	34
53	18	35
53	18	36
53	18	37
53	18	38
53	18	39
53	19	38
53	19	39
53	59	55
53	60	53
53	60	54
53	60	55
53	60	56
53	61	50
53	61	51
53	61	52
53	61	53
53	61	54
53	61	55
53	61	56
53	62	50
53	62	51
53	62	52
53	62	53
53	62	54
53	62	55
53	62	56
53	63	51
53	63	52
53	63	53
54	0	51
54	0	52
54	0	53
54	0	54
54	0	55
54	0	56
54	0	57
54	0	58
54	1	52
54	1	53
54	1	54
54	1	55
54	1	56
54	1	57
54	1	58
54	2	54
54	2	55
54	2	56
54	2	57
54	2	58
54	12	36
54	12	37
54	12	38
54	12	39
54	12	40
54	13	35
54	13	36
54	13	37
54	13	38
54	13	39
54	14	33
54	14	34
54	14	35
54	14	36
54	14	37
54	14	38
54	14	39
54	14	40
54	15	31
54	15	32
54	15	33
54	15	34
54	15	35
54	15	36
54	15	37
54	15	38
54	15	39
54	15	40
54	16	30
54	16	31
54	16	32
54	16	33
54	16	34
54	16	35
54	16	36
54	16	37
54	16	38
54	16	39
54	16	40
54	17	34
54	17	35
54	17	37
54	17	38
54	17	39
54	17	40
54	18	37
54	18	38
54	18	39
54	18	40
54	58	56
54	58	61
54	59	54
54	59	55
54	59	56
54	59	57
54	59	58
54	59	59
54	59	60
54	60	51
54	60	52
54	60	53
54	60	54
54	60	55
54	60	56
54	60	57
54	60	58
54	60	59
54	61	50
54	61	51
54	61	52
54	61	53
54	61	54
54	61	55
54	61	56
54	61	57
54	61	58
54	61	59
54	62	50
54	62	51
54	62	52
54	62	53
54	62	54
54	62	55
54	62	56
54	62	57
54	62	58
54	62	59
54	63	51
54	63	52
54	63	53
54	63	54
54	63	55
54	63	56
54	63	57
54	63	58
55	0	51
55	0	52
55	0	53
55	0	54
55	0	55
55	0	56
55	0	57
55	0	58
55	0	59
55	0	60
55	1	51
55	1	52
55	1	53
55	1	54
55	1	55
55	1	56
55	1	57
55	1	58
55	1	59
55	1	60
55	2	52
55	2	53
55	2	54
55	2	55
55	2	56
55	2	57
55	2	58
55	2	59
55	2	60
55	3	53
55	3	54
55	3	55
55	3	56
55	3	57
55	3	58
55	3	59
55	3	60
55	4	54
55	4	55
55	4	56
55	4	57
55	4	58
55	5	54
55	5	55
55	5	56
55	5	57
55	5	58
55	6	56
55	10	41
55	11	42
55	11	43
55	12	36
55	12	37
55	12	38
55	13	35
55	13	36
55	13	37
55	13	38
55	13	39
55	13	40
55	13	41
55	14	34
55	14	35
55	14	36
55	14	37
55	14	38
55	14	39
55	14	40
55	15	33
55	15	34
55	15	35
55	15	36
55	15	37
55	15	38
55	15	39
55	15	40
55	16	35
55	16	36
55	16	38
55	16	39
55	16	40
55	17	38
55	57	57
55	58	56
55	58	57
55	58	58
55	58	60
55	58	61
55	59	54
55	59	55
55	59	56
55	59	57
55	59	58
55	59	59
55	59	60
55	59	61
55	60	51
55	60	52
55	60	53
55	60	54
55	60	55
55	60	56
55	60	57
55	60	58
55	60	59
55	60	60
55	60	61
55	61	50
55	61	51
55	61	52
55	61	53
55	61	54
55	61	55
55	61	56
55	61	57
55	61	58
55	61	59
55	61	60
55	61	61
55	62	50
55	62	51
55	62	52
55	62	53
55	62	54
55	62	55
55	62	56
55	62	57
55	62	58
55	62	59
55	62	60
55	62	61
55	63	51
55	63	52
55	63	53
55	63	54
55	63	55
55	63	56
55	63	57
55	63	58
55	63	59
55	63	60
55	63	61
56	0	51
56	0	52
56	0	53
56	0	54
56	0	55
56	0	56
56	0	57
56	0	58
56	0	59
56	0	60
56	0	61
56	0	62
56	1	52
56	1	53
56	1	54
56	1	55
56	1	56
56	1	57
56	1	58
56	1	59
56	1	60
56	1	61
56	1	62
56	2	52
56	2	53
56	2	54
56	2	55
56	2	56
56	2	57
56	2	58
56	2	59
56	2	60
56	2	61
56	3	53
56	3	54
56	3	55
56	3	56
56	3	57
56	3	58
56	3	59
56	3	60
56	3	61
56	4	54
56	4	55
56	4	56
56	4	57
56	4	58
56	4	59
56	5	55
56	5	56
56	5	57
56	5	58
56	5	59
56	6	42
56	6	56
56	6	57
56	6	58
56	7	42
56	7	58
56	8	42
56	9	42
56	10	40
56	10	41
56	10	42
56	10	43
56	11	41
56	11	42
56	12	36
56	12	37
56	12	41
56	13	36
56	13	37
56	13	38
56	13	39
56	13	40
56	13	41
56	14	35
56	14	36
56	14	37
56	14	38
56	14	39
56	14	40
56	14	41
56	15	34
56	15	35
56	15	36
56	15	37
56	15	39
56	15	40
56	15	41
56	16	39
56	56	58
56	57	57
56	57	58
56	57	60
56	57	61
56	57	62
56	58	56
56	58	57
56	58	58
56	58	59
56	58	60
56	58	61
56	58	62
56	59	54
56	59	55
56	59	56
56	59	57
56	59	58
56	59	59
56	59	60
56	59	61
56	60	51
56	60	52
56	60	53
56	60	54
56	60	55
56	60	56
56	60	57
56	60	58
56	60	59
56	60	60
56	60	61
56	61	50
56	61	51
56	61	52
56	61	53
56	61	54
56	61	55
56	61	56
56	61	57
56	61	58
56	61	59
56	61	60
56	61	61
56	62	50
56	62	51
56	62	52
56	62	53
56	62	54
56	62	55
56	62	56
56	62	57
56	62	58
56	62	59
56	62	60
56	62	61
56	62	62
56	63	51
56	63	52
56	63	53
56	63	54
56	63	55
56	63	56
56	63	57
56	63	58
56	63	59
56	63	60
56	63	61
56	63	62
57	0	51
57	0	52
57	0	53
57	0	54
57	0	55
57	0	56
57	0	57
57	0	58
57	0	59
57	0	60
57	0	61
57	0	62
57	0	63
57	1	51
57	1	52
57	1	53
57	1	54
57	1	55
57	1	56
57	1	57
57	1	58
57	1	59
57	1	60
57	1	61
57	1	62
57	2	53
57	2	54
57	2	55
57	2	56
57	2	57
57	2	58
57	2	59
57	2	60
57	2	61
57	2	62
57	3	54
57	3	55
57	3	56
57	3	57
57	3	58
57	3	59
57	3	60
57	3	61
57	4	55
57	4	56
57	4	57
57	4	58
57	4	59
57	4	60
57	5	42
57	5	56
57	5	57
57	5	58
57	5	59
57	5	60
57	6	42
57	6	57
57	6	58
57	6	59
57	6	60
57	7	41
57	7	42
57	7	58
57	7	59
57	8	41
57	8	42
57	8	59
57	9	41
57	9	42
57	10	40
57	10	41
57	10	42
57	10	43
57	11	40
57	11	41
57	11	42
57	12	40
57	12	41
57	12	42
57	13	36
57	13	37
57	13	38
57	13	39
57	13	40
57	13	41
57	13	42
57	14	35
57	14	36
57	14	37
57	14	38
57	14	40
57	14	41
57	14	42
57	14	47
57	14	48
57	14	49
57	15	40
57	57	57
57	57	58
57	57	61
57	57	62
57	58	56
57	58	57
57	58	58
57	58	59
57	58	60
57	58	61
57	58	62
57	59	53
57	59	54
57	59	55
57	59	56
57	59	57
57	59	58
57	59	59
57	59	60
57	59	61
57	59	62
57	60	51
57	60	52
57	60	53
57	60	54
57	60	55
57	60	56
57	60	57
57	60	58
57	60	59
57	60	60
57	60	61
57	61	50
57	61	51
57	61	52
57	61	53
57	61	54
57	61	55
57	61	56
57	61	57
57	61	58
57	61	59
57	61	60
57	61	61
57	62	50
57	62	51
57	62	52
57	62	53
57	62	54
57	62	55
57	62	56
57	62	57
57	62	58
57	62	59
57	62	60
57	62	61
57	62	62
57	63	51
57	63	52
57	63	53
57	63	54
57	63	55
57	63	56
57	63	57
57	63	58
57	63	59
57	63	60
57	63	61
57	63	62
58	0	52
58	0	53
58	0	54
58	0	55
58	0	56
58	0	57
58	0	58
58	0	59
58	0	60
58	0	61
58	0	62
58	1	53
58	1	54
58	1	55
58	1	56
58	1	57
58	1	58
58	1	59
58	1	60
58	1	61
58	1	62
58	2	54
58	2	55
58	2	56
58	2	57
58	2	58
58	2	59
58	2	60
58	2	61
58	2	62
58	3	55
58	3	56
58	3	57
58	3	58
58	3	59
58	3	60
58	3	61
58	4	56
58	4	57
58	4	58
58	4	59
58	4	60
58	4	61
58	5	42
58	5	57
58	5	58
58	5	59
58	5	60
58	6	42
58	6	43
58	6	57
58	6	58
58	6	59
58	6	60
58	7	41
58	7	42
58	7	43
58	7	58
58	7	59
58	7	60
58	8	41
58	8	42
58	8	43
58	8	59
58	9	41
58	9	42
58	9	43
58	10	40
58	10	41
58	10	42
58	10	43
58	11	40
58	11	41
58	11	42
58	11	43
58	12	40
58	12	41
58	12	42
58	12	43
58	13	36
58	13	40
58	13	41
58	13	42
58	13	43
58	13	44
58	13	45
58	13	46
58	13	47
58	13	48
58	14	41
58	14	43
58	14	44
58	14	45
58	14	46
58	14	47
58	14	48
58	14	49
58	15	46
58	15	47
58	57	57
58	57	58
58	57	59
58	58	56
58	58	57
58	58	58
58	58	59
58	58	60
58	59	53
58	59	54
58	59	55
58	59	56
58	59	57
58	59	58
58	59	59
58	59	60
58	59	61
58	60	52
58	60	53
58	60	54
58	60	55
58	60	56
58	60	57
58	60	58
58	60	59
58	60	60
58	60	61
58	61	50
58	61	51
58	61	52
58	61	53
58	61	54
58	61	55
58	61	56
58	61	57
58	61	58
58	61	59
58	61	60
58	61	61
58	62	51
58	62	52
58	62	53
58	62	54
58	62	55
58	62	56
58	62	57
58	62	58
58	62	59
58	62	60
58	62	61
58	62	62
58	63	51
58	63	52
58	63	53
58	63	54
58	63	55
58	63	56
58	63	57
58	63	58
58	63	59
58	63	60
58	63	61
58	63	62
59	0	54
59	0	55
59	0	56
59	0	57
59	0	58
59	0	59
59	0	60
59	0	61
59	0	62
59	1	55
59	1	56
59	1	57
59	1	58
59	1	59
59	1	60
59	1	61
59	1	62
59	2	56
59	2	57
59	2	58
59	2	59
59	2	60
59	2	61
59	2	62
59	3	56
59	3	57
59	3	58
59	3	59
59	3	60
59	3	61
59	4	57
59	4	58
59	4	59
59	4	60
59	4	61
59	5	57
59	5	58
59	5	59
59	5	60
59	5	61
59	6	42
59	6	43
59	6	58
59	6	59
59	6	60
59	6	61
59	7	42
59	7	43
59	7	44
59	7	58
59	7	59
59	7	60
59	8	42
59	8	43
59	8	44
59	8	59
59	9	41
59	9	42
59	9	43
59	9	44
59	10	41
59	10	42
59	10	43
59	10	44
59	11	40
59	11	41
59	11	42
59	11	43
59	11	44
59	12	40
59	12	41
59	12	42
59	12	43
59	12	44
59	12	45
59	12	46
59	12	47
59	13	41
59	13	42
59	13	43
59	13	44
59	13	45
59	13	46
59	13	47
59	13	48
59	13	49
59	14	42
59	14	43
59	14	44
59	14	45
59	14	46
59	14	47
59	14	48
59	14	49
59	14	50
59	15	44
59	15	45
59	15	46
59	15	47
59	15	48
59	15	49
59	15	50
59	57	57
59	57	58
59	58	55
59	58	56
59	58	57
59	58	58
59	58	59
59	59	53
59	59	54
59	59	55
59	59	56
59	59	57
59	59	58
59	59	59
59	59	60
59	60	52
59	60	53
59	60	54
59	60	55
59	60	56
59	60	57
59	60	58
59	60	59
59	60	60
59	61	51
59	61	52
59	61	53
59	61	54
59	61	55
59	61	56
59	61	57
59	61	58
59	61	59
59	61	60
59	61	61
59	62	51
59	62	52
59	62	53
59	62	54
59	62	55
59	62	56
59	62	57
59	62	58
59	62	59
59	62	60
59	62	61
59	62	62
59	63	52
59	63	53
59	63	54
59	63	55
59	63	56
59	63	57
59	63	58
59	63	59
59	63	60
59	63	61
59	63	62
60	0	55
60	0	56
60	0	57
60	0	58
60	0	59
60	0	60
60	0	61
60	0	62
60	1	56
60	1	57
60	1	58
60	1	59
60	1	60
60	1	61
60	1	62
60	2	57
60	2	58
60	2	59
60	2	60
60	2	61
60	3	57
60	3	58
60	3	59
60	3	60
60	3	61
60	4	57
60	4	58
60	4	59
60	4	60
60	4	61
60	5	58
60	5	59
60	5	60
60	6	58
60	6	59
60	6	60
60	7	42
60	7	43
60	7	44
60	8	42
60	8	43
60	8	44
60	8	45
60	9	41
60	9	42
60	9	43
60	9	44
60	9	45
60	10	41
60	10	42
60	10	43
60	10	44
60	10	45
60	11	41
60	11	42
60	11	43
60	11	44
60	11	45
60	11	46
60	12	41
60	12	42
60	12	43
60	12	44
60	12	45
60	12	46
60	12	47
60	12	48
60	13	43
60	13	44
60	13	45
60	13	46
60	13	47
60	13	48
60	13	49
60	14	44
60	14	45
60	14	46
60	14	47
60	14	48
60	14	49
60	14	50
60	15	47
60	15	48
60	15	49
60	15	50
60	15	51
60	57	58
60	58	54
60	58	55
60	58	56
60	58	57
60	58	58
60	58	59
60	59	53
60	59	54
60	59	55
60	59	56
60	59	57
60	59	58
60	59	59
60	60	52
60	60	53
60	60	54
60	60	55
60	60	56
60	60	57
60	60	58
60	60	59
60	60	60
60	61	52
60	61	53
60	61	54
60	61	55
60	61	56
60	61	57
60	61	58
60	61	59
60	61	60
60	61	61
60	61	62
60	62	53
60	62	54
60	62	55
60	62	56
60	62	57
60	62	58
60	62	59
60	62	60
60	62	61
60	62	62
60	63	54
60	63	55
60	63	56
60	63	57
60	63	58
60	63	59
60	63	60
60	63	61
60	63	62
61	0	56
61	0	57
61	0	58
61	0	59
61	0	60
61	1	57
61	1	58
61	1	59
61	1	60
61	2	58
61	2	59
61	2	60
61	3	58
61	3	59
61	3	60
61	4	58
61	4	59
61	7	44
61	7	45
61	8	42
61	8	43
61	8	44
61	8	45
61	8	46
61	9	42
61	9	43
61	9	44
61	9	45
61	9	46
61	10	42
61	10	43
61	10	44
61	10	45
61	10	46
61	11	42
61	11	43
61	11	44
61	11	45
61	11	46
61	11	47
61	12	44
61	12	45
61	12	46
61	12	47
61	12	48
61	13	45
61	13	46
61	13	47
61	13	48
61	13	49
61	14	46
61	14	47
61	14	48
61	14	49
61	14	50
61	15	43
61	15	44
61	15	45
61	15	46
61	15	47
61	15	48
61	15	49
61	15	50
61	15	51
61	16	43
61	16	44
61	16	45
61	16	46
61	58	55
61	58	56
61	58	57
61	58	58
61	58	59
61	59	53
61	59	54
61	59	55
61	59	56
61	59	57
61	59	58
61	59	59
61	59	60
61	60	53
61	60	54
61	60	55
61	60	56
61	60	57
61	60	58
61	60	59
61	60	60
61	60	61
61	61	53
61	61	54
61	61	55
61	61	56
61	61	57
61	61	58
61	61	59
61	61	60
61	61	61
61	61	62
61	62	55
61	62	56
61	62	57
61	62	58
61	62	59
61	62	60
61	62	61
61	62	62
61	63	56
61	63	57
61	63	58
61	63	59
61	63	60
61	63	61
62	0	57
62	7	44
62	7	45
62	8	42
62	8	43
62	8	44
62	8	45
62	8	46
62	9	42
62	9	43
62	9	44
62	9	45
62	9	46
62	10	43
62	10	44
62	10	45
62	10	46
62	11	43
62	11	44
62	11	45
62	11	46
62	11	47
62	12	44
62	12	45
62	12	46
62	12	47
62	12	48
62	13	45
62	13	46
62	13	47
62	13	48
62	13	49
62	14	44
62	14	45
62	14	46
62	14	47
62	14	48
62	14	49
62	14	50
62	15	43
62	15	44
62	15	45
62	15	46
62	15	47
62	15	48
62	15	49
62	15	50
62	15	51
62	16	43
62	16	44
62	16	45
62	59	55
62	59	56
62	59	57
62	59	58
62	60	53
62	60	54
62	60	55
62	60	56
62	60	57
62	60	58
62	61	54
62	61	55
62	61	56
62	61	57
62	61	58
62	61	59
62	62	56
62	62	57
62	62	58
62	62	59
62	63	57
62	63	58
62	63	59
63	7	44
63	7	45
63	8	42
63	8	43
63	8	44
63	8	45
63	8	46
63	9	42
63	9	43
63	9	44
63	9	45
63	9	46
63	10	43
63	10	44
63	10	45
63	10	46
63	11	43
63	11	44
63	11	45
63	11	46
63	11	47
63	12	44
63	12	45
63	12	46
63	12	47
63	12	48
63	13	44
63	13	45
63	13	46
63	13	47
63	13	48
63	13	49
63	14	44
63	14	45
63	14	46
63	14	47
63	14	48
63	14	49
63	14	50
63	15	43
63	15	44
63	15	45
63	15	46
63	15	47
63	15	48
63	15	49
63	15	50
63	16	43
63	16	44
63	16	45
63	16	46
63	59	56
63	60	55
63	60	56
63	60	57
63	61	54
63	61	55
63	61	57
63	62	53
