#i	j	k
0	45	39
0	45	40
0	45	41
0	46	38
0	46	39
0	46	40
0	46	41
0	46	42
0	46	43
0	46	44
0	47	39
0	47	40
0	47	41
0	47	42
0	47	43
0	47	44
0	47	45
0	48	41
0	48	42
0	48	43
0	48	44
0	48	45
0	49	45
1	45	37
1	45	38
1	45	39
1	45	40
1	46	38
1	46	39
1	46	40
1	46	41
1	46	42
1	46	43
1	46	44
1	46	45
1	47	39
1	47	40
1	47	41
1	47	42
1	47	43
1	47	44
1	47	45
1	47	46
1	48	40
1	48	41
1	48	42
1	48	43
1	48	44
1	48	45
1	49	43
1	49	44
2	45	37
2	45	38
2	45	39
2	45	40
2	46	38
2	46	39
2	46	40
2	46	41
2	46	42
2	46	43
2	46	44
2	46	45
2	47	39
2	47	40
2	47	41
2	47	42
2	47	43
2	47	44
2	47	45
2	47	46
2	48	40
2	48	41
2	48	42
2	48	43
2	48	44
2	48	45
2	49	41
2	49	42
2	49	43
2	49	44
3	45	37
3	45	38
3	45	39
3	46	38
3	46	39
3	46	40
3	46	41
3	46	42
3	46	43
3	46	44
3	46	45
3	46	46
3	47	39
3	47	40
3	47	41
3	47	42
3	47	43
3	47	44
3	47	45
3	47	46
3	48	40
3	48	41
3	48	42
3	48	43
3	48	44
3	48	45
3	49	40
3	49	41
3	49	42
3	49	43
3	49	44
3	50	40
3	50	41
3	50	42
3	50	43
3	50	44
4	46	38
4	46	39
4	46	40
4	46	41
4	46	42
4	46	43
4	46	44
4	46	45
4	47	39
4	47	40
4	47	41
4	47	42
4	47	43
4	47	44
4	47	45
4	47	46
4	48	39
4	48	40
4	48	41
4	48	42
4	48	43
4	48	44
4	48	45
4	49	39
4	49	40
4	49	41
4	49	42
4	49	43
4	49	44
4	49	45
4	50	39
4	50	40
4	50	41
4	50	42
4	50	43
4	50	44
4	50	45
4	51	39
4	51	40
4	51	41
4	51	42
4	51	43
4	51	44
4	51	45
5	46	39
5	46	40
5	46	41
5	46	42
5	46	43
5	46	44
5	47	39
5	47	40
5	47	41
5	47	42
5	47	43
5	47	44
5	47	45
5	47	46
5	48	39
5	48	40
5	48	41
5	48	42
5	48	43
5	48	44
5	48	45
5	48	46
5	49	40
5	49	41
5	49	42
5	49	43
5	49	44
5	49	45
5	49	46
5	50	40
5	50	41
5	50	42
5	50	43
5	50	44
5	50	45
5	50	46
5	51	42
5	51	43
5	51	44
5	51	45
5	51	46
6	47	41
6	47	42
6	47	43
6	47	44
6	48	41
6	48	42
6	48	43
6	48	44
6	48	45
6	49	42
6	49	43
6	49	44
6	49	45
6	50	42
6	50	43
6	50	44
6	50	45
6	50	46
6	51	41
6	51	42
6	51	43
48	48	47
48	51	45
49	48	47
49	48	48
49	49	46
49	49	47
49	49	48
49	49	49
49	51	45
49	52	44
49	52	45
50	48	46
50	48	47
50	48	48
50	48	49
50	48	50
50	48	51
50	49	46
50	49	47
50	49	48
50	49	49
50	49	50
50	49	51
50	49	52
50	50	45
50	50	46
50	50	47
50	50	48
50	50	49
50	50	50
50	50	51
50	51	45
50	52	44
50	52	45
50	53	42
50	53	43
50	53	44
51	46	50
51	46	51
51	46	52
51	46	53
51	47	48
51	47	49
51	47	50
51	47	51
51	47	52
51	47	53
51	48	45
51	48	46
51	48	47
51	48	48
51	48	49
51	48	50
51	48	51
51	48	52
51	48	53
51	49	45
51	49	46
51	49	47
51	49	48
51	49	49
51	49	50
51	49	51
51	49	52
51	50	45
51	50	46
51	50	47
51	50	48
51	50	49
51	50	50
51	50	51
51	51	45
51	51	46
51	51	47
51	51	48
51	51	49
51	51	50
51	52	43
51	52	44
51	52	45
51	52	46
51	53	41
51	53	42
51	53	43
51	53	44
51	53	46
51	54	39
51	54	40
51	54	41
51	54	42
51	54	43
51	54	44
51	55	38
51	55	39
51	55	40
52	45	51
52	46	48
52	46	49
52	46	50
52	46	51
52	46	52
52	46	53
52	47	46
52	47	47
52	47	48
52	47	49
52	47	50
52	47	51
52	47	52
52	47	53
52	47	54
52	48	45
52	48	46
52	48	47
52	48	48
52	48	49
52	48	50
52	48	51
52	48	52
52	48	53
52	49	45
52	49	46
52	49	47
52	49	48
52	49	49
52	49	50
52	49	51
52	49	52
52	50	44
52	50	45
52	50	46
52	50	47
52	50	48
52	50	49
52	50	50
52	50	51
52	51	44
52	51	45
52	51	46
52	51	47
52	51	48
52	51	49
52	51	50
52	52	42
52	52	43
52	52	44
52	52	45
52	52	46
52	52	47
52	52	48
52	52	49
52	53	39
52	53	40
52	53	41
52	53	42
52	53	43
52	53	44
52	53	45
52	53	46
52	54	38
52	54	39
52	54	40
52	54	41
52	54	42
52	54	43
52	54	44
52	54	46
52	55	38
52	55	39
52	55	40
52	55	41
52	55	42
52	55	43
52	55	46
52	56	35
52	56	39
52	56	40
52	56	41
53	45	48
53	45	49
53	45	50
53	46	47
53	46	48
53	46	49
53	46	50
53	46	51
53	46	52
53	47	46
53	47	47
53	47	48
53	47	49
53	47	50
53	47	51
53	47	52
53	47	53
53	47	54
53	48	45
53	48	46
53	48	47
53	48	48
53	48	49
53	48	50
53	48	51
53	48	52
53	48	53
53	49	45
53	49	46
53	49	47
53	49	48
53	49	49
53	49	50
53	49	51
53	49	52
53	50	45
53	50	46
53	50	47
53	50	48
53	50	49
53	50	50
53	50	51
53	51	43
53	51	44
53	51	45
53	51	46
53	51	47
53	51	48
53	51	49
53	51	50
53	52	40
53	52	41
53	52	42
53	52	43
53	52	44
53	52	45
53	52	46
53	52	47
53	52	48
53	52	49
53	53	38
53	53	39
53	53	40
53	53	41
53	53	42
53	53	43
53	53	44
53	53	45
53	53	46
53	53	47
53	53	48
53	54	37
53	54	38
53	54	39
53	54	40
53	54	41
53	54	42
53	54	43
53	54	44
53	54	45
53	54	46
53	54	47
53	55	36
53	55	38
53	55	39
53	55	40
53	55	41
53	55	42
53	55	43
53	55	46
53	56	35
53	56	39
53	56	40
53	56	41
53	56	42
53	56	43
53	57	40
53	57	41
54	44	47
54	44	48
54	45	47
54	45	48
54	45	49
54	45	50
54	46	46
54	46	47
54	46	48
54	46	49
54	46	50
54	46	51
54	47	45
54	47	46
54	47	47
54	47	48
54	47	49
54	47	50
54	47	51
54	47	52
54	48	45
54	48	46
54	48	47
54	48	48
54	48	49
54	48	50
54	48	51
54	48	52
54	48	53
54	49	45
54	49	46
54	49	47
54	49	48
54	49	49
54	49	50
54	49	51
54	49	52
54	50	44
54	50	45
54	50	46
54	50	47
54	50	48
54	50	49
54	50	50
54	50	51
54	51	42
54	51	43
54	51	44
54	51	45
54	51	46
54	51	47
54	51	48
54	51	49
54	51	50
54	52	39
54	52	40
54	52	41
54	52	42
54	52	43
54	52	44
54	52	45
54	52	46
54	52	47
54	52	48
54	52	49
54	53	37
54	53	38
54	53	39
54	53	40
54	53	41
54	53	42
54	53	43
54	53	44
54	53	45
54	53	46
54	53	47
54	53	48
54	54	37
54	54	38
54	54	39
54	54	40
54	54	41
54	54	42
54	54	43
54	54	44
54	54	45
54	54	46
54	54	47
54	55	36
54	55	38
54	55	39
54	55	40
54	55	41
54	55	42
54	55	43
54	55	44
54	55	46
54	56	39
54	56	40
54	56	41
54	56	42
54	56	43
54	56	44
54	57	40
54	57	41
54	57	42
54	57	43
55	44	46
55	44	47
55	45	46
55	45	47
55	45	48
55	45	49
55	46	45
55	46	46
55	46	47
55	46	48
55	46	49
55	46	50
55	46	51
55	47	44
55	47	45
55	47	46
55	47	47
55	47	48
55	47	49
55	47	50
55	47	51
55	47	52
55	48	43
55	48	44
55	48	45
55	48	46
55	48	47
55	48	48
55	48	49
55	48	50
55	48	51
55	49	44
55	49	45
55	49	46
55	49	47
55	49	48
55	49	49
55	49	50
55	49	51
55	49	52
55	50	44
55	50	45
55	50	46
55	50	47
55	50	48
55	50	49
55	50	50
55	50	51
55	51	40
55	51	41
55	51	42
55	51	43
55	51	44
55	51	45
55	51	46
55	51	47
55	51	48
55	51	49
55	51	50
55	52	39
55	52	40
55	52	41
55	52	42
55	52	43
55	52	44
55	52	45
55	52	46
55	52	47
55	52	48
55	52	49
55	53	37
55	53	38
55	53	39
55	53	40
55	53	41
55	53	42
55	53	43
55	53	44
55	53	45
55	53	46
55	53	47
55	53	48
55	53	49
55	54	36
55	54	37
55	54	38
55	54	39
55	54	40
55	54	41
55	54	42
55	54	43
55	54	44
55	54	46
55	54	47
55	54	48
55	55	39
55	55	40
55	55	41
55	55	42
55	55	43
55	56	39
55	56	40
55	56	41
55	56	42
55	56	43
55	57	40
55	57	41
55	57	42
55	57	43
56	44	46
56	45	46
56	45	47
56	45	48
56	45	49
56	46	45
56	46	46
56	46	47
56	46	48
56	46	49
56	46	50
56	46	51
56	47	43
56	47	44
56	47	45
56	47	46
56	47	47
56	47	48
56	47	49
56	47	50
56	47	51
56	48	43
56	48	44
56	48	45
56	48	46
56	48	47
56	48	48
56	48	49
56	48	50
56	48	51
56	49	43
56	49	44
56	49	45
56	49	46
56	49	47
56	49	48
56	49	49
56	49	50
56	50	41
56	50	42
56	50	43
56	50	44
56	50	45
56	50	46
56	50	47
56	50	48
56	50	49
56	50	50
56	50	51
56	51	39
56	51	40
56	51	41
56	51	42
56	51	43
56	51	44
56	51	45
56	51	46
56	51	47
56	51	48
56	51	49
56	51	50
56	52	38
56	52	39
56	52	40
56	52	41
56	52	42
56	52	43
56	52	44
56	52	45
56	52	46
56	52	47
56	52	48
56	52	49
56	52	50
56	53	39
56	53	40
56	53	41
56	53	42
56	53	43
56	53	45
56	53	46
56	53	47
56	53	48
56	53	49
56	54	39
56	54	40
56	54	41
56	54	42
56	54	43
56	54	46
56	54	47
56	54	48
56	55	39
56	55	40
56	55	41
56	55	42
56	55	43
56	55	47
56	56	40
56	56	41
56	56	42
56	56	43
56	57	41
56	57	42
56	57	43
57	45	46
57	45	47
57	45	48
57	45	49
57	45	50
57	46	45
57	46	46
57	46	47
57	46	48
57	46	49
57	46	50
57	46	51
57	47	43
57	47	44
57	47	45
57	47	46
57	47	47
57	47	48
57	47	49
57	47	50
57	48	42
57	48	43
57	48	44
57	48	45
57	48	46
57	48	47
57	48	48
57	48	49
57	48	50
57	49	43
57	49	44
57	49	45
57	49	46
57	49	47
57	49	48
57	49	49
57	49	50
57	50	44
57	50	45
57	50	46
57	50	47
57	50	48
57	50	49
57	51	40
57	51	41
57	51	42
57	51	43
57	51	44
57	51	45
57	51	46
57	51	47
57	51	48
57	51	49
57	51	50
57	52	38
57	52	40
57	52	41
57	52	42
57	52	43
57	52	44
57	52	45
57	52	46
57	52	47
57	52	48
57	52	49
57	52	50
57	53	39
57	53	40
57	53	41
57	53	42
57	53	43
57	53	44
57	53	45
57	53	46
57	53	47
57	53	48
57	53	49
57	54	40
57	54	41
57	54	42
57	54	46
57	54	47
57	54	48
57	55	40
57	55	41
57	55	42
57	55	47
57	56	41
57	56	42
58	45	46
58	45	50
58	46	45
58	46	46
58	46	47
58	46	48
58	46	49
58	46	50
58	46	51
58	47	44
58	47	45
58	47	46
58	47	47
58	47	48
58	47	49
58	47	50
58	48	43
58	48	44
58	48	45
58	48	46
58	48	47
58	48	48
58	48	49
58	49	43
58	49	44
58	49	45
58	49	46
58	49	47
58	49	48
58	50	44
58	50	45
58	50	46
58	51	44
58	51	45
58	51	46
58	52	38
58	52	41
58	52	42
58	52	43
58	52	44
58	52	45
58	52	46
58	53	39
58	53	41
58	53	42
58	53	43
58	53	44
58	53	45
58	53	46
58	53	47
58	53	48
58	53	49
58	54	40
58	54	41
58	54	42
58	54	43
58	54	44
58	54	47
58	54	48
58	55	41
58	55	42
58	55	43
58	55	44
58	56	42
59	45	46
59	45	50
59	45	51
59	46	45
59	46	46
59	46	47
59	46	48
59	46	49
59	46	50
59	46	51
59	47	42
59	47	44
59	47	45
59	47	46
59	47	47
59	47	48
59	47	49
59	47	50
59	48	43
59	48	44
59	48	45
59	48	46
59	48	47
59	48	48
59	48	49
59	49	44
59	49	45
59	49	46
59	49	47
59	50	44
59	50	45
59	51	37
59	51	45
59	52	38
59	52	45
59	53	39
59	53	42
59	53	43
59	53	44
59	53	45
59	54	40
59	54	42
59	54	43
59	54	44
59	54	45
59	54	47
59	54	48
59	55	41
59	55	42
59	55	43
59	55	44
59	55	45
59	56	42
59	56	43
59	56	44
59	56	45
60	44	51
60	45	46
60	45	50
60	45	51
60	46	45
60	46	46
60	46	47
60	46	48
60	46	49
60	46	50
60	46	51
60	47	42
60	47	43
60	47	45
60	47	46
60	47	47
60	47	48
60	47	49
60	47	50
60	48	44
60	48	45
60	48	46
60	48	47
60	49	44
60	52	38
60	52	45
60	53	44
60	53	45
60	54	42
60	54	43
60	54	44
60	54	45
60	54	46
60	55	41
60	55	42
60	55	43
60	55	44
60	55	45
60	55	46
60	56	42
60	56	43
60	56	44
60	56	45
60	57	43
60	57	44
60	57	45
61	43	52
61	44	51
61	44	52
61	45	46
61	45	50
61	45	51
61	45	52
61	46	46
61	46	47
61	46	48
61	46	49
61	46	50
61	46	51
61	47	42
61	47	43
61	47	45
61	47	46
61	52	45
61	53	44
61	53	45
61	53	46
61	54	44
61	54	45
61	54	46
61	55	41
61	55	42
61	55	43
61	55	44
61	55	45
61	55	46
61	56	42
61	56	43
61	56	44
61	56	45
62	45	47
62	45	48
62	45	49
62	45	50
62	45	51
62	52	45
62	53	45
62	54	45
62	55	45
63	44	47
63	44	48
63	45	40
63	45	41
63	46	40
63	46	41
63	46	42
63	47	40
63	47	41
63	47	42
63	47	43
63	47	44
63	48	44
