#i	j	k
0	47	3
0	47	4
0	48	3
0	48	4
0	48	5
0	49	4
1	47	2
1	47	3
1	47	4
1	48	1
1	48	2
1	48	3
1	48	4
1	48	5
1	48	6
1	49	3
1	49	4
1	49	5
1	49	6
1	50	5
2	47	2
2	47	3
2	47	4
2	48	2
2	48	3
2	48	4
2	48	5
2	48	6
2	48	7
2	49	2
2	49	3
2	49	4
2	49	5
2	49	6
2	49	7
2	50	3
2	50	4
2	50	5
2	50	6
2	50	7
2	51	4
2	51	5
2	51	6
2	51	7
3	47	2
3	47	3
3	47	4
3	48	2
3	48	3
3	48	4
3	48	5
3	48	6
3	48	7
3	49	1
3	49	2
3	49	3
3	49	4
3	49	5
3	49	6
3	49	7
3	50	3
3	50	4
3	50	5
3	50	6
3	50	7
3	51	4
3	51	5
3	51	6
3	51	7
3	52	5
4	47	3
4	47	4
4	47	5
4	47	6
4	48	2
4	48	3
4	48	4
4	48	5
4	48	6
4	48	7
4	49	2
4	49	3
4	49	4
4	49	5
4	49	6
4	49	7
4	50	3
4	50	4
4	50	5
4	50	6
4	50	7
4	51	4
4	51	5
4	52	5
5	47	3
5	47	4
5	47	5
5	47	6
5	48	2
5	48	3
5	48	4
5	48	5
5	48	6
5	48	7
5	49	3
5	49	4
5	49	5
5	49	6
5	49	7
5	50	3
5	50	4
5	50	5
5	50	6
5	51	3
5	51	4
5	51	5
5	51	7
5	52	4
6	47	3
6	47	4
6	47	6
6	48	3
6	48	4
6	48	5
6	48	6
6	49	3
6	49	4
6	49	5
6	49	6
6	50	3
6	50	4
6	50	5
6	51	3
6	51	4
6	51	5
6	52	4
6	53	4
6	54	4
6	54	5
7	47	3
7	47	4
7	48	3
7	48	4
7	49	3
7	49	4
7	49	5
7	49	6
7	49	7
7	49	8
7	49	9
7	49	10
7	49	11
7	49	12
7	50	3
7	50	4
7	50	5
7	50	9
7	50	10
7	50	11
7	51	3
7	51	4
7	51	5
7	52	3
7	52	4
7	52	5
7	53	4
7	53	5
7	54	4
7	54	5
8	47	3
8	47	4
8	48	2
8	48	3
8	48	4
8	48	6
8	48	8
8	48	9
8	48	10
8	48	11
8	49	2
8	49	3
8	49	4
8	49	5
8	49	6
8	49	7
8	49	8
8	49	9
8	49	10
8	49	11
8	49	12
8	50	2
8	50	3
8	50	4
8	50	5
8	50	6
8	50	7
8	50	8
8	50	9
8	50	10
8	50	11
8	50	12
8	51	2
8	51	3
8	51	4
8	51	5
8	52	3
8	52	4
8	52	5
8	53	3
8	53	4
8	53	5
8	54	4
8	54	5
8	55	4
9	47	2
9	47	3
9	47	4
9	47	5
9	48	2
9	48	3
9	48	4
9	48	5
9	48	6
9	48	8
9	48	9
9	48	10
9	48	11
9	49	2
9	49	3
9	49	4
9	49	5
9	49	6
9	49	7
9	49	8
9	49	9
9	49	10
9	49	11
9	49	12
9	50	2
9	50	3
9	50	4
9	50	5
9	50	6
9	50	7
9	50	8
9	50	9
9	50	10
9	50	11
9	51	2
9	51	3
9	51	4
9	51	5
9	51	6
9	51	7
9	51	8
9	51	9
9	52	2
9	52	3
9	52	4
9	52	5
9	53	3
9	53	4
9	53	5
9	54	4
9	54	5
10	46	2
10	46	3
10	47	1
10	47	2
10	47	3
10	47	4
10	47	5
10	48	1
10	48	2
10	48	3
10	48	4
10	48	5
10	48	6
10	48	8
10	48	9
10	48	10
10	48	11
10	49	1
10	49	2
10	49	3
10	49	4
10	49	5
10	49	6
10	49	7
10	49	8
10	49	9
10	49	10
10	49	11
10	50	1
10	50	2
10	50	3
10	50	4
10	50	5
10	50	6
10	50	7
10	50	8
10	50	9
10	50	10
10	50	11
10	51	1
10	51	2
10	51	3
10	51	4
10	51	5
10	51	6
10	51	7
10	51	8
10	51	9
10	51	10
10	52	2
10	52	3
10	52	4
10	52	5
10	52	6
10	53	2
10	53	3
10	53	4
10	53	5
10	54	4
10	54	5
11	46	1
11	46	2
11	47	1
11	47	2
11	47	3
11	47	4
11	47	5
11	47	8
11	47	9
11	47	10
11	47	11
11	48	0
11	48	1
11	48	2
11	48	3
11	48	4
11	48	5
11	48	6
11	48	8
11	48	9
11	48	10
11	48	11
11	49	0
11	49	1
11	49	2
11	49	3
11	49	4
11	49	5
11	49	6
11	49	7
11	49	8
11	49	9
11	49	10
11	49	11
11	50	0
11	50	1
11	50	2
11	50	3
11	50	4
11	50	5
11	50	6
11	50	7
11	50	8
11	50	9
11	50	10
11	51	1
11	51	2
11	51	3
11	51	4
11	51	5
11	51	6
11	51	7
11	51	8
11	51	9
11	51	10
11	52	2
11	52	3
11	52	4
11	52	5
11	52	6
11	52	7
11	53	2
11	53	3
11	53	4
11	53	5
11	54	4
12	46	1
12	46	2
12	46	10
12	47	1
12	47	2
12	47	3
12	47	4
12	47	5
12	47	7
12	47	8
12	47	9
12	47	10
12	48	0
12	48	1
12	48	2
12	48	3
12	48	4
12	48	5
12	48	6
12	48	7
12	48	8
12	48	9
12	48	10
12	49	0
12	49	1
12	49	2
12	49	3
12	49	4
12	49	5
12	49	6
12	49	7
12	49	8
12	49	9
12	49	10
12	50	0
12	50	1
12	50	2
12	50	3
12	50	4
12	50	5
12	50	6
12	50	7
12	50	8
12	50	9
12	50	10
12	51	1
12	51	2
12	51	3
12	51	4
12	51	5
12	51	6
12	51	7
12	51	8
12	51	9
12	52	2
12	52	3
12	52	4
12	52	5
12	52	6
12	52	7
12	53	2
12	53	3
12	53	4
12	53	5
12	54	3
12	54	4
13	46	1
13	46	9
13	46	10
13	47	1
13	47	2
13	47	4
13	47	5
13	47	6
13	47	7
13	47	8
13	47	9
13	47	10
13	48	0
13	48	1
13	48	2
13	48	3
13	48	4
13	48	5
13	48	6
13	48	7
13	48	8
13	48	9
13	48	10
13	49	0
13	49	1
13	49	2
13	49	3
13	49	4
13	49	5
13	49	6
13	49	7
13	49	8
13	49	9
13	49	10
13	50	1
13	50	2
13	50	3
13	50	4
13	50	5
13	50	6
13	50	7
13	50	8
13	50	9
13	51	2
13	51	3
13	51	4
13	51	5
13	51	6
13	51	7
13	51	8
13	51	9
13	52	2
13	52	3
13	52	4
13	52	5
13	53	3
13	53	4
14	46	7
14	46	8
14	46	9
14	47	5
14	47	6
14	47	7
14	47	8
14	47	9
14	48	4
14	48	5
14	48	6
14	48	7
14	48	8
14	48	9
14	49	3
14	49	4
14	49	5
14	49	6
14	49	7
14	49	8
14	49	9
14	50	3
14	50	4
14	50	5
14	50	6
14	50	7
14	50	8
14	50	9
14	51	7
14	51	8
15	46	7
15	46	8
15	47	5
15	47	6
15	47	7
15	47	8
15	47	9
15	48	5
15	48	6
15	48	7
15	48	8
15	48	9
15	49	6
15	49	7
15	49	8
15	49	9
15	50	7
15	50	8
15	51	8
16	47	6
16	47	7
16	48	5
16	48	6
63	47	4
63	47	5
63	48	4
