#i	j	k
3	12	17
3	12	18
3	13	17
3	13	18
4	8	20
4	8	21
4	8	22
4	9	20
4	9	21
4	9	22
4	9	23
4	10	18
4	10	19
4	10	20
4	10	21
4	10	22
4	10	23
4	11	17
4	11	18
4	11	19
4	11	20
4	11	21
4	11	22
4	11	23
4	12	17
4	12	18
4	12	19
4	12	20
4	12	21
4	12	22
4	12	23
4	13	17
4	13	18
4	13	19
4	13	20
4	13	21
4	13	22
4	14	18
4	14	19
5	8	20
5	8	21
5	8	22
5	9	19
5	9	20
5	9	21
5	9	22
5	9	23
5	9	24
5	10	18
5	10	19
5	10	20
5	10	21
5	10	22
5	10	23
5	10	24
5	11	17
5	11	18
5	11	19
5	11	20
5	11	21
5	11	22
5	11	23
5	12	17
5	12	18
5	12	19
5	12	20
5	12	21
5	12	22
5	12	23
5	13	17
5	13	18
5	13	19
5	13	20
5	13	21
5	13	22
5	13	23
5	14	17
5	14	18
5	14	19
5	14	20
5	14	21
5	15	19
5	15	20
6	9	19
6	9	20
6	9	21
6	9	22
6	9	23
6	10	18
6	10	19
6	10	20
6	10	21
6	10	22
6	10	23
6	10	24
6	11	17
6	11	18
6	11	19
6	11	20
6	11	21
6	11	22
6	11	23
6	12	17
6	12	18
6	12	19
6	12	20
6	12	21
6	12	22
6	12	23
6	13	17
6	13	18
6	13	19
6	13	20
6	13	21
6	13	22
6	13	23
6	14	17
6	14	18
6	14	19
6	14	20
6	14	21
6	15	19
6	15	20
7	9	20
7	9	21
7	9	22
7	10	18
7	10	19
7	10	20
7	10	21
7	10	22
7	10	23
7	11	17
7	11	18
7	11	19
7	11	20
7	11	21
7	11	22
7	11	23
7	12	17
7	12	18
7	12	19
7	12	20
7	12	21
7	12	22
7	12	23
7	13	18
7	13	19
7	13	20
7	13	21
7	13	22
7	13	23
7	14	18
7	14	19
7	14	20
7	14	21
7	14	22
7	15	18
7	15	19
7	15	20
8	9	20
8	9	21
8	10	18
8	10	19
8	10	20
8	10	21
8	10	22
8	11	17
8	11	18
8	11	19
8	11	20
8	11	21
8	11	22
8	11	23
8	12	17
8	12	18
8	12	19
8	12	20
8	12	21
8	12	22
8	12	23
8	13	18
8	13	19
8	13	20
8	13	21
8	13	22
8	13	23
8	14	18
8	14	19
8	14	21
8	14	22
8	14	23
8	15	19
8	15	21
8	15	22
8	15	23
9	8	17
9	8	18
9	8	19
9	8	20
9	8	21
9	8	22
9	9	17
9	9	18
9	9	19
9	9	20
9	9	21
9	9	22
9	9	23
9	10	17
9	10	18
9	10	19
9	10	20
9	10	21
9	10	22
9	10	23
9	11	16
9	11	17
9	11	18
9	11	19
9	11	20
9	11	21
9	11	22
9	12	16
9	12	17
9	12	18
9	12	19
9	12	20
9	12	21
9	12	22
9	13	16
9	13	17
9	13	18
9	13	19
9	13	20
9	13	21
9	14	17
9	14	18
9	14	19
9	16	22
9	17	21
9	17	22
9	18	20
9	18	21
9	18	22
9	18	23
9	19	20
9	19	21
9	19	22
9	19	23
9	20	20
9	20	21
9	20	22
9	20	23
10	7	18
10	7	19
10	7	20
10	7	21
10	7	22
10	7	23
10	8	17
10	8	18
10	8	19
10	8	20
10	8	21
10	8	22
10	8	23
10	8	24
10	9	16
10	9	17
10	9	18
10	9	19
10	9	20
10	9	21
10	9	22
10	9	23
10	9	24
10	9	25
10	10	16
10	10	17
10	10	18
10	10	19
10	10	20
10	10	21
10	10	22
10	10	23
10	10	24
10	10	25
10	11	15
10	11	16
10	11	17
10	11	18
10	11	19
10	11	20
10	11	21
10	11	22
10	11	23
10	11	24
10	11	25
10	12	15
10	12	16
10	12	17
10	12	18
10	12	19
10	12	20
10	12	21
10	12	22
10	12	23
10	13	16
10	13	17
10	13	18
10	13	19
10	13	20
10	13	21
10	13	22
10	13	23
10	14	17
10	14	18
10	14	19
10	14	20
10	14	21
10	14	22
10	15	18
10	15	19
10	15	20
10	15	22
10	16	19
10	16	20
10	16	21
10	16	22
10	16	23
10	17	19
10	17	20
10	17	21
10	17	22
10	17	23
10	18	19
10	18	20
10	18	21
10	18	22
10	18	23
10	18	24
10	19	19
10	19	20
10	19	21
10	19	22
10	19	23
10	19	24
10	19	25
10	20	20
10	20	21
10	20	22
10	20	23
10	20	24
10	20	25
10	21	24
10	21	25
11	5	23
11	6	19
11	6	20
11	6	21
11	6	22
11	6	23
11	6	24
11	7	17
11	7	18
11	7	19
11	7	20
11	7	21
11	7	22
11	7	23
11	7	24
11	8	16
11	8	17
11	8	18
11	8	19
11	8	20
11	8	21
11	8	22
11	8	23
11	8	24
11	8	25
11	9	16
11	9	17
11	9	18
11	9	19
11	9	20
11	9	21
11	9	22
11	9	23
11	9	24
11	9	25
11	9	26
11	9	27
11	10	15
11	10	16
11	10	17
11	10	18
11	10	19
11	10	20
11	10	21
11	10	22
11	10	23
11	10	24
11	10	25
11	10	26
11	10	27
11	11	14
11	11	15
11	11	16
11	11	17
11	11	18
11	11	19
11	11	20
11	11	21
11	11	22
11	11	23
11	11	24
11	11	25
11	11	26
11	11	27
11	12	15
11	12	16
11	12	17
11	12	18
11	12	19
11	12	20
11	12	21
11	12	22
11	12	23
11	12	24
11	12	25
11	12	26
11	13	16
11	13	17
11	13	18
11	13	19
11	13	20
11	13	21
11	13	22
11	13	23
11	13	24
11	14	16
11	14	17
11	14	18
11	14	19
11	14	20
11	14	21
11	14	22
11	14	23
11	15	17
11	15	18
11	15	19
11	15	20
11	15	21
11	15	22
11	15	23
11	16	18
11	16	19
11	16	20
11	16	21
11	16	22
11	16	23
11	17	18
11	17	19
11	17	20
11	17	21
11	17	22
11	17	23
11	17	24
11	18	19
11	18	20
11	18	21
11	18	22
11	18	23
11	18	24
11	18	25
11	19	19
11	19	20
11	19	21
11	19	22
11	19	23
11	19	24
11	19	25
11	20	20
11	20	21
11	20	22
11	20	23
11	20	24
11	20	25
11	21	22
11	21	23
11	21	24
11	21	25
11	22	23
11	22	24
11	22	25
11	23	24
11	23	25
11	23	26
11	23	27
11	23	28
11	24	25
11	24	26
11	24	27
11	24	28
11	25	26
11	25	27
11	25	28
12	6	18
12	6	19
12	6	20
12	6	21
12	6	22
12	6	23
12	7	16
12	7	17
12	7	18
12	7	19
12	7	20
12	7	21
12	7	22
12	7	23
12	7	24
12	8	16
12	8	17
12	8	18
12	8	19
12	8	20
12	8	21
12	8	22
12	8	23
12	8	24
12	8	25
12	8	26
12	9	15
12	9	16
12	9	17
12	9	18
12	9	19
12	9	20
12	9	21
12	9	22
12	9	23
12	9	24
12	9	25
12	9	26
12	10	14
12	10	15
12	10	16
12	10	17
12	10	18
12	10	19
12	10	20
12	10	21
12	10	22
12	10	23
12	10	24
12	10	25
12	10	26
12	11	14
12	11	15
12	11	16
12	11	17
12	11	18
12	11	19
12	11	20
12	11	21
12	11	22
12	11	23
12	11	24
12	11	25
12	11	26
12	12	15
12	12	16
12	12	17
12	12	18
12	12	19
12	12	20
12	12	21
12	12	22
12	12	23
12	12	24
12	12	25
12	12	26
12	13	16
12	13	17
12	13	18
12	13	19
12	13	20
12	13	21
12	13	22
12	13	23
12	13	24
12	13	25
12	13	26
12	14	16
12	14	17
12	14	18
12	14	19
12	14	20
12	14	21
12	14	22
12	14	23
12	14	24
12	15	17
12	15	18
12	15	19
12	15	20
12	15	21
12	15	22
12	15	23
12	15	24
12	16	18
12	16	19
12	16	20
12	16	21
12	16	22
12	16	23
12	16	24
12	17	18
12	17	19
12	17	20
12	17	21
12	17	22
12	17	23
12	17	24
12	17	25
12	18	19
12	18	20
12	18	21
12	18	22
12	18	23
12	18	24
12	18	25
12	18	26
12	19	19
12	19	20
12	19	21
12	19	22
12	19	23
12	19	24
12	19	25
12	19	26
12	20	20
12	20	21
12	20	22
12	20	23
12	20	24
12	20	25
12	20	26
12	21	21
12	21	22
12	21	23
12	21	24
12	21	25
12	21	27
12	21	28
12	22	22
12	22	23
12	22	24
12	22	25
12	22	26
12	22	29
12	23	23
12	23	24
12	23	25
12	23	26
12	23	27
12	23	28
12	23	29
12	24	24
12	24	25
12	24	26
12	24	27
12	24	28
12	24	29
12	25	26
12	25	27
12	25	28
12	25	29
12	25	30
12	26	28
12	26	29
12	26	30
13	6	18
13	6	19
13	6	20
13	6	21
13	6	22
13	7	17
13	7	18
13	7	19
13	7	20
13	7	21
13	7	22
13	7	23
13	7	24
13	8	16
13	8	17
13	8	18
13	8	19
13	8	20
13	8	21
13	8	22
13	8	23
13	8	24
13	8	25
13	9	15
13	9	16
13	9	17
13	9	18
13	9	19
13	9	20
13	9	21
13	9	22
13	9	23
13	9	24
13	9	25
13	9	26
13	10	14
13	10	15
13	10	16
13	10	17
13	10	18
13	10	19
13	10	20
13	10	21
13	10	22
13	10	23
13	10	24
13	10	25
13	10	26
13	11	14
13	11	15
13	11	16
13	11	17
13	11	18
13	11	19
13	11	20
13	11	21
13	11	22
13	11	23
13	11	24
13	11	25
13	11	26
13	12	14
13	12	15
13	12	16
13	12	17
13	12	18
13	12	19
13	12	20
13	12	21
13	12	22
13	12	23
13	12	24
13	12	25
13	12	26
13	13	15
13	13	16
13	13	17
13	13	18
13	13	19
13	13	20
13	13	21
13	13	22
13	13	23
13	13	24
13	13	25
13	13	26
13	14	16
13	14	17
13	14	18
13	14	19
13	14	20
13	14	21
13	14	22
13	14	23
13	14	24
13	14	25
13	14	26
13	15	17
13	15	18
13	15	19
13	15	20
13	15	21
13	15	22
13	15	23
13	15	24
13	15	25
13	16	18
13	16	19
13	16	20
13	16	21
13	16	22
13	16	23
13	16	24
13	16	25
13	17	18
13	17	19
13	17	20
13	17	21
13	17	22
13	17	23
13	17	24
13	17	25
13	17	26
13	18	19
13	18	20
13	18	21
13	18	22
13	18	23
13	18	24
13	18	25
13	18	26
13	19	19
13	19	20
13	19	21
13	19	22
13	19	23
13	19	24
13	19	25
13	19	26
13	20	20
13	20	21
13	20	22
13	20	23
13	20	24
13	20	25
13	20	26
13	21	22
13	21	23
13	21	24
13	21	25
13	21	26
13	21	27
13	21	28
13	21	29
13	22	22
13	22	23
13	22	24
13	22	25
13	22	26
13	22	27
13	22	28
13	22	29
13	23	23
13	23	24
13	23	25
13	23	26
13	23	27
13	23	28
13	23	29
13	23	30
13	24	24
13	24	25
13	24	26
13	24	27
13	24	28
13	24	29
13	24	30
13	24	31
13	25	25
13	25	26
13	25	27
13	25	28
13	25	29
13	25	30
13	25	31
13	26	27
13	26	28
13	26	29
13	26	30
13	26	31
13	27	29
13	27	30
14	6	20
14	6	21
14	7	19
14	7	20
14	7	21
14	7	22
14	7	23
14	8	18
14	8	19
14	8	20
14	8	21
14	8	22
14	8	23
14	8	24
14	9	17
14	9	18
14	9	19
14	9	20
14	9	21
14	9	22
14	9	23
14	9	24
14	9	25
14	9	26
14	10	15
14	10	16
14	10	17
14	10	18
14	10	19
14	10	20
14	10	21
14	10	22
14	10	23
14	10	24
14	10	25
14	10	26
14	11	14
14	11	15
14	11	16
14	11	17
14	11	18
14	11	19
14	11	20
14	11	21
14	11	22
14	11	23
14	11	24
14	11	25
14	11	26
14	12	14
14	12	15
14	12	16
14	12	17
14	12	18
14	12	19
14	12	20
14	12	21
14	12	22
14	12	23
14	12	24
14	12	25
14	12	26
14	13	15
14	13	16
14	13	17
14	13	18
14	13	19
14	13	20
14	13	21
14	13	22
14	13	23
14	13	24
14	13	25
14	13	26
14	14	16
14	14	17
14	14	18
14	14	19
14	14	20
14	14	21
14	14	22
14	14	23
14	14	24
14	14	25
14	14	26
14	14	27
14	15	17
14	15	18
14	15	19
14	15	20
14	15	21
14	15	22
14	15	23
14	15	24
14	15	25
14	15	26
14	15	27
14	16	18
14	16	19
14	16	20
14	16	21
14	16	22
14	16	23
14	16	24
14	16	25
14	16	26
14	17	18
14	17	19
14	17	20
14	17	21
14	17	22
14	17	23
14	17	24
14	17	25
14	17	26
14	17	27
14	18	19
14	18	20
14	18	21
14	18	22
14	18	23
14	18	24
14	18	25
14	18	26
14	18	27
14	19	20
14	19	21
14	19	22
14	19	23
14	19	24
14	19	25
14	19	26
14	20	21
14	20	22
14	20	23
14	20	24
14	20	25
14	20	26
14	21	22
14	21	23
14	21	24
14	21	25
14	21	26
14	21	27
14	22	23
14	22	24
14	22	25
14	22	26
14	22	27
14	22	28
14	22	29
14	23	23
14	23	24
14	23	25
14	23	26
14	23	27
14	23	28
14	23	29
14	23	30
14	24	24
14	24	25
14	24	26
14	24	27
14	24	28
14	24	29
14	24	30
14	24	31
14	25	26
14	25	27
14	25	28
14	25	29
14	25	30
14	25	31
14	25	32
14	26	27
14	26	28
14	26	29
14	26	30
14	26	31
14	26	32
14	27	29
14	27	30
14	27	31
15	7	20
15	7	21
15	7	22
15	8	19
15	8	20
15	8	21
15	8	22
15	8	23
15	8	24
15	9	19
15	9	20
15	9	21
15	9	22
15	9	23
15	9	24
15	9	25
15	9	26
15	10	18
15	10	19
15	10	20
15	10	21
15	10	22
15	10	23
15	10	24
15	10	25
15	10	26
15	11	16
15	11	17
15	11	18
15	11	19
15	11	20
15	11	21
15	11	22
15	11	23
15	11	24
15	11	25
15	11	26
15	12	15
15	12	16
15	12	17
15	12	18
15	12	19
15	12	20
15	12	21
15	12	22
15	12	23
15	12	24
15	12	25
15	12	26
15	13	16
15	13	17
15	13	18
15	13	19
15	13	20
15	13	21
15	13	22
15	13	23
15	13	24
15	13	25
15	13	26
15	14	16
15	14	17
15	14	18
15	14	19
15	14	20
15	14	21
15	14	22
15	14	23
15	14	24
15	14	25
15	14	26
15	14	27
15	15	17
15	15	18
15	15	19
15	15	20
15	15	21
15	15	22
15	15	23
15	15	24
15	15	25
15	15	26
15	15	27
15	16	18
15	16	19
15	16	20
15	16	21
15	16	22
15	16	23
15	16	24
15	16	25
15	16	26
15	16	27
15	17	18
15	17	19
15	17	20
15	17	21
15	17	22
15	17	23
15	17	24
15	17	25
15	17	26
15	17	27
15	18	20
15	18	21
15	18	22
15	18	23
15	18	24
15	18	25
15	18	26
15	19	21
15	19	22
15	19	23
15	19	24
15	19	25
15	19	26
15	20	22
15	20	23
15	20	24
15	20	25
15	20	26
15	21	22
15	21	23
15	21	24
15	21	25
15	21	26
15	21	27
15	22	23
15	22	24
15	22	25
15	22	26
15	22	27
15	22	28
15	22	29
15	23	24
15	23	25
15	23	26
15	23	27
15	23	28
15	23	29
15	23	30
15	24	25
15	24	26
15	24	27
15	24	28
15	24	29
15	24	30
15	24	31
15	25	26
15	25	27
15	25	28
15	25	29
15	25	30
15	25	31
15	25	32
15	26	28
15	26	29
15	26	30
15	26	31
15	26	32
15	27	29
15	27	30
15	27	31
16	8	21
16	8	22
16	9	20
16	9	21
16	9	22
16	9	23
16	9	24
16	10	19
16	10	20
16	10	21
16	10	22
16	10	23
16	10	24
16	10	25
16	10	26
16	11	17
16	11	18
16	11	19
16	11	20
16	11	21
16	11	22
16	11	23
16	11	24
16	11	25
16	11	26
16	12	17
16	12	18
16	12	19
16	12	20
16	12	21
16	12	22
16	12	23
16	12	24
16	12	25
16	12	26
16	13	17
16	13	18
16	13	19
16	13	20
16	13	21
16	13	22
16	13	23
16	13	24
16	13	25
16	13	26
16	14	17
16	14	18
16	14	19
16	14	20
16	14	21
16	14	22
16	14	23
16	14	24
16	14	25
16	14	26
16	14	27
16	15	17
16	15	18
16	15	19
16	15	20
16	15	21
16	15	22
16	15	23
16	15	24
16	15	25
16	15	26
16	15	27
16	16	17
16	16	18
16	16	19
16	16	20
16	16	21
16	16	22
16	16	23
16	16	24
16	16	25
16	16	26
16	16	27
16	16	28
16	17	20
16	17	21
16	17	22
16	17	23
16	17	24
16	17	25
16	17	26
16	17	27
16	18	22
16	18	23
16	18	24
16	18	25
16	18	26
16	19	23
16	19	24
16	19	25
16	19	26
16	20	23
16	20	24
16	20	25
16	20	26
16	21	23
16	21	24
16	21	25
16	21	26
16	21	27
16	22	23
16	22	24
16	22	25
16	22	26
16	22	27
16	23	24
16	23	25
16	23	26
16	23	27
16	23	28
16	23	29
16	23	30
16	24	25
16	24	26
16	24	27
16	24	28
16	24	29
16	24	30
16	24	31
16	25	27
16	25	28
16	25	29
16	25	30
16	25	31
16	25	32
16	26	29
16	26	30
16	26	31
16	27	30
16	27	31
17	9	21
17	9	22
17	10	21
17	10	22
17	10	23
17	11	19
17	11	20
17	11	21
17	11	22
17	11	23
17	11	24
17	11	25
17	11	26
17	12	19
17	12	20
17	12	21
17	12	22
17	12	23
17	12	24
17	12	25
17	12	26
17	13	19
17	13	20
17	13	21
17	13	22
17	13	23
17	13	24
17	13	25
17	13	26
17	14	20
17	14	21
17	14	22
17	14	23
17	14	24
17	14	25
17	14	26
17	14	27
17	15	21
17	15	22
17	15	23
17	15	24
17	15	25
17	15	26
17	15	27
17	16	22
17	16	23
17	16	24
17	16	25
17	16	26
17	16	27
17	16	28
17	17	23
17	17	24
17	17	25
17	17	26
17	17	27
17	18	24
17	18	25
17	18	26
17	19	24
17	19	25
17	20	24
17	20	25
17	20	26
17	21	24
17	21	25
17	21	26
17	22	24
17	22	25
17	22	26
17	23	25
17	23	26
17	24	26
17	24	27
17	24	28
17	24	29
17	24	30
17	24	31
17	25	29
17	25	30
17	25	31
17	26	30
18	12	20
18	12	23
18	12	24
18	12	25
18	12	26
18	13	23
18	13	24
18	13	25
18	13	26
18	14	23
18	14	24
18	14	25
18	14	26
18	14	27
18	15	23
18	15	24
18	15	25
18	15	26
18	15	27
18	16	24
18	16	25
18	16	26
18	16	27
18	17	25
18	17	26
18	19	25
18	20	24
18	20	25
18	21	24
18	21	25
18	22	25
19	14	25
19	14	26
19	15	25
19	15	26
19	15	27
19	16	26
