#i	j	k
0	64	65
0	64	66
0	64	87
0	64	88
0	65	64
0	65	65
0	65	66
0	65	67
0	65	84
0	65	85
0	65	86
0	65	87
0	65	88
0	65	89
0	66	64
0	66	65
0	66	66
0	66	67
0	66	68
0	66	84
0	66	85
0	66	86
0	66	87
0	66	88
0	66	89
0	66	90
0	67	63
0	67	64
0	67	65
0	67	66
0	67	67
0	67	68
0	67	69
0	67	86
0	67	87
0	67	88
0	67	89
0	67	90
0	68	63
0	68	64
0	68	65
0	68	66
0	68	67
0	68	68
0	68	69
0	68	70
0	68	89
0	68	90
0	68	91
0	69	63
0	69	64
0	69	65
0	69	66
0	69	67
0	69	68
0	69	69
0	69	70
0	69	71
0	69	89
0	69	90
0	69	91
0	69	92
0	70	62
0	70	63
0	70	64
0	70	65
0	70	66
0	70	67
0	70	68
0	70	69
0	70	70
0	70	71
0	70	72
0	70	90
0	70	91
0	70	92
0	70	93
0	71	62
0	71	63
0	71	64
0	71	65
0	71	66
0	71	67
0	71	68
0	71	69
0	71	70
0	71	71
0	71	72
0	71	91
0	71	92
0	71	93
0	71	94
0	72	62
0	72	63
0	72	64
0	72	65
0	72	66
0	72	67
0	72	68
0	72	69
0	72	70
0	72	71
0	72	72
0	72	92
0	72	93
0	72	94
0	72	95
0	73	62
0	73	63
0	73	64
0	73	65
0	73	66
0	73	67
0	73	68
0	73	69
0	73	70
0	73	71
0	73	72
0	73	73
0	73	93
0	73	94
0	73	95
0	73	96
0	74	62
0	74	63
0	74	64
0	74	65
0	74	66
0	74	67
0	74	68
0	74	69
0	74	70
0	74	71
0	74	72
0	74	73
0	75	62
0	75	63
0	75	64
0	75	65
0	75	66
0	75	67
0	75	68
0	75	69
0	75	70
0	75	71
0	75	72
0	75	73
0	75	74
0	76	62
0	76	63
0	76	64
0	76	65
0	76	66
0	76	67
0	76	68
0	76	69
0	76	70
0	76	71
0	76	72
0	76	73
0	76	74
0	76	75
0	77	62
0	77	63
0	77	64
0	77	65
0	77	66
0	77	67
0	77	68
0	77	69
0	77	70
0	77	71
0	77	72
0	77	73
0	77	74
0	77	75
0	77	76
0	78	62
0	78	63
0	78	64
0	78	65
0	78	66
0	78	67
0	78	68
0	78	69
0	78	70
0	78	71
0	78	72
0	78	73
0	79	62
0	79	63
0	79	64
0	79	65
0	79	66
0	79	67
0	79	68
0	79	69
0	79	70
0	79	71
0	79	72
0	80	63
0	80	64
0	80	65
0	80	66
0	80	67
0	80	68
0	80	69
0	80	70
0	81	63
0	81	64
0	81	65
0	81	66
0	81	67
0	81	68
0	81	69
0	82	63
0	82	64
0	82	65
0	82	66
0	82	67
0	82	68
1	63	86
1	63	87
1	64	83
1	64	84
1	64	85
1	64	86
1	64	87
1	64	88
1	65	66
1	65	67
1	65	83
1	65	84
1	65	85
1	65	86
1	65	87
1	65	88
1	65	89
1	66	65
1	66	66
1	66	67
1	66	68
1	66	84
1	66	85
1	66	86
1	66	87
1	66	88
1	66	89
1	66	90
1	67	64
1	67	65
1	67	66
1	67	67
1	67	68
1	67	69
1	67	85
1	67	86
1	67	87
1	67	88
1	67	89
1	67	90
1	68	64
1	68	65
1	68	66
1	68	67
1	68	68
1	68	69
1	68	70
1	68	87
1	68	88
1	68	89
1	68	90
1	68	91
1	69	63
1	69	64
1	69	65
1	69	66
1	69	67
1	69	68
1	69	69
1	69	70
1	69	71
1	69	87
1	69	88
1	69	89
1	69	90
1	69	91
1	69	92
1	70	63
1	70	64
1	70	65
1	70	66
1	70	67
1	70	68
1	70	69
1	70	70
1	70	71
1	70	72
1	70	73
1	70	89
1	70	90
1	70	91
1	70	92
1	70	93
1	71	63
1	71	64
1	71	65
1	71	66
1	71	67
1	71	68
1	71	69
1	71	70
1	71	71
1	71	72
1	71	73
1	71	90
1	71	91
1	71	92
1	71	93
1	71	94
1	72	63
1	72	64
1	72	65
1	72	66
1	72	67
1	72	68
1	72	69
1	72	70
1	72	71
1	72	72
1	72	73
1	72	91
1	72	92
1	72	93
1	72	94
1	72	95
1	73	63
1	73	64
1	73	65
1	73	66
1	73	67
1	73	68
1	73	69
1	73	70
1	73	71
1	73	72
1	73	73
1	73	84
1	73	85
1	73	86
1	73	87
1	73	92
1	73	93
1	73	94
1	73	95
1	73	96
1	74	63
1	74	64
1	74	65
1	74	66
1	74	67
1	74	68
1	74	69
1	74	70
1	74	71
1	74	72
1	74	73
1	74	74
1	74	83
1	74	84
1	74	85
1	74	86
1	74	87
1	75	63
1	75	64
1	75	65
1	75	66
1	75	67
1	75	68
1	75	69
1	75	70
1	75	71
1	75	72
1	75	73
1	75	74
1	76	63
1	76	64
1	76	65
1	76	66
1	76	67
1	76	68
1	76	69
1	76	70
1	76	71
1	76	72
1	76	73
1	76	74
1	76	75
1	77	63
1	77	64
1	77	65
1	77	66
1	77	67
1	77	68
1	77	69
1	77	70
1	77	71
1	77	72
1	77	73
1	77	74
1	77	75
1	77	76
1	78	63
1	78	64
1	78	65
1	78	66
1	78	67
1	78	68
1	78	69
1	78	70
1	78	71
1	78	72
1	78	73
1	78	74
1	79	63
1	79	64
1	79	65
1	79	66
1	79	67
1	79	68
1	79	69
1	79	70
1	79	71
1	79	72
1	80	63
1	80	64
1	80	65
1	80	66
1	80	67
1	80	68
1	80	69
1	80	70
1	81	63
1	81	64
1	81	65
1	81	66
1	81	67
1	81	68
1	81	69
1	82	63
1	82	64
1	82	65
1	82	66
1	82	67
2	62	85
2	62	86
2	63	82
2	63	83
2	63	84
2	63	85
2	63	86
2	63	87
2	64	82
2	64	83
2	64	84
2	64	85
2	64	86
2	64	87
2	64	88
2	65	67
2	65	83
2	65	84
2	65	85
2	65	86
2	65	87
2	65	88
2	65	89
2	66	66
2	66	67
2	66	68
2	66	84
2	66	85
2	66	86
2	66	87
2	66	88
2	66	89
2	66	90
2	67	65
2	67	66
2	67	67
2	67	68
2	67	69
2	67	85
2	67	86
2	67	87
2	67	88
2	67	89
2	67	90
2	68	65
2	68	66
2	68	67
2	68	68
2	68	69
2	68	70
2	68	86
2	68	87
2	68	88
2	68	89
2	68	90
2	68	91
2	69	64
2	69	65
2	69	66
2	69	67
2	69	68
2	69	69
2	69	70
2	69	71
2	69	72
2	69	73
2	69	74
2	69	86
2	69	87
2	69	88
2	69	89
2	69	90
2	69	91
2	69	92
2	70	64
2	70	65
2	70	66
2	70	67
2	70	68
2	70	69
2	70	70
2	70	71
2	70	72
2	70	73
2	70	74
2	70	86
2	70	87
2	70	88
2	70	89
2	70	90
2	70	91
2	70	92
2	70	93
2	71	64
2	71	65
2	71	66
2	71	67
2	71	68
2	71	69
2	71	70
2	71	71
2	71	72
2	71	73
2	71	74
2	71	89
2	71	90
2	71	91
2	71	92
2	71	93
2	71	94
2	72	63
2	72	64
2	72	65
2	72	66
2	72	67
2	72	68
2	72	69
2	72	70
2	72	71
2	72	72
2	72	73
2	72	74
2	72	84
2	72	85
2	72	86
2	72	87
2	72	88
2	72	89
2	72	90
2	72	91
2	72	92
2	72	93
2	72	94
2	72	95
2	73	63
2	73	64
2	73	65
2	73	66
2	73	67
2	73	68
2	73	69
2	73	70
2	73	71
2	73	72
2	73	73
2	73	74
2	73	82
2	73	83
2	73	84
2	73	85
2	73	86
2	73	87
2	73	88
2	73	89
2	73	90
2	73	91
2	73	92
2	73	93
2	73	94
2	73	95
2	73	96
2	74	63
2	74	64
2	74	65
2	74	66
2	74	67
2	74	68
2	74	69
2	74	70
2	74	71
2	74	72
2	74	73
2	74	74
2	74	82
2	74	83
2	74	84
2	74	85
2	74	86
2	74	87
2	75	63
2	75	64
2	75	65
2	75	66
2	75	67
2	75	68
2	75	69
2	75	70
2	75	71
2	75	72
2	75	73
2	75	74
2	75	75
2	76	63
2	76	64
2	76	65
2	76	66
2	76	67
2	76	68
2	76	69
2	76	70
2	76	71
2	76	72
2	76	73
2	76	74
2	76	75
2	77	63
2	77	64
2	77	65
2	77	66
2	77	67
2	77	68
2	77	69
2	77	70
2	77	71
2	77	72
2	77	73
2	77	74
2	77	75
2	77	76
2	77	77
2	78	63
2	78	64
2	78	65
2	78	66
2	78	67
2	78	68
2	78	69
2	78	70
2	78	71
2	78	72
2	78	73
2	78	74
2	78	75
2	78	76
2	79	63
2	79	64
2	79	65
2	79	66
2	79	67
2	79	68
2	79	69
2	79	70
2	79	71
2	79	72
2	79	73
2	80	63
2	80	64
2	80	65
2	80	66
2	80	67
2	80	68
2	80	69
2	80	70
2	80	71
2	81	63
2	81	64
2	81	65
2	81	66
2	81	67
2	81	68
2	81	69
2	82	63
2	82	64
2	82	65
2	82	66
3	61	84
3	61	85
3	62	81
3	62	82
3	62	83
3	62	84
3	62	85
3	62	86
3	63	81
3	63	82
3	63	83
3	63	84
3	63	85
3	63	86
3	63	87
3	64	82
3	64	83
3	64	84
3	64	85
3	64	86
3	64	87
3	64	88
3	65	83
3	65	84
3	65	85
3	65	86
3	65	87
3	65	88
3	65	89
3	66	67
3	66	68
3	66	84
3	66	85
3	66	86
3	66	87
3	66	88
3	66	89
3	66	90
3	67	66
3	67	67
3	67	68
3	67	69
3	67	85
3	67	86
3	67	87
3	67	88
3	67	89
3	67	90
3	68	66
3	68	67
3	68	68
3	68	69
3	68	70
3	68	71
3	68	72
3	68	73
3	68	74
3	68	75
3	68	85
3	68	86
3	68	87
3	68	88
3	68	89
3	68	90
3	68	91
3	69	65
3	69	66
3	69	67
3	69	68
3	69	69
3	69	70
3	69	71
3	69	72
3	69	73
3	69	74
3	69	75
3	69	85
3	69	86
3	69	87
3	69	88
3	69	89
3	69	90
3	69	91
3	69	92
3	70	65
3	70	66
3	70	67
3	70	68
3	70	69
3	70	70
3	70	71
3	70	72
3	70	73
3	70	74
3	70	75
3	70	85
3	70	86
3	70	87
3	70	88
3	70	89
3	70	90
3	70	91
3	70	92
3	70	93
3	71	64
3	71	65
3	71	66
3	71	67
3	71	68
3	71	69
3	71	70
3	71	71
3	71	72
3	71	73
3	71	74
3	71	75
3	71	83
3	71	84
3	71	85
3	71	86
3	71	87
3	71	88
3	71	89
3	71	90
3	71	91
3	71	92
3	71	93
3	71	94
3	72	64
3	72	65
3	72	66
3	72	67
3	72	68
3	72	69
3	72	70
3	72	71
3	72	72
3	72	73
3	72	74
3	72	75
3	72	82
3	72	83
3	72	84
3	72	85
3	72	86
3	72	87
3	72	88
3	72	89
3	72	90
3	72	91
3	72	92
3	72	93
3	72	94
3	72	95
3	73	64
3	73	65
3	73	66
3	73	67
3	73	68
3	73	69
3	73	70
3	73	71
3	73	72
3	73	73
3	73	74
3	73	75
3	73	81
3	73	82
3	73	83
3	73	84
3	73	85
3	73	86
3	73	87
3	73	88
3	73	89
3	73	90
3	73	91
3	73	92
3	73	93
3	73	94
3	73	95
3	73	96
3	74	63
3	74	64
3	74	65
3	74	66
3	74	67
3	74	68
3	74	69
3	74	70
3	74	71
3	74	72
3	74	73
3	74	74
3	74	75
3	74	81
3	74	82
3	74	83
3	74	84
3	74	85
3	74	86
3	74	87
3	75	63
3	75	64
3	75	65
3	75	66
3	75	67
3	75	68
3	75	69
3	75	70
3	75	71
3	75	72
3	75	73
3	75	74
3	75	75
3	75	84
3	75	85
3	75	88
3	76	64
3	76	65
3	76	66
3	76	67
3	76	68
3	76	69
3	76	70
3	76	71
3	76	72
3	76	73
3	76	74
3	76	75
3	76	76
3	77	64
3	77	65
3	77	66
3	77	67
3	77	68
3	77	69
3	77	70
3	77	71
3	77	72
3	77	73
3	77	74
3	77	75
3	77	76
3	77	77
3	78	64
3	78	65
3	78	66
3	78	67
3	78	68
3	78	69
3	78	70
3	78	71
3	78	72
3	78	73
3	78	74
3	78	75
3	78	76
3	78	77
3	79	64
3	79	65
3	79	66
3	79	67
3	79	68
3	79	69
3	79	70
3	79	71
3	79	72
3	79	73
3	79	74
3	79	75
3	79	76
3	79	77
3	80	65
3	80	66
3	80	67
3	80	68
3	80	69
3	80	70
3	80	71
3	80	72
3	80	78
4	60	83
4	60	84
4	61	83
4	61	84
4	61	85
4	62	84
4	62	85
4	62	86
4	63	84
4	63	85
4	63	86
4	63	87
4	64	83
4	64	84
4	64	85
4	64	86
4	64	87
4	64	88
4	65	83
4	65	84
4	65	85
4	65	86
4	65	87
4	65	88
4	65	89
4	66	84
4	66	85
4	66	86
4	66	87
4	66	88
4	66	89
4	67	68
4	67	69
4	67	70
4	67	71
4	67	72
4	67	73
4	67	74
4	67	75
4	67	76
4	67	84
4	67	85
4	67	86
4	67	87
4	67	88
4	67	89
4	67	90
4	68	68
4	68	69
4	68	70
4	68	71
4	68	72
4	68	73
4	68	74
4	68	75
4	68	76
4	68	84
4	68	85
4	68	86
4	68	87
4	68	88
4	68	89
4	68	90
4	69	67
4	69	68
4	69	69
4	69	70
4	69	71
4	69	72
4	69	73
4	69	74
4	69	75
4	69	76
4	69	84
4	69	85
4	69	86
4	69	87
4	69	88
4	69	89
4	69	90
4	69	91
4	69	92
4	70	66
4	70	67
4	70	68
4	70	69
4	70	70
4	70	71
4	70	72
4	70	73
4	70	74
4	70	75
4	70	76
4	70	83
4	70	84
4	70	85
4	70	86
4	70	87
4	70	88
4	70	89
4	70	90
4	70	91
4	70	92
4	70	93
4	71	65
4	71	66
4	71	67
4	71	68
4	71	69
4	71	70
4	71	71
4	71	72
4	71	73
4	71	74
4	71	75
4	71	76
4	71	82
4	71	83
4	71	84
4	71	85
4	71	86
4	71	87
4	71	88
4	71	89
4	71	90
4	71	91
4	71	92
4	71	93
4	71	94
4	72	65
4	72	66
4	72	67
4	72	68
4	72	69
4	72	70
4	72	71
4	72	72
4	72	73
4	72	74
4	72	75
4	72	76
4	72	81
4	72	82
4	72	83
4	72	84
4	72	85
4	72	86
4	72	87
4	72	88
4	72	89
4	72	90
4	72	91
4	72	92
4	72	93
4	72	94
4	72	95
4	73	64
4	73	65
4	73	66
4	73	67
4	73	68
4	73	69
4	73	70
4	73	71
4	73	72
4	73	73
4	73	74
4	73	75
4	73	76
4	73	81
4	73	82
4	73	83
4	73	84
4	73	85
4	73	86
4	73	87
4	73	88
4	73	89
4	73	90
4	73	91
4	73	92
4	73	93
4	73	94
4	73	95
4	74	65
4	74	66
4	74	67
4	74	68
4	74	69
4	74	70
4	74	71
4	74	72
4	74	73
4	74	74
4	74	75
4	74	76
4	74	80
4	74	81
4	74	82
4	74	83
4	74	84
4	74	85
4	74	86
4	74	87
4	74	88
4	74	94
4	75	65
4	75	66
4	75	67
4	75	68
4	75	69
4	75	70
4	75	71
4	75	72
4	75	73
4	75	74
4	75	75
4	75	76
4	75	82
4	75	83
4	75	84
4	75	85
4	75	86
4	76	65
4	76	66
4	76	67
4	76	68
4	76	69
4	76	70
4	76	71
4	76	72
4	76	73
4	76	74
4	76	75
4	76	76
4	76	83
4	76	84
4	77	65
4	77	66
4	77	67
4	77	68
4	77	69
4	77	70
4	77	71
4	77	72
4	77	73
4	77	74
4	77	75
4	77	76
4	77	77
4	78	66
4	78	67
4	78	68
4	78	69
4	78	70
4	78	71
4	78	72
4	78	73
4	78	74
4	78	75
4	78	76
4	78	77
4	78	78
4	78	82
4	78	83
4	79	67
4	79	68
4	79	69
4	79	70
4	79	71
4	79	72
4	79	73
4	79	74
4	79	75
4	79	76
4	79	77
4	79	78
4	79	79
4	79	80
4	79	81
4	79	82
4	79	83
4	80	68
4	80	69
4	80	70
4	80	71
4	80	72
4	80	73
4	80	74
4	80	78
4	80	79
4	80	81
4	80	82
4	80	83
4	81	79
5	61	85
5	62	85
5	62	86
5	63	85
5	63	86
5	63	87
5	64	85
5	64	86
5	64	87
5	64	88
5	65	84
5	65	85
5	65	86
5	65	87
5	65	88
5	66	71
5	66	72
5	66	73
5	66	74
5	66	75
5	66	76
5	66	77
5	66	83
5	66	84
5	66	85
5	66	86
5	66	87
5	66	88
5	66	89
5	67	70
5	67	71
5	67	72
5	67	73
5	67	74
5	67	75
5	67	76
5	67	77
5	67	83
5	67	84
5	67	85
5	67	86
5	67	87
5	67	88
5	67	89
5	67	90
5	68	70
5	68	71
5	68	72
5	68	73
5	68	74
5	68	75
5	68	76
5	68	77
5	68	83
5	68	84
5	68	85
5	68	86
5	68	87
5	68	88
5	68	89
5	68	90
5	69	69
5	69	70
5	69	71
5	69	72
5	69	73
5	69	74
5	69	75
5	69	76
5	69	77
5	69	82
5	69	83
5	69	84
5	69	85
5	69	86
5	69	87
5	69	88
5	69	89
5	69	90
5	69	91
5	70	68
5	70	69
5	70	70
5	70	71
5	70	72
5	70	73
5	70	74
5	70	75
5	70	76
5	70	77
5	70	81
5	70	82
5	70	83
5	70	84
5	70	85
5	70	86
5	70	87
5	70	88
5	70	89
5	70	90
5	70	91
5	70	92
5	70	93
5	71	67
5	71	68
5	71	69
5	71	70
5	71	71
5	71	72
5	71	73
5	71	74
5	71	75
5	71	76
5	71	77
5	71	81
5	71	82
5	71	83
5	71	84
5	71	85
5	71	86
5	71	87
5	71	88
5	71	89
5	71	90
5	71	91
5	71	92
5	71	93
5	71	94
5	72	66
5	72	67
5	72	68
5	72	69
5	72	70
5	72	71
5	72	72
5	72	73
5	72	74
5	72	75
5	72	76
5	72	77
5	72	81
5	72	82
5	72	83
5	72	84
5	72	85
5	72	86
5	72	87
5	72	88
5	72	89
5	72	90
5	72	91
5	72	92
5	72	93
5	72	94
5	72	95
5	73	66
5	73	67
5	73	68
5	73	69
5	73	70
5	73	71
5	73	72
5	73	73
5	73	74
5	73	75
5	73	76
5	73	77
5	73	80
5	73	81
5	73	82
5	73	83
5	73	84
5	73	85
5	73	86
5	73	87
5	73	88
5	73	89
5	73	90
5	73	91
5	73	92
5	73	93
5	73	94
5	73	95
5	74	66
5	74	67
5	74	68
5	74	69
5	74	70
5	74	71
5	74	72
5	74	73
5	74	74
5	74	75
5	74	76
5	74	77
5	74	80
5	74	81
5	74	82
5	74	83
5	74	84
5	74	85
5	74	86
5	74	87
5	74	88
5	74	89
5	74	90
5	74	91
5	74	92
5	74	93
5	74	94
5	75	66
5	75	67
5	75	68
5	75	69
5	75	70
5	75	71
5	75	72
5	75	73
5	75	74
5	75	75
5	75	76
5	75	77
5	75	80
5	75	81
5	75	82
5	75	83
5	75	84
5	75	85
5	75	86
5	75	87
5	76	66
5	76	67
5	76	68
5	76	69
5	76	70
5	76	71
5	76	72
5	76	73
5	76	74
5	76	75
5	76	76
5	76	77
5	76	80
5	76	81
5	76	82
5	76	83
5	76	84
5	76	85
5	77	67
5	77	68
5	77	69
5	77	70
5	77	71
5	77	72
5	77	73
5	77	74
5	77	75
5	77	76
5	77	77
5	77	79
5	77	80
5	77	81
5	77	82
5	77	83
5	77	84
5	77	85
5	78	68
5	78	69
5	78	70
5	78	71
5	78	72
5	78	73
5	78	74
5	78	75
5	78	76
5	78	77
5	78	78
5	78	79
5	78	80
5	78	81
5	78	82
5	78	83
5	78	84
5	79	69
5	79	70
5	79	71
5	79	72
5	79	73
5	79	74
5	79	75
5	79	76
5	79	77
5	79	78
5	79	79
5	79	80
5	79	81
5	79	82
5	79	83
5	79	84
5	80	70
5	80	71
5	80	72
5	80	73
5	80	74
5	80	78
5	80	79
5	80	80
5	80	81
5	80	82
5	80	83
5	81	79
5	81	80
5	81	81
5	81	82
6	61	85
6	62	86
6	63	86
6	63	87
6	64	86
6	64	87
6	65	73
6	65	74
6	65	75
6	65	76
6	65	77
6	65	78
6	65	85
6	65	86
6	65	87
6	65	88
6	66	72
6	66	73
6	66	74
6	66	75
6	66	76
6	66	77
6	66	78
6	66	85
6	66	86
6	66	87
6	66	88
6	66	89
6	67	72
6	67	73
6	67	74
6	67	75
6	67	76
6	67	77
6	67	78
6	67	84
6	67	85
6	67	86
6	67	87
6	67	88
6	67	89
6	67	90
6	68	71
6	68	72
6	68	73
6	68	74
6	68	75
6	68	76
6	68	77
6	68	78
6	68	81
6	68	82
6	68	83
6	68	84
6	68	85
6	68	86
6	68	87
6	68	88
6	68	89
6	68	90
6	69	70
6	69	71
6	69	72
6	69	73
6	69	74
6	69	75
6	69	76
6	69	77
6	69	78
6	69	80
6	69	81
6	69	82
6	69	83
6	69	84
6	69	85
6	69	86
6	69	87
6	69	88
6	69	89
6	69	90
6	69	91
6	70	69
6	70	70
6	70	71
6	70	72
6	70	73
6	70	74
6	70	75
6	70	76
6	70	77
6	70	78
6	70	80
6	70	81
6	70	82
6	70	83
6	70	84
6	70	85
6	70	86
6	70	87
6	70	88
6	70	89
6	70	90
6	70	91
6	70	92
6	71	68
6	71	69
6	71	70
6	71	71
6	71	72
6	71	73
6	71	74
6	71	75
6	71	76
6	71	77
6	71	78
6	71	80
6	71	81
6	71	82
6	71	83
6	71	84
6	71	85
6	71	86
6	71	87
6	71	88
6	71	89
6	71	90
6	71	91
6	71	92
6	71	93
6	71	94
6	72	68
6	72	69
6	72	70
6	72	71
6	72	72
6	72	73
6	72	74
6	72	75
6	72	76
6	72	77
6	72	78
6	72	80
6	72	81
6	72	82
6	72	83
6	72	84
6	72	85
6	72	86
6	72	87
6	72	88
6	72	89
6	72	90
6	72	91
6	72	92
6	72	93
6	72	94
6	72	95
6	73	67
6	73	68
6	73	69
6	73	70
6	73	71
6	73	72
6	73	73
6	73	74
6	73	75
6	73	76
6	73	77
6	73	78
6	73	80
6	73	81
6	73	82
6	73	83
6	73	84
6	73	85
6	73	86
6	73	87
6	73	88
6	73	89
6	73	90
6	73	91
6	73	92
6	73	93
6	73	94
6	73	95
6	74	67
6	74	68
6	74	69
6	74	70
6	74	71
6	74	72
6	74	73
6	74	74
6	74	75
6	74	76
6	74	77
6	74	78
6	74	80
6	74	81
6	74	82
6	74	83
6	74	84
6	74	85
6	74	86
6	74	87
6	74	88
6	74	89
6	74	90
6	74	91
6	74	92
6	74	93
6	74	94
6	75	68
6	75	69
6	75	70
6	75	71
6	75	72
6	75	73
6	75	74
6	75	75
6	75	76
6	75	77
6	75	78
6	75	80
6	75	81
6	75	82
6	75	83
6	75	84
6	75	85
6	75	86
6	75	87
6	75	88
6	75	89
6	76	69
6	76	70
6	76	71
6	76	72
6	76	73
6	76	74
6	76	75
6	76	76
6	76	77
6	76	78
6	76	80
6	76	81
6	76	82
6	76	83
6	76	84
6	76	85
6	76	86
6	76	87
6	77	69
6	77	70
6	77	71
6	77	72
6	77	73
6	77	74
6	77	75
6	77	76
6	77	77
6	77	78
6	77	79
6	77	80
6	77	81
6	77	82
6	77	83
6	77	84
6	77	85
6	78	70
6	78	71
6	78	72
6	78	73
6	78	74
6	78	75
6	78	76
6	78	77
6	78	78
6	78	79
6	78	80
6	78	81
6	78	82
6	78	83
6	78	84
6	78	85
6	79	70
6	79	71
6	79	72
6	79	73
6	79	74
6	79	75
6	79	76
6	79	77
6	79	78
6	79	79
6	79	80
6	79	81
6	79	82
6	79	83
6	79	84
6	80	71
6	80	72
6	80	73
6	80	78
6	80	79
6	80	80
6	80	81
6	80	82
6	80	83
6	81	79
6	81	80
6	81	81
7	62	86
7	63	86
7	64	76
7	64	77
7	64	86
7	64	87
7	65	74
7	65	75
7	65	76
7	65	77
7	65	78
7	65	85
7	65	86
7	65	87
7	65	88
7	66	74
7	66	75
7	66	76
7	66	77
7	66	78
7	66	85
7	66	86
7	66	87
7	66	88
7	66	89
7	67	73
7	67	74
7	67	75
7	67	76
7	67	77
7	67	78
7	67	79
7	67	84
7	67	85
7	67	86
7	67	87
7	67	88
7	67	89
7	68	72
7	68	73
7	68	74
7	68	75
7	68	76
7	68	77
7	68	78
7	68	79
7	68	83
7	68	84
7	68	85
7	68	86
7	68	87
7	68	88
7	68	89
7	68	90
7	68	91
7	69	72
7	69	73
7	69	74
7	69	75
7	69	76
7	69	77
7	69	78
7	69	79
7	69	81
7	69	82
7	69	83
7	69	84
7	69	85
7	69	86
7	69	87
7	69	88
7	69	89
7	69	90
7	69	91
7	70	71
7	70	72
7	70	73
7	70	74
7	70	75
7	70	76
7	70	77
7	70	78
7	70	79
7	70	80
7	70	81
7	70	82
7	70	83
7	70	84
7	70	85
7	70	86
7	70	87
7	70	88
7	70	89
7	70	90
7	70	91
7	70	92
7	71	70
7	71	71
7	71	72
7	71	73
7	71	74
7	71	75
7	71	76
7	71	77
7	71	78
7	71	79
7	71	80
7	71	81
7	71	82
7	71	83
7	71	84
7	71	85
7	71	86
7	71	87
7	71	88
7	71	89
7	71	90
7	71	91
7	71	92
7	71	93
7	72	70
7	72	71
7	72	72
7	72	73
7	72	74
7	72	75
7	72	76
7	72	77
7	72	78
7	72	79
7	72	80
7	72	81
7	72	82
7	72	83
7	72	84
7	72	85
7	72	86
7	72	87
7	72	88
7	72	89
7	72	90
7	72	91
7	72	92
7	72	93
7	72	94
7	72	95
7	73	69
7	73	70
7	73	71
7	73	72
7	73	73
7	73	74
7	73	75
7	73	76
7	73	77
7	73	78
7	73	79
7	73	80
7	73	81
7	73	82
7	73	83
7	73	84
7	73	85
7	73	86
7	73	87
7	73	88
7	73	89
7	73	90
7	73	91
7	73	92
7	73	93
7	73	94
7	73	95
7	74	70
7	74	71
7	74	72
7	74	73
7	74	74
7	74	75
7	74	76
7	74	77
7	74	78
7	74	79
7	74	80
7	74	81
7	74	82
7	74	83
7	74	84
7	74	85
7	74	86
7	74	87
7	74	88
7	74	89
7	74	90
7	74	91
7	74	92
7	74	93
7	74	94
7	75	70
7	75	71
7	75	72
7	75	73
7	75	74
7	75	75
7	75	76
7	75	77
7	75	78
7	75	79
7	75	80
7	75	81
7	75	82
7	75	83
7	75	84
7	75	85
7	75	86
7	75	87
7	75	88
7	75	89
7	75	90
7	76	70
7	76	71
7	76	72
7	76	73
7	76	74
7	76	75
7	76	76
7	76	77
7	76	78
7	76	79
7	76	80
7	76	81
7	76	82
7	76	83
7	76	84
7	76	85
7	76	86
7	76	87
7	76	88
7	77	71
7	77	72
7	77	73
7	77	74
7	77	75
7	77	76
7	77	77
7	77	78
7	77	79
7	77	80
7	77	81
7	77	82
7	77	83
7	77	84
7	77	85
7	77	86
7	77	87
7	78	71
7	78	72
7	78	73
7	78	74
7	78	75
7	78	76
7	78	77
7	78	78
7	78	79
7	78	80
7	78	81
7	78	82
7	78	83
7	78	84
7	78	85
7	78	86
7	79	72
7	79	73
7	79	74
7	79	78
7	79	79
7	79	80
7	79	81
7	79	82
7	79	83
7	79	84
7	79	85
7	80	79
7	80	80
7	80	81
7	80	82
7	80	83
7	80	84
7	81	80
7	81	81
8	63	86
8	64	85
8	64	86
8	64	87
8	65	76
8	65	77
8	65	85
8	65	86
8	65	87
8	65	88
8	66	75
8	66	76
8	66	77
8	66	78
8	66	85
8	66	86
8	66	87
8	66	88
8	67	74
8	67	75
8	67	76
8	67	77
8	67	78
8	67	79
8	67	85
8	67	86
8	67	87
8	67	88
8	67	89
8	67	90
8	67	91
8	68	74
8	68	75
8	68	76
8	68	77
8	68	78
8	68	79
8	68	84
8	68	85
8	68	86
8	68	87
8	68	88
8	68	89
8	68	90
8	68	91
8	69	73
8	69	74
8	69	75
8	69	76
8	69	77
8	69	78
8	69	79
8	69	80
8	69	83
8	69	84
8	69	85
8	69	86
8	69	87
8	69	88
8	69	89
8	69	90
8	69	91
8	69	92
8	70	72
8	70	73
8	70	74
8	70	75
8	70	76
8	70	77
8	70	78
8	70	79
8	70	80
8	70	81
8	70	82
8	70	83
8	70	84
8	70	85
8	70	86
8	70	87
8	70	88
8	70	89
8	70	90
8	70	91
8	70	92
8	71	72
8	71	73
8	71	74
8	71	75
8	71	76
8	71	77
8	71	78
8	71	79
8	71	80
8	71	81
8	71	82
8	71	83
8	71	84
8	71	85
8	71	86
8	71	87
8	71	88
8	71	89
8	71	90
8	71	91
8	71	92
8	71	93
8	72	71
8	72	72
8	72	73
8	72	74
8	72	75
8	72	76
8	72	77
8	72	78
8	72	79
8	72	80
8	72	81
8	72	82
8	72	83
8	72	84
8	72	85
8	72	86
8	72	87
8	72	88
8	72	89
8	72	90
8	72	91
8	72	92
8	72	93
8	72	94
8	73	71
8	73	72
8	73	73
8	73	74
8	73	75
8	73	76
8	73	77
8	73	78
8	73	79
8	73	80
8	73	81
8	73	82
8	73	83
8	73	84
8	73	85
8	73	86
8	73	87
8	73	88
8	73	89
8	73	90
8	73	91
8	73	92
8	73	93
8	73	94
8	73	95
8	74	71
8	74	72
8	74	73
8	74	74
8	74	75
8	74	76
8	74	77
8	74	78
8	74	79
8	74	80
8	74	81
8	74	82
8	74	83
8	74	84
8	74	85
8	74	86
8	74	87
8	74	88
8	74	89
8	74	90
8	74	91
8	74	92
8	74	93
8	74	94
8	75	72
8	75	73
8	75	74
8	75	75
8	75	76
8	75	77
8	75	78
8	75	79
8	75	80
8	75	81
8	75	82
8	75	83
8	75	84
8	75	85
8	75	86
8	75	87
8	75	88
8	75	89
8	75	90
8	76	72
8	76	73
8	76	74
8	76	75
8	76	76
8	76	77
8	76	78
8	76	79
8	76	80
8	76	81
8	76	82
8	76	83
8	76	84
8	76	85
8	76	86
8	76	87
8	76	88
8	77	73
8	77	74
8	77	75
8	77	76
8	77	77
8	77	78
8	77	79
8	77	80
8	77	81
8	77	82
8	77	83
8	77	84
8	77	85
8	77	86
8	78	80
8	78	81
8	78	82
8	78	83
8	78	84
8	78	85
8	79	81
8	79	82
8	79	83
9	64	86
9	64	87
9	65	85
9	65	86
9	65	87
9	66	77
9	66	78
9	66	85
9	66	86
9	66	87
9	66	88
9	66	89
9	66	90
9	67	75
9	67	76
9	67	77
9	67	78
9	67	79
9	67	85
9	67	86
9	67	87
9	67	88
9	67	89
9	67	90
9	68	75
9	68	76
9	68	77
9	68	78
9	68	79
9	68	84
9	68	85
9	68	86
9	68	87
9	68	88
9	68	89
9	68	90
9	69	74
9	69	75
9	69	76
9	69	77
9	69	78
9	69	79
9	69	80
9	69	84
9	69	85
9	69	86
9	69	87
9	69	88
9	69	89
9	69	90
9	70	74
9	70	75
9	70	76
9	70	77
9	70	78
9	70	79
9	70	80
9	70	84
9	70	85
9	70	86
9	70	87
9	70	88
9	70	89
9	70	90
9	70	91
9	70	92
9	70	93
9	71	73
9	71	74
9	71	75
9	71	76
9	71	77
9	71	78
9	71	79
9	71	80
9	71	83
9	71	84
9	71	85
9	71	86
9	71	87
9	71	88
9	71	89
9	71	90
9	71	91
9	71	92
9	71	93
9	72	73
9	72	74
9	72	75
9	72	76
9	72	77
9	72	78
9	72	79
9	72	80
9	72	81
9	72	83
9	72	84
9	72	85
9	72	86
9	72	87
9	72	88
9	72	89
9	72	90
9	72	91
9	72	92
9	72	93
9	72	94
9	73	73
9	73	74
9	73	75
9	73	76
9	73	77
9	73	78
9	73	79
9	73	80
9	73	81
9	73	82
9	73	83
9	73	84
9	73	85
9	73	86
9	73	87
9	73	88
9	73	89
9	73	90
9	73	91
9	73	92
9	73	93
9	73	94
9	73	95
9	74	74
9	74	75
9	74	76
9	74	77
9	74	78
9	74	79
9	74	80
9	74	81
9	74	82
9	74	83
9	74	84
9	74	85
9	74	86
9	74	87
9	74	88
9	74	89
9	74	90
9	74	91
9	74	94
9	75	74
9	75	75
9	75	76
9	75	77
9	75	78
9	75	81
9	75	82
9	75	83
9	75	84
9	75	85
9	75	86
9	75	87
9	75	88
9	75	89
9	76	82
9	76	83
9	76	84
9	76	85
9	76	86
9	76	87
10	64	86
10	65	86
10	65	87
10	65	88
10	65	89
10	66	86
10	66	87
10	66	88
10	66	89
10	67	86
10	67	87
10	67	88
10	67	89
10	68	77
10	68	78
10	68	79
10	68	85
10	68	86
10	68	87
10	68	88
10	68	89
10	69	76
10	69	77
10	69	78
10	69	79
10	69	85
10	69	86
10	69	87
10	69	88
10	69	89
10	70	76
10	70	77
10	70	78
10	70	79
10	70	85
10	70	86
10	70	87
10	70	88
10	70	89
10	71	75
10	71	76
10	71	77
10	71	78
10	71	79
10	71	85
10	71	86
10	71	87
10	71	88
10	71	89
10	71	90
10	71	91
10	71	92
10	71	93
10	71	94
10	72	75
10	72	76
10	72	77
10	72	78
10	72	79
10	72	85
10	72	86
10	72	87
10	72	88
10	72	89
10	72	90
10	72	91
10	72	92
10	72	93
10	72	94
10	73	76
10	73	77
10	73	85
10	73	86
10	73	87
10	73	88
10	73	89
10	73	90
10	73	91
10	74	85
10	74	86
10	74	87
10	74	88
11	64	87
11	64	88
11	65	87
11	65	88
11	66	88
11	67	88
11	68	88
11	69	88
11	70	88
116	69	58
116	69	59
117	68	59
117	68	60
117	68	61
117	69	58
117	69	59
117	69	60
117	69	61
117	70	58
117	70	59
117	70	60
118	66	62
118	66	63
118	67	60
118	67	61
118	67	62
118	67	63
118	67	64
118	68	59
118	68	60
118	68	61
118	68	62
118	68	63
118	68	64
118	68	65
118	68	66
118	68	67
118	69	58
118	69	59
118	69	60
118	69	61
118	69	62
118	69	63
118	69	64
118	69	65
118	69	66
118	70	58
118	70	59
118	70	60
118	70	61
118	70	62
118	70	63
118	70	64
118	70	65
118	71	59
118	71	60
118	71	61
118	71	62
118	71	63
118	71	64
118	72	59
118	72	60
118	72	61
118	72	62
118	72	63
118	72	64
118	73	60
118	73	61
118	73	62
118	73	63
118	74	59
119	64	63
119	64	64
119	64	65
119	64	66
119	65	60
119	65	61
119	65	62
119	65	63
119	65	64
119	65	65
119	65	66
119	65	67
119	65	68
119	66	59
119	66	60
119	66	61
119	66	62
119	66	63
119	66	64
119	66	65
119	66	66
119	66	67
119	66	68
119	67	59
119	67	60
119	67	61
119	67	62
119	67	63
119	67	64
119	67	65
119	67	66
119	67	67
119	67	68
119	68	58
119	68	59
119	68	60
119	68	61
119	68	62
119	68	63
119	68	64
119	68	65
119	68	66
119	68	67
119	68	68
119	69	58
119	69	59
119	69	60
119	69	61
119	69	62
119	69	63
119	69	64
119	69	65
119	69	66
119	69	67
119	70	57
119	70	58
119	70	59
119	70	60
119	70	61
119	70	62
119	70	63
119	70	64
119	70	65
119	70	66
119	70	67
119	71	58
119	71	59
119	71	60
119	71	61
119	71	62
119	71	63
119	71	64
119	71	65
119	71	66
119	72	58
119	72	59
119	72	60
119	72	61
119	72	62
119	72	63
119	72	64
119	72	65
119	73	59
119	73	60
119	73	61
119	73	62
119	73	63
119	73	64
119	73	65
119	74	59
119	74	60
119	74	61
119	74	62
119	74	63
119	74	64
119	75	59
119	75	60
120	62	67
120	62	68
120	63	63
120	63	64
120	63	65
120	63	66
120	63	67
120	63	68
120	64	60
120	64	61
120	64	62
120	64	63
120	64	64
120	64	65
120	64	66
120	64	67
120	64	68
120	64	69
120	64	70
120	65	60
120	65	61
120	65	62
120	65	63
120	65	64
120	65	65
120	65	66
120	65	67
120	65	68
120	65	69
120	66	59
120	66	60
120	66	61
120	66	62
120	66	63
120	66	64
120	66	65
120	66	66
120	66	67
120	66	68
120	66	69
120	67	58
120	67	59
120	67	60
120	67	61
120	67	62
120	67	63
120	67	64
120	67	65
120	67	66
120	67	67
120	67	68
120	67	69
120	68	58
120	68	59
120	68	60
120	68	61
120	68	62
120	68	63
120	68	64
120	68	65
120	68	66
120	68	67
120	68	68
120	68	69
120	69	57
120	69	58
120	69	59
120	69	60
120	69	61
120	69	62
120	69	63
120	69	64
120	69	65
120	69	66
120	69	67
120	69	68
120	70	57
120	70	58
120	70	59
120	70	60
120	70	61
120	70	62
120	70	63
120	70	64
120	70	65
120	70	66
120	70	67
120	70	68
120	71	57
120	71	58
120	71	59
120	71	60
120	71	61
120	71	62
120	71	63
120	71	64
120	71	65
120	71	66
120	71	67
120	72	58
120	72	59
120	72	60
120	72	61
120	72	62
120	72	63
120	72	64
120	72	65
120	72	66
120	72	67
120	73	58
120	73	59
120	73	60
120	73	61
120	73	62
120	73	63
120	73	64
120	73	65
120	73	66
120	74	59
120	74	60
120	74	61
120	74	62
120	74	63
120	74	64
120	74	65
120	75	59
120	75	60
120	75	61
120	75	62
120	76	59
120	77	59
121	61	68
121	62	64
121	62	65
121	62	66
121	62	67
121	62	68
121	62	69
121	63	61
121	63	62
121	63	63
121	63	64
121	63	65
121	63	66
121	63	67
121	63	68
121	63	69
121	63	70
121	63	71
121	64	60
121	64	61
121	64	62
121	64	63
121	64	64
121	64	65
121	64	66
121	64	67
121	64	68
121	64	69
121	64	70
121	65	59
121	65	60
121	65	61
121	65	62
121	65	63
121	65	64
121	65	65
121	65	66
121	65	67
121	65	68
121	65	69
121	65	70
121	66	59
121	66	60
121	66	61
121	66	62
121	66	63
121	66	64
121	66	65
121	66	66
121	66	67
121	66	68
121	66	69
121	67	58
121	67	59
121	67	60
121	67	61
121	67	62
121	67	63
121	67	64
121	67	65
121	67	66
121	67	67
121	67	68
121	67	69
121	68	57
121	68	58
121	68	59
121	68	60
121	68	61
121	68	62
121	68	63
121	68	64
121	68	65
121	68	66
121	68	67
121	68	68
121	68	69
121	69	57
121	69	58
121	69	59
121	69	60
121	69	61
121	69	62
121	69	63
121	69	64
121	69	65
121	69	66
121	69	67
121	69	68
121	69	69
121	70	57
121	70	58
121	70	59
121	70	60
121	70	61
121	70	62
121	70	63
121	70	64
121	70	65
121	70	66
121	70	67
121	70	68
121	71	57
121	71	58
121	71	59
121	71	60
121	71	61
121	71	62
121	71	63
121	71	64
121	71	65
121	71	66
121	71	67
121	71	68
121	72	58
121	72	59
121	72	60
121	72	61
121	72	62
121	72	63
121	72	64
121	72	65
121	72	66
121	72	67
121	72	68
121	73	58
121	73	59
121	73	60
121	73	61
121	73	62
121	73	63
121	73	64
121	73	65
121	73	66
121	73	67
121	74	59
121	74	60
121	74	61
121	74	62
121	74	63
121	74	64
121	74	65
121	74	66
121	75	59
121	75	60
121	75	61
121	75	62
121	75	63
121	76	59
121	76	60
121	77	59
122	61	65
122	61	66
122	61	67
122	61	68
122	61	69
122	62	60
122	62	61
122	62	62
122	62	63
122	62	64
122	62	65
122	62	66
122	62	67
122	62	68
122	62	69
122	62	70
122	63	60
122	63	61
122	63	62
122	63	63
122	63	64
122	63	65
122	63	66
122	63	67
122	63	68
122	63	69
122	63	70
122	63	71
122	64	59
122	64	60
122	64	61
122	64	62
122	64	63
122	64	64
122	64	65
122	64	66
122	64	67
122	64	68
122	64	69
122	64	70
122	64	71
122	65	59
122	65	60
122	65	61
122	65	62
122	65	63
122	65	64
122	65	65
122	65	66
122	65	67
122	65	68
122	65	69
122	65	70
122	66	58
122	66	59
122	66	60
122	66	61
122	66	62
122	66	63
122	66	64
122	66	65
122	66	66
122	66	67
122	66	68
122	66	69
122	66	70
122	67	58
122	67	59
122	67	60
122	67	61
122	67	62
122	67	63
122	67	64
122	67	65
122	67	66
122	67	67
122	67	68
122	67	69
122	67	70
122	68	58
122	68	59
122	68	60
122	68	61
122	68	62
122	68	63
122	68	64
122	68	65
122	68	66
122	68	67
122	68	68
122	68	69
122	68	70
122	69	57
122	69	58
122	69	59
122	69	60
122	69	61
122	69	62
122	69	63
122	69	64
122	69	65
122	69	66
122	69	67
122	69	68
122	69	69
122	70	58
122	70	59
122	70	60
122	70	61
122	70	62
122	70	63
122	70	64
122	70	65
122	70	66
122	70	67
122	70	68
122	70	69
122	71	58
122	71	59
122	71	60
122	71	61
122	71	62
122	71	63
122	71	64
122	71	65
122	71	66
122	71	67
122	71	68
122	72	58
122	72	59
122	72	60
122	72	61
122	72	62
122	72	63
122	72	64
122	72	65
122	72	66
122	72	67
122	72	68
122	73	59
122	73	60
122	73	61
122	73	62
122	73	63
122	73	64
122	73	65
122	73	66
122	73	67
122	73	68
122	74	59
122	74	60
122	74	61
122	74	62
122	74	63
122	74	64
122	74	65
122	74	66
122	74	67
122	75	59
122	75	60
122	75	61
122	75	62
122	75	63
122	75	64
122	75	65
122	76	60
122	76	61
122	76	62
122	76	63
123	60	67
123	60	68
123	60	69
123	61	60
123	61	61
123	61	62
123	61	63
123	61	64
123	61	65
123	61	66
123	61	67
123	61	68
123	61	69
123	61	70
123	62	59
123	62	60
123	62	61
123	62	62
123	62	63
123	62	64
123	62	65
123	62	66
123	62	67
123	62	68
123	62	69
123	62	70
123	62	71
123	63	59
123	63	60
123	63	61
123	63	62
123	63	63
123	63	64
123	63	65
123	63	66
123	63	67
123	63	68
123	63	69
123	63	70
123	64	59
123	64	60
123	64	61
123	64	62
123	64	63
123	64	64
123	64	65
123	64	66
123	64	67
123	64	68
123	64	69
123	64	70
123	65	59
123	65	60
123	65	61
123	65	62
123	65	63
123	65	64
123	65	65
123	65	66
123	65	67
123	65	68
123	65	69
123	65	70
123	65	71
123	66	58
123	66	59
123	66	60
123	66	61
123	66	62
123	66	63
123	66	64
123	66	65
123	66	66
123	66	67
123	66	68
123	66	69
123	66	70
123	66	71
123	67	58
123	67	59
123	67	60
123	67	61
123	67	62
123	67	63
123	67	64
123	67	65
123	67	66
123	67	67
123	67	68
123	67	69
123	67	70
123	67	71
123	68	58
123	68	59
123	68	60
123	68	61
123	68	62
123	68	63
123	68	64
123	68	65
123	68	66
123	68	67
123	68	68
123	68	69
123	68	70
123	69	58
123	69	59
123	69	60
123	69	61
123	69	62
123	69	63
123	69	64
123	69	65
123	69	66
123	69	67
123	69	68
123	69	69
123	69	70
123	70	58
123	70	59
123	70	60
123	70	61
123	70	62
123	70	63
123	70	64
123	70	65
123	70	66
123	70	67
123	70	68
123	70	69
123	71	58
123	71	59
123	71	60
123	71	61
123	71	62
123	71	63
123	71	64
123	71	65
123	71	66
123	71	67
123	71	68
123	71	69
123	72	59
123	72	60
123	72	61
123	72	62
123	72	63
123	72	64
123	72	65
123	72	66
123	72	67
123	72	68
123	72	69
123	73	59
123	73	60
123	73	61
123	73	62
123	73	63
123	73	64
123	73	65
123	73	66
123	73	67
123	73	68
123	73	69
123	74	59
123	74	60
123	74	61
123	74	62
123	74	63
123	74	64
123	74	65
123	74	66
123	74	67
123	74	68
123	75	60
123	75	61
123	75	62
123	75	63
123	75	64
123	75	65
123	75	66
123	75	67
123	76	60
123	76	61
123	76	62
123	76	63
123	76	64
123	76	65
123	77	60
123	77	61
123	77	62
124	60	62
124	60	63
124	60	64
124	60	65
124	60	66
124	60	67
124	60	68
124	60	69
124	61	61
124	61	62
124	61	63
124	61	64
124	61	65
124	61	66
124	61	67
124	61	68
124	61	69
124	61	70
124	61	71
124	62	60
124	62	61
124	62	62
124	62	63
124	62	64
124	62	65
124	62	66
124	62	67
124	62	68
124	62	69
124	62	70
124	62	71
124	63	60
124	63	61
124	63	62
124	63	63
124	63	64
124	63	65
124	63	66
124	63	67
124	63	68
124	63	69
124	63	70
124	64	60
124	64	61
124	64	62
124	64	63
124	64	64
124	64	65
124	64	66
124	64	67
124	64	68
124	64	69
124	65	59
124	65	60
124	65	61
124	65	62
124	65	63
124	65	64
124	65	65
124	65	66
124	65	67
124	65	68
124	65	69
124	66	59
124	66	60
124	66	61
124	66	62
124	66	63
124	66	64
124	66	65
124	66	66
124	66	67
124	66	68
124	66	69
124	66	70
124	67	59
124	67	60
124	67	61
124	67	62
124	67	63
124	67	64
124	67	65
124	67	66
124	67	67
124	67	68
124	67	69
124	67	70
124	68	59
124	68	60
124	68	61
124	68	62
124	68	63
124	68	64
124	68	65
124	68	66
124	68	67
124	68	68
124	68	69
124	68	70
124	69	59
124	69	60
124	69	61
124	69	62
124	69	63
124	69	64
124	69	65
124	69	66
124	69	67
124	69	68
124	69	69
124	69	70
124	70	59
124	70	60
124	70	61
124	70	62
124	70	63
124	70	64
124	70	65
124	70	66
124	70	67
124	70	68
124	70	69
124	70	70
124	71	59
124	71	60
124	71	61
124	71	62
124	71	63
124	71	64
124	71	65
124	71	66
124	71	67
124	71	68
124	71	69
124	71	70
124	72	59
124	72	60
124	72	61
124	72	62
124	72	63
124	72	64
124	72	65
124	72	66
124	72	67
124	72	68
124	72	69
124	72	70
124	73	59
124	73	60
124	73	61
124	73	62
124	73	63
124	73	64
124	73	65
124	73	66
124	73	67
124	73	68
124	73	69
124	73	70
124	74	60
124	74	61
124	74	62
124	74	63
124	74	64
124	74	65
124	74	66
124	74	67
124	74	68
124	74	69
124	75	60
124	75	61
124	75	62
124	75	63
124	75	64
124	75	65
124	75	66
124	75	67
124	75	68
124	75	69
124	76	60
124	76	61
124	76	62
124	76	63
124	76	64
124	76	65
124	76	66
124	76	67
124	76	68
124	77	60
124	77	61
124	77	62
124	77	63
124	77	64
124	77	65
124	77	66
124	77	67
124	78	60
124	78	61
125	61	63
125	61	64
125	61	65
125	61	66
125	61	67
125	61	68
125	61	69
125	61	70
125	61	71
125	62	62
125	62	63
125	62	64
125	62	65
125	62	66
125	62	67
125	62	68
125	62	69
125	62	70
125	62	71
125	63	61
125	63	62
125	63	63
125	63	64
125	63	65
125	63	66
125	63	67
125	63	68
125	63	69
125	63	70
125	64	61
125	64	62
125	64	63
125	64	64
125	64	65
125	64	66
125	64	67
125	64	68
125	64	69
125	65	61
125	65	62
125	65	63
125	65	64
125	65	65
125	65	66
125	65	67
125	65	68
125	66	60
125	66	61
125	66	62
125	66	63
125	66	64
125	66	65
125	66	66
125	66	67
125	66	68
125	67	60
125	67	61
125	67	62
125	67	63
125	67	64
125	67	65
125	67	66
125	67	67
125	67	68
125	67	69
125	68	60
125	68	61
125	68	62
125	68	63
125	68	64
125	68	65
125	68	66
125	68	67
125	68	68
125	68	69
125	68	70
125	69	60
125	69	61
125	69	62
125	69	63
125	69	64
125	69	65
125	69	66
125	69	67
125	69	68
125	69	69
125	69	70
125	70	60
125	70	61
125	70	62
125	70	63
125	70	64
125	70	65
125	70	66
125	70	67
125	70	68
125	70	69
125	70	70
125	71	60
125	71	61
125	71	62
125	71	63
125	71	64
125	71	65
125	71	66
125	71	67
125	71	68
125	71	69
125	71	70
125	72	60
125	72	61
125	72	62
125	72	63
125	72	64
125	72	65
125	72	66
125	72	67
125	72	68
125	72	69
125	72	70
125	73	60
125	73	61
125	73	62
125	73	63
125	73	64
125	73	65
125	73	66
125	73	67
125	73	68
125	73	69
125	73	70
125	74	60
125	74	61
125	74	62
125	74	63
125	74	64
125	74	65
125	74	66
125	74	67
125	74	68
125	74	69
125	74	70
125	74	71
125	75	60
125	75	61
125	75	62
125	75	63
125	75	64
125	75	65
125	75	66
125	75	67
125	75	68
125	75	69
125	75	70
125	75	71
125	76	61
125	76	62
125	76	63
125	76	64
125	76	65
125	76	66
125	76	67
125	76	68
125	76	69
125	76	70
125	76	71
125	77	61
125	77	62
125	77	63
125	77	64
125	77	65
125	77	66
125	77	67
125	77	68
125	77	69
125	77	70
125	78	61
125	78	62
125	78	63
125	78	64
125	78	65
125	78	66
125	78	67
125	78	68
126	61	68
126	61	69
126	61	70
126	61	71
126	62	65
126	62	66
126	62	67
126	62	68
126	62	69
126	62	70
126	62	71
126	63	63
126	63	64
126	63	65
126	63	66
126	63	67
126	63	68
126	63	69
126	63	70
126	64	62
126	64	63
126	64	64
126	64	65
126	64	66
126	64	67
126	64	68
126	64	69
126	65	62
126	65	63
126	65	64
126	65	65
126	65	66
126	65	67
126	65	68
126	66	61
126	66	62
126	66	63
126	66	64
126	66	65
126	66	66
126	66	67
126	66	68
126	66	92
126	67	61
126	67	62
126	67	63
126	67	64
126	67	65
126	67	66
126	67	67
126	67	68
126	67	69
126	67	92
126	68	61
126	68	62
126	68	63
126	68	64
126	68	65
126	68	66
126	68	67
126	68	68
126	68	69
126	68	70
126	68	92
126	69	61
126	69	62
126	69	63
126	69	64
126	69	65
126	69	66
126	69	67
126	69	68
126	69	69
126	69	70
126	69	71
126	69	92
126	70	61
126	70	62
126	70	63
126	70	64
126	70	65
126	70	66
126	70	67
126	70	68
126	70	69
126	70	70
126	70	71
126	70	92
126	70	93
126	71	61
126	71	62
126	71	63
126	71	64
126	71	65
126	71	66
126	71	67
126	71	68
126	71	69
126	71	70
126	71	71
126	71	93
126	71	94
126	72	61
126	72	62
126	72	63
126	72	64
126	72	65
126	72	66
126	72	67
126	72	68
126	72	69
126	72	70
126	72	71
126	73	61
126	73	62
126	73	63
126	73	64
126	73	65
126	73	66
126	73	67
126	73	68
126	73	69
126	73	70
126	73	71
126	73	72
126	74	61
126	74	62
126	74	63
126	74	64
126	74	65
126	74	66
126	74	67
126	74	68
126	74	69
126	74	70
126	74	71
126	74	72
126	75	61
126	75	62
126	75	63
126	75	64
126	75	65
126	75	66
126	75	67
126	75	68
126	75	69
126	75	70
126	75	71
126	75	72
126	76	61
126	76	62
126	76	63
126	76	64
126	76	65
126	76	66
126	76	67
126	76	68
126	76	69
126	76	70
126	76	71
126	76	72
126	76	73
126	77	61
126	77	62
126	77	63
126	77	64
126	77	65
126	77	66
126	77	67
126	77	68
126	77	69
126	77	70
126	77	71
126	77	72
126	77	73
126	78	61
126	78	62
126	78	63
126	78	64
126	78	65
126	78	66
126	78	67
126	78	68
126	78	69
126	78	70
126	78	71
126	78	72
126	79	61
126	79	62
126	79	63
126	79	64
126	79	65
126	79	66
126	79	67
126	79	68
126	79	69
126	81	62
126	81	63
126	82	63
126	82	64
126	83	65
126	83	66
127	62	67
127	62	68
127	62	69
127	62	70
127	62	71
127	63	65
127	63	66
127	63	67
127	63	68
127	64	64
127	64	65
127	64	66
127	64	67
127	65	63
127	65	64
127	65	65
127	65	66
127	65	67
127	65	89
127	66	63
127	66	64
127	66	65
127	66	66
127	66	67
127	66	68
127	66	90
127	66	91
127	67	62
127	67	63
127	67	64
127	67	65
127	67	66
127	67	67
127	67	68
127	67	69
127	67	90
127	67	91
127	68	62
127	68	63
127	68	64
127	68	65
127	68	66
127	68	67
127	68	68
127	68	69
127	68	70
127	68	90
127	68	91
127	69	62
127	69	63
127	69	64
127	69	65
127	69	66
127	69	67
127	69	68
127	69	69
127	69	70
127	69	71
127	69	90
127	69	91
127	69	92
127	70	61
127	70	62
127	70	63
127	70	64
127	70	65
127	70	66
127	70	67
127	70	68
127	70	69
127	70	70
127	70	71
127	70	72
127	70	91
127	70	92
127	70	93
127	71	61
127	71	62
127	71	63
127	71	64
127	71	65
127	71	66
127	71	67
127	71	68
127	71	69
127	71	70
127	71	71
127	71	72
127	71	91
127	71	92
127	71	93
127	71	94
127	72	61
127	72	62
127	72	63
127	72	64
127	72	65
127	72	66
127	72	67
127	72	68
127	72	69
127	72	70
127	72	71
127	72	72
127	72	92
127	72	93
127	72	94
127	72	95
127	73	61
127	73	62
127	73	63
127	73	64
127	73	65
127	73	66
127	73	67
127	73	68
127	73	69
127	73	70
127	73	71
127	73	72
127	74	61
127	74	62
127	74	63
127	74	64
127	74	65
127	74	66
127	74	67
127	74	68
127	74	69
127	74	70
127	74	71
127	74	72
127	74	73
127	75	62
127	75	63
127	75	64
127	75	65
127	75	66
127	75	67
127	75	68
127	75	69
127	75	70
127	75	71
127	75	72
127	75	73
127	76	62
127	76	63
127	76	64
127	76	65
127	76	66
127	76	67
127	76	68
127	76	69
127	76	70
127	76	71
127	76	72
127	76	73
127	76	74
127	77	62
127	77	63
127	77	64
127	77	65
127	77	66
127	77	67
127	77	68
127	77	69
127	77	70
127	77	71
127	77	72
127	77	73
127	77	74
127	77	75
127	78	62
127	78	63
127	78	64
127	78	65
127	78	66
127	78	67
127	78	68
127	78	69
127	78	70
127	78	71
127	78	72
127	78	73
127	79	62
127	79	63
127	79	64
127	79	65
127	79	66
127	79	67
127	79	68
127	79	69
127	79	70
127	79	71
127	80	62
127	80	63
127	80	64
127	80	65
127	80	66
127	80	67
127	80	68
127	80	69
127	80	70
127	81	63
127	81	64
127	81	65
127	81	66
127	81	67
127	81	68
127	82	63
127	82	64
127	82	65
127	82	66
127	82	67
127	83	65
127	83	66
127	83	67
