#i	j	k
25	67	26
25	68	26
25	68	27
25	68	28
25	69	26
25	69	27
25	69	28
25	69	29
25	70	27
25	70	28
25	70	29
26	66	25
26	66	26
26	66	27
26	67	25
26	67	26
26	67	27
26	67	28
26	68	25
26	68	26
26	68	27
26	68	28
26	68	29
26	68	30
26	69	25
26	69	26
26	69	27
26	69	28
26	69	29
26	69	30
26	69	31
26	70	26
26	70	27
26	70	28
26	70	29
26	70	30
26	70	31
26	70	32
26	71	26
26	71	27
26	71	28
26	71	29
26	71	30
26	71	31
26	71	32
26	72	28
26	72	29
26	72	30
26	72	31
26	72	32
26	73	30
26	73	31
26	73	32
27	64	25
27	64	26
27	65	25
27	65	26
27	65	27
27	66	25
27	66	26
27	66	27
27	66	28
27	67	25
27	67	26
27	67	27
27	67	28
27	67	29
27	67	30
27	67	31
27	68	25
27	68	26
27	68	27
27	68	28
27	68	29
27	68	30
27	68	31
27	69	25
27	69	26
27	69	27
27	69	28
27	69	29
27	69	30
27	69	31
27	69	32
27	70	25
27	70	26
27	70	27
27	70	28
27	70	29
27	70	30
27	70	31
27	70	32
27	71	26
27	71	27
27	71	28
27	71	29
27	71	30
27	71	31
27	71	32
27	71	33
27	72	27
27	72	28
27	72	29
27	72	30
27	72	31
27	72	32
27	72	33
27	73	28
27	73	29
27	73	30
27	73	31
27	73	32
27	73	33
27	74	30
27	74	31
27	74	32
28	63	24
28	63	25
28	63	26
28	64	24
28	64	25
28	64	26
28	64	27
28	64	30
28	65	24
28	65	25
28	65	26
28	65	27
28	65	28
28	65	29
28	65	30
28	65	31
28	66	24
28	66	25
28	66	26
28	66	27
28	66	28
28	66	29
28	66	30
28	66	31
28	67	24
28	67	25
28	67	26
28	67	27
28	67	28
28	67	29
28	67	30
28	67	31
28	68	24
28	68	25
28	68	26
28	68	27
28	68	28
28	68	29
28	68	30
28	68	31
28	69	24
28	69	25
28	69	26
28	69	27
28	69	28
28	69	29
28	69	30
28	69	31
28	69	32
28	70	25
28	70	26
28	70	27
28	70	28
28	70	29
28	70	30
28	70	31
28	70	32
28	71	25
28	71	26
28	71	27
28	71	28
28	71	29
28	71	30
28	71	31
28	71	32
28	71	33
28	72	26
28	72	27
28	72	28
28	72	29
28	72	30
28	72	31
28	72	32
28	72	33
28	72	34
28	73	28
28	73	29
28	73	30
28	73	31
28	73	32
28	73	33
28	73	34
28	74	29
28	74	30
28	74	31
28	74	32
28	74	33
29	61	25
29	61	26
29	62	24
29	62	25
29	62	26
29	62	27
29	62	28
29	63	24
29	63	25
29	63	26
29	63	27
29	63	28
29	63	29
29	64	23
29	64	24
29	64	25
29	64	26
29	64	27
29	64	28
29	64	29
29	64	30
29	65	23
29	65	24
29	65	25
29	65	26
29	65	27
29	65	28
29	65	29
29	65	30
29	65	31
29	66	23
29	66	24
29	66	25
29	66	26
29	66	27
29	66	28
29	66	29
29	66	30
29	66	31
29	67	24
29	67	25
29	67	26
29	67	27
29	67	28
29	67	29
29	67	30
29	67	31
29	68	24
29	68	25
29	68	26
29	68	27
29	68	28
29	68	29
29	68	30
29	68	31
29	69	24
29	69	25
29	69	26
29	69	27
29	69	28
29	69	29
29	69	30
29	69	31
29	69	32
29	70	25
29	70	26
29	70	27
29	70	28
29	70	29
29	70	30
29	70	31
29	70	32
29	70	33
29	71	25
29	71	26
29	71	27
29	71	28
29	71	29
29	71	30
29	71	31
29	71	32
29	71	33
29	71	34
29	72	26
29	72	27
29	72	28
29	72	29
29	72	30
29	72	31
29	72	32
29	72	33
29	72	34
29	73	27
29	73	28
29	73	29
29	73	30
29	73	31
29	73	32
29	73	33
29	73	34
29	74	29
29	74	30
29	74	31
29	74	32
29	74	33
29	74	34
29	75	31
29	75	32
29	75	33
30	61	24
30	61	25
30	61	26
30	61	27
30	61	28
30	62	24
30	62	25
30	62	26
30	62	27
30	62	28
30	62	29
30	62	30
30	63	23
30	63	24
30	63	25
30	63	26
30	63	27
30	63	28
30	63	29
30	63	30
30	64	23
30	64	24
30	64	25
30	64	26
30	64	27
30	64	28
30	64	29
30	64	30
30	65	23
30	65	24
30	65	25
30	65	26
30	65	27
30	65	28
30	65	29
30	65	30
30	66	23
30	66	24
30	66	25
30	66	26
30	66	27
30	66	28
30	66	29
30	66	30
30	66	31
30	67	24
30	67	25
30	67	26
30	67	27
30	67	28
30	67	29
30	67	30
30	67	31
30	68	24
30	68	25
30	68	26
30	68	27
30	68	28
30	68	29
30	68	30
30	68	31
30	69	24
30	69	25
30	69	26
30	69	27
30	69	28
30	69	29
30	69	30
30	69	31
30	69	32
30	70	24
30	70	25
30	70	26
30	70	27
30	70	28
30	70	29
30	70	30
30	70	31
30	70	32
30	70	33
30	71	25
30	71	26
30	71	27
30	71	28
30	71	29
30	71	30
30	71	31
30	71	32
30	71	33
30	71	34
30	72	25
30	72	26
30	72	27
30	72	28
30	72	29
30	72	30
30	72	31
30	72	32
30	72	33
30	72	34
30	73	27
30	73	28
30	73	29
30	73	30
30	73	31
30	73	32
30	73	33
30	73	34
30	74	29
30	74	30
30	74	31
30	74	32
30	74	33
30	74	34
30	75	31
30	75	32
30	75	33
31	62	24
31	62	25
31	62	26
31	62	27
31	62	28
31	62	29
31	62	30
31	62	31
31	63	23
31	63	24
31	63	25
31	63	26
31	63	27
31	63	28
31	63	29
31	63	30
31	64	23
31	64	24
31	64	25
31	64	26
31	64	27
31	64	28
31	64	29
31	64	30
31	65	23
31	65	24
31	65	25
31	65	26
31	65	27
31	65	28
31	65	29
31	65	30
31	65	31
31	66	23
31	66	24
31	66	25
31	66	26
31	66	27
31	66	28
31	66	29
31	66	30
31	66	31
31	67	24
31	67	25
31	67	26
31	67	27
31	67	28
31	67	29
31	67	30
31	67	31
31	68	24
31	68	25
31	68	26
31	68	27
31	68	28
31	68	29
31	68	30
31	68	31
31	69	24
31	69	25
31	69	26
31	69	27
31	69	28
31	69	29
31	69	30
31	69	31
31	69	32
31	70	25
31	70	26
31	70	27
31	70	28
31	70	29
31	70	30
31	70	31
31	70	32
31	70	33
31	71	25
31	71	26
31	71	27
31	71	28
31	71	29
31	71	30
31	71	31
31	71	32
31	71	33
31	71	34
31	72	26
31	72	27
31	72	28
31	72	29
31	72	30
31	72	31
31	72	32
31	72	33
31	72	34
31	73	27
31	73	28
31	73	29
31	73	30
31	73	31
31	73	32
31	73	33
31	73	34
31	74	29
31	74	30
31	74	31
31	74	32
31	74	33
31	74	34
31	75	31
31	75	32
31	75	33
32	63	25
32	63	26
32	63	27
32	63	28
32	63	29
32	63	30
32	64	24
32	64	25
32	64	26
32	64	27
32	64	28
32	64	29
32	64	30
32	64	31
32	65	24
32	65	25
32	65	26
32	65	27
32	65	28
32	65	29
32	65	30
32	65	31
32	66	23
32	66	24
32	66	25
32	66	26
32	66	27
32	66	28
32	66	29
32	66	30
32	66	31
32	67	24
32	67	25
32	67	26
32	67	27
32	67	28
32	67	29
32	67	30
32	67	31
32	68	24
32	68	25
32	68	26
32	68	27
32	68	28
32	68	29
32	68	30
32	68	31
32	68	32
32	69	24
32	69	25
32	69	26
32	69	27
32	69	28
32	69	29
32	69	30
32	69	31
32	69	32
32	70	25
32	70	26
32	70	27
32	70	28
32	70	29
32	70	30
32	70	31
32	70	32
32	70	33
32	71	25
32	71	26
32	71	27
32	71	28
32	71	29
32	71	30
32	71	31
32	71	32
32	71	33
32	71	34
32	72	26
32	72	27
32	72	28
32	72	29
32	72	30
32	72	31
32	72	32
32	72	33
32	72	34
32	73	28
32	73	29
32	73	30
32	73	31
32	73	32
32	73	33
32	73	34
32	74	30
32	74	31
32	74	32
32	74	33
32	74	34
32	75	31
32	75	32
33	63	31
33	64	26
33	64	27
33	64	28
33	64	29
33	64	30
33	64	31
33	65	24
33	65	25
33	65	26
33	65	27
33	65	28
33	65	29
33	65	30
33	65	31
33	66	23
33	66	24
33	66	25
33	66	26
33	66	27
33	66	28
33	66	29
33	66	30
33	66	31
33	67	24
33	67	25
33	67	26
33	67	27
33	67	28
33	67	29
33	67	30
33	67	31
33	68	24
33	68	25
33	68	26
33	68	27
33	68	28
33	68	29
33	68	30
33	68	31
33	68	32
33	69	24
33	69	25
33	69	26
33	69	27
33	69	28
33	69	29
33	69	30
33	69	31
33	69	32
33	70	25
33	70	26
33	70	27
33	70	28
33	70	29
33	70	30
33	70	31
33	70	32
33	70	33
33	71	26
33	71	27
33	71	28
33	71	29
33	71	30
33	71	31
33	71	32
33	71	33
33	72	27
33	72	28
33	72	29
33	72	30
33	72	31
33	72	32
33	72	33
33	73	28
33	73	29
33	73	30
33	73	31
33	73	32
33	73	33
33	74	30
33	74	31
33	74	32
33	75	30
33	75	31
33	75	32
34	64	30
34	65	26
34	65	27
34	65	28
34	65	29
34	65	30
34	65	31
34	66	23
34	66	24
34	66	25
34	66	26
34	66	27
34	66	28
34	66	29
34	66	30
34	66	31
34	67	24
34	67	25
34	67	26
34	67	27
34	67	28
34	67	29
34	67	30
34	67	31
34	67	32
34	68	24
34	68	25
34	68	26
34	68	27
34	68	28
34	68	29
34	68	30
34	68	31
34	68	32
34	69	25
34	69	26
34	69	27
34	69	28
34	69	29
34	69	30
34	69	31
34	69	32
34	69	33
34	70	25
34	70	26
34	70	27
34	70	28
34	70	29
34	70	30
34	70	31
34	70	32
34	70	33
34	71	26
34	71	27
34	71	28
34	71	29
34	71	30
34	71	31
34	71	32
34	71	33
34	72	28
34	72	29
34	72	30
34	72	31
34	72	32
34	73	29
34	73	30
34	73	31
34	73	32
34	74	29
34	74	30
34	74	31
34	74	32
34	75	30
34	75	31
34	75	32
34	76	31
34	76	32
34	77	31
34	77	32
35	66	25
35	66	26
35	66	27
35	66	28
35	66	29
35	66	30
35	67	24
35	67	25
35	67	26
35	67	27
35	67	28
35	67	29
35	67	30
35	67	31
35	68	24
35	68	25
35	68	26
35	68	27
35	68	28
35	68	29
35	68	30
35	68	31
35	68	32
35	69	25
35	69	26
35	69	27
35	69	28
35	69	29
35	69	30
35	69	31
35	69	32
35	70	26
35	70	27
35	70	28
35	70	29
35	70	30
35	70	31
35	70	32
35	70	33
35	71	27
35	71	28
35	71	29
35	71	30
35	71	31
35	71	32
35	72	28
35	72	29
35	72	30
35	72	31
35	72	32
35	73	29
35	73	30
35	73	31
35	73	32
35	74	29
35	74	30
35	74	31
35	74	32
35	75	30
35	75	31
35	75	32
35	75	33
35	75	34
35	76	30
35	76	31
35	76	32
35	76	33
35	76	34
35	77	30
35	77	31
35	77	32
35	77	33
35	77	34
35	78	30
35	78	31
35	78	32
35	78	33
35	78	34
35	78	35
35	78	36
35	79	31
35	79	32
35	79	33
36	67	24
36	67	25
36	67	26
36	67	27
36	67	28
36	67	29
36	67	30
36	67	31
36	68	25
36	68	26
36	68	27
36	68	28
36	68	29
36	68	30
36	68	31
36	69	25
36	69	26
36	69	27
36	69	28
36	69	29
36	69	30
36	69	31
36	69	32
36	70	26
36	70	27
36	70	28
36	70	29
36	70	30
36	70	31
36	70	32
36	70	33
36	71	27
36	71	28
36	71	29
36	71	30
36	71	31
36	71	32
36	71	33
36	72	28
36	72	29
36	72	30
36	72	31
36	72	32
36	73	29
36	73	30
36	73	31
36	73	32
36	73	33
36	74	29
36	74	30
36	74	31
36	74	32
36	74	33
36	74	34
36	75	29
36	75	30
36	75	31
36	75	32
36	75	33
36	75	34
36	76	29
36	76	30
36	76	31
36	76	32
36	76	33
36	76	34
36	77	30
36	77	31
36	77	32
36	77	33
36	77	34
36	77	35
36	77	36
36	77	37
36	77	38
36	78	30
36	78	31
36	78	32
36	78	33
36	78	34
36	78	35
36	78	36
36	78	37
36	79	30
36	79	31
36	79	32
36	79	33
36	79	34
36	79	35
36	80	31
36	80	32
36	80	33
37	66	34
37	67	34
37	67	35
37	68	25
37	68	26
37	68	27
37	68	28
37	68	29
37	68	30
37	68	31
37	68	34
37	68	35
37	69	26
37	69	27
37	69	28
37	69	29
37	69	30
37	69	31
37	69	32
37	69	33
37	69	34
37	69	35
37	70	27
37	70	28
37	70	29
37	70	30
37	70	31
37	70	32
37	70	33
37	70	34
37	70	35
37	71	27
37	71	28
37	71	29
37	71	30
37	71	31
37	71	32
37	71	33
37	71	34
37	71	35
37	72	28
37	72	29
37	72	30
37	72	31
37	72	32
37	72	33
37	72	34
37	72	35
37	73	28
37	73	29
37	73	30
37	73	31
37	73	32
37	73	33
37	73	34
37	73	35
37	74	29
37	74	30
37	74	31
37	74	32
37	74	33
37	74	34
37	74	35
37	75	29
37	75	30
37	75	31
37	75	32
37	75	33
37	75	34
37	75	35
37	76	29
37	76	30
37	76	31
37	76	32
37	76	33
37	76	34
37	76	35
37	76	36
37	76	37
37	76	38
37	77	29
37	77	30
37	77	31
37	77	32
37	77	33
37	77	34
37	77	35
37	77	36
37	77	37
37	77	38
37	78	29
37	78	30
37	78	31
37	78	32
37	78	33
37	78	34
37	78	35
37	78	36
37	78	37
37	78	38
37	79	30
37	79	31
37	79	32
37	79	33
37	79	34
37	79	35
37	80	31
37	80	32
37	80	33
37	80	34
37	81	32
37	81	33
37	81	34
38	63	33
38	64	33
38	64	34
38	65	33
38	65	34
38	66	33
38	66	34
38	66	35
38	66	36
38	67	33
38	67	34
38	67	35
38	67	36
38	68	30
38	68	31
38	68	32
38	68	33
38	68	34
38	68	35
38	68	36
38	69	26
38	69	27
38	69	28
38	69	29
38	69	30
38	69	31
38	69	32
38	69	33
38	69	34
38	69	35
38	69	36
38	70	27
38	70	28
38	70	29
38	70	30
38	70	31
38	70	32
38	70	33
38	70	34
38	70	35
38	70	36
38	71	27
38	71	28
38	71	29
38	71	30
38	71	31
38	71	32
38	71	33
38	71	34
38	71	35
38	71	36
38	72	28
38	72	29
38	72	30
38	72	31
38	72	32
38	72	33
38	72	34
38	72	35
38	72	36
38	73	28
38	73	29
38	73	30
38	73	31
38	73	32
38	73	33
38	73	34
38	73	35
38	73	36
38	74	28
38	74	29
38	74	30
38	74	31
38	74	32
38	74	33
38	74	34
38	74	35
38	74	36
38	75	28
38	75	29
38	75	30
38	75	31
38	75	32
38	75	33
38	75	34
38	75	35
38	75	36
38	75	37
38	76	28
38	76	29
38	76	30
38	76	31
38	76	32
38	76	33
38	76	34
38	76	35
38	76	36
38	76	37
38	76	38
38	77	28
38	77	29
38	77	30
38	77	31
38	77	32
38	77	33
38	77	34
38	77	35
38	77	36
38	77	37
38	77	38
38	77	39
38	78	29
38	78	30
38	78	31
38	78	32
38	78	33
38	78	34
38	78	35
38	78	36
38	78	37
38	78	38
38	78	39
38	79	29
38	79	30
38	79	31
38	79	32
38	79	33
38	79	34
38	79	35
38	79	36
38	80	30
38	80	31
38	80	32
38	80	33
38	80	34
38	80	35
38	81	31
38	81	32
38	81	33
38	81	34
38	81	35
38	82	32
38	82	33
38	82	34
39	63	33
39	63	34
39	64	32
39	64	33
39	64	34
39	64	35
39	65	32
39	65	33
39	65	34
39	65	35
39	65	36
39	65	37
39	65	38
39	66	32
39	66	33
39	66	34
39	66	35
39	66	36
39	66	37
39	66	38
39	66	39
39	67	30
39	67	31
39	67	32
39	67	33
39	67	34
39	67	35
39	67	36
39	67	37
39	68	29
39	68	30
39	68	31
39	68	32
39	68	33
39	68	34
39	68	35
39	68	36
39	68	37
39	69	29
39	69	30
39	69	31
39	69	32
39	69	33
39	69	34
39	69	35
39	69	36
39	69	37
39	70	27
39	70	28
39	70	29
39	70	30
39	70	31
39	70	32
39	70	33
39	70	34
39	70	35
39	70	36
39	70	37
39	71	27
39	71	28
39	71	29
39	71	30
39	71	31
39	71	32
39	71	33
39	71	34
39	71	35
39	71	36
39	71	37
39	72	28
39	72	29
39	72	30
39	72	31
39	72	32
39	72	33
39	72	34
39	72	35
39	72	36
39	72	37
39	73	28
39	73	29
39	73	30
39	73	31
39	73	32
39	73	33
39	73	34
39	73	35
39	73	36
39	73	37
39	74	28
39	74	29
39	74	30
39	74	31
39	74	32
39	74	33
39	74	34
39	74	35
39	74	36
39	74	37
39	74	38
39	75	28
39	75	29
39	75	30
39	75	31
39	75	32
39	75	33
39	75	34
39	75	35
39	75	36
39	75	37
39	75	38
39	76	28
39	76	29
39	76	30
39	76	31
39	76	32
39	76	33
39	76	34
39	76	35
39	76	36
39	76	37
39	76	38
39	77	28
39	77	29
39	77	30
39	77	31
39	77	32
39	77	33
39	77	34
39	77	35
39	77	36
39	77	37
39	77	38
39	77	39
39	78	28
39	78	29
39	78	30
39	78	31
39	78	32
39	78	33
39	78	34
39	78	35
39	78	36
39	78	37
39	79	29
39	79	30
39	79	31
39	79	32
39	79	33
39	79	34
39	79	35
39	79	36
39	80	30
39	80	31
39	80	32
39	80	33
39	80	34
39	80	35
39	81	30
39	81	31
39	81	32
39	81	33
39	81	34
39	81	35
39	82	31
39	82	32
39	82	33
39	82	34
39	82	35
39	83	33
39	83	34
40	62	34
40	63	33
40	63	34
40	63	35
40	64	32
40	64	33
40	64	34
40	64	35
40	64	36
40	65	32
40	65	33
40	65	34
40	65	35
40	65	36
40	65	37
40	65	38
40	65	39
40	66	31
40	66	32
40	66	33
40	66	34
40	66	35
40	66	36
40	66	37
40	66	38
40	66	39
40	67	30
40	67	31
40	67	32
40	67	33
40	67	34
40	67	35
40	67	36
40	67	37
40	67	38
40	68	29
40	68	30
40	68	31
40	68	32
40	68	33
40	68	34
40	68	35
40	68	36
40	68	37
40	68	38
40	69	28
40	69	29
40	69	30
40	69	31
40	69	32
40	69	33
40	69	34
40	69	35
40	69	36
40	69	37
40	69	38
40	70	28
40	70	29
40	70	30
40	70	31
40	70	32
40	70	33
40	70	34
40	70	35
40	70	36
40	70	37
40	70	38
40	71	27
40	71	28
40	71	29
40	71	30
40	71	31
40	71	32
40	71	33
40	71	34
40	71	35
40	71	36
40	71	37
40	71	38
40	72	27
40	72	28
40	72	29
40	72	30
40	72	31
40	72	32
40	72	33
40	72	34
40	72	35
40	72	36
40	72	37
40	72	38
40	73	27
40	73	28
40	73	29
40	73	30
40	73	31
40	73	32
40	73	33
40	73	34
40	73	35
40	73	36
40	73	37
40	73	38
40	74	27
40	74	28
40	74	29
40	74	30
40	74	31
40	74	32
40	74	33
40	74	34
40	74	35
40	74	36
40	74	37
40	74	38
40	75	27
40	75	28
40	75	29
40	75	30
40	75	31
40	75	32
40	75	33
40	75	34
40	75	35
40	75	36
40	75	37
40	75	38
40	75	39
40	76	28
40	76	29
40	76	30
40	76	31
40	76	32
40	76	33
40	76	34
40	76	35
40	76	36
40	76	37
40	76	38
40	76	39
40	77	28
40	77	29
40	77	30
40	77	31
40	77	32
40	77	33
40	77	34
40	77	35
40	77	36
40	77	37
40	77	38
40	77	39
40	78	28
40	78	29
40	78	30
40	78	31
40	78	32
40	78	33
40	78	34
40	78	35
40	78	36
40	78	37
40	79	29
40	79	30
40	79	31
40	79	32
40	79	33
40	79	34
40	79	35
40	79	36
40	80	29
40	80	30
40	80	31
40	80	32
40	80	33
40	80	34
40	80	35
40	80	36
40	81	30
40	81	31
40	81	32
40	81	33
40	81	34
40	81	35
40	82	31
40	82	32
40	82	33
40	82	34
40	82	35
40	83	32
40	83	33
40	83	34
40	83	35
41	62	34
41	63	33
41	63	34
41	63	35
41	64	31
41	64	32
41	64	33
41	64	34
41	64	35
41	64	36
41	65	31
41	65	32
41	65	33
41	65	34
41	65	35
41	65	36
41	65	37
41	65	38
41	66	31
41	66	32
41	66	33
41	66	34
41	66	35
41	66	36
41	66	37
41	66	38
41	66	39
41	67	30
41	67	31
41	67	32
41	67	33
41	67	34
41	67	35
41	67	36
41	67	37
41	67	38
41	67	39
41	68	29
41	68	30
41	68	31
41	68	32
41	68	33
41	68	34
41	68	35
41	68	36
41	68	37
41	68	38
41	68	39
41	69	28
41	69	29
41	69	30
41	69	31
41	69	32
41	69	33
41	69	34
41	69	35
41	69	36
41	69	37
41	69	38
41	69	39
41	70	27
41	70	28
41	70	29
41	70	30
41	70	31
41	70	32
41	70	33
41	70	34
41	70	35
41	70	36
41	70	37
41	70	38
41	70	39
41	71	27
41	71	28
41	71	29
41	71	30
41	71	31
41	71	32
41	71	33
41	71	34
41	71	35
41	71	36
41	71	37
41	71	38
41	71	39
41	72	27
41	72	28
41	72	29
41	72	30
41	72	31
41	72	32
41	72	33
41	72	34
41	72	35
41	72	36
41	72	37
41	72	38
41	72	39
41	73	27
41	73	28
41	73	29
41	73	30
41	73	31
41	73	32
41	73	33
41	73	34
41	73	35
41	73	36
41	73	37
41	73	38
41	73	39
41	74	27
41	74	28
41	74	29
41	74	30
41	74	31
41	74	32
41	74	33
41	74	34
41	74	35
41	74	36
41	74	37
41	74	38
41	74	39
41	75	27
41	75	28
41	75	29
41	75	30
41	75	31
41	75	32
41	75	33
41	75	34
41	75	35
41	75	36
41	75	37
41	75	38
41	75	39
41	76	27
41	76	28
41	76	29
41	76	30
41	76	31
41	76	32
41	76	33
41	76	34
41	76	35
41	76	36
41	76	37
41	76	38
41	76	39
41	76	40
41	77	28
41	77	29
41	77	30
41	77	31
41	77	32
41	77	33
41	77	34
41	77	35
41	77	36
41	77	37
41	77	38
41	78	28
41	78	29
41	78	30
41	78	31
41	78	32
41	78	33
41	78	34
41	78	35
41	78	36
41	78	37
41	79	28
41	79	29
41	79	30
41	79	31
41	79	32
41	79	33
41	79	34
41	79	35
41	79	36
41	80	29
41	80	30
41	80	31
41	80	32
41	80	33
41	80	34
41	80	35
41	80	36
41	81	29
41	81	30
41	81	31
41	81	32
41	81	33
41	81	34
41	81	35
41	81	36
41	82	30
41	82	31
41	82	32
41	82	33
41	82	34
41	82	35
41	82	36
41	83	32
41	83	33
41	83	34
41	83	35
42	62	34
42	63	30
42	63	31
42	63	32
42	63	33
42	63	34
42	63	35
42	64	30
42	64	31
42	64	32
42	64	33
42	64	34
42	64	35
42	64	36
42	65	30
42	65	31
42	65	32
42	65	33
42	65	34
42	65	35
42	65	36
42	65	37
42	66	30
42	66	31
42	66	32
42	66	33
42	66	34
42	66	35
42	66	36
42	66	37
42	66	38
42	67	30
42	67	31
42	67	32
42	67	33
42	67	34
42	67	35
42	67	36
42	67	37
42	67	38
42	67	39
42	68	29
42	68	30
42	68	31
42	68	32
42	68	33
42	68	34
42	68	35
42	68	36
42	68	37
42	68	38
42	68	39
42	68	40
42	69	28
42	69	29
42	69	30
42	69	31
42	69	32
42	69	33
42	69	34
42	69	35
42	69	36
42	69	37
42	69	38
42	69	39
42	69	40
42	70	27
42	70	28
42	70	29
42	70	30
42	70	31
42	70	32
42	70	33
42	70	34
42	70	35
42	70	36
42	70	37
42	70	38
42	70	39
42	70	40
42	71	27
42	71	28
42	71	29
42	71	30
42	71	31
42	71	32
42	71	33
42	71	34
42	71	35
42	71	36
42	71	37
42	71	38
42	71	39
42	71	40
42	72	27
42	72	28
42	72	29
42	72	30
42	72	31
42	72	32
42	72	33
42	72	34
42	72	35
42	72	36
42	72	37
42	72	38
42	72	39
42	72	40
42	73	27
42	73	28
42	73	29
42	73	30
42	73	31
42	73	32
42	73	33
42	73	34
42	73	35
42	73	36
42	73	37
42	73	38
42	73	39
42	73	40
42	74	27
42	74	28
42	74	29
42	74	30
42	74	31
42	74	32
42	74	33
42	74	34
42	74	35
42	74	36
42	74	37
42	74	38
42	74	39
42	74	40
42	75	27
42	75	28
42	75	29
42	75	30
42	75	31
42	75	32
42	75	33
42	75	34
42	75	35
42	75	36
42	75	37
42	75	38
42	75	39
42	75	40
42	76	27
42	76	28
42	76	29
42	76	30
42	76	31
42	76	32
42	76	33
42	76	34
42	76	35
42	76	36
42	76	37
42	76	38
42	76	39
42	76	40
42	77	27
42	77	28
42	77	29
42	77	30
42	77	31
42	77	32
42	77	33
42	77	34
42	77	35
42	77	36
42	77	37
42	77	38
42	78	28
42	78	29
42	78	30
42	78	31
42	78	32
42	78	33
42	78	34
42	78	35
42	78	36
42	78	37
42	79	28
42	79	29
42	79	30
42	79	31
42	79	32
42	79	33
42	79	34
42	79	35
42	79	36
42	80	29
42	80	30
42	80	31
42	80	32
42	80	33
42	80	34
42	80	35
42	80	36
42	81	29
42	81	30
42	81	31
42	81	32
42	81	33
42	81	34
42	81	35
42	81	36
42	82	30
42	82	31
42	82	32
42	82	33
42	82	34
42	82	35
42	82	36
42	83	32
42	83	33
42	83	34
42	83	35
43	62	29
43	62	30
43	62	31
43	62	32
43	62	33
43	62	34
43	63	29
43	63	30
43	63	31
43	63	32
43	63	33
43	63	34
43	63	35
43	64	29
43	64	30
43	64	31
43	64	32
43	64	33
43	64	34
43	64	35
43	65	29
43	65	30
43	65	31
43	65	32
43	65	33
43	65	34
43	65	35
43	65	36
43	66	29
43	66	30
43	66	31
43	66	32
43	66	33
43	66	34
43	66	35
43	66	36
43	66	37
43	67	29
43	67	30
43	67	31
43	67	32
43	67	33
43	67	34
43	67	35
43	67	36
43	67	37
43	67	38
43	68	29
43	68	30
43	68	31
43	68	32
43	68	33
43	68	34
43	68	35
43	68	36
43	68	37
43	68	38
43	69	28
43	69	29
43	69	30
43	69	31
43	69	32
43	69	33
43	69	34
43	69	35
43	69	36
43	69	37
43	69	38
43	69	39
43	70	27
43	70	28
43	70	29
43	70	30
43	70	31
43	70	32
43	70	33
43	70	34
43	70	35
43	70	36
43	70	37
43	70	38
43	70	39
43	71	27
43	71	28
43	71	29
43	71	30
43	71	31
43	71	32
43	71	33
43	71	34
43	71	35
43	71	36
43	71	37
43	71	38
43	71	39
43	71	40
43	72	27
43	72	28
43	72	29
43	72	30
43	72	31
43	72	32
43	72	33
43	72	34
43	72	35
43	72	36
43	72	37
43	72	38
43	72	39
43	72	40
43	73	27
43	73	28
43	73	29
43	73	30
43	73	31
43	73	32
43	73	33
43	73	34
43	73	35
43	73	36
43	73	37
43	73	38
43	73	39
43	73	40
43	73	41
43	74	27
43	74	28
43	74	29
43	74	30
43	74	31
43	74	32
43	74	33
43	74	34
43	74	35
43	74	36
43	74	37
43	74	38
43	74	39
43	74	40
43	74	41
43	75	27
43	75	28
43	75	29
43	75	30
43	75	31
43	75	32
43	75	33
43	75	34
43	75	35
43	75	36
43	75	37
43	75	38
43	75	39
43	75	40
43	75	41
43	76	27
43	76	28
43	76	29
43	76	30
43	76	31
43	76	32
43	76	33
43	76	34
43	76	35
43	76	36
43	76	37
43	76	38
43	76	39
43	76	40
43	76	41
43	77	27
43	77	28
43	77	29
43	77	30
43	77	31
43	77	32
43	77	33
43	77	34
43	77	35
43	77	36
43	77	37
43	77	38
43	78	28
43	78	29
43	78	30
43	78	31
43	78	32
43	78	33
43	78	34
43	78	35
43	78	36
43	78	37
43	79	28
43	79	29
43	79	30
43	79	31
43	79	32
43	79	33
43	79	34
43	79	35
43	79	36
43	79	37
43	80	28
43	80	29
43	80	30
43	80	31
43	80	32
43	80	33
43	80	34
43	80	35
43	80	36
43	81	29
43	81	30
43	81	31
43	81	32
43	81	33
43	81	34
43	81	35
43	81	36
43	82	30
43	82	31
43	82	32
43	82	33
43	82	34
43	82	35
43	82	36
43	83	32
43	83	33
43	83	34
43	83	35
44	62	28
44	62	29
44	62	30
44	62	31
44	62	32
44	62	33
44	63	28
44	63	29
44	63	30
44	63	31
44	63	32
44	63	33
44	63	34
44	64	28
44	64	29
44	64	30
44	64	31
44	64	32
44	64	33
44	64	34
44	64	35
44	65	28
44	65	29
44	65	30
44	65	31
44	65	32
44	65	33
44	65	34
44	65	35
44	65	36
44	66	28
44	66	29
44	66	30
44	66	31
44	66	32
44	66	33
44	66	34
44	66	35
44	66	36
44	67	28
44	67	29
44	67	30
44	67	31
44	67	32
44	67	33
44	67	34
44	67	35
44	67	36
44	67	37
44	68	28
44	68	29
44	68	30
44	68	31
44	68	32
44	68	33
44	68	34
44	68	35
44	68	36
44	68	37
44	68	38
44	69	28
44	69	29
44	69	30
44	69	31
44	69	32
44	69	33
44	69	34
44	69	35
44	69	36
44	69	37
44	69	38
44	70	27
44	70	28
44	70	29
44	70	30
44	70	31
44	70	32
44	70	33
44	70	34
44	70	35
44	70	36
44	70	37
44	70	38
44	70	39
44	71	27
44	71	28
44	71	29
44	71	30
44	71	31
44	71	32
44	71	33
44	71	34
44	71	35
44	71	36
44	71	37
44	71	38
44	71	39
44	72	27
44	72	28
44	72	29
44	72	30
44	72	31
44	72	32
44	72	33
44	72	34
44	72	35
44	72	36
44	72	37
44	72	38
44	72	39
44	72	40
44	73	27
44	73	28
44	73	29
44	73	30
44	73	31
44	73	32
44	73	33
44	73	34
44	73	35
44	73	36
44	73	37
44	73	38
44	73	39
44	73	40
44	74	27
44	74	28
44	74	29
44	74	30
44	74	31
44	74	32
44	74	33
44	74	34
44	74	35
44	74	36
44	74	37
44	74	38
44	74	39
44	74	40
44	75	27
44	75	28
44	75	29
44	75	30
44	75	31
44	75	32
44	75	33
44	75	34
44	75	35
44	75	36
44	75	37
44	75	38
44	75	39
44	75	40
44	76	27
44	76	28
44	76	29
44	76	30
44	76	31
44	76	32
44	76	33
44	76	34
44	76	35
44	76	36
44	76	37
44	76	38
44	76	39
44	77	27
44	77	28
44	77	29
44	77	30
44	77	31
44	77	32
44	77	33
44	77	34
44	77	35
44	77	36
44	77	37
44	77	38
44	78	28
44	78	29
44	78	30
44	78	31
44	78	32
44	78	33
44	78	34
44	78	35
44	78	36
44	78	37
44	79	28
44	79	29
44	79	30
44	79	31
44	79	32
44	79	33
44	79	34
44	79	35
44	79	36
44	79	37
44	80	28
44	80	29
44	80	30
44	80	31
44	80	32
44	80	33
44	80	34
44	80	35
44	80	36
44	81	29
44	81	30
44	81	31
44	81	32
44	81	33
44	81	34
44	81	35
44	81	36
44	82	30
44	82	31
44	82	32
44	82	33
44	82	34
44	82	35
44	82	36
44	83	33
44	83	34
45	63	30
45	63	31
45	63	32
45	64	28
45	64	29
45	64	30
45	64	31
45	64	32
45	64	33
45	64	34
45	65	27
45	65	28
45	65	29
45	65	30
45	65	31
45	65	32
45	65	33
45	65	34
45	65	35
45	66	27
45	66	28
45	66	29
45	66	30
45	66	31
45	66	32
45	66	33
45	66	34
45	66	35
45	66	36
45	67	27
45	67	28
45	67	29
45	67	30
45	67	31
45	67	32
45	67	33
45	67	34
45	67	35
45	67	36
45	68	27
45	68	28
45	68	29
45	68	30
45	68	31
45	68	32
45	68	33
45	68	34
45	68	35
45	68	36
45	68	37
45	69	27
45	69	28
45	69	29
45	69	30
45	69	31
45	69	32
45	69	33
45	69	34
45	69	35
45	69	36
45	69	37
45	70	27
45	70	28
45	70	29
45	70	30
45	70	31
45	70	32
45	70	33
45	70	34
45	70	35
45	70	36
45	70	37
45	70	38
45	71	27
45	71	28
45	71	29
45	71	30
45	71	31
45	71	32
45	71	33
45	71	34
45	71	35
45	71	36
45	71	37
45	71	38
45	71	39
45	72	27
45	72	28
45	72	29
45	72	30
45	72	31
45	72	32
45	72	33
45	72	34
45	72	35
45	72	36
45	72	37
45	72	38
45	72	39
45	73	27
45	73	28
45	73	29
45	73	30
45	73	31
45	73	32
45	73	33
45	73	34
45	73	35
45	73	36
45	73	37
45	73	38
45	73	39
45	73	40
45	74	27
45	74	28
45	74	29
45	74	30
45	74	31
45	74	32
45	74	33
45	74	34
45	74	35
45	74	36
45	74	37
45	74	38
45	74	39
45	74	40
45	75	27
45	75	28
45	75	29
45	75	30
45	75	31
45	75	32
45	75	33
45	75	34
45	75	35
45	75	36
45	75	37
45	75	38
45	75	39
45	75	40
45	76	28
45	76	29
45	76	30
45	76	31
45	76	32
45	76	33
45	76	34
45	76	35
45	76	36
45	76	37
45	76	38
45	76	39
45	77	28
45	77	29
45	77	30
45	77	31
45	77	32
45	77	33
45	77	34
45	77	35
45	77	36
45	77	37
45	77	38
45	78	28
45	78	29
45	78	30
45	78	31
45	78	32
45	78	33
45	78	34
45	78	35
45	78	36
45	78	37
45	79	28
45	79	29
45	79	30
45	79	31
45	79	32
45	79	33
45	79	34
45	79	35
45	79	36
45	79	37
45	80	28
45	80	29
45	80	30
45	80	31
45	80	32
45	80	33
45	80	34
45	80	35
45	80	36
45	81	29
45	81	30
45	81	32
45	81	33
45	81	34
45	81	35
45	81	36
45	82	33
45	82	34
45	82	35
45	82	36
45	83	33
45	83	34
45	84	33
46	65	29
46	65	30
46	65	31
46	65	32
46	65	33
46	66	28
46	66	29
46	66	30
46	66	31
46	66	32
46	66	33
46	66	34
46	67	28
46	67	29
46	67	30
46	67	31
46	67	32
46	67	33
46	67	34
46	67	35
46	68	28
46	68	29
46	68	30
46	68	31
46	68	32
46	68	33
46	68	34
46	68	35
46	68	36
46	69	28
46	69	29
46	69	30
46	69	31
46	69	32
46	69	33
46	69	34
46	69	35
46	69	36
46	69	37
46	70	28
46	70	29
46	70	30
46	70	31
46	70	32
46	70	33
46	70	34
46	70	35
46	70	36
46	70	37
46	70	38
46	70	39
46	71	28
46	71	29
46	71	30
46	71	31
46	71	32
46	71	33
46	71	34
46	71	35
46	71	36
46	71	37
46	71	38
46	72	28
46	72	29
46	72	30
46	72	31
46	72	32
46	72	33
46	72	34
46	72	35
46	72	36
46	72	37
46	72	38
46	72	39
46	73	28
46	73	29
46	73	30
46	73	31
46	73	32
46	73	33
46	73	34
46	73	35
46	73	36
46	73	37
46	73	38
46	73	39
46	74	28
46	74	29
46	74	30
46	74	31
46	74	32
46	74	33
46	74	34
46	74	35
46	74	36
46	74	37
46	74	38
46	74	39
46	75	28
46	75	29
46	75	30
46	75	31
46	75	32
46	75	33
46	75	34
46	75	35
46	75	36
46	75	37
46	75	38
46	75	39
46	76	28
46	76	29
46	76	30
46	76	31
46	76	32
46	76	33
46	76	34
46	76	35
46	76	36
46	76	37
46	76	38
46	77	28
46	77	29
46	77	30
46	77	31
46	77	32
46	77	33
46	77	34
46	77	35
46	77	36
46	77	37
46	77	38
46	78	28
46	78	29
46	78	30
46	78	31
46	78	32
46	78	33
46	78	34
46	78	35
46	78	36
46	78	37
46	79	28
46	79	29
46	79	30
46	79	31
46	79	32
46	79	33
46	79	34
46	79	35
46	79	36
46	79	37
46	80	32
46	80	33
46	80	34
46	80	35
46	80	36
46	80	37
46	81	33
46	81	34
46	81	35
46	81	36
46	81	37
46	82	33
46	82	34
46	82	35
46	82	36
46	83	33
46	83	34
46	83	35
46	84	31
46	84	32
46	84	33
46	84	34
46	85	32
46	85	33
46	85	34
46	86	33
46	86	34
46	87	34
47	66	30
47	66	31
47	67	29
47	67	30
47	67	31
47	67	32
47	67	33
47	68	29
47	68	30
47	68	31
47	68	32
47	68	33
47	68	34
47	68	35
47	69	29
47	69	30
47	69	31
47	69	32
47	69	33
47	69	34
47	69	35
47	69	36
47	70	29
47	70	30
47	70	31
47	70	32
47	70	33
47	70	34
47	70	35
47	70	36
47	70	37
47	71	29
47	71	30
47	71	31
47	71	32
47	71	33
47	71	34
47	71	35
47	71	36
47	71	37
47	71	38
47	72	28
47	72	29
47	72	30
47	72	31
47	72	32
47	72	33
47	72	34
47	72	35
47	72	36
47	72	37
47	72	38
47	73	28
47	73	29
47	73	30
47	73	31
47	73	32
47	73	33
47	73	34
47	73	35
47	73	36
47	73	37
47	73	38
47	73	39
47	74	28
47	74	29
47	74	30
47	74	31
47	74	32
47	74	33
47	74	34
47	74	35
47	74	36
47	74	37
47	74	38
47	74	39
47	75	28
47	75	29
47	75	30
47	75	31
47	75	32
47	75	33
47	75	34
47	75	35
47	75	36
47	75	37
47	75	38
47	75	39
47	76	29
47	76	30
47	76	31
47	76	32
47	76	33
47	76	34
47	76	35
47	76	36
47	76	37
47	76	38
47	77	29
47	77	30
47	77	31
47	77	32
47	77	33
47	77	34
47	77	35
47	77	36
47	77	37
47	77	38
47	78	30
47	78	31
47	78	32
47	78	33
47	78	34
47	78	35
47	78	36
47	78	37
47	79	31
47	79	32
47	79	33
47	79	34
47	79	35
47	79	36
47	79	37
47	80	32
47	80	33
47	80	34
47	80	35
47	80	36
47	80	37
47	81	33
47	81	34
47	81	35
47	81	36
47	81	37
47	82	33
47	82	34
47	82	35
47	82	36
47	82	37
47	83	31
47	83	32
47	83	33
47	83	34
47	83	35
47	83	36
47	83	37
47	84	31
47	84	32
47	84	33
47	84	34
47	84	35
47	85	31
47	85	32
47	85	33
47	85	34
47	85	35
47	85	36
47	86	32
47	86	33
47	86	34
47	86	35
47	87	33
47	87	34
47	87	35
47	88	34
48	69	30
48	69	31
48	69	32
48	69	33
48	69	34
48	70	30
48	70	31
48	70	32
48	70	33
48	70	34
48	70	35
48	70	36
48	71	29
48	71	30
48	71	31
48	71	32
48	71	33
48	71	34
48	71	35
48	71	36
48	71	37
48	72	29
48	72	30
48	72	31
48	72	32
48	72	33
48	72	34
48	72	35
48	72	36
48	72	37
48	72	38
48	73	29
48	73	30
48	73	31
48	73	32
48	73	33
48	73	34
48	73	35
48	73	36
48	73	37
48	73	38
48	74	29
48	74	30
48	74	31
48	74	32
48	74	33
48	74	34
48	74	35
48	74	36
48	74	37
48	74	38
48	75	29
48	75	30
48	75	31
48	75	32
48	75	33
48	75	34
48	75	35
48	75	36
48	75	37
48	75	38
48	76	30
48	76	31
48	76	32
48	76	33
48	76	34
48	76	35
48	76	36
48	76	37
48	76	38
48	77	30
48	77	31
48	77	32
48	77	33
48	77	34
48	77	35
48	77	36
48	77	37
48	77	38
48	78	31
48	78	32
48	78	33
48	78	34
48	78	35
48	78	36
48	78	37
48	79	32
48	79	33
48	79	34
48	79	35
48	79	36
48	79	37
48	80	32
48	80	33
48	80	34
48	80	35
48	80	36
48	80	37
48	81	32
48	81	33
48	81	34
48	81	35
48	81	36
48	81	37
48	82	31
48	82	32
48	82	33
48	82	34
48	82	35
48	82	36
48	82	37
48	82	38
48	83	30
48	83	31
48	83	32
48	83	33
48	83	34
48	83	35
48	83	36
48	83	37
48	84	30
48	84	31
48	84	32
48	84	33
48	84	34
48	84	35
48	84	36
48	85	31
48	85	32
48	85	33
48	85	34
48	85	35
48	85	36
48	86	32
48	86	33
48	86	34
48	86	35
48	86	36
48	87	33
48	87	34
48	87	35
48	88	34
49	71	32
49	71	33
49	71	34
49	71	35
49	71	36
49	72	32
49	72	33
49	72	34
49	72	35
49	72	36
49	72	37
49	73	32
49	73	33
49	73	34
49	73	35
49	73	36
49	73	37
49	73	38
49	74	32
49	74	33
49	74	34
49	74	35
49	74	36
49	74	37
49	74	38
49	75	31
49	75	32
49	75	33
49	75	34
49	75	35
49	75	36
49	75	37
49	75	38
49	76	31
49	76	32
49	76	33
49	76	34
49	76	35
49	76	36
49	76	37
49	76	38
49	77	31
49	77	32
49	77	33
49	77	34
49	77	35
49	77	36
49	77	37
49	78	31
49	78	32
49	78	33
49	78	34
49	78	35
49	78	36
49	78	37
49	79	31
49	79	32
49	79	33
49	79	34
49	79	35
49	79	36
49	79	37
49	80	31
49	80	32
49	80	33
49	80	34
49	80	35
49	80	36
49	80	37
49	81	31
49	81	32
49	81	33
49	81	34
49	81	35
49	81	36
49	81	37
49	82	30
49	82	31
49	82	32
49	82	33
49	82	34
49	82	35
49	82	36
49	82	37
49	82	38
49	83	30
49	83	31
49	83	32
49	83	33
49	83	34
49	83	35
49	83	36
49	83	37
49	84	30
49	84	31
49	84	32
49	84	33
49	84	34
49	84	35
49	84	36
49	85	31
49	85	32
49	85	33
49	85	34
49	85	35
49	85	36
49	86	32
49	86	33
49	86	34
49	86	35
49	86	36
49	87	33
49	87	34
49	87	35
49	88	34
50	77	33
50	77	34
50	77	35
50	78	31
50	78	32
50	78	33
50	78	34
50	78	35
50	78	36
50	79	31
50	79	32
50	79	33
50	79	34
50	79	35
50	79	36
50	80	31
50	80	32
50	80	33
50	80	34
50	80	35
50	80	36
50	81	30
50	81	31
50	81	32
50	81	33
50	81	34
50	81	35
50	81	36
50	81	37
50	82	30
50	82	31
50	82	32
50	82	33
50	82	34
50	82	35
50	82	36
50	82	37
50	82	38
50	83	30
50	83	31
50	83	32
50	83	33
50	83	34
50	83	35
50	83	36
50	83	37
50	84	30
50	84	31
50	84	32
50	84	33
50	84	34
50	84	35
50	84	36
50	85	31
50	85	32
50	85	33
50	85	34
50	85	35
50	85	36
50	86	33
50	86	34
50	86	35
50	86	36
50	87	35
51	78	32
51	78	33
51	78	34
51	79	30
51	79	31
51	79	32
51	79	33
51	79	34
51	79	35
51	79	36
51	80	30
51	80	31
51	80	32
51	80	33
51	80	34
51	80	35
51	80	36
51	81	30
51	81	31
51	81	32
51	81	33
51	81	34
51	81	35
51	81	36
51	82	30
51	82	31
51	82	32
51	82	33
51	82	34
51	82	35
51	82	36
51	82	37
51	83	30
51	83	31
51	83	32
51	83	33
51	83	34
51	83	35
51	83	36
51	83	37
51	84	31
51	84	32
51	84	33
51	84	34
51	84	35
51	84	36
51	85	32
51	85	33
51	85	34
51	85	35
51	85	36
52	79	30
52	79	31
52	79	32
52	79	33
52	79	34
52	79	35
52	80	29
52	80	30
52	80	31
52	80	32
52	80	33
52	80	34
52	80	35
52	80	36
52	81	29
52	81	30
52	81	31
52	81	32
52	81	33
52	81	34
52	81	35
52	81	36
52	82	30
52	82	31
52	82	32
52	82	33
52	82	34
52	82	35
52	82	36
52	83	30
52	83	31
52	83	32
52	83	33
52	83	34
52	83	35
52	83	36
52	84	31
52	84	32
52	84	33
52	84	34
52	84	35
53	79	31
53	79	32
53	80	30
53	80	31
53	80	32
53	80	33
53	80	34
53	80	35
53	81	30
53	81	31
53	81	32
53	81	33
53	81	34
53	81	35
53	81	36
53	82	30
53	82	31
53	82	32
53	82	33
53	82	34
53	82	35
53	83	30
53	83	31
53	83	32
53	83	33
53	83	34
53	83	35
53	84	30
53	84	31
53	84	32
54	80	32
54	81	30
54	81	31
54	81	32
54	81	33
54	81	34
54	82	30
54	82	31
54	82	32
54	82	33
54	82	34
54	82	35
54	83	30
54	83	31
54	83	32
54	83	33
