#i	j	k
104	114	89
104	121	96
104	121	97
104	121	98
104	121	99
104	121	100
104	121	101
104	121	102
105	115	90
105	118	91
105	120	96
105	120	97
105	120	98
105	120	99
105	120	100
105	120	101
105	120	102
105	121	96
105	121	97
105	121	98
105	121	99
105	121	100
105	121	101
105	121	102
105	121	103
105	122	97
105	122	98
105	122	99
105	122	100
105	122	101
106	108	87
106	108	88
106	109	88
106	110	88
106	111	88
106	112	88
106	116	91
106	117	92
106	118	94
106	118	95
106	119	96
106	119	97
106	119	98
106	119	99
106	119	100
106	119	101
106	120	96
106	120	97
106	120	98
106	120	99
106	120	100
106	120	101
106	120	102
106	121	95
106	121	96
106	121	97
106	121	98
106	121	99
106	121	100
106	121	101
106	121	102
106	121	103
106	122	96
106	122	97
106	122	98
106	122	99
106	122	100
106	122	101
106	122	102
106	122	103
106	123	97
106	123	98
106	123	99
106	123	100
106	123	101
106	123	102
106	124	98
106	124	99
106	124	100
106	124	101
107	108	87
107	108	88
107	109	88
107	109	89
107	110	88
107	110	89
107	111	88
107	111	89
107	112	88
107	112	89
107	113	89
107	115	91
107	115	92
107	116	91
107	116	92
107	116	93
107	117	92
107	117	93
107	117	94
107	117	95
107	117	96
107	118	93
107	118	94
107	118	95
107	118	96
107	118	97
107	118	98
107	118	99
107	118	100
107	119	94
107	119	96
107	119	97
107	119	98
107	119	99
107	119	100
107	119	101
107	120	95
107	120	96
107	120	97
107	120	98
107	120	99
107	120	100
107	120	101
107	120	102
107	121	96
107	121	97
107	121	98
107	121	99
107	121	100
107	121	101
107	121	102
107	121	103
107	122	96
107	122	97
107	122	98
107	122	99
107	122	100
107	122	101
107	122	102
107	122	103
107	122	104
107	123	98
107	123	99
107	123	100
107	123	101
107	123	102
107	123	103
107	124	103
108	108	87
108	108	88
108	109	88
108	109	89
108	110	88
108	110	89
108	110	90
108	111	89
108	111	90
108	112	89
108	112	90
108	113	89
108	113	90
108	114	90
108	114	91
108	114	92
108	114	93
108	115	91
108	115	92
108	115	93
108	115	94
108	116	91
108	116	92
108	116	93
108	116	94
108	116	95
108	116	96
108	116	97
108	117	92
108	117	93
108	117	94
108	117	95
108	117	96
108	117	97
108	117	98
108	117	99
108	118	93
108	118	94
108	118	95
108	118	96
108	118	97
108	118	98
108	118	99
108	118	100
108	119	94
108	119	95
108	119	96
108	119	97
108	119	98
108	119	99
108	119	100
108	119	101
108	120	95
108	120	96
108	120	97
108	120	98
108	120	99
108	120	100
108	120	101
108	120	102
108	121	96
108	121	97
108	121	98
108	121	99
108	121	100
108	121	101
108	121	102
108	121	103
108	122	97
108	122	98
108	122	99
108	122	100
108	122	101
108	122	102
108	122	103
108	122	104
108	123	99
108	123	100
108	123	101
108	123	102
108	123	103
108	123	104
108	124	104
109	108	88
109	109	88
109	109	89
109	110	88
109	110	89
109	110	90
109	111	89
109	111	90
109	111	91
109	112	89
109	112	90
109	112	91
109	113	89
109	113	90
109	113	91
109	113	92
109	113	93
109	113	94
109	114	90
109	114	91
109	114	92
109	114	93
109	114	94
109	114	95
109	115	91
109	115	92
109	115	93
109	115	94
109	115	95
109	115	96
109	115	97
109	116	91
109	116	92
109	116	93
109	116	94
109	116	95
109	116	96
109	116	97
109	116	98
109	117	92
109	117	93
109	117	94
109	117	95
109	117	96
109	117	97
109	117	98
109	117	99
109	118	93
109	118	94
109	118	95
109	118	96
109	118	97
109	118	98
109	118	99
109	118	100
109	119	94
109	119	95
109	119	96
109	119	97
109	119	98
109	119	99
109	119	100
109	119	101
109	120	95
109	120	96
109	120	97
109	120	98
109	120	99
109	120	100
109	120	101
109	120	102
109	121	97
109	121	98
109	121	99
109	121	100
109	121	101
109	121	102
109	121	103
109	122	98
109	122	99
109	122	100
109	122	101
109	122	102
109	122	103
109	122	104
109	123	101
109	123	102
109	123	103
109	123	104
109	124	104
110	107	87
110	108	88
110	109	88
110	109	89
110	110	89
110	110	90
110	110	91
110	111	89
110	111	90
110	111	91
110	111	92
110	111	93
110	112	89
110	112	90
110	112	91
110	112	92
110	112	93
110	112	94
110	112	95
110	113	89
110	113	90
110	113	91
110	113	92
110	113	93
110	113	94
110	113	95
110	113	96
110	114	90
110	114	91
110	114	92
110	114	93
110	114	94
110	114	95
110	114	96
110	114	97
110	115	90
110	115	91
110	115	92
110	115	93
110	115	94
110	115	95
110	115	96
110	115	97
110	116	91
110	116	92
110	116	93
110	116	94
110	116	95
110	116	96
110	116	97
110	116	98
110	117	92
110	117	93
110	117	94
110	117	95
110	117	96
110	117	97
110	117	98
110	117	99
110	118	93
110	118	94
110	118	95
110	118	96
110	118	97
110	118	98
110	118	99
110	118	100
110	119	94
110	119	95
110	119	96
110	119	97
110	119	98
110	119	99
110	119	100
110	119	101
110	120	96
110	120	97
110	120	98
110	120	99
110	120	100
110	120	101
110	120	102
110	121	97
110	121	98
110	121	99
110	121	100
110	121	101
110	121	102
110	121	103
110	122	99
110	122	100
110	122	101
110	122	102
110	122	103
110	122	104
110	123	101
110	123	102
110	123	103
111	108	88
111	109	89
111	109	90
111	110	89
111	110	90
111	110	91
111	110	92
111	111	89
111	111	90
111	111	91
111	111	92
111	111	93
111	111	94
111	111	95
111	111	96
111	112	89
111	112	90
111	112	91
111	112	92
111	112	93
111	112	94
111	112	95
111	112	96
111	112	97
111	113	89
111	113	90
111	113	91
111	113	92
111	113	93
111	113	94
111	113	95
111	113	96
111	113	97
111	113	98
111	114	89
111	114	90
111	114	91
111	114	92
111	114	93
111	114	94
111	114	95
111	114	96
111	114	97
111	114	98
111	115	90
111	115	91
111	115	92
111	115	93
111	115	94
111	115	95
111	115	96
111	115	97
111	115	98
111	116	91
111	116	92
111	116	93
111	116	94
111	116	95
111	116	96
111	116	97
111	116	98
111	116	99
111	117	92
111	117	93
111	117	94
111	117	95
111	117	96
111	117	97
111	117	98
111	117	99
111	118	93
111	118	94
111	118	95
111	118	96
111	118	97
111	118	98
111	118	99
111	118	100
111	119	95
111	119	96
111	119	97
111	119	98
111	119	99
111	119	100
111	119	101
111	120	96
111	120	97
111	120	98
111	120	99
111	120	100
111	120	101
111	120	102
111	121	98
111	121	99
111	121	100
111	121	101
111	121	102
111	121	103
111	122	100
111	122	101
111	122	102
111	122	103
111	123	101
112	108	89
112	109	89
112	109	90
112	109	91
112	110	89
112	110	90
112	110	91
112	110	92
112	110	93
112	110	94
112	110	95
112	110	96
112	110	97
112	111	89
112	111	90
112	111	91
112	111	92
112	111	93
112	111	94
112	111	95
112	111	96
112	111	97
112	111	98
112	112	89
112	112	90
112	112	91
112	112	92
112	112	93
112	112	94
112	112	95
112	112	96
112	112	97
112	112	98
112	112	99
112	113	89
112	113	90
112	113	91
112	113	92
112	113	93
112	113	94
112	113	95
112	113	96
112	113	97
112	113	98
112	113	99
112	114	89
112	114	90
112	114	91
112	114	92
112	114	93
112	114	94
112	114	95
112	114	96
112	114	97
112	114	98
112	114	99
112	115	90
112	115	91
112	115	92
112	115	93
112	115	94
112	115	95
112	115	96
112	115	97
112	115	98
112	115	99
112	116	91
112	116	92
112	116	93
112	116	94
112	116	95
112	116	96
112	116	97
112	116	98
112	116	99
112	117	92
112	117	93
112	117	94
112	117	95
112	117	96
112	117	97
112	117	98
112	117	99
112	117	100
112	118	94
112	118	95
112	118	96
112	118	97
112	118	98
112	118	99
112	118	100
112	119	95
112	119	96
112	119	97
112	119	98
112	119	99
112	120	97
112	120	98
112	120	99
112	120	100
112	121	99
112	121	100
112	121	101
112	121	102
112	121	103
112	122	99
112	122	100
112	122	101
112	122	102
112	123	101
113	107	88
113	108	89
113	108	90
113	109	90
113	109	91
113	109	92
113	109	93
113	109	94
113	109	95
113	109	96
113	109	97
113	110	90
113	110	91
113	110	92
113	110	93
113	110	94
113	110	95
113	110	96
113	110	97
113	110	98
113	111	89
113	111	90
113	111	91
113	111	92
113	111	93
113	111	94
113	111	95
113	111	96
113	111	97
113	111	98
113	111	99
113	111	100
113	112	89
113	112	90
113	112	91
113	112	92
113	112	93
113	112	94
113	112	95
113	112	96
113	112	97
113	112	98
113	112	99
113	112	100
113	113	89
113	113	90
113	113	91
113	113	92
113	113	93
113	113	94
113	113	95
113	113	96
113	113	97
113	113	98
113	113	99
113	113	100
113	114	89
113	114	90
113	114	91
113	114	92
113	114	93
113	114	94
113	114	95
113	114	96
113	114	97
113	114	98
113	114	99
113	114	100
113	115	90
113	115	91
113	115	92
113	115	93
113	115	94
113	115	95
113	115	96
113	115	97
113	115	98
113	115	99
113	115	100
113	116	91
113	116	92
113	116	93
113	116	94
113	116	95
113	116	96
113	116	97
113	116	98
113	116	99
113	116	100
113	117	93
113	117	94
113	117	95
113	117	96
113	117	97
113	117	98
113	117	99
113	117	100
113	118	94
113	118	95
113	118	96
113	118	97
113	118	98
113	118	99
113	118	100
113	119	96
113	119	97
113	119	98
113	119	99
113	119	100
113	120	98
113	120	99
113	121	98
113	121	99
113	121	100
113	121	101
113	122	99
113	122	100
113	122	101
114	107	89
114	108	90
114	108	91
114	108	92
114	108	93
114	108	94
114	108	95
114	108	96
114	109	91
114	109	92
114	109	93
114	109	94
114	109	95
114	109	96
114	110	91
114	110	92
114	110	93
114	110	94
114	110	95
114	110	96
114	110	97
114	111	90
114	111	91
114	111	92
114	111	93
114	111	94
114	111	95
114	111	96
114	111	97
114	111	98
114	112	90
114	112	91
114	112	92
114	112	93
114	112	94
114	112	95
114	112	96
114	112	97
114	112	98
114	112	99
114	112	100
114	112	101
114	113	90
114	113	91
114	113	92
114	113	93
114	113	94
114	113	95
114	113	96
114	113	97
114	113	98
114	113	99
114	113	100
114	113	101
114	114	90
114	114	91
114	114	92
114	114	93
114	114	94
114	114	95
114	114	96
114	114	97
114	114	98
114	114	99
114	114	100
114	114	101
114	115	90
114	115	91
114	115	92
114	115	93
114	115	94
114	115	95
114	115	96
114	115	97
114	115	98
114	115	99
114	115	100
114	115	101
114	116	91
114	116	92
114	116	93
114	116	94
114	116	95
114	116	96
114	116	97
114	116	98
114	116	99
114	116	100
114	116	101
114	117	93
114	117	94
114	117	95
114	117	96
114	117	97
114	117	98
114	117	99
114	117	100
114	117	101
114	118	94
114	118	95
114	118	96
114	118	97
114	118	98
114	118	99
114	118	100
114	118	101
114	119	97
114	119	98
114	119	99
114	119	100
114	119	101
114	120	97
114	120	98
114	120	99
114	120	100
114	120	101
114	121	97
114	121	98
114	121	99
114	121	100
114	121	101
114	121	102
114	122	97
114	122	98
114	122	99
114	122	100
114	122	101
115	107	90
115	107	91
115	107	92
115	107	93
115	107	94
115	107	95
115	108	90
115	108	91
115	108	92
115	108	93
115	108	94
115	108	95
115	108	96
115	109	91
115	109	92
115	109	93
115	109	94
115	109	95
115	109	96
115	110	93
115	110	94
115	110	95
115	110	96
115	111	92
115	111	93
115	111	94
115	111	95
115	111	96
115	111	97
115	111	98
115	112	91
115	112	92
115	112	93
115	112	94
115	112	95
115	112	96
115	112	97
115	112	98
115	112	99
115	112	100
115	112	101
115	113	91
115	113	92
115	113	93
115	113	94
115	113	95
115	113	96
115	113	97
115	113	98
115	113	99
115	113	100
115	113	101
115	113	102
115	114	91
115	114	92
115	114	93
115	114	94
115	114	95
115	114	96
115	114	97
115	114	98
115	114	99
115	114	100
115	114	101
115	114	102
115	115	91
115	115	92
115	115	93
115	115	94
115	115	95
115	115	96
115	115	97
115	115	98
115	115	99
115	115	100
115	115	101
115	115	102
115	116	91
115	116	92
115	116	93
115	116	94
115	116	95
115	116	96
115	116	97
115	116	98
115	116	99
115	116	100
115	116	101
115	116	102
115	117	93
115	117	94
115	117	95
115	117	96
115	117	97
115	117	98
115	117	99
115	117	100
115	117	101
115	117	102
115	118	95
115	118	96
115	118	97
115	118	98
115	118	99
115	118	100
115	118	101
115	118	102
115	119	95
115	119	96
115	119	97
115	119	98
115	119	99
115	119	100
115	119	101
115	120	96
115	120	97
115	120	98
115	120	99
115	120	100
115	120	101
115	121	96
115	121	97
115	121	98
115	121	99
115	121	100
115	121	101
116	106	93
116	107	91
116	107	92
116	107	93
116	107	94
116	107	95
116	108	90
116	108	91
116	108	92
116	108	93
116	108	94
116	108	95
116	108	96
116	109	94
116	109	95
116	109	96
116	110	93
116	110	94
116	110	95
116	110	96
116	110	97
116	111	93
116	111	94
116	111	95
116	111	96
116	111	97
116	111	98
116	112	92
116	112	93
116	112	94
116	112	95
116	112	96
116	112	97
116	112	98
116	112	99
116	112	100
116	112	101
116	113	92
116	113	93
116	113	94
116	113	95
116	113	96
116	113	97
116	113	98
116	113	99
116	113	100
116	113	101
116	113	102
116	114	92
116	114	93
116	114	94
116	114	95
116	114	96
116	114	97
116	114	98
116	114	99
116	114	100
116	114	101
116	114	102
116	114	103
116	115	92
116	115	93
116	115	94
116	115	95
116	115	96
116	115	97
116	115	98
116	115	99
116	115	100
116	115	101
116	116	93
116	116	94
116	116	95
116	116	96
116	116	97
116	116	98
116	116	99
116	116	100
116	116	101
116	117	93
116	117	94
116	117	95
116	117	96
116	117	97
116	117	98
116	117	99
116	117	100
116	117	101
116	118	94
116	118	95
116	118	96
116	118	97
116	118	98
116	118	99
116	118	100
116	118	101
116	119	95
116	119	96
116	119	97
116	119	98
116	119	99
116	119	100
116	120	96
116	120	97
116	120	98
116	120	99
116	120	100
117	107	94
117	107	95
117	108	95
117	108	96
117	109	94
117	109	95
117	109	96
117	109	97
117	110	94
117	110	95
117	110	96
117	110	97
117	111	93
117	111	94
117	111	95
117	111	96
117	111	97
117	111	98
117	111	99
117	111	100
117	112	93
117	112	94
117	112	95
117	112	96
117	112	97
117	112	98
117	112	99
117	112	100
117	112	101
117	112	102
117	113	93
117	113	94
117	113	95
117	113	96
117	113	97
117	113	98
117	113	99
117	113	100
117	113	101
117	113	102
117	114	93
117	114	94
117	114	95
117	114	96
117	114	97
117	114	98
117	114	99
117	114	100
117	114	101
117	115	94
117	115	95
117	115	96
117	115	97
117	115	98
117	115	99
117	115	100
117	116	93
117	116	94
117	116	95
117	116	96
117	116	97
117	116	98
117	116	99
117	116	100
117	117	95
117	117	96
117	117	97
117	117	98
117	117	99
117	117	100
117	118	94
117	118	95
117	118	96
117	118	97
117	118	98
117	118	99
117	118	100
117	119	95
117	119	96
117	119	97
117	119	98
117	119	99
117	119	100
117	120	95
117	120	96
118	108	95
118	108	96
118	109	95
118	109	96
118	110	94
118	110	95
118	110	96
118	110	97
118	110	98
118	111	94
118	111	95
118	111	96
118	111	97
118	111	98
118	111	99
118	112	94
118	112	95
118	112	96
118	112	97
118	112	98
118	112	99
118	112	100
118	112	101
118	113	94
118	113	95
118	113	96
118	113	97
118	113	98
118	113	99
118	113	100
118	113	101
118	113	102
118	114	94
118	114	95
118	114	96
118	114	97
118	114	98
118	114	99
118	114	100
118	114	101
118	115	94
118	115	95
118	115	96
118	115	97
118	115	98
118	115	99
118	115	100
118	116	96
118	116	97
118	116	98
118	116	99
118	117	95
118	117	96
118	117	97
118	117	98
118	117	99
118	118	96
118	118	97
118	118	98
118	118	99
118	119	95
118	119	96
118	119	97
119	109	95
119	109	96
119	110	95
119	110	96
119	110	97
119	111	95
119	111	96
119	111	97
119	111	98
119	112	95
119	112	96
119	112	97
119	112	98
119	112	99
119	113	95
119	113	96
119	113	97
119	113	98
119	113	99
119	113	100
119	113	101
119	114	95
119	114	96
119	114	97
119	114	98
119	114	99
119	114	100
119	114	101
119	115	95
119	115	96
119	115	97
119	115	98
119	115	99
119	115	100
119	116	96
119	116	97
119	116	98
119	116	99
119	117	97
119	117	98
119	118	96
119	118	97
119	118	98
120	110	96
120	111	96
120	111	97
120	112	96
120	112	97
120	112	98
120	112	99
120	113	96
120	113	97
120	113	98
120	113	99
120	113	100
120	114	96
120	114	97
120	114	98
120	114	99
120	114	100
120	114	101
120	115	96
120	115	97
120	115	98
120	115	99
120	115	100
120	116	96
120	116	97
120	117	97
121	111	97
121	112	97
121	112	98
121	113	97
121	113	98
121	113	99
121	114	97
121	114	98
121	114	99
121	114	100
121	115	97
121	115	98
121	116	97
122	112	98
122	113	98
122	114	98
122	114	99
122	115	98
123	112	97
123	113	98
123	114	99
124	112	97
124	113	98
