#i	j	k
0	65	8
0	65	9
0	65	10
0	66	4
0	66	5
0	66	6
0	66	7
0	66	8
0	66	9
0	66	10
0	66	11
0	66	12
0	67	4
0	67	5
0	67	6
0	67	7
0	67	8
0	67	9
0	67	10
0	67	11
0	67	12
0	67	13
0	68	3
0	68	4
0	68	5
0	68	6
0	68	7
0	68	8
0	68	9
0	68	10
0	68	11
0	68	12
0	68	13
0	68	14
0	68	15
0	69	3
0	69	4
0	69	5
0	69	6
0	69	7
0	69	8
0	69	9
0	69	10
0	69	11
0	69	12
0	69	13
0	69	14
0	69	15
0	69	16
0	69	20
0	70	3
0	70	4
0	70	5
0	70	6
0	70	7
0	70	8
0	70	9
0	70	10
0	70	11
0	70	12
0	70	13
0	70	14
0	70	15
0	70	16
0	70	17
0	70	18
0	70	19
0	70	20
0	71	4
0	71	5
0	71	6
0	71	7
0	71	8
0	71	9
0	71	10
0	71	11
0	71	12
0	71	13
0	71	14
0	71	15
0	71	16
0	71	17
0	71	18
0	71	19
0	71	20
0	71	21
0	72	5
0	72	6
0	72	7
0	72	8
0	72	9
0	72	10
0	72	11
0	72	12
0	72	13
0	72	14
0	72	15
0	72	16
0	72	17
0	72	18
0	72	19
0	72	20
0	72	21
0	73	6
0	73	7
0	73	8
0	73	9
0	73	10
0	73	11
0	73	12
0	73	13
0	73	14
0	73	15
0	73	16
0	73	17
0	73	18
0	73	19
0	73	20
0	73	21
0	74	6
0	74	7
0	74	8
0	74	9
0	74	10
0	74	11
0	74	12
0	74	13
0	74	14
0	74	15
0	74	16
0	74	17
0	74	18
0	74	19
0	74	20
0	75	7
0	75	8
0	75	9
0	75	10
0	75	11
0	75	12
0	75	13
0	75	14
0	75	15
0	75	16
0	75	17
0	75	18
0	75	19
0	75	20
0	76	7
0	76	8
0	76	9
0	76	10
0	76	11
0	76	12
0	76	13
0	76	14
0	76	15
0	76	16
0	76	17
0	76	18
0	76	19
0	77	8
0	77	9
0	77	10
0	77	11
0	77	12
0	77	13
0	77	14
0	77	15
0	77	16
0	77	17
0	77	18
0	78	9
0	78	10
0	78	11
0	78	12
0	78	13
0	78	14
0	78	15
0	78	16
0	78	17
0	79	11
0	79	12
0	79	13
0	79	14
0	79	15
1	66	6
1	66	7
1	66	8
1	66	9
1	66	10
1	66	11
1	66	12
1	67	3
1	67	4
1	67	5
1	67	6
1	67	7
1	67	8
1	67	9
1	67	10
1	67	11
1	67	12
1	67	13
1	67	14
1	68	3
1	68	4
1	68	5
1	68	6
1	68	7
1	68	8
1	68	9
1	68	10
1	68	11
1	68	12
1	68	13
1	68	14
1	68	15
1	69	2
1	69	3
1	69	4
1	69	5
1	69	6
1	69	7
1	69	8
1	69	9
1	69	10
1	69	11
1	69	12
1	69	13
1	69	14
1	69	15
1	69	16
1	69	19
1	70	4
1	70	5
1	70	6
1	70	7
1	70	8
1	70	9
1	70	10
1	70	11
1	70	12
1	70	13
1	70	14
1	70	15
1	70	16
1	70	17
1	70	18
1	70	19
1	71	5
1	71	6
1	71	7
1	71	8
1	71	9
1	71	10
1	71	11
1	71	12
1	71	13
1	71	14
1	71	15
1	71	16
1	71	17
1	71	18
1	71	19
1	71	20
1	72	6
1	72	7
1	72	8
1	72	9
1	72	10
1	72	11
1	72	12
1	72	13
1	72	14
1	72	15
1	72	16
1	72	17
1	72	18
1	72	19
1	72	20
1	73	7
1	73	8
1	73	9
1	73	10
1	73	11
1	73	12
1	73	13
1	73	14
1	73	15
1	73	16
1	73	17
1	73	18
1	73	19
1	73	20
1	74	8
1	74	9
1	74	10
1	74	11
1	74	12
1	74	13
1	74	14
1	74	15
1	74	16
1	74	17
1	74	18
1	74	19
1	74	20
1	75	8
1	75	9
1	75	10
1	75	11
1	75	12
1	75	13
1	75	14
1	75	15
1	75	16
1	75	17
1	75	18
1	75	19
1	76	9
1	76	10
1	76	11
1	76	12
1	76	13
1	76	14
1	76	15
1	76	16
1	76	17
1	76	18
1	76	19
1	77	10
1	77	11
1	77	12
1	77	13
1	77	14
1	77	15
1	77	16
1	77	17
1	77	18
1	78	11
1	78	12
1	78	13
1	78	14
1	78	15
1	78	16
1	78	17
1	79	11
1	79	12
1	79	13
1	79	14
1	79	15
1	79	16
1	80	12
1	80	13
1	80	14
1	80	15
2	66	9
2	66	10
2	66	11
2	67	5
2	67	6
2	67	7
2	67	8
2	67	9
2	67	10
2	67	11
2	67	12
2	67	13
2	67	14
2	68	1
2	68	2
2	68	3
2	68	4
2	68	5
2	68	6
2	68	7
2	68	8
2	68	9
2	68	10
2	68	11
2	68	12
2	68	13
2	68	14
2	68	15
2	69	3
2	69	4
2	69	5
2	69	6
2	69	7
2	69	8
2	69	9
2	69	10
2	69	11
2	69	12
2	69	13
2	69	14
2	69	15
2	69	16
2	70	4
2	70	5
2	70	6
2	70	7
2	70	8
2	70	9
2	70	10
2	70	11
2	70	12
2	70	13
2	70	14
2	70	15
2	70	16
2	70	17
2	70	18
2	71	6
2	71	7
2	71	8
2	71	9
2	71	10
2	71	11
2	71	12
2	71	13
2	71	14
2	71	15
2	71	16
2	71	17
2	71	18
2	72	8
2	72	9
2	72	10
2	72	11
2	72	12
2	72	13
2	72	14
2	72	15
2	72	16
2	72	17
2	72	18
2	73	9
2	73	10
2	73	11
2	73	12
2	73	13
2	73	14
2	73	15
2	73	16
2	73	17
2	73	18
2	73	19
2	74	9
2	74	10
2	74	11
2	74	12
2	74	13
2	74	14
2	74	15
2	74	16
2	74	17
2	74	18
2	74	19
2	75	10
2	75	11
2	75	12
2	75	13
2	75	14
2	75	15
2	75	16
2	75	17
2	75	18
2	75	19
2	76	10
2	76	11
2	76	12
2	76	13
2	76	14
2	76	15
2	76	16
2	76	17
2	76	18
2	76	19
2	77	11
2	77	12
2	77	13
2	77	14
2	77	15
2	77	16
2	77	17
2	78	12
2	78	13
2	78	14
2	78	15
2	78	16
2	79	11
2	79	12
2	79	13
2	79	14
3	67	1
3	67	2
3	67	7
3	67	8
3	67	9
3	67	10
3	67	11
3	67	12
3	67	13
3	67	14
3	68	2
3	68	3
3	68	4
3	68	5
3	68	6
3	68	7
3	68	8
3	68	9
3	68	10
3	68	11
3	68	12
3	68	13
3	68	14
3	68	15
3	68	16
3	69	4
3	69	5
3	69	6
3	69	7
3	69	8
3	69	9
3	69	10
3	69	11
3	69	12
3	69	13
3	69	14
3	69	15
3	69	16
3	70	5
3	70	6
3	70	7
3	70	8
3	70	9
3	70	10
3	70	11
3	70	12
3	70	13
3	70	14
3	70	15
3	70	16
3	71	8
3	71	9
3	71	10
3	71	11
3	71	12
3	71	13
3	71	14
3	71	15
3	71	16
3	71	17
3	72	10
3	72	11
3	72	12
3	72	13
3	72	14
3	72	15
3	72	16
3	72	17
3	73	11
3	73	12
3	73	13
3	73	14
3	73	15
3	73	16
3	73	17
3	73	18
3	74	11
3	74	12
3	74	13
3	74	14
3	74	15
3	74	16
3	74	17
3	74	18
3	75	11
3	75	12
3	75	13
3	75	14
3	75	15
3	75	16
3	75	17
3	76	11
3	76	12
3	76	13
3	76	14
3	76	15
3	76	16
3	77	12
3	77	13
3	77	14
3	77	15
3	78	12
3	78	13
4	67	7
4	67	8
4	67	9
4	67	10
4	67	11
4	67	12
4	67	13
4	67	14
4	68	3
4	68	4
4	68	5
4	68	6
4	68	7
4	68	8
4	68	9
4	68	10
4	68	11
4	68	12
4	68	13
4	68	14
4	69	5
4	69	6
4	69	7
4	69	8
4	69	9
4	69	10
4	69	11
4	69	12
4	69	13
4	69	14
4	69	15
4	70	9
4	70	10
4	70	11
4	70	12
4	70	13
4	70	14
4	70	15
4	71	11
4	71	12
4	71	13
4	71	14
4	71	15
4	71	16
4	72	12
4	72	13
4	72	14
4	72	15
4	72	16
4	73	12
4	73	13
4	73	14
4	73	15
4	73	16
4	73	17
5	67	8
5	67	9
5	67	10
5	68	4
5	68	5
5	68	6
5	68	7
5	68	8
5	68	9
5	68	10
5	68	11
5	69	10
5	69	11
5	69	12
5	69	13
5	70	12
5	70	13
5	70	14
5	71	13
5	71	14
5	71	15
5	72	13
5	72	14
5	72	15
6	71	14
105	96	27
106	95	26
106	95	27
106	96	26
106	96	27
106	96	28
107	75	12
107	75	13
107	75	14
107	76	12
107	76	13
107	76	14
107	77	12
107	77	13
107	77	14
107	78	13
107	78	14
107	82	16
107	83	16
107	83	17
107	84	16
107	84	17
107	84	18
107	85	16
107	85	17
107	85	18
107	86	18
107	95	26
107	95	27
107	96	26
107	96	27
108	67	4
108	67	5
108	67	6
108	67	7
108	68	5
108	68	6
108	68	7
108	69	5
108	69	6
108	69	7
108	70	6
108	70	7
108	70	8
108	70	13
108	70	14
108	70	15
108	71	7
108	71	8
108	71	9
108	71	11
108	71	12
108	71	13
108	71	14
108	71	15
108	71	16
108	72	7
108	72	8
108	72	9
108	72	10
108	72	11
108	72	12
108	72	13
108	72	14
108	72	15
108	72	16
108	72	17
108	73	8
108	73	9
108	73	10
108	73	11
108	73	12
108	73	13
108	73	14
108	73	15
108	73	16
108	74	8
108	74	9
108	74	10
108	74	11
108	74	12
108	74	13
108	74	14
108	74	15
108	74	16
108	75	8
108	75	9
108	75	10
108	75	11
108	75	12
108	75	13
108	75	14
108	75	15
108	75	16
108	76	9
108	76	10
108	76	11
108	76	12
108	76	13
108	76	14
108	76	15
108	76	16
108	77	9
108	77	10
108	77	11
108	77	12
108	77	13
108	77	14
108	77	15
108	77	16
108	77	17
108	78	10
108	78	11
108	78	12
108	78	13
108	78	14
108	78	15
108	78	16
108	78	17
108	79	11
108	79	12
108	79	13
108	79	14
108	79	15
108	79	16
108	79	17
108	80	12
108	80	13
108	80	14
108	80	15
108	80	16
108	80	17
108	81	14
108	81	15
108	81	16
108	81	17
108	81	18
108	82	15
108	82	16
108	82	17
108	82	18
108	82	19
108	83	15
108	83	16
108	83	17
108	83	18
108	83	19
108	84	16
108	84	17
108	84	18
108	84	19
108	84	20
108	85	17
108	85	18
108	85	19
108	85	20
108	86	17
108	86	18
108	86	19
108	86	20
108	94	25
108	94	26
108	94	27
108	95	25
108	95	26
108	95	27
108	96	26
108	96	27
109	66	3
109	66	4
109	66	5
109	66	6
109	67	3
109	67	4
109	67	5
109	67	6
109	67	7
109	67	8
109	67	9
109	67	10
109	67	11
109	67	12
109	67	13
109	68	3
109	68	4
109	68	5
109	68	6
109	68	7
109	68	8
109	68	9
109	68	10
109	68	11
109	68	12
109	68	13
109	68	14
109	68	15
109	68	16
109	68	17
109	69	4
109	69	5
109	69	6
109	69	7
109	69	8
109	69	9
109	69	10
109	69	11
109	69	12
109	69	13
109	69	14
109	69	15
109	69	16
109	69	17
109	69	18
109	70	5
109	70	6
109	70	7
109	70	8
109	70	9
109	70	10
109	70	11
109	70	12
109	70	13
109	70	14
109	70	15
109	70	16
109	70	17
109	70	18
109	70	19
109	71	5
109	71	6
109	71	7
109	71	8
109	71	9
109	71	10
109	71	11
109	71	12
109	71	13
109	71	14
109	71	15
109	71	16
109	71	17
109	71	18
109	71	19
109	71	20
109	72	6
109	72	7
109	72	8
109	72	9
109	72	10
109	72	11
109	72	12
109	72	13
109	72	14
109	72	15
109	72	16
109	72	17
109	72	18
109	72	19
109	73	6
109	73	7
109	73	8
109	73	9
109	73	10
109	73	11
109	73	12
109	73	13
109	73	14
109	73	15
109	73	16
109	73	17
109	73	18
109	73	19
109	74	7
109	74	8
109	74	9
109	74	10
109	74	11
109	74	12
109	74	13
109	74	14
109	74	15
109	74	16
109	74	17
109	74	18
109	74	19
109	75	7
109	75	8
109	75	9
109	75	10
109	75	11
109	75	12
109	75	13
109	75	14
109	75	15
109	75	16
109	75	17
109	75	18
109	75	19
109	76	7
109	76	8
109	76	9
109	76	10
109	76	11
109	76	12
109	76	13
109	76	14
109	76	15
109	76	16
109	76	17
109	76	18
109	76	19
109	77	8
109	77	9
109	77	10
109	77	11
109	77	12
109	77	13
109	77	14
109	77	15
109	77	16
109	77	17
109	77	18
109	77	19
109	78	8
109	78	9
109	78	10
109	78	11
109	78	12
109	78	13
109	78	14
109	78	15
109	78	16
109	78	17
109	78	18
109	78	19
109	79	9
109	79	10
109	79	11
109	79	12
109	79	13
109	79	14
109	79	15
109	79	16
109	79	17
109	79	18
109	79	19
109	79	20
109	80	11
109	80	12
109	80	13
109	80	14
109	80	15
109	80	16
109	80	17
109	80	18
109	80	19
109	80	20
109	81	12
109	81	13
109	81	14
109	81	15
109	81	16
109	81	17
109	81	18
109	81	19
109	81	20
109	82	14
109	82	15
109	82	16
109	82	17
109	82	18
109	82	19
109	82	20
109	82	21
109	83	15
109	83	16
109	83	17
109	83	18
109	83	19
109	83	20
109	83	21
109	84	16
109	84	17
109	84	18
109	84	19
109	84	20
109	84	21
109	85	17
109	85	18
109	85	19
109	85	20
109	86	18
109	86	19
109	86	20
109	87	19
109	92	25
109	92	26
109	93	25
109	93	26
109	93	27
109	94	25
109	94	26
109	94	27
109	94	28
109	95	25
109	95	26
109	95	27
109	95	28
109	96	26
109	96	27
110	66	12
110	66	13
110	66	14
110	67	3
110	67	4
110	67	5
110	67	6
110	67	7
110	67	8
110	67	9
110	67	10
110	67	11
110	67	12
110	67	13
110	67	14
110	67	15
110	67	16
110	67	17
110	68	3
110	68	4
110	68	5
110	68	6
110	68	7
110	68	8
110	68	9
110	68	10
110	68	11
110	68	12
110	68	13
110	68	14
110	68	15
110	68	16
110	68	17
110	68	18
110	68	19
110	68	20
110	69	3
110	69	4
110	69	5
110	69	6
110	69	7
110	69	8
110	69	9
110	69	10
110	69	11
110	69	12
110	69	13
110	69	14
110	69	15
110	69	16
110	69	17
110	69	18
110	69	19
110	69	20
110	69	21
110	70	4
110	70	5
110	70	6
110	70	7
110	70	8
110	70	9
110	70	10
110	70	11
110	70	12
110	70	13
110	70	14
110	70	15
110	70	16
110	70	17
110	70	18
110	70	19
110	70	20
110	70	21
110	71	4
110	71	5
110	71	6
110	71	7
110	71	8
110	71	9
110	71	10
110	71	11
110	71	12
110	71	13
110	71	14
110	71	15
110	71	16
110	71	17
110	71	18
110	71	19
110	71	20
110	71	21
110	71	22
110	72	5
110	72	6
110	72	7
110	72	8
110	72	9
110	72	10
110	72	11
110	72	12
110	72	13
110	72	14
110	72	15
110	72	16
110	72	17
110	72	18
110	72	19
110	72	20
110	72	21
110	72	22
110	73	5
110	73	6
110	73	7
110	73	8
110	73	9
110	73	10
110	73	11
110	73	12
110	73	13
110	73	14
110	73	15
110	73	16
110	73	17
110	73	18
110	73	19
110	73	20
110	73	21
110	73	22
110	74	6
110	74	7
110	74	8
110	74	9
110	74	10
110	74	11
110	74	12
110	74	13
110	74	14
110	74	15
110	74	16
110	74	17
110	74	18
110	74	19
110	74	20
110	74	21
110	74	22
110	75	6
110	75	7
110	75	8
110	75	9
110	75	10
110	75	11
110	75	12
110	75	13
110	75	14
110	75	15
110	75	16
110	75	17
110	75	18
110	75	19
110	75	20
110	75	21
110	76	6
110	76	7
110	76	8
110	76	9
110	76	10
110	76	11
110	76	12
110	76	13
110	76	14
110	76	15
110	76	16
110	76	17
110	76	18
110	76	19
110	76	20
110	76	21
110	77	7
110	77	8
110	77	9
110	77	10
110	77	11
110	77	12
110	77	13
110	77	14
110	77	15
110	77	16
110	77	17
110	77	18
110	77	19
110	77	20
110	77	21
110	77	22
110	78	7
110	78	8
110	78	9
110	78	10
110	78	11
110	78	12
110	78	13
110	78	14
110	78	15
110	78	16
110	78	17
110	78	18
110	78	19
110	78	20
110	78	21
110	78	22
110	79	7
110	79	8
110	79	9
110	79	10
110	79	11
110	79	12
110	79	13
110	79	14
110	79	15
110	79	16
110	79	17
110	79	18
110	79	19
110	79	20
110	79	21
110	79	22
110	80	8
110	80	9
110	80	10
110	80	11
110	80	12
110	80	13
110	80	14
110	80	15
110	80	16
110	80	17
110	80	18
110	80	19
110	80	20
110	80	21
110	80	22
110	81	11
110	81	12
110	81	13
110	81	14
110	81	15
110	81	16
110	81	17
110	81	18
110	81	19
110	81	20
110	81	21
110	81	22
110	82	13
110	82	14
110	82	15
110	82	16
110	82	17
110	82	18
110	82	19
110	82	20
110	82	21
110	82	22
110	83	15
110	83	16
110	83	17
110	83	18
110	83	19
110	83	20
110	83	21
110	84	16
110	84	17
110	84	18
110	84	19
110	84	20
110	84	21
110	85	17
110	85	18
110	85	19
110	85	20
110	86	18
110	86	19
110	86	20
110	87	19
110	90	20
110	90	25
110	90	26
110	91	24
110	91	25
110	91	26
110	91	27
110	91	28
110	92	25
110	92	26
110	92	27
110	92	28
110	93	25
110	93	26
110	93	27
110	93	28
110	94	25
110	94	26
110	94	27
110	94	28
110	95	26
110	95	27
110	95	28
110	96	26
110	96	27
111	65	15
111	66	12
111	66	13
111	66	14
111	66	15
111	66	16
111	67	10
111	67	11
111	67	12
111	67	13
111	67	14
111	67	15
111	67	16
111	67	17
111	67	18
111	67	19
111	68	4
111	68	5
111	68	6
111	68	7
111	68	8
111	68	9
111	68	10
111	68	11
111	68	12
111	68	13
111	68	14
111	68	15
111	68	16
111	68	17
111	68	18
111	68	19
111	68	20
111	68	21
111	69	4
111	69	5
111	69	6
111	69	7
111	69	8
111	69	9
111	69	10
111	69	11
111	69	12
111	69	13
111	69	14
111	69	15
111	69	16
111	69	17
111	69	18
111	69	19
111	69	20
111	69	21
111	69	22
111	70	4
111	70	5
111	70	6
111	70	7
111	70	8
111	70	9
111	70	10
111	70	11
111	70	12
111	70	13
111	70	14
111	70	15
111	70	16
111	70	17
111	70	18
111	70	19
111	70	20
111	70	21
111	70	22
111	70	23
111	71	4
111	71	5
111	71	6
111	71	7
111	71	8
111	71	9
111	71	10
111	71	11
111	71	12
111	71	13
111	71	14
111	71	15
111	71	16
111	71	17
111	71	18
111	71	19
111	71	20
111	71	21
111	71	22
111	71	23
111	72	4
111	72	5
111	72	6
111	72	7
111	72	8
111	72	9
111	72	10
111	72	11
111	72	12
111	72	13
111	72	14
111	72	15
111	72	16
111	72	17
111	72	18
111	72	19
111	72	20
111	72	21
111	72	22
111	72	23
111	73	5
111	73	6
111	73	7
111	73	8
111	73	9
111	73	10
111	73	11
111	73	12
111	73	13
111	73	14
111	73	15
111	73	16
111	73	17
111	73	18
111	73	19
111	73	20
111	73	21
111	73	22
111	73	23
111	74	5
111	74	6
111	74	7
111	74	8
111	74	9
111	74	10
111	74	11
111	74	12
111	74	13
111	74	14
111	74	15
111	74	16
111	74	17
111	74	18
111	74	19
111	74	20
111	74	21
111	74	22
111	74	23
111	75	5
111	75	6
111	75	7
111	75	8
111	75	9
111	75	10
111	75	11
111	75	12
111	75	13
111	75	14
111	75	15
111	75	16
111	75	17
111	75	18
111	75	19
111	75	20
111	75	21
111	75	22
111	75	23
111	76	6
111	76	7
111	76	8
111	76	9
111	76	10
111	76	11
111	76	12
111	76	13
111	76	14
111	76	15
111	76	16
111	76	17
111	76	18
111	76	19
111	76	20
111	76	21
111	76	22
111	76	23
111	77	6
111	77	7
111	77	8
111	77	9
111	77	10
111	77	11
111	77	12
111	77	13
111	77	14
111	77	15
111	77	16
111	77	17
111	77	18
111	77	19
111	77	20
111	77	21
111	77	22
111	77	23
111	78	6
111	78	7
111	78	8
111	78	9
111	78	10
111	78	11
111	78	12
111	78	13
111	78	14
111	78	15
111	78	16
111	78	17
111	78	18
111	78	19
111	78	20
111	78	21
111	78	22
111	78	23
111	79	7
111	79	8
111	79	9
111	79	10
111	79	11
111	79	12
111	79	13
111	79	14
111	79	15
111	79	16
111	79	17
111	79	18
111	79	19
111	79	20
111	79	21
111	79	22
111	79	23
111	80	7
111	80	8
111	80	9
111	80	10
111	80	11
111	80	12
111	80	13
111	80	14
111	80	15
111	80	16
111	80	17
111	80	18
111	80	19
111	80	20
111	80	21
111	80	22
111	80	23
111	81	8
111	81	9
111	81	10
111	81	11
111	81	12
111	81	13
111	81	14
111	81	15
111	81	16
111	81	17
111	81	18
111	81	19
111	81	20
111	81	21
111	81	22
111	81	23
111	82	12
111	82	13
111	82	14
111	82	15
111	82	16
111	82	17
111	82	18
111	82	19
111	82	20
111	82	21
111	82	22
111	83	14
111	83	15
111	83	16
111	83	17
111	83	18
111	83	19
111	83	20
111	83	21
111	84	16
111	84	17
111	84	18
111	84	19
111	84	20
111	85	17
111	85	18
111	85	19
111	85	20
111	86	19
111	88	19
111	88	20
111	89	19
111	89	20
111	89	21
111	89	27
111	90	19
111	90	20
111	90	21
111	90	22
111	90	23
111	90	24
111	90	25
111	90	26
111	90	27
111	90	28
111	91	19
111	91	20
111	91	24
111	91	25
111	91	26
111	91	27
111	91	28
111	91	29
111	92	25
111	92	26
111	92	27
111	92	28
111	92	29
111	93	25
111	93	26
111	93	27
111	93	28
111	93	29
111	94	26
111	94	27
111	94	28
111	94	29
111	95	26
111	95	27
111	95	28
111	96	26
111	96	27
111	96	28
112	64	17
112	65	15
112	65	16
112	65	17
112	66	12
112	66	13
112	66	14
112	66	15
112	66	16
112	66	17
112	66	18
112	67	11
112	67	12
112	67	13
112	67	14
112	67	15
112	67	16
112	67	17
112	67	18
112	67	19
112	67	20
112	67	21
112	68	8
112	68	9
112	68	10
112	68	11
112	68	12
112	68	13
112	68	14
112	68	15
112	68	16
112	68	17
112	68	18
112	68	19
112	68	20
112	68	21
112	68	22
112	69	5
112	69	6
112	69	7
112	69	8
112	69	9
112	69	10
112	69	11
112	69	12
112	69	13
112	69	14
112	69	15
112	69	16
112	69	17
112	69	18
112	69	19
112	69	20
112	69	21
112	69	22
112	69	23
112	70	5
112	70	6
112	70	7
112	70	8
112	70	9
112	70	10
112	70	11
112	70	12
112	70	13
112	70	14
112	70	15
112	70	16
112	70	17
112	70	18
112	70	19
112	70	20
112	70	21
112	70	22
112	70	23
112	71	4
112	71	5
112	71	6
112	71	7
112	71	8
112	71	9
112	71	10
112	71	11
112	71	12
112	71	13
112	71	14
112	71	15
112	71	16
112	71	17
112	71	18
112	71	19
112	71	20
112	71	21
112	71	22
112	71	23
112	72	4
112	72	5
112	72	6
112	72	7
112	72	8
112	72	9
112	72	10
112	72	11
112	72	12
112	72	13
112	72	14
112	72	15
112	72	16
112	72	17
112	72	18
112	72	19
112	72	20
112	72	21
112	72	22
112	72	23
112	72	24
112	73	4
112	73	5
112	73	6
112	73	7
112	73	8
112	73	9
112	73	10
112	73	11
112	73	12
112	73	13
112	73	14
112	73	15
112	73	16
112	73	17
112	73	18
112	73	19
112	73	20
112	73	21
112	73	22
112	73	23
112	73	24
112	74	5
112	74	6
112	74	7
112	74	8
112	74	9
112	74	10
112	74	11
112	74	12
112	74	13
112	74	14
112	74	15
112	74	16
112	74	17
112	74	18
112	74	19
112	74	20
112	74	21
112	74	22
112	74	23
112	74	24
112	75	5
112	75	6
112	75	7
112	75	8
112	75	9
112	75	10
112	75	11
112	75	12
112	75	13
112	75	14
112	75	15
112	75	16
112	75	17
112	75	18
112	75	19
112	75	20
112	75	21
112	75	22
112	75	23
112	75	24
112	76	5
112	76	6
112	76	7
112	76	8
112	76	9
112	76	10
112	76	11
112	76	12
112	76	13
112	76	14
112	76	15
112	76	16
112	76	17
112	76	18
112	76	19
112	76	20
112	76	21
112	76	22
112	76	23
112	76	24
112	77	5
112	77	6
112	77	7
112	77	8
112	77	9
112	77	10
112	77	11
112	77	12
112	77	13
112	77	14
112	77	15
112	77	16
112	77	17
112	77	18
112	77	19
112	77	20
112	77	21
112	77	22
112	77	23
112	77	24
112	78	5
112	78	6
112	78	7
112	78	8
112	78	9
112	78	10
112	78	11
112	78	12
112	78	13
112	78	14
112	78	15
112	78	16
112	78	17
112	78	18
112	78	19
112	78	20
112	78	21
112	78	22
112	78	23
112	78	24
112	79	6
112	79	7
112	79	8
112	79	9
112	79	10
112	79	11
112	79	12
112	79	13
112	79	14
112	79	15
112	79	16
112	79	17
112	79	18
112	79	19
112	79	20
112	79	21
112	79	22
112	79	23
112	79	24
112	80	7
112	80	8
112	80	9
112	80	10
112	80	11
112	80	12
112	80	13
112	80	14
112	80	15
112	80	16
112	80	17
112	80	18
112	80	19
112	80	20
112	80	21
112	80	22
112	80	23
112	80	24
112	81	8
112	81	9
112	81	10
112	81	11
112	81	12
112	81	13
112	81	14
112	81	15
112	81	16
112	81	17
112	81	18
112	81	19
112	81	20
112	81	21
112	81	22
112	81	23
112	82	9
112	82	10
112	82	11
112	82	12
112	82	13
112	82	14
112	82	15
112	82	16
112	82	17
112	82	18
112	82	19
112	82	20
112	82	21
112	82	22
112	83	13
112	83	14
112	83	15
112	83	16
112	83	17
112	83	18
112	83	19
112	83	20
112	83	21
112	84	15
112	84	16
112	84	17
112	84	18
112	84	19
112	84	20
112	85	18
112	85	19
112	88	19
112	88	20
112	89	18
112	89	19
112	89	20
112	89	21
112	89	22
112	89	25
112	89	26
112	89	27
112	89	28
112	90	18
112	90	19
112	90	20
112	90	21
112	90	22
112	90	23
112	90	24
112	90	25
112	90	26
112	90	27
112	90	28
112	90	29
112	91	18
112	91	19
112	91	20
112	91	21
112	91	22
112	91	23
112	91	24
112	91	25
112	91	26
112	91	27
112	91	28
112	91	29
112	92	18
112	92	19
112	92	20
112	92	25
112	92	26
112	92	27
112	92	28
112	92	29
112	92	30
112	93	26
112	93	27
112	93	28
112	93	29
112	93	30
112	94	26
112	94	27
112	94	28
112	94	29
112	95	26
112	95	27
112	95	28
112	96	27
113	65	16
113	65	17
113	65	18
113	65	19
113	66	13
113	66	14
113	66	15
113	66	16
113	66	17
113	66	18
113	66	19
113	66	20
113	66	21
113	66	22
113	67	12
113	67	13
113	67	14
113	67	15
113	67	16
113	67	17
113	67	18
113	67	19
113	67	20
113	67	21
113	67	22
113	68	10
113	68	11
113	68	12
113	68	13
113	68	14
113	68	15
113	68	16
113	68	17
113	68	18
113	68	19
113	68	20
113	68	21
113	68	22
113	68	23
113	69	7
113	69	8
113	69	9
113	69	10
113	69	11
113	69	12
113	69	13
113	69	14
113	69	15
113	69	16
113	69	17
113	69	18
113	69	19
113	69	20
113	69	21
113	69	22
113	69	23
113	70	5
113	70	6
113	70	7
113	70	8
113	70	9
113	70	10
113	70	11
113	70	12
113	70	13
113	70	14
113	70	15
113	70	16
113	70	17
113	70	18
113	70	19
113	70	20
113	70	21
113	70	22
113	70	23
113	70	24
113	71	4
113	71	5
113	71	6
113	71	7
113	71	8
113	71	9
113	71	10
113	71	11
113	71	12
113	71	13
113	71	14
113	71	15
113	71	16
113	71	17
113	71	18
113	71	19
113	71	20
113	71	21
113	71	22
113	71	23
113	71	24
113	72	4
113	72	5
113	72	6
113	72	7
113	72	8
113	72	9
113	72	10
113	72	11
113	72	12
113	72	13
113	72	14
113	72	15
113	72	16
113	72	17
113	72	18
113	72	19
113	72	20
113	72	21
113	72	22
113	72	23
113	72	24
113	73	4
113	73	5
113	73	6
113	73	7
113	73	8
113	73	9
113	73	10
113	73	11
113	73	12
113	73	13
113	73	14
113	73	15
113	73	16
113	73	17
113	73	18
113	73	19
113	73	20
113	73	21
113	73	22
113	73	23
113	73	24
113	74	4
113	74	5
113	74	6
113	74	7
113	74	8
113	74	9
113	74	10
113	74	11
113	74	12
113	74	13
113	74	14
113	74	15
113	74	16
113	74	17
113	74	18
113	74	19
113	74	20
113	74	21
113	74	22
113	74	23
113	74	24
113	75	5
113	75	6
113	75	7
113	75	8
113	75	9
113	75	10
113	75	11
113	75	12
113	75	13
113	75	14
113	75	15
113	75	16
113	75	17
113	75	18
113	75	19
113	75	20
113	75	21
113	75	22
113	75	23
113	75	24
113	76	5
113	76	6
113	76	7
113	76	8
113	76	9
113	76	10
113	76	11
113	76	12
113	76	13
113	76	14
113	76	15
113	76	16
113	76	17
113	76	18
113	76	19
113	76	20
113	76	21
113	76	22
113	76	23
113	76	24
113	77	5
113	77	6
113	77	7
113	77	8
113	77	9
113	77	10
113	77	11
113	77	12
113	77	13
113	77	14
113	77	15
113	77	16
113	77	17
113	77	18
113	77	19
113	77	20
113	77	21
113	77	22
113	77	23
113	77	24
113	77	25
113	78	5
113	78	6
113	78	7
113	78	8
113	78	9
113	78	10
113	78	11
113	78	12
113	78	13
113	78	14
113	78	15
113	78	16
113	78	17
113	78	18
113	78	19
113	78	20
113	78	21
113	78	22
113	78	23
113	78	24
113	78	25
113	79	6
113	79	7
113	79	8
113	79	9
113	79	10
113	79	11
113	79	12
113	79	13
113	79	14
113	79	15
113	79	16
113	79	17
113	79	18
113	79	19
113	79	20
113	79	21
113	79	22
113	79	23
113	79	24
113	79	25
113	80	7
113	80	8
113	80	9
113	80	10
113	80	11
113	80	12
113	80	13
113	80	14
113	80	15
113	80	16
113	80	17
113	80	18
113	80	19
113	80	20
113	80	21
113	80	22
113	80	23
113	80	24
113	80	25
113	81	8
113	81	9
113	81	10
113	81	11
113	81	12
113	81	13
113	81	14
113	81	15
113	81	16
113	81	17
113	81	18
113	81	19
113	81	20
113	81	21
113	81	22
113	81	23
113	81	24
113	82	9
113	82	10
113	82	11
113	82	12
113	82	13
113	82	14
113	82	15
113	82	16
113	82	17
113	82	18
113	82	19
113	82	20
113	82	21
113	82	22
113	82	23
113	83	10
113	83	12
113	83	13
113	83	14
113	83	15
113	83	16
113	83	17
113	83	18
113	83	19
113	83	20
113	83	21
113	84	15
113	84	16
113	84	17
113	84	18
113	84	19
113	84	20
113	87	20
113	88	19
113	88	20
113	88	21
113	88	22
113	89	18
113	89	19
113	89	20
113	89	21
113	89	22
113	89	23
113	89	24
113	89	25
113	89	26
113	89	27
113	89	28
113	90	17
113	90	18
113	90	19
113	90	20
113	90	21
113	90	22
113	90	23
113	90	24
113	90	25
113	90	26
113	90	27
113	90	28
113	90	29
113	91	17
113	91	18
113	91	19
113	91	20
113	91	21
113	91	22
113	91	23
113	91	24
113	91	25
113	91	26
113	91	27
113	91	28
113	91	29
113	91	30
113	92	16
113	92	17
113	92	18
113	92	19
113	92	20
113	92	21
113	92	25
113	92	26
113	92	27
113	92	28
113	92	29
113	92	30
113	93	17
113	93	18
113	93	19
113	93	26
113	93	27
113	93	28
113	93	29
113	93	30
113	94	18
113	94	26
113	94	27
113	94	28
113	94	29
113	95	27
113	95	28
113	96	27
114	65	21
114	65	22
114	66	15
114	66	16
114	66	17
114	66	18
114	66	19
114	66	20
114	66	21
114	66	22
114	67	12
114	67	13
114	67	14
114	67	15
114	67	16
114	67	17
114	67	18
114	67	19
114	67	20
114	67	21
114	67	22
114	67	23
114	68	11
114	68	12
114	68	13
114	68	14
114	68	15
114	68	16
114	68	17
114	68	18
114	68	19
114	68	20
114	68	21
114	68	22
114	68	23
114	69	9
114	69	10
114	69	11
114	69	12
114	69	13
114	69	14
114	69	15
114	69	16
114	69	17
114	69	18
114	69	19
114	69	20
114	69	21
114	69	22
114	69	23
114	70	5
114	70	6
114	70	7
114	70	8
114	70	9
114	70	10
114	70	11
114	70	12
114	70	13
114	70	14
114	70	15
114	70	16
114	70	17
114	70	18
114	70	19
114	70	20
114	70	21
114	70	22
114	70	23
114	70	24
114	71	4
114	71	5
114	71	6
114	71	7
114	71	8
114	71	9
114	71	10
114	71	11
114	71	12
114	71	13
114	71	14
114	71	15
114	71	16
114	71	17
114	71	18
114	71	19
114	71	20
114	71	21
114	71	22
114	71	23
114	71	24
114	72	3
114	72	4
114	72	5
114	72	6
114	72	7
114	72	8
114	72	9
114	72	10
114	72	11
114	72	12
114	72	13
114	72	14
114	72	15
114	72	16
114	72	17
114	72	18
114	72	19
114	72	20
114	72	21
114	72	22
114	72	23
114	72	24
114	73	4
114	73	5
114	73	6
114	73	7
114	73	8
114	73	9
114	73	10
114	73	11
114	73	12
114	73	13
114	73	14
114	73	15
114	73	16
114	73	17
114	73	18
114	73	19
114	73	20
114	73	21
114	73	22
114	73	23
114	73	24
114	74	4
114	74	5
114	74	6
114	74	7
114	74	8
114	74	9
114	74	10
114	74	11
114	74	12
114	74	13
114	74	14
114	74	15
114	74	16
114	74	17
114	74	18
114	74	19
114	74	20
114	74	21
114	74	22
114	74	23
114	74	24
114	74	25
114	75	4
114	75	5
114	75	6
114	75	7
114	75	8
114	75	9
114	75	10
114	75	11
114	75	12
114	75	13
114	75	14
114	75	15
114	75	16
114	75	17
114	75	18
114	75	19
114	75	20
114	75	21
114	75	22
114	75	23
114	75	24
114	75	25
114	76	5
114	76	6
114	76	7
114	76	8
114	76	9
114	76	10
114	76	11
114	76	12
114	76	13
114	76	14
114	76	15
114	76	16
114	76	17
114	76	18
114	76	19
114	76	20
114	76	21
114	76	22
114	76	23
114	76	24
114	76	25
114	77	5
114	77	6
114	77	7
114	77	8
114	77	9
114	77	10
114	77	11
114	77	12
114	77	13
114	77	14
114	77	15
114	77	16
114	77	17
114	77	18
114	77	19
114	77	20
114	77	21
114	77	22
114	77	23
114	77	24
114	77	25
114	78	6
114	78	7
114	78	8
114	78	9
114	78	10
114	78	11
114	78	12
114	78	13
114	78	14
114	78	15
114	78	16
114	78	17
114	78	18
114	78	19
114	78	20
114	78	21
114	78	22
114	78	23
114	78	24
114	78	25
114	79	6
114	79	7
114	79	8
114	79	9
114	79	10
114	79	11
114	79	12
114	79	13
114	79	14
114	79	15
114	79	16
114	79	17
114	79	18
114	79	19
114	79	20
114	79	21
114	79	22
114	79	23
114	79	24
114	79	25
114	80	7
114	80	8
114	80	9
114	80	10
114	80	11
114	80	12
114	80	13
114	80	14
114	80	15
114	80	16
114	80	17
114	80	18
114	80	19
114	80	20
114	80	21
114	80	22
114	80	23
114	80	24
114	80	25
114	81	8
114	81	9
114	81	10
114	81	11
114	81	12
114	81	13
114	81	14
114	81	15
114	81	16
114	81	17
114	81	18
114	81	19
114	81	20
114	81	21
114	81	22
114	81	23
114	81	24
114	81	25
114	82	9
114	82	10
114	82	11
114	82	12
114	82	13
114	82	14
114	82	15
114	82	16
114	82	17
114	82	18
114	82	19
114	82	20
114	82	21
114	82	22
114	82	23
114	83	10
114	83	11
114	83	12
114	83	13
114	83	14
114	83	15
114	83	16
114	83	17
114	83	18
114	83	19
114	83	20
114	83	21
114	83	22
114	84	14
114	84	15
114	84	16
114	84	17
114	84	18
114	84	19
114	84	20
114	87	19
114	87	20
114	87	21
114	87	22
114	88	18
114	88	19
114	88	20
114	88	21
114	88	22
114	88	23
114	88	24
114	88	25
114	88	26
114	88	27
114	89	17
114	89	18
114	89	19
114	89	20
114	89	21
114	89	22
114	89	23
114	89	24
114	89	25
114	89	26
114	89	27
114	89	28
114	89	29
114	90	16
114	90	17
114	90	18
114	90	19
114	90	20
114	90	21
114	90	22
114	90	23
114	90	24
114	90	25
114	90	26
114	90	27
114	90	28
114	90	29
114	90	30
114	91	16
114	91	17
114	91	18
114	91	19
114	91	20
114	91	21
114	91	22
114	91	23
114	91	24
114	91	25
114	91	26
114	91	27
114	91	28
114	91	29
114	91	30
114	92	15
114	92	16
114	92	17
114	92	18
114	92	19
114	92	20
114	92	21
114	92	22
114	92	23
114	92	24
114	92	25
114	92	26
114	92	27
114	92	28
114	92	29
114	92	30
114	93	16
114	93	17
114	93	18
114	93	19
114	93	20
114	93	26
114	93	27
114	93	28
114	93	29
114	93	30
114	94	16
114	94	17
114	94	18
114	94	19
114	94	27
114	94	28
114	94	29
114	95	27
114	95	28
115	65	21
115	65	22
115	66	20
115	66	21
115	66	22
115	67	13
115	67	14
115	67	15
115	67	16
115	67	17
115	67	18
115	67	19
115	67	20
115	67	21
115	67	22
115	67	23
115	68	13
115	68	14
115	68	15
115	68	16
115	68	17
115	68	18
115	68	19
115	68	20
115	68	21
115	68	22
115	68	23
115	69	11
115	69	12
115	69	13
115	69	14
115	69	15
115	69	16
115	69	17
115	69	18
115	69	19
115	69	20
115	69	21
115	69	22
115	69	23
115	69	24
115	70	6
115	70	7
115	70	8
115	70	9
115	70	10
115	70	11
115	70	12
115	70	13
115	70	14
115	70	15
115	70	16
115	70	17
115	70	18
115	70	19
115	70	20
115	70	21
115	70	22
115	70	23
115	70	24
115	71	4
115	71	5
115	71	6
115	71	7
115	71	8
115	71	9
115	71	10
115	71	11
115	71	12
115	71	13
115	71	14
115	71	15
115	71	16
115	71	17
115	71	18
115	71	19
115	71	20
115	71	21
115	71	22
115	71	23
115	71	24
115	72	4
115	72	5
115	72	6
115	72	7
115	72	8
115	72	9
115	72	10
115	72	11
115	72	12
115	72	13
115	72	14
115	72	15
115	72	16
115	72	17
115	72	18
115	72	19
115	72	20
115	72	21
115	72	22
115	72	23
115	72	24
115	72	25
115	73	4
115	73	5
115	73	6
115	73	7
115	73	8
115	73	9
115	73	10
115	73	11
115	73	12
115	73	13
115	73	14
115	73	15
115	73	16
115	73	17
115	73	18
115	73	19
115	73	20
115	73	21
115	73	22
115	73	23
115	73	24
115	73	25
115	74	4
115	74	5
115	74	6
115	74	7
115	74	8
115	74	9
115	74	10
115	74	11
115	74	12
115	74	13
115	74	14
115	74	15
115	74	16
115	74	17
115	74	18
115	74	19
115	74	20
115	74	21
115	74	22
115	74	23
115	74	24
115	74	25
115	75	4
115	75	5
115	75	6
115	75	7
115	75	8
115	75	9
115	75	10
115	75	11
115	75	12
115	75	13
115	75	14
115	75	15
115	75	16
115	75	17
115	75	18
115	75	19
115	75	20
115	75	21
115	75	22
115	75	23
115	75	24
115	75	25
115	76	5
115	76	6
115	76	7
115	76	8
115	76	9
115	76	10
115	76	11
115	76	12
115	76	13
115	76	14
115	76	15
115	76	16
115	76	17
115	76	18
115	76	19
115	76	20
115	76	21
115	76	22
115	76	23
115	76	24
115	76	25
115	77	5
115	77	6
115	77	7
115	77	8
115	77	9
115	77	10
115	77	11
115	77	12
115	77	13
115	77	14
115	77	15
115	77	16
115	77	17
115	77	18
115	77	19
115	77	20
115	77	21
115	77	22
115	77	23
115	77	24
115	77	25
115	77	26
115	78	6
115	78	7
115	78	8
115	78	9
115	78	10
115	78	11
115	78	12
115	78	13
115	78	14
115	78	15
115	78	16
115	78	17
115	78	18
115	78	19
115	78	20
115	78	21
115	78	22
115	78	23
115	78	24
115	78	25
115	78	26
115	79	6
115	79	7
115	79	8
115	79	9
115	79	10
115	79	11
115	79	12
115	79	13
115	79	14
115	79	15
115	79	16
115	79	17
115	79	18
115	79	19
115	79	20
115	79	21
115	79	22
115	79	23
115	79	24
115	79	25
115	79	26
115	80	6
115	80	7
115	80	8
115	80	9
115	80	10
115	80	11
115	80	12
115	80	13
115	80	14
115	80	15
115	80	16
115	80	17
115	80	18
115	80	19
115	80	20
115	80	21
115	80	22
115	80	23
115	80	24
115	80	25
115	80	26
115	81	7
115	81	8
115	81	9
115	81	10
115	81	11
115	81	12
115	81	13
115	81	14
115	81	15
115	81	16
115	81	17
115	81	18
115	81	19
115	81	20
115	81	21
115	81	22
115	81	23
115	81	24
115	81	25
115	81	26
115	82	9
115	82	10
115	82	11
115	82	12
115	82	13
115	82	14
115	82	15
115	82	16
115	82	17
115	82	18
115	82	19
115	82	20
115	82	21
115	82	22
115	82	23
115	82	24
115	83	10
115	83	11
115	83	12
115	83	13
115	83	14
115	83	15
115	83	16
115	83	17
115	83	18
115	83	19
115	83	20
115	83	21
115	83	22
115	84	14
115	84	15
115	84	16
115	84	17
115	84	18
115	84	19
115	84	20
115	86	21
115	86	22
115	87	19
115	87	20
115	87	21
115	87	22
115	87	23
115	87	24
115	87	25
115	88	18
115	88	19
115	88	20
115	88	21
115	88	22
115	88	23
115	88	24
115	88	25
115	88	26
115	88	27
115	88	28
115	89	17
115	89	18
115	89	19
115	89	20
115	89	21
115	89	22
115	89	23
115	89	24
115	89	25
115	89	26
115	89	27
115	89	28
115	89	29
115	90	16
115	90	17
115	90	18
115	90	19
115	90	20
115	90	21
115	90	22
115	90	23
115	90	24
115	90	25
115	90	26
115	90	27
115	90	28
115	90	29
115	90	30
115	91	15
115	91	16
115	91	17
115	91	18
115	91	19
115	91	20
115	91	21
115	91	22
115	91	23
115	91	24
115	91	25
115	91	26
115	91	27
115	91	28
115	91	29
115	91	30
115	92	15
115	92	16
115	92	17
115	92	18
115	92	19
115	92	20
115	92	21
115	92	22
115	92	23
115	92	24
115	92	25
115	92	26
115	92	27
115	92	28
115	92	29
115	92	30
115	93	15
115	93	16
115	93	17
115	93	18
115	93	19
115	93	20
115	93	21
115	93	26
115	93	27
115	93	28
115	93	29
115	94	16
115	94	17
115	94	18
115	94	19
115	94	20
115	94	28
115	95	17
115	95	18
116	65	21
116	66	20
116	66	21
116	66	22
116	67	19
116	67	20
116	67	21
116	67	22
116	67	23
116	68	14
116	68	15
116	68	16
116	68	17
116	68	18
116	68	19
116	68	20
116	68	21
116	68	22
116	68	23
116	69	13
116	69	14
116	69	15
116	69	16
116	69	17
116	69	18
116	69	19
116	69	20
116	69	21
116	69	22
116	69	23
116	69	24
116	70	7
116	70	8
116	70	9
116	70	10
116	70	11
116	70	12
116	70	13
116	70	14
116	70	15
116	70	16
116	70	17
116	70	18
116	70	19
116	70	20
116	70	21
116	70	22
116	70	23
116	70	24
116	71	5
116	71	6
116	71	7
116	71	8
116	71	9
116	71	10
116	71	11
116	71	12
116	71	13
116	71	14
116	71	15
116	71	16
116	71	17
116	71	18
116	71	19
116	71	20
116	71	21
116	71	22
116	71	23
116	71	24
116	72	5
116	72	6
116	72	7
116	72	8
116	72	9
116	72	10
116	72	11
116	72	12
116	72	13
116	72	14
116	72	15
116	72	16
116	72	17
116	72	18
116	72	19
116	72	20
116	72	21
116	72	22
116	72	23
116	72	24
116	72	25
116	73	4
116	73	5
116	73	6
116	73	7
116	73	8
116	73	9
116	73	10
116	73	11
116	73	12
116	73	13
116	73	14
116	73	15
116	73	16
116	73	17
116	73	18
116	73	19
116	73	20
116	73	21
116	73	22
116	73	23
116	73	24
116	73	25
116	74	4
116	74	5
116	74	6
116	74	7
116	74	8
116	74	9
116	74	10
116	74	11
116	74	12
116	74	13
116	74	14
116	74	15
116	74	16
116	74	17
116	74	18
116	74	19
116	74	20
116	74	21
116	74	22
116	74	23
116	74	24
116	74	25
116	75	4
116	75	5
116	75	6
116	75	7
116	75	8
116	75	9
116	75	10
116	75	11
116	75	12
116	75	13
116	75	14
116	75	15
116	75	16
116	75	17
116	75	18
116	75	19
116	75	20
116	75	21
116	75	22
116	75	23
116	75	24
116	75	25
116	75	26
116	76	5
116	76	6
116	76	7
116	76	8
116	76	9
116	76	10
116	76	11
116	76	12
116	76	13
116	76	14
116	76	15
116	76	16
116	76	17
116	76	18
116	76	19
116	76	20
116	76	21
116	76	22
116	76	23
116	76	24
116	76	25
116	76	26
116	77	6
116	77	7
116	77	8
116	77	9
116	77	10
116	77	11
116	77	12
116	77	13
116	77	14
116	77	15
116	77	16
116	77	17
116	77	18
116	77	19
116	77	20
116	77	21
116	77	22
116	77	23
116	77	24
116	77	25
116	77	26
116	78	6
116	78	7
116	78	8
116	78	9
116	78	10
116	78	11
116	78	12
116	78	13
116	78	14
116	78	15
116	78	16
116	78	17
116	78	18
116	78	19
116	78	20
116	78	21
116	78	22
116	78	23
116	78	24
116	78	25
116	78	26
116	79	7
116	79	8
116	79	9
116	79	10
116	79	11
116	79	12
116	79	13
116	79	14
116	79	15
116	79	16
116	79	17
116	79	18
116	79	19
116	79	20
116	79	21
116	79	22
116	79	23
116	79	24
116	79	25
116	79	26
116	80	7
116	80	8
116	80	9
116	80	10
116	80	11
116	80	12
116	80	13
116	80	14
116	80	15
116	80	16
116	80	17
116	80	18
116	80	19
116	80	20
116	80	21
116	80	22
116	80	23
116	80	24
116	80	25
116	80	26
116	81	7
116	81	8
116	81	9
116	81	10
116	81	11
116	81	12
116	81	13
116	81	14
116	81	15
116	81	16
116	81	17
116	81	18
116	81	19
116	81	20
116	81	21
116	81	22
116	81	23
116	81	24
116	81	25
116	81	26
116	82	9
116	82	10
116	82	11
116	82	12
116	82	13
116	82	14
116	82	15
116	82	16
116	82	17
116	82	18
116	82	19
116	82	20
116	82	21
116	82	22
116	82	23
116	82	24
116	83	10
116	83	11
116	83	12
116	83	13
116	83	14
116	83	15
116	83	16
116	83	17
116	83	18
116	83	19
116	83	20
116	83	21
116	83	22
116	84	14
116	84	15
116	84	16
116	84	17
116	84	18
116	84	19
116	84	20
116	84	21
116	85	21
116	85	22
116	85	23
116	86	20
116	86	21
116	86	22
116	86	23
116	86	24
116	86	25
116	86	26
116	87	19
116	87	20
116	87	21
116	87	22
116	87	23
116	87	24
116	87	25
116	87	26
116	87	27
116	88	18
116	88	19
116	88	20
116	88	21
116	88	22
116	88	23
116	88	24
116	88	25
116	88	26
116	88	27
116	88	28
116	89	16
116	89	17
116	89	18
116	89	19
116	89	20
116	89	21
116	89	22
116	89	23
116	89	24
116	89	25
116	89	26
116	89	27
116	89	28
116	90	15
116	90	16
116	90	17
116	90	18
116	90	19
116	90	20
116	90	21
116	90	22
116	90	23
116	90	24
116	90	25
116	90	26
116	90	27
116	90	28
116	90	29
116	91	14
116	91	15
116	91	16
116	91	17
116	91	18
116	91	19
116	91	20
116	91	21
116	91	22
116	91	23
116	91	24
116	91	25
116	91	26
116	91	27
116	91	28
116	91	29
116	92	14
116	92	15
116	92	16
116	92	17
116	92	18
116	92	19
116	92	20
116	92	21
116	92	22
116	92	23
116	92	24
116	92	25
116	92	26
116	92	27
116	92	28
116	92	29
116	93	15
116	93	16
116	93	17
116	93	18
116	93	19
116	93	20
116	93	21
116	93	22
116	93	23
116	93	24
116	93	27
116	93	28
116	94	16
116	94	17
116	94	18
116	94	19
116	94	20
116	95	17
116	95	18
117	65	21
117	66	20
117	66	21
117	66	22
117	67	19
117	67	20
117	67	21
117	67	22
117	67	23
117	68	18
117	68	19
117	68	20
117	68	21
117	68	22
117	68	23
117	69	15
117	69	16
117	69	17
117	69	18
117	69	19
117	69	20
117	69	21
117	69	22
117	69	23
117	69	24
117	70	13
117	70	14
117	70	15
117	70	16
117	70	17
117	70	18
117	70	19
117	70	20
117	70	21
117	70	22
117	70	23
117	70	24
117	71	6
117	71	7
117	71	8
117	71	9
117	71	10
117	71	11
117	71	12
117	71	13
117	71	14
117	71	15
117	71	16
117	71	17
117	71	18
117	71	19
117	71	20
117	71	21
117	71	22
117	71	23
117	71	24
117	71	25
117	72	5
117	72	6
117	72	7
117	72	8
117	72	9
117	72	10
117	72	11
117	72	12
117	72	13
117	72	14
117	72	15
117	72	16
117	72	17
117	72	18
117	72	19
117	72	20
117	72	21
117	72	22
117	72	23
117	72	24
117	72	25
117	73	5
117	73	6
117	73	7
117	73	8
117	73	9
117	73	10
117	73	11
117	73	12
117	73	13
117	73	14
117	73	15
117	73	16
117	73	17
117	73	18
117	73	19
117	73	20
117	73	21
117	73	22
117	73	23
117	73	24
117	73	25
117	74	4
117	74	5
117	74	6
117	74	7
117	74	8
117	74	9
117	74	10
117	74	11
117	74	12
117	74	13
117	74	14
117	74	15
117	74	16
117	74	17
117	74	18
117	74	19
117	74	20
117	74	21
117	74	22
117	74	23
117	74	24
117	74	25
117	74	26
117	75	4
117	75	5
117	75	6
117	75	7
117	75	8
117	75	9
117	75	10
117	75	11
117	75	12
117	75	13
117	75	14
117	75	15
117	75	16
117	75	17
117	75	18
117	75	19
117	75	20
117	75	21
117	75	22
117	75	23
117	75	24
117	75	25
117	75	26
117	76	5
117	76	6
117	76	7
117	76	8
117	76	9
117	76	10
117	76	11
117	76	12
117	76	13
117	76	14
117	76	15
117	76	16
117	76	17
117	76	18
117	76	19
117	76	20
117	76	21
117	76	22
117	76	23
117	76	24
117	76	25
117	76	26
117	77	6
117	77	7
117	77	8
117	77	9
117	77	10
117	77	11
117	77	12
117	77	13
117	77	14
117	77	15
117	77	16
117	77	17
117	77	18
117	77	19
117	77	20
117	77	21
117	77	22
117	77	23
117	77	24
117	77	25
117	77	26
117	78	7
117	78	8
117	78	9
117	78	10
117	78	11
117	78	12
117	78	13
117	78	14
117	78	15
117	78	16
117	78	17
117	78	18
117	78	19
117	78	20
117	78	21
117	78	22
117	78	23
117	78	24
117	78	25
117	78	26
117	79	7
117	79	8
117	79	9
117	79	10
117	79	11
117	79	12
117	79	13
117	79	14
117	79	15
117	79	16
117	79	17
117	79	18
117	79	19
117	79	20
117	79	21
117	79	22
117	79	23
117	79	24
117	79	25
117	79	26
117	80	8
117	80	9
117	80	10
117	80	11
117	80	12
117	80	13
117	80	14
117	80	15
117	80	16
117	80	17
117	80	18
117	80	19
117	80	20
117	80	21
117	80	22
117	80	23
117	80	24
117	80	25
117	80	26
117	80	27
117	81	8
117	81	9
117	81	10
117	81	11
117	81	12
117	81	13
117	81	14
117	81	15
117	81	16
117	81	17
117	81	18
117	81	19
117	81	20
117	81	21
117	81	22
117	81	23
117	81	24
117	81	25
117	81	26
117	82	9
117	82	10
117	82	11
117	82	12
117	82	13
117	82	14
117	82	15
117	82	16
117	82	17
117	82	18
117	82	19
117	82	20
117	82	21
117	82	22
117	82	23
117	82	24
117	83	10
117	83	11
117	83	12
117	83	13
117	83	14
117	83	15
117	83	16
117	83	17
117	83	18
117	83	19
117	83	20
117	83	21
117	83	22
117	83	23
117	84	13
117	84	14
117	84	15
117	84	16
117	84	17
117	84	18
117	84	19
117	84	20
117	84	21
117	84	22
117	84	23
117	84	24
117	85	17
117	85	19
117	85	20
117	85	21
117	85	22
117	85	23
117	85	24
117	85	25
117	85	26
117	86	20
117	86	21
117	86	22
117	86	23
117	86	24
117	86	25
117	86	26
117	86	27
117	87	19
117	87	20
117	87	21
117	87	22
117	87	23
117	87	24
117	87	25
117	87	26
117	87	27
117	88	18
117	88	19
117	88	20
117	88	21
117	88	22
117	88	23
117	88	24
117	88	25
117	88	26
117	88	27
117	89	16
117	89	17
117	89	18
117	89	19
117	89	20
117	89	21
117	89	22
117	89	23
117	89	24
117	89	25
117	89	26
117	89	27
117	89	28
117	90	15
117	90	16
117	90	17
117	90	18
117	90	19
117	90	20
117	90	21
117	90	22
117	90	23
117	90	24
117	90	25
117	90	26
117	90	27
117	90	28
117	91	15
117	91	16
117	91	17
117	91	18
117	91	19
117	91	20
117	91	21
117	91	22
117	91	23
117	91	24
117	91	25
117	91	26
117	91	27
117	91	28
117	92	15
117	92	16
117	92	17
117	92	18
117	92	19
117	92	20
117	92	21
117	92	22
117	92	23
117	92	24
117	92	25
117	92	26
117	92	27
117	93	14
117	93	15
117	93	16
117	93	17
117	93	18
117	93	19
117	93	20
117	93	21
117	93	22
117	93	23
117	93	24
117	93	25
117	93	26
117	94	16
117	94	17
117	94	18
117	94	19
117	94	20
118	65	21
118	66	20
118	66	21
118	66	22
118	67	19
118	67	20
118	67	21
118	67	22
118	68	18
118	68	19
118	68	20
118	68	21
118	68	22
118	68	23
118	69	17
118	69	18
118	69	19
118	69	20
118	69	21
118	69	22
118	69	23
118	69	24
118	70	14
118	70	15
118	70	16
118	70	17
118	70	18
118	70	19
118	70	20
118	70	21
118	70	22
118	70	23
118	70	24
118	71	6
118	71	7
118	71	8
118	71	9
118	71	10
118	71	11
118	71	12
118	71	13
118	71	14
118	71	15
118	71	16
118	71	17
118	71	18
118	71	19
118	71	20
118	71	21
118	71	22
118	71	23
118	71	24
118	71	25
118	72	6
118	72	7
118	72	8
118	72	9
118	72	10
118	72	11
118	72	12
118	72	13
118	72	14
118	72	15
118	72	16
118	72	17
118	72	18
118	72	19
118	72	20
118	72	21
118	72	22
118	72	23
118	72	24
118	72	25
118	73	3
118	73	4
118	73	5
118	73	6
118	73	7
118	73	8
118	73	9
118	73	10
118	73	11
118	73	12
118	73	13
118	73	14
118	73	15
118	73	16
118	73	17
118	73	18
118	73	19
118	73	20
118	73	21
118	73	22
118	73	23
118	73	24
118	73	25
118	73	26
118	74	4
118	74	5
118	74	6
118	74	7
118	74	8
118	74	9
118	74	10
118	74	11
118	74	12
118	74	13
118	74	14
118	74	15
118	74	16
118	74	17
118	74	18
118	74	19
118	74	20
118	74	21
118	74	22
118	74	23
118	74	24
118	74	25
118	74	26
118	75	4
118	75	5
118	75	6
118	75	7
118	75	8
118	75	9
118	75	10
118	75	11
118	75	12
118	75	13
118	75	14
118	75	15
118	75	16
118	75	17
118	75	18
118	75	19
118	75	20
118	75	21
118	75	22
118	75	23
118	75	24
118	75	25
118	75	26
118	76	5
118	76	6
118	76	7
118	76	8
118	76	9
118	76	10
118	76	11
118	76	12
118	76	13
118	76	14
118	76	15
118	76	16
118	76	17
118	76	18
118	76	19
118	76	20
118	76	21
118	76	22
118	76	23
118	76	24
118	76	25
118	76	26
118	77	6
118	77	7
118	77	8
118	77	9
118	77	10
118	77	11
118	77	12
118	77	13
118	77	14
118	77	15
118	77	16
118	77	17
118	77	18
118	77	19
118	77	20
118	77	21
118	77	22
118	77	23
118	77	24
118	77	25
118	77	26
118	78	7
118	78	8
118	78	9
118	78	10
118	78	11
118	78	12
118	78	13
118	78	14
118	78	15
118	78	16
118	78	17
118	78	18
118	78	19
118	78	20
118	78	21
118	78	22
118	78	23
118	78	24
118	78	25
118	78	26
118	79	8
118	79	9
118	79	10
118	79	11
118	79	12
118	79	13
118	79	14
118	79	15
118	79	16
118	79	17
118	79	18
118	79	19
118	79	20
118	79	21
118	79	22
118	79	23
118	79	24
118	79	25
118	79	26
118	79	27
118	80	8
118	80	9
118	80	10
118	80	11
118	80	12
118	80	13
118	80	14
118	80	15
118	80	16
118	80	17
118	80	18
118	80	19
118	80	20
118	80	21
118	80	22
118	80	23
118	80	24
118	80	25
118	80	26
118	81	9
118	81	10
118	81	11
118	81	12
118	81	13
118	81	14
118	81	15
118	81	16
118	81	17
118	81	18
118	81	19
118	81	20
118	81	21
118	81	22
118	81	23
118	81	24
118	81	25
118	82	10
118	82	11
118	82	12
118	82	13
118	82	14
118	82	15
118	82	16
118	82	17
118	82	18
118	82	19
118	82	20
118	82	21
118	82	22
118	82	23
118	83	12
118	83	13
118	83	14
118	83	15
118	83	16
118	83	17
118	83	18
118	83	19
118	83	20
118	83	21
118	83	22
118	83	23
118	84	14
118	84	15
118	84	16
118	84	17
118	84	18
118	84	19
118	84	20
118	84	21
118	84	22
118	84	23
118	84	24
118	84	25
118	85	19
118	85	20
118	85	21
118	85	22
118	85	23
118	85	24
118	85	25
118	85	26
118	86	20
118	86	21
118	86	22
118	86	23
118	86	24
118	86	25
118	86	26
118	86	27
118	87	19
118	87	20
118	87	21
118	87	22
118	87	23
118	87	24
118	87	25
118	87	26
118	87	27
118	88	19
118	88	20
118	88	21
118	88	22
118	88	23
118	88	24
118	88	25
118	88	26
118	88	27
118	89	17
118	89	18
118	89	19
118	89	20
118	89	21
118	89	22
118	89	23
118	89	24
118	89	25
118	89	26
118	89	27
118	90	16
118	90	17
118	90	18
118	90	19
118	90	20
118	90	21
118	90	22
118	90	23
118	90	24
118	90	25
118	90	26
118	90	27
118	91	16
118	91	17
118	91	18
118	91	19
118	91	20
118	91	21
118	91	22
118	91	23
118	91	24
118	91	25
118	91	26
118	91	27
118	92	15
118	92	16
118	92	17
118	92	18
118	92	19
118	92	20
118	92	21
118	92	22
118	92	23
118	92	24
118	92	25
118	92	26
118	92	27
118	93	15
118	93	16
118	93	17
118	93	18
118	93	19
118	93	20
118	93	21
118	93	22
118	93	23
118	93	24
118	93	25
118	93	26
118	94	16
118	94	17
118	94	18
118	94	22
118	94	23
118	94	24
119	65	21
119	66	20
119	66	21
119	67	19
119	67	20
119	67	21
119	67	22
119	68	18
119	68	19
119	68	20
119	68	21
119	68	22
119	68	23
119	69	17
119	69	18
119	69	19
119	69	20
119	69	21
119	69	22
119	69	23
119	69	24
119	70	15
119	70	16
119	70	17
119	70	18
119	70	19
119	70	20
119	70	21
119	70	22
119	70	23
119	70	24
119	71	7
119	71	8
119	71	9
119	71	10
119	71	11
119	71	12
119	71	13
119	71	14
119	71	15
119	71	16
119	71	17
119	71	18
119	71	19
119	71	20
119	71	21
119	71	22
119	71	23
119	71	24
119	71	25
119	72	4
119	72	5
119	72	6
119	72	7
119	72	8
119	72	9
119	72	10
119	72	11
119	72	12
119	72	13
119	72	14
119	72	15
119	72	16
119	72	17
119	72	18
119	72	19
119	72	20
119	72	21
119	72	22
119	72	23
119	72	24
119	72	25
119	73	3
119	73	4
119	73	5
119	73	6
119	73	7
119	73	8
119	73	9
119	73	10
119	73	11
119	73	12
119	73	13
119	73	14
119	73	15
119	73	16
119	73	17
119	73	18
119	73	19
119	73	20
119	73	21
119	73	22
119	73	23
119	73	24
119	73	25
119	73	26
119	74	4
119	74	5
119	74	6
119	74	7
119	74	8
119	74	9
119	74	10
119	74	11
119	74	12
119	74	13
119	74	14
119	74	15
119	74	16
119	74	17
119	74	18
119	74	19
119	74	20
119	74	21
119	74	22
119	74	23
119	74	24
119	74	25
119	74	26
119	75	4
119	75	5
119	75	6
119	75	7
119	75	8
119	75	9
119	75	10
119	75	11
119	75	12
119	75	13
119	75	14
119	75	15
119	75	16
119	75	17
119	75	18
119	75	19
119	75	20
119	75	21
119	75	22
119	75	23
119	75	24
119	75	25
119	75	26
119	75	27
119	76	5
119	76	6
119	76	7
119	76	8
119	76	9
119	76	10
119	76	11
119	76	12
119	76	13
119	76	14
119	76	15
119	76	16
119	76	17
119	76	18
119	76	19
119	76	20
119	76	21
119	76	22
119	76	23
119	76	24
119	76	25
119	76	26
119	76	27
119	77	6
119	77	7
119	77	8
119	77	9
119	77	10
119	77	11
119	77	12
119	77	13
119	77	14
119	77	15
119	77	16
119	77	17
119	77	18
119	77	19
119	77	20
119	77	21
119	77	22
119	77	23
119	77	24
119	77	25
119	77	26
119	77	27
119	78	7
119	78	8
119	78	9
119	78	10
119	78	11
119	78	12
119	78	13
119	78	14
119	78	15
119	78	16
119	78	17
119	78	18
119	78	19
119	78	20
119	78	21
119	78	22
119	78	23
119	78	24
119	78	25
119	78	26
119	78	27
119	79	8
119	79	9
119	79	10
119	79	11
119	79	12
119	79	13
119	79	14
119	79	15
119	79	16
119	79	17
119	79	18
119	79	19
119	79	20
119	79	21
119	79	22
119	79	23
119	79	24
119	79	25
119	79	26
119	79	27
119	80	9
119	80	10
119	80	11
119	80	12
119	80	13
119	80	14
119	80	15
119	80	16
119	80	17
119	80	18
119	80	19
119	80	20
119	80	21
119	80	22
119	80	23
119	80	24
119	80	25
119	80	26
119	81	10
119	81	11
119	81	12
119	81	13
119	81	14
119	81	15
119	81	16
119	81	17
119	81	18
119	81	19
119	81	20
119	81	21
119	81	22
119	81	23
119	81	24
119	81	25
119	82	12
119	82	13
119	82	14
119	82	15
119	82	16
119	82	17
119	82	18
119	82	19
119	82	20
119	82	21
119	82	22
119	82	23
119	83	13
119	83	14
119	83	15
119	83	16
119	83	17
119	83	18
119	83	19
119	83	20
119	83	21
119	83	22
119	83	23
119	83	24
119	84	15
119	84	16
119	84	17
119	84	18
119	84	19
119	84	20
119	84	21
119	84	22
119	84	23
119	84	24
119	84	25
119	84	26
119	85	20
119	85	21
119	85	22
119	85	23
119	85	24
119	85	25
119	85	26
119	86	20
119	86	21
119	86	22
119	86	23
119	86	24
119	86	25
119	86	26
119	86	27
119	87	20
119	87	21
119	87	22
119	87	23
119	87	24
119	87	25
119	87	26
119	87	27
119	88	20
119	88	21
119	88	22
119	88	23
119	88	24
119	88	25
119	88	26
119	88	27
119	89	19
119	89	20
119	89	21
119	89	22
119	89	23
119	89	24
119	89	25
119	89	26
119	89	27
119	90	16
119	90	17
119	90	18
119	90	19
119	90	20
119	90	21
119	90	22
119	90	23
119	90	24
119	90	25
119	90	26
119	90	27
119	91	16
119	91	17
119	91	18
119	91	19
119	91	20
119	91	21
119	91	22
119	91	23
119	91	24
119	91	25
119	91	26
119	91	27
119	92	16
119	92	17
119	92	18
119	92	19
119	92	20
119	92	21
119	92	22
119	92	23
119	92	24
119	92	25
119	92	26
119	92	27
119	93	15
119	93	16
119	93	17
119	93	18
119	93	19
119	93	20
119	93	21
119	93	22
119	93	23
119	93	24
119	93	25
119	93	26
119	93	27
119	94	22
119	94	23
119	94	24
119	94	25
120	66	20
120	66	21
120	67	19
120	67	20
120	67	21
120	67	22
120	68	18
120	68	19
120	68	20
120	68	21
120	68	22
120	68	23
120	69	17
120	69	18
120	69	19
120	69	20
120	69	21
120	69	22
120	69	23
120	69	24
120	70	10
120	70	11
120	70	12
120	70	16
120	70	17
120	70	18
120	70	19
120	70	20
120	70	21
120	70	22
120	70	23
120	70	24
120	71	5
120	71	6
120	71	7
120	71	8
120	71	9
120	71	10
120	71	11
120	71	12
120	71	13
120	71	14
120	71	15
120	71	16
120	71	17
120	71	18
120	71	19
120	71	20
120	71	21
120	71	22
120	71	23
120	71	24
120	71	25
120	72	4
120	72	5
120	72	6
120	72	7
120	72	8
120	72	9
120	72	10
120	72	11
120	72	12
120	72	13
120	72	14
120	72	15
120	72	16
120	72	17
120	72	18
120	72	19
120	72	20
120	72	21
120	72	22
120	72	23
120	72	24
120	72	25
120	72	26
120	73	3
120	73	4
120	73	5
120	73	6
120	73	7
120	73	8
120	73	9
120	73	10
120	73	11
120	73	12
120	73	13
120	73	14
120	73	15
120	73	16
120	73	17
120	73	18
120	73	19
120	73	20
120	73	21
120	73	22
120	73	23
120	73	24
120	73	25
120	73	26
120	74	3
120	74	4
120	74	5
120	74	6
120	74	7
120	74	8
120	74	9
120	74	10
120	74	11
120	74	12
120	74	13
120	74	14
120	74	15
120	74	16
120	74	17
120	74	18
120	74	19
120	74	20
120	74	21
120	74	22
120	74	23
120	74	24
120	74	25
120	74	26
120	74	27
120	75	4
120	75	5
120	75	6
120	75	7
120	75	8
120	75	9
120	75	10
120	75	11
120	75	12
120	75	13
120	75	14
120	75	15
120	75	16
120	75	17
120	75	18
120	75	19
120	75	20
120	75	21
120	75	22
120	75	23
120	75	24
120	75	25
120	75	26
120	75	27
120	76	5
120	76	6
120	76	7
120	76	8
120	76	9
120	76	10
120	76	11
120	76	12
120	76	13
120	76	14
120	76	15
120	76	16
120	76	17
120	76	18
120	76	19
120	76	20
120	76	21
120	76	22
120	76	23
120	76	24
120	76	25
120	76	26
120	76	27
120	77	6
120	77	7
120	77	8
120	77	9
120	77	10
120	77	11
120	77	12
120	77	13
120	77	14
120	77	15
120	77	16
120	77	17
120	77	18
120	77	19
120	77	20
120	77	21
120	77	22
120	77	23
120	77	24
120	77	25
120	77	26
120	77	27
120	78	7
120	78	8
120	78	9
120	78	10
120	78	11
120	78	12
120	78	13
120	78	14
120	78	15
120	78	16
120	78	17
120	78	18
120	78	19
120	78	20
120	78	21
120	78	22
120	78	23
120	78	24
120	78	25
120	78	26
120	78	27
120	79	8
120	79	9
120	79	10
120	79	11
120	79	12
120	79	13
120	79	14
120	79	15
120	79	16
120	79	17
120	79	18
120	79	19
120	79	20
120	79	21
120	79	22
120	79	23
120	79	24
120	79	25
120	79	26
120	80	10
120	80	11
120	80	12
120	80	13
120	80	14
120	80	15
120	80	16
120	80	17
120	80	18
120	80	19
120	80	20
120	80	21
120	80	22
120	80	23
120	80	24
120	80	25
120	80	26
120	81	12
120	81	13
120	81	14
120	81	15
120	81	16
120	81	17
120	81	18
120	81	19
120	81	20
120	81	21
120	81	22
120	81	23
120	81	24
120	81	25
120	82	13
120	82	14
120	82	15
120	82	16
120	82	17
120	82	18
120	82	19
120	82	20
120	82	21
120	82	22
120	82	23
120	82	24
120	83	15
120	83	16
120	83	17
120	83	18
120	83	19
120	83	20
120	83	21
120	83	22
120	83	23
120	83	24
120	83	25
120	84	18
120	84	19
120	84	20
120	84	21
120	84	22
120	84	23
120	84	24
120	84	25
120	84	26
120	85	21
120	85	22
120	85	23
120	85	24
120	85	25
120	85	26
120	86	16
120	86	17
120	86	21
120	86	22
120	86	23
120	86	24
120	86	25
120	86	26
120	86	27
120	87	16
120	87	17
120	87	18
120	87	20
120	87	21
120	87	22
120	87	23
120	87	24
120	87	25
120	87	26
120	87	27
120	88	17
120	88	18
120	88	20
120	88	21
120	88	22
120	88	23
120	88	24
120	88	25
120	88	26
120	88	27
120	89	20
120	89	21
120	89	22
120	89	23
120	89	24
120	89	25
120	89	26
120	89	27
120	90	20
120	90	21
120	90	22
120	90	23
120	90	24
120	90	25
120	90	26
120	90	27
120	91	17
120	91	19
120	91	20
120	91	21
120	91	22
120	91	23
120	91	24
120	91	25
120	91	26
120	91	27
120	92	17
120	92	18
120	92	19
120	92	20
120	92	21
120	92	22
120	92	23
120	92	24
120	92	25
120	92	26
120	92	27
120	93	20
120	93	21
120	93	22
120	93	23
120	93	24
120	93	25
120	93	26
120	93	27
120	94	22
120	94	23
120	94	24
120	94	25
120	94	26
120	95	23
120	95	24
120	95	25
121	66	20
121	66	21
121	67	19
121	67	20
121	67	21
121	67	22
121	68	18
121	68	19
121	68	20
121	68	21
121	68	22
121	69	10
121	69	11
121	69	18
121	69	19
121	69	20
121	69	21
121	69	22
121	69	23
121	70	6
121	70	7
121	70	8
121	70	9
121	70	10
121	70	11
121	70	12
121	70	13
121	70	17
121	70	18
121	70	19
121	70	20
121	70	21
121	70	22
121	70	23
121	70	24
121	71	5
121	71	6
121	71	7
121	71	8
121	71	9
121	71	10
121	71	11
121	71	12
121	71	13
121	71	14
121	71	15
121	71	16
121	71	17
121	71	18
121	71	19
121	71	20
121	71	21
121	71	22
121	71	23
121	71	24
121	71	25
121	72	4
121	72	5
121	72	6
121	72	7
121	72	8
121	72	9
121	72	10
121	72	11
121	72	12
121	72	13
121	72	14
121	72	15
121	72	16
121	72	17
121	72	18
121	72	19
121	72	20
121	72	21
121	72	22
121	72	23
121	72	24
121	72	25
121	72	26
121	73	3
121	73	4
121	73	5
121	73	6
121	73	7
121	73	8
121	73	9
121	73	10
121	73	11
121	73	12
121	73	13
121	73	14
121	73	15
121	73	16
121	73	17
121	73	18
121	73	19
121	73	20
121	73	21
121	73	22
121	73	23
121	73	24
121	73	25
121	73	26
121	74	3
121	74	4
121	74	5
121	74	6
121	74	7
121	74	8
121	74	9
121	74	10
121	74	11
121	74	12
121	74	13
121	74	14
121	74	15
121	74	16
121	74	17
121	74	18
121	74	19
121	74	20
121	74	21
121	74	22
121	74	23
121	74	24
121	74	25
121	74	26
121	74	27
121	75	4
121	75	5
121	75	6
121	75	7
121	75	8
121	75	9
121	75	10
121	75	11
121	75	12
121	75	13
121	75	14
121	75	15
121	75	16
121	75	17
121	75	18
121	75	19
121	75	20
121	75	21
121	75	22
121	75	23
121	75	24
121	75	25
121	75	26
121	75	27
121	76	5
121	76	6
121	76	7
121	76	8
121	76	9
121	76	10
121	76	11
121	76	12
121	76	13
121	76	14
121	76	15
121	76	16
121	76	17
121	76	18
121	76	19
121	76	20
121	76	21
121	76	22
121	76	23
121	76	24
121	76	25
121	76	26
121	76	27
121	77	6
121	77	7
121	77	8
121	77	9
121	77	10
121	77	11
121	77	12
121	77	13
121	77	14
121	77	15
121	77	16
121	77	17
121	77	18
121	77	19
121	77	20
121	77	21
121	77	22
121	77	23
121	77	24
121	77	25
121	77	26
121	77	27
121	78	7
121	78	8
121	78	9
121	78	10
121	78	11
121	78	12
121	78	13
121	78	14
121	78	15
121	78	16
121	78	17
121	78	18
121	78	19
121	78	20
121	78	21
121	78	22
121	78	23
121	78	24
121	78	25
121	78	26
121	78	27
121	79	9
121	79	10
121	79	11
121	79	12
121	79	13
121	79	14
121	79	15
121	79	16
121	79	17
121	79	18
121	79	19
121	79	20
121	79	21
121	79	22
121	79	23
121	79	24
121	79	25
121	79	26
121	80	12
121	80	13
121	80	14
121	80	15
121	80	16
121	80	17
121	80	18
121	80	19
121	80	20
121	80	21
121	80	22
121	80	23
121	80	24
121	80	25
121	80	26
121	81	13
121	81	14
121	81	15
121	81	16
121	81	17
121	81	18
121	81	19
121	81	20
121	81	21
121	81	22
121	81	23
121	81	24
121	81	25
121	82	15
121	82	16
121	82	17
121	82	18
121	82	19
121	82	20
121	82	21
121	82	22
121	82	23
121	82	24
121	82	25
121	83	16
121	83	17
121	83	18
121	83	19
121	83	20
121	83	21
121	83	22
121	83	23
121	83	24
121	83	25
121	84	21
121	84	22
121	84	23
121	84	24
121	84	25
121	84	26
121	85	21
121	85	22
121	85	23
121	85	24
121	85	25
121	85	26
121	86	18
121	86	21
121	86	22
121	86	23
121	86	24
121	86	25
121	86	26
121	86	27
121	87	15
121	87	18
121	87	21
121	87	22
121	87	23
121	87	24
121	87	25
121	87	26
121	87	27
121	88	16
121	88	17
121	88	18
121	88	21
121	88	22
121	88	23
121	88	24
121	88	25
121	88	26
121	88	27
121	89	20
121	89	21
121	89	22
121	89	23
121	89	24
121	89	25
121	89	26
121	89	27
121	90	20
121	90	21
121	90	22
121	90	23
121	90	24
121	90	25
121	90	26
121	90	27
121	91	20
121	91	21
121	91	22
121	91	23
121	91	24
121	91	25
121	91	26
121	91	27
121	91	28
121	92	19
121	92	20
121	92	21
121	92	22
121	92	23
121	92	24
121	92	25
121	92	26
121	92	27
121	93	20
121	93	21
121	93	22
121	93	23
121	93	24
121	93	25
121	93	26
121	93	27
121	94	21
121	94	22
121	94	23
121	94	24
121	94	25
121	94	26
121	94	27
121	95	23
121	95	24
121	95	25
122	66	20
122	67	19
122	67	20
122	67	21
122	68	9
122	68	10
122	68	19
122	68	20
122	68	21
122	68	22
122	69	7
122	69	8
122	69	9
122	69	10
122	69	11
122	69	12
122	69	18
122	69	19
122	69	20
122	69	21
122	69	22
122	69	23
122	70	6
122	70	7
122	70	8
122	70	9
122	70	10
122	70	11
122	70	12
122	70	13
122	70	14
122	70	18
122	70	19
122	70	20
122	70	21
122	70	22
122	70	23
122	70	24
122	71	5
122	71	6
122	71	7
122	71	8
122	71	9
122	71	10
122	71	11
122	71	12
122	71	13
122	71	14
122	71	15
122	71	16
122	71	17
122	71	18
122	71	19
122	71	20
122	71	21
122	71	22
122	71	23
122	71	24
122	71	25
122	72	4
122	72	5
122	72	6
122	72	7
122	72	8
122	72	9
122	72	10
122	72	11
122	72	12
122	72	13
122	72	14
122	72	15
122	72	16
122	72	17
122	72	18
122	72	19
122	72	20
122	72	21
122	72	22
122	72	23
122	72	24
122	72	25
122	73	3
122	73	4
122	73	5
122	73	6
122	73	7
122	73	8
122	73	9
122	73	10
122	73	11
122	73	12
122	73	13
122	73	14
122	73	15
122	73	16
122	73	17
122	73	18
122	73	19
122	73	20
122	73	21
122	73	22
122	73	23
122	73	24
122	73	25
122	73	26
122	74	2
122	74	3
122	74	4
122	74	5
122	74	6
122	74	7
122	74	8
122	74	9
122	74	10
122	74	11
122	74	12
122	74	13
122	74	14
122	74	15
122	74	16
122	74	17
122	74	18
122	74	19
122	74	20
122	74	21
122	74	22
122	74	23
122	74	24
122	74	25
122	74	26
122	74	27
122	75	3
122	75	4
122	75	5
122	75	6
122	75	7
122	75	8
122	75	9
122	75	10
122	75	11
122	75	12
122	75	13
122	75	14
122	75	15
122	75	16
122	75	17
122	75	18
122	75	19
122	75	20
122	75	21
122	75	22
122	75	23
122	75	24
122	75	25
122	75	26
122	75	27
122	76	4
122	76	5
122	76	6
122	76	7
122	76	8
122	76	9
122	76	10
122	76	11
122	76	12
122	76	13
122	76	14
122	76	15
122	76	16
122	76	17
122	76	18
122	76	19
122	76	20
122	76	21
122	76	22
122	76	23
122	76	24
122	76	25
122	76	26
122	76	27
122	76	28
122	77	6
122	77	7
122	77	8
122	77	9
122	77	10
122	77	11
122	77	12
122	77	13
122	77	14
122	77	15
122	77	16
122	77	17
122	77	18
122	77	19
122	77	20
122	77	21
122	77	22
122	77	23
122	77	24
122	77	25
122	77	26
122	77	27
122	78	8
122	78	9
122	78	10
122	78	11
122	78	12
122	78	13
122	78	14
122	78	15
122	78	16
122	78	17
122	78	18
122	78	19
122	78	20
122	78	21
122	78	22
122	78	23
122	78	24
122	78	25
122	78	26
122	78	27
122	79	11
122	79	12
122	79	13
122	79	14
122	79	15
122	79	16
122	79	17
122	79	18
122	79	19
122	79	20
122	79	21
122	79	22
122	79	23
122	79	24
122	79	25
122	79	26
122	79	27
122	80	13
122	80	14
122	80	15
122	80	16
122	80	17
122	80	18
122	80	19
122	80	20
122	80	21
122	80	22
122	80	23
122	80	24
122	80	25
122	80	26
122	81	12
122	81	15
122	81	16
122	81	17
122	81	18
122	81	19
122	81	20
122	81	21
122	81	22
122	81	23
122	81	24
122	81	25
122	82	22
122	82	23
122	82	24
122	82	25
122	83	23
122	83	24
122	83	25
122	84	22
122	84	23
122	84	24
122	84	25
122	84	26
122	85	22
122	85	23
122	85	24
122	85	25
122	85	26
122	86	22
122	86	23
122	86	24
122	86	25
122	86	26
122	86	27
122	87	21
122	87	22
122	87	23
122	87	24
122	87	25
122	87	26
122	87	27
122	88	16
122	88	17
122	88	21
122	88	22
122	88	23
122	88	24
122	88	25
122	88	26
122	88	27
122	89	20
122	89	21
122	89	22
122	89	23
122	89	24
122	89	25
122	89	26
122	89	27
122	90	20
122	90	21
122	90	22
122	90	23
122	90	24
122	90	25
122	90	26
122	90	27
122	91	19
122	91	20
122	91	21
122	91	22
122	91	23
122	91	24
122	91	25
122	91	26
122	91	27
122	92	19
122	92	20
122	92	21
122	92	22
122	92	23
122	92	24
122	92	25
122	92	26
122	92	27
122	93	20
122	93	21
122	93	22
122	93	23
122	93	24
122	93	25
122	93	26
122	93	27
122	94	21
122	94	22
122	94	23
122	94	24
122	94	25
122	94	26
122	94	27
122	95	22
122	95	23
122	95	24
122	95	25
122	95	26
122	96	23
122	96	24
123	66	20
123	67	10
123	67	11
123	67	20
123	67	21
123	68	9
123	68	10
123	68	11
123	68	19
123	68	20
123	68	21
123	68	22
123	69	7
123	69	8
123	69	9
123	69	10
123	69	11
123	69	12
123	69	19
123	69	20
123	69	21
123	69	22
123	70	6
123	70	7
123	70	8
123	70	9
123	70	10
123	70	11
123	70	12
123	70	13
123	70	14
123	70	18
123	70	19
123	70	20
123	70	21
123	70	22
123	70	23
123	71	5
123	71	6
123	71	7
123	71	8
123	71	9
123	71	10
123	71	11
123	71	12
123	71	13
123	71	14
123	71	15
123	71	16
123	71	17
123	71	18
123	71	19
123	71	20
123	71	21
123	71	22
123	71	23
123	71	24
123	72	4
123	72	5
123	72	6
123	72	7
123	72	8
123	72	9
123	72	10
123	72	11
123	72	12
123	72	13
123	72	14
123	72	15
123	72	16
123	72	17
123	72	18
123	72	19
123	72	20
123	72	21
123	72	22
123	72	23
123	72	24
123	72	25
123	73	3
123	73	4
123	73	5
123	73	6
123	73	7
123	73	8
123	73	9
123	73	10
123	73	11
123	73	12
123	73	13
123	73	14
123	73	15
123	73	16
123	73	17
123	73	18
123	73	19
123	73	20
123	73	21
123	73	22
123	73	23
123	73	24
123	73	25
123	73	26
123	74	3
123	74	4
123	74	5
123	74	6
123	74	7
123	74	8
123	74	9
123	74	10
123	74	11
123	74	12
123	74	13
123	74	14
123	74	15
123	74	16
123	74	17
123	74	18
123	74	19
123	74	20
123	74	21
123	74	22
123	74	23
123	74	24
123	74	25
123	74	26
123	75	4
123	75	5
123	75	6
123	75	7
123	75	8
123	75	9
123	75	10
123	75	11
123	75	12
123	75	13
123	75	14
123	75	15
123	75	16
123	75	17
123	75	18
123	75	19
123	75	20
123	75	21
123	75	22
123	75	23
123	75	24
123	75	25
123	75	26
123	75	27
123	75	28
123	76	5
123	76	6
123	76	7
123	76	8
123	76	9
123	76	10
123	76	11
123	76	12
123	76	13
123	76	14
123	76	15
123	76	16
123	76	17
123	76	18
123	76	19
123	76	20
123	76	21
123	76	22
123	76	23
123	76	24
123	76	25
123	76	26
123	76	27
123	76	28
123	77	7
123	77	8
123	77	9
123	77	10
123	77	11
123	77	12
123	77	13
123	77	14
123	77	15
123	77	16
123	77	17
123	77	18
123	77	19
123	77	20
123	77	21
123	77	22
123	77	23
123	77	24
123	77	25
123	77	26
123	77	27
123	77	28
123	78	10
123	78	11
123	78	12
123	78	13
123	78	14
123	78	15
123	78	16
123	78	17
123	78	18
123	78	19
123	78	20
123	78	21
123	78	22
123	78	23
123	78	24
123	78	25
123	78	26
123	78	27
123	79	13
123	79	14
123	79	15
123	79	16
123	79	17
123	79	18
123	79	19
123	79	20
123	79	21
123	79	22
123	79	23
123	79	24
123	79	25
123	79	26
123	80	15
123	80	16
123	80	17
123	80	18
123	80	19
123	80	20
123	80	21
123	80	22
123	80	23
123	80	24
123	80	25
123	80	26
123	81	23
123	81	24
123	81	25
123	82	18
123	82	19
123	83	24
123	83	25
123	84	23
123	84	24
123	84	25
123	84	26
123	85	23
123	85	24
123	85	25
123	85	26
123	86	22
123	86	23
123	86	24
123	86	25
123	86	26
123	87	16
123	87	21
123	87	22
123	87	23
123	87	24
123	87	25
123	87	26
123	87	27
123	88	21
123	88	22
123	88	23
123	88	24
123	88	25
123	88	26
123	88	27
123	89	20
123	89	21
123	89	22
123	89	23
123	89	24
123	89	25
123	89	26
123	89	27
123	90	19
123	90	20
123	90	21
123	90	22
123	90	23
123	90	24
123	90	25
123	90	26
123	90	27
123	91	19
123	91	20
123	91	21
123	91	22
123	91	23
123	91	24
123	91	25
123	91	26
123	91	27
123	92	19
123	92	20
123	92	21
123	92	22
123	92	23
123	92	24
123	92	25
123	92	26
123	92	27
123	93	21
123	93	22
123	93	23
123	93	24
123	93	25
123	93	26
123	93	27
123	94	22
123	94	23
123	94	24
123	94	25
123	94	26
123	94	27
123	95	23
123	95	24
123	95	25
123	95	26
123	96	23
123	96	24
123	96	25
124	66	11
124	67	10
124	67	11
124	67	12
124	67	20
124	68	7
124	68	8
124	68	9
124	68	10
124	68	11
124	68	12
124	68	13
124	68	20
124	68	21
124	69	7
124	69	8
124	69	9
124	69	10
124	69	11
124	69	12
124	69	13
124	69	14
124	69	19
124	69	20
124	69	21
124	69	22
124	70	6
124	70	7
124	70	8
124	70	9
124	70	10
124	70	11
124	70	12
124	70	13
124	70	14
124	70	15
124	70	16
124	70	18
124	70	19
124	70	20
124	70	21
124	70	22
124	70	23
124	71	5
124	71	6
124	71	7
124	71	8
124	71	9
124	71	10
124	71	11
124	71	12
124	71	13
124	71	14
124	71	15
124	71	16
124	71	17
124	71	18
124	71	19
124	71	20
124	71	21
124	71	22
124	71	23
124	71	24
124	72	4
124	72	5
124	72	6
124	72	7
124	72	8
124	72	9
124	72	10
124	72	11
124	72	12
124	72	13
124	72	14
124	72	15
124	72	16
124	72	17
124	72	18
124	72	19
124	72	20
124	72	21
124	72	22
124	72	23
124	72	24
124	73	3
124	73	4
124	73	5
124	73	6
124	73	7
124	73	8
124	73	9
124	73	10
124	73	11
124	73	12
124	73	13
124	73	14
124	73	15
124	73	16
124	73	17
124	73	18
124	73	19
124	73	20
124	73	21
124	73	22
124	73	23
124	73	24
124	73	25
124	74	4
124	74	5
124	74	6
124	74	7
124	74	8
124	74	9
124	74	10
124	74	11
124	74	12
124	74	13
124	74	14
124	74	15
124	74	16
124	74	17
124	74	18
124	74	19
124	74	20
124	74	21
124	74	22
124	74	23
124	74	24
124	74	25
124	74	26
124	75	5
124	75	6
124	75	7
124	75	8
124	75	9
124	75	10
124	75	11
124	75	12
124	75	13
124	75	14
124	75	15
124	75	16
124	75	17
124	75	18
124	75	19
124	75	20
124	75	21
124	75	22
124	75	23
124	75	24
124	75	25
124	75	26
124	75	27
124	76	5
124	76	6
124	76	7
124	76	8
124	76	9
124	76	10
124	76	11
124	76	12
124	76	13
124	76	14
124	76	15
124	76	16
124	76	17
124	76	18
124	76	19
124	76	20
124	76	21
124	76	22
124	76	23
124	76	24
124	76	25
124	76	26
124	76	27
124	76	28
124	77	9
124	77	10
124	77	11
124	77	12
124	77	13
124	77	14
124	77	15
124	77	16
124	77	17
124	77	18
124	77	19
124	77	20
124	77	21
124	77	22
124	77	23
124	77	24
124	77	25
124	77	26
124	77	27
124	77	28
124	78	11
124	78	12
124	78	13
124	78	14
124	78	15
124	78	16
124	78	17
124	78	18
124	78	19
124	78	20
124	78	21
124	78	22
124	78	23
124	78	24
124	78	25
124	78	26
124	78	27
124	79	13
124	79	14
124	79	15
124	79	16
124	79	17
124	79	18
124	79	19
124	79	20
124	79	21
124	79	23
124	79	24
124	79	25
124	79	26
124	81	18
124	81	19
124	84	25
124	85	23
124	85	24
124	85	25
124	85	26
124	86	22
124	86	23
124	86	24
124	86	25
124	86	26
124	87	21
124	87	22
124	87	23
124	87	24
124	87	25
124	87	26
124	88	21
124	88	22
124	88	23
124	88	24
124	88	25
124	88	26
124	88	27
124	89	20
124	89	21
124	89	22
124	89	23
124	89	24
124	89	25
124	89	26
124	89	27
124	90	20
124	90	21
124	90	22
124	90	23
124	90	24
124	90	25
124	90	26
124	90	27
124	91	20
124	91	21
124	91	22
124	91	23
124	91	24
124	91	25
124	91	26
124	91	27
124	92	20
124	92	21
124	92	22
124	92	23
124	92	24
124	92	25
124	92	26
124	92	27
124	93	22
124	93	23
124	93	24
124	93	25
124	93	26
124	93	27
124	94	23
124	94	24
124	94	25
124	94	26
124	94	27
124	95	23
124	95	24
124	95	25
124	95	26
124	96	23
124	96	24
124	96	25
125	66	11
125	66	12
125	67	6
125	67	7
125	67	8
125	67	9
125	67	10
125	67	11
125	67	12
125	67	13
125	68	6
125	68	7
125	68	8
125	68	9
125	68	10
125	68	11
125	68	12
125	68	13
125	68	14
125	68	20
125	68	21
125	69	6
125	69	7
125	69	8
125	69	9
125	69	10
125	69	11
125	69	12
125	69	13
125	69	14
125	69	15
125	69	19
125	69	20
125	69	21
125	70	6
125	70	7
125	70	8
125	70	9
125	70	10
125	70	11
125	70	12
125	70	13
125	70	14
125	70	15
125	70	16
125	70	17
125	70	18
125	70	19
125	70	20
125	70	21
125	70	22
125	71	5
125	71	6
125	71	7
125	71	8
125	71	9
125	71	10
125	71	11
125	71	12
125	71	13
125	71	14
125	71	15
125	71	16
125	71	17
125	71	18
125	71	19
125	71	20
125	71	21
125	71	22
125	71	23
125	72	4
125	72	5
125	72	6
125	72	7
125	72	8
125	72	9
125	72	10
125	72	11
125	72	12
125	72	13
125	72	14
125	72	15
125	72	16
125	72	17
125	72	18
125	72	19
125	72	20
125	72	21
125	72	22
125	72	23
125	72	24
125	73	3
125	73	4
125	73	5
125	73	6
125	73	7
125	73	8
125	73	9
125	73	10
125	73	11
125	73	12
125	73	13
125	73	14
125	73	15
125	73	16
125	73	17
125	73	18
125	73	19
125	73	20
125	73	21
125	73	22
125	73	23
125	73	24
125	74	4
125	74	5
125	74	6
125	74	7
125	74	8
125	74	9
125	74	10
125	74	11
125	74	12
125	74	13
125	74	14
125	74	15
125	74	16
125	74	17
125	74	18
125	74	19
125	74	20
125	74	21
125	74	22
125	74	23
125	74	24
125	74	25
125	75	5
125	75	6
125	75	7
125	75	8
125	75	9
125	75	10
125	75	11
125	75	12
125	75	13
125	75	14
125	75	15
125	75	16
125	75	17
125	75	18
125	75	19
125	75	20
125	75	21
125	75	22
125	75	23
125	75	24
125	75	25
125	76	6
125	76	7
125	76	8
125	76	9
125	76	10
125	76	11
125	76	12
125	76	13
125	76	14
125	76	15
125	76	16
125	76	17
125	76	18
125	76	19
125	76	20
125	76	21
125	76	22
125	76	23
125	76	24
125	76	25
125	76	26
125	76	27
125	77	9
125	77	10
125	77	11
125	77	12
125	77	13
125	77	14
125	77	15
125	77	16
125	77	17
125	77	18
125	77	19
125	77	20
125	77	21
125	77	22
125	77	23
125	77	25
125	77	26
125	77	27
125	78	11
125	78	12
125	78	13
125	78	14
125	78	15
125	78	16
125	78	17
125	78	18
125	78	19
125	79	14
125	79	15
125	79	16
125	85	24
125	85	25
125	86	23
125	86	24
125	86	25
125	86	26
125	87	24
125	87	25
125	87	26
125	88	23
125	88	24
125	88	25
125	88	26
125	89	23
125	89	24
125	89	25
125	89	26
125	89	27
125	90	23
125	90	24
125	90	25
125	90	26
125	90	27
125	91	22
125	91	23
125	91	24
125	91	25
125	91	26
125	91	27
125	92	22
125	92	23
125	92	24
125	92	25
125	92	26
125	92	27
125	93	24
125	93	25
125	93	26
125	93	27
125	94	24
125	94	25
125	94	26
125	94	27
125	95	24
125	95	25
125	95	26
125	96	24
126	66	5
126	66	6
126	66	7
126	66	8
126	66	9
126	66	10
126	66	11
126	66	12
126	67	5
126	67	6
126	67	7
126	67	8
126	67	9
126	67	10
126	67	11
126	67	12
126	67	13
126	68	5
126	68	6
126	68	7
126	68	8
126	68	9
126	68	10
126	68	11
126	68	12
126	68	13
126	68	14
126	68	20
126	69	5
126	69	6
126	69	7
126	69	8
126	69	9
126	69	10
126	69	11
126	69	12
126	69	13
126	69	14
126	69	15
126	69	16
126	69	19
126	69	20
126	69	21
126	70	5
126	70	6
126	70	7
126	70	8
126	70	9
126	70	10
126	70	11
126	70	12
126	70	13
126	70	14
126	70	15
126	70	16
126	70	17
126	70	18
126	70	19
126	70	20
126	70	21
126	70	22
126	71	5
126	71	6
126	71	7
126	71	8
126	71	9
126	71	10
126	71	11
126	71	12
126	71	13
126	71	14
126	71	15
126	71	16
126	71	17
126	71	18
126	71	19
126	71	20
126	71	21
126	71	22
126	71	23
126	72	4
126	72	5
126	72	6
126	72	7
126	72	8
126	72	9
126	72	10
126	72	11
126	72	12
126	72	13
126	72	14
126	72	15
126	72	16
126	72	17
126	72	18
126	72	19
126	72	20
126	72	21
126	72	22
126	72	23
126	73	4
126	73	5
126	73	6
126	73	7
126	73	8
126	73	9
126	73	10
126	73	11
126	73	12
126	73	13
126	73	14
126	73	15
126	73	16
126	73	17
126	73	18
126	73	19
126	73	20
126	73	21
126	73	22
126	73	23
126	73	24
126	74	5
126	74	6
126	74	7
126	74	8
126	74	9
126	74	10
126	74	11
126	74	12
126	74	13
126	74	14
126	74	15
126	74	16
126	74	17
126	74	18
126	74	19
126	74	20
126	74	21
126	74	22
126	74	23
126	74	24
126	75	5
126	75	6
126	75	7
126	75	8
126	75	9
126	75	10
126	75	11
126	75	12
126	75	13
126	75	14
126	75	15
126	75	16
126	75	17
126	75	18
126	75	19
126	75	20
126	75	21
126	75	22
126	75	23
126	76	6
126	76	7
126	76	8
126	76	9
126	76	10
126	76	11
126	76	12
126	76	13
126	76	14
126	76	15
126	76	16
126	76	17
126	76	18
126	76	19
126	76	20
126	76	21
126	77	9
126	77	10
126	77	11
126	77	12
126	77	13
126	77	14
126	77	15
126	77	16
126	77	17
126	77	18
126	77	19
126	78	11
126	78	12
126	78	13
126	78	14
126	78	15
126	78	16
126	78	17
126	79	14
126	79	15
126	86	25
126	86	26
126	87	25
126	87	26
126	88	25
126	88	26
126	89	25
126	89	26
126	90	24
126	90	25
126	90	26
126	91	24
126	91	25
126	91	26
126	92	23
126	92	24
126	92	25
126	92	26
126	93	25
126	93	26
126	94	25
126	94	26
126	95	25
126	95	26
127	65	5
127	65	6
127	65	7
127	65	8
127	65	9
127	65	10
127	66	5
127	66	6
127	66	7
127	66	8
127	66	9
127	66	10
127	66	11
127	66	12
127	67	4
127	67	5
127	67	6
127	67	7
127	67	8
127	67	9
127	67	10
127	67	11
127	67	12
127	67	13
127	68	4
127	68	5
127	68	6
127	68	7
127	68	8
127	68	9
127	68	10
127	68	11
127	68	12
127	68	13
127	68	14
127	68	15
127	68	20
127	69	4
127	69	5
127	69	6
127	69	7
127	69	8
127	69	9
127	69	10
127	69	11
127	69	12
127	69	13
127	69	14
127	69	15
127	69	16
127	69	19
127	69	20
127	70	4
127	70	5
127	70	6
127	70	7
127	70	8
127	70	9
127	70	10
127	70	11
127	70	12
127	70	13
127	70	14
127	70	15
127	70	16
127	70	17
127	70	18
127	70	19
127	70	20
127	70	21
127	71	4
127	71	5
127	71	6
127	71	7
127	71	8
127	71	9
127	71	10
127	71	11
127	71	12
127	71	13
127	71	14
127	71	15
127	71	16
127	71	17
127	71	18
127	71	19
127	71	20
127	71	21
127	71	22
127	72	4
127	72	5
127	72	6
127	72	7
127	72	8
127	72	9
127	72	10
127	72	11
127	72	12
127	72	13
127	72	14
127	72	15
127	72	16
127	72	17
127	72	18
127	72	19
127	72	20
127	72	21
127	72	22
127	73	5
127	73	6
127	73	7
127	73	8
127	73	9
127	73	10
127	73	11
127	73	12
127	73	13
127	73	14
127	73	15
127	73	16
127	73	17
127	73	18
127	73	19
127	73	20
127	73	21
127	73	22
127	74	5
127	74	6
127	74	7
127	74	8
127	74	9
127	74	10
127	74	11
127	74	12
127	74	13
127	74	14
127	74	15
127	74	16
127	74	17
127	74	18
127	74	19
127	74	20
127	74	21
127	74	22
127	75	6
127	75	7
127	75	8
127	75	9
127	75	10
127	75	11
127	75	12
127	75	13
127	75	14
127	75	15
127	75	16
127	75	17
127	75	18
127	75	19
127	75	20
127	75	21
127	76	7
127	76	8
127	76	9
127	76	10
127	76	11
127	76	12
127	76	13
127	76	14
127	76	15
127	76	16
127	76	17
127	76	18
127	76	19
127	76	20
127	77	8
127	77	9
127	77	10
127	77	11
127	77	12
127	77	13
127	77	14
127	77	15
127	77	16
127	77	17
127	77	18
127	78	10
127	78	11
127	78	12
127	78	13
127	78	14
127	78	15
127	78	16
127	78	17
127	79	13
127	79	14
127	79	15
127	86	26
127	87	26
127	88	26
127	89	26
127	90	26
127	91	25
127	91	26
127	92	25
