#i	j	k
0	11	47
0	11	48
0	12	45
0	12	46
0	12	47
0	12	48
0	13	45
0	13	46
0	13	47
0	13	48
0	14	45
0	14	46
0	14	47
0	14	48
0	15	44
0	15	45
0	15	46
0	15	47
0	15	48
0	16	43
0	16	44
0	16	45
0	16	46
0	16	47
0	16	48
0	17	42
0	17	43
0	17	44
0	17	45
0	17	46
0	17	47
0	17	48
0	18	42
0	18	43
0	18	44
0	18	45
0	18	46
0	18	47
0	19	42
0	19	43
0	19	44
0	19	45
0	19	46
0	20	42
0	20	43
0	20	44
0	20	45
0	20	46
0	21	42
0	21	43
0	21	44
0	21	45
0	22	41
0	22	42
0	22	43
0	22	44
0	23	44
1	13	46
1	13	47
1	13	48
1	14	45
1	14	46
1	14	47
1	14	48
1	15	44
1	15	45
1	15	46
1	15	47
1	15	48
1	16	43
1	16	44
1	16	45
1	16	46
1	16	47
1	16	48
1	17	43
1	17	44
1	17	45
1	17	46
1	17	47
1	17	48
1	18	43
1	18	44
1	18	45
1	18	46
1	18	47
1	19	43
1	19	44
1	19	45
1	19	46
1	21	43
1	22	43
1	23	42
1	23	43
2	14	47
2	14	48
2	15	46
2	15	47
2	16	44
2	16	45
2	16	46
2	16	47
2	16	48
2	16	49
2	17	44
2	17	45
2	17	46
2	17	47
2	17	49
2	18	44
2	18	45
2	18	46
2	18	47
2	18	50
2	18	51
2	18	52
3	16	49
3	17	45
3	17	46
3	17	49
3	17	50
3	17	51
3	18	49
3	18	50
3	18	51
3	18	52
3	19	49
3	19	50
3	19	51
3	19	52
3	19	53
3	20	49
3	20	50
3	20	51
3	21	49
3	21	50
3	21	51
3	22	49
3	22	50
4	16	49
4	16	50
4	16	51
4	17	49
4	17	50
4	17	51
4	18	48
4	18	49
4	18	50
4	18	51
4	18	52
4	18	53
4	19	48
4	19	49
4	19	50
4	19	51
4	19	52
4	19	53
4	19	54
4	20	48
4	20	49
4	20	50
4	20	51
4	20	52
4	20	53
4	21	48
4	21	49
4	21	50
4	21	51
4	21	52
4	22	49
4	22	50
4	22	51
4	23	49
4	23	50
5	16	48
5	16	49
5	16	50
5	16	51
5	17	48
5	17	49
5	17	50
5	17	51
5	17	52
5	17	53
5	18	48
5	18	49
5	18	50
5	18	51
5	18	52
5	18	53
5	19	48
5	19	49
5	19	50
5	19	51
5	19	52
5	19	53
5	19	54
5	20	48
5	20	49
5	20	50
5	20	51
5	20	52
5	20	53
5	20	54
5	21	48
5	21	49
5	21	50
5	21	51
5	21	52
5	21	53
5	22	48
5	22	49
5	22	50
5	22	51
5	22	52
5	23	48
5	23	49
5	23	50
5	23	51
6	16	48
6	16	52
6	17	48
6	17	49
6	17	50
6	17	51
6	17	52
6	17	53
6	17	54
6	18	48
6	18	49
6	18	50
6	18	51
6	18	52
6	18	53
6	18	54
6	19	48
6	19	49
6	19	50
6	19	51
6	19	52
6	19	53
6	19	54
6	20	48
6	20	49
6	20	50
6	20	51
6	20	52
6	20	53
6	20	54
6	20	55
6	21	48
6	21	49
6	21	50
6	21	51
6	21	52
6	21	53
6	22	47
6	22	48
6	22	49
6	22	50
6	22	51
6	22	52
6	23	47
6	23	48
6	23	49
6	23	50
6	23	51
6	24	48
6	24	49
6	24	50
7	16	52
7	16	53
7	16	54
7	16	55
7	17	49
7	17	50
7	17	51
7	17	52
7	17	53
7	17	54
7	17	55
7	18	49
7	18	50
7	18	51
7	18	52
7	18	53
7	18	54
7	18	55
7	19	49
7	19	50
7	19	51
7	19	52
7	19	53
7	19	54
7	19	55
7	20	49
7	20	50
7	20	51
7	20	52
7	20	53
7	20	54
7	20	55
7	21	48
7	21	49
7	21	50
7	21	51
7	21	54
7	22	48
7	22	49
7	22	50
7	23	47
7	23	48
7	23	49
7	23	50
7	24	48
7	24	49
7	24	50
8	15	54
8	15	55
8	15	56
8	16	52
8	16	53
8	16	54
8	16	55
8	16	56
8	17	52
8	17	53
8	17	54
8	17	55
8	17	56
8	18	52
8	18	53
8	18	54
8	18	55
8	18	56
8	19	52
8	19	53
8	19	54
8	19	55
8	19	56
8	20	53
8	20	54
8	20	55
8	21	54
8	23	48
8	23	49
8	23	50
8	24	48
8	24	49
8	24	50
9	15	53
9	15	54
9	15	55
9	15	56
9	15	57
9	16	53
9	16	54
9	16	55
9	16	56
9	16	57
9	17	53
9	17	54
9	17	55
9	17	56
9	17	57
9	18	53
9	18	54
9	18	55
9	18	56
9	19	53
9	19	54
9	19	55
9	19	56
9	20	53
9	20	54
9	20	55
9	21	53
9	21	54
9	22	53
9	24	48
9	24	49
9	24	50
10	14	54
10	14	55
10	15	54
10	15	55
10	16	54
10	16	55
10	16	56
10	17	54
10	17	55
10	17	56
10	18	52
10	18	53
10	18	54
10	18	55
10	19	52
10	19	53
10	19	54
10	19	55
10	20	52
10	20	53
10	20	54
10	21	52
10	21	53
10	22	52
11	15	55
11	16	55
11	17	53
11	17	54
11	17	55
11	18	52
11	18	53
11	18	54
11	18	55
11	19	51
11	19	52
11	19	53
11	19	54
11	20	51
11	20	52
11	20	53
11	21	49
11	21	50
11	21	51
11	21	52
11	21	53
11	22	52
12	16	54
12	17	53
12	17	54
12	18	52
12	18	53
12	18	54
12	19	49
12	19	50
12	19	51
12	19	52
12	19	53
12	19	54
12	20	49
12	20	50
12	20	51
12	20	52
12	20	53
12	21	49
12	21	50
12	21	51
12	21	52
12	22	48
12	22	49
12	22	50
13	17	53
13	18	50
13	18	51
13	18	52
13	18	53
13	18	54
13	19	49
13	19	50
13	19	51
13	19	52
13	19	53
13	20	49
13	20	50
13	20	51
13	20	52
13	21	48
13	21	49
13	21	50
13	22	48
14	20	49
60	11	47
60	12	47
60	17	42
60	17	43
60	17	44
60	17	45
60	18	42
60	18	43
60	18	44
60	19	41
60	19	42
60	19	43
61	10	47
61	11	46
61	11	47
61	12	46
61	12	47
61	13	46
61	14	46
61	15	46
61	15	47
61	16	43
61	16	44
61	16	45
61	16	46
61	16	47
61	17	42
61	17	43
61	17	44
61	17	45
61	17	46
61	18	42
61	18	43
61	18	44
61	18	45
61	19	41
61	19	42
61	19	43
61	19	44
61	19	45
61	20	42
61	20	43
61	20	44
62	10	47
62	11	46
62	11	47
62	11	48
62	12	45
62	12	46
62	12	47
62	13	45
62	13	46
62	13	47
62	14	45
62	14	46
62	14	47
62	15	44
62	15	45
62	15	46
62	15	47
62	16	43
62	16	44
62	16	45
62	16	46
62	16	47
62	17	42
62	17	43
62	17	44
62	17	45
62	17	46
62	17	47
62	18	41
62	18	42
62	18	43
62	18	44
62	18	45
62	18	46
62	19	41
62	19	42
62	19	43
62	19	44
62	19	45
62	19	46
62	20	42
62	20	43
62	20	44
62	20	45
62	20	46
62	21	43
63	10	48
63	11	46
63	11	47
63	11	48
63	12	45
63	12	46
63	12	47
63	13	45
63	13	46
63	13	47
63	14	45
63	14	46
63	14	47
63	15	44
63	15	45
63	15	46
63	15	47
63	15	48
63	16	43
63	16	44
63	16	45
63	16	46
63	16	47
63	16	48
63	17	42
63	17	43
63	17	44
63	17	45
63	17	46
63	17	47
63	18	41
63	18	42
63	18	43
63	18	44
63	18	45
63	18	46
63	19	41
63	19	42
63	19	43
63	19	44
63	19	45
63	19	46
63	20	42
63	20	43
63	20	44
63	20	45
63	20	46
63	21	42
63	21	43
63	21	44
63	21	45
