#i	j	k
26	53	4
26	53	5
26	53	6
27	52	3
27	52	4
27	52	5
27	53	3
27	53	4
27	53	5
27	53	6
27	54	3
27	54	4
27	54	5
27	54	6
27	55	4
28	50	3
28	51	2
28	51	3
28	51	4
28	52	2
28	52	3
28	52	4
28	52	5
28	52	6
28	53	2
28	53	3
28	53	4
28	53	5
28	53	6
28	53	7
28	54	3
28	54	4
28	54	5
28	54	6
28	55	3
28	55	4
28	55	5
29	49	3
29	50	1
29	50	2
29	50	3
29	50	4
29	51	1
29	51	2
29	51	3
29	51	4
29	51	5
29	52	1
29	52	2
29	52	3
29	52	4
29	52	5
29	52	6
29	53	1
29	53	2
29	53	3
29	53	4
29	53	5
29	53	6
29	53	7
29	54	2
29	54	3
29	54	4
29	54	5
29	54	6
29	55	3
29	55	4
30	49	1
30	49	2
30	49	3
30	50	1
30	50	2
30	50	3
30	50	4
30	51	0
30	51	1
30	51	2
30	51	3
30	51	4
30	51	5
30	52	0
30	52	1
30	52	2
30	52	3
30	52	4
30	52	5
30	52	6
30	53	0
30	53	1
30	53	2
30	53	3
30	53	4
30	53	5
30	53	6
30	53	7
30	54	0
30	54	1
30	54	2
30	54	3
30	54	4
30	54	5
30	54	6
30	54	7
30	55	2
30	55	3
31	49	1
31	50	1
31	50	2
31	50	3
31	50	4
31	51	0
31	51	1
31	51	2
31	51	3
31	51	4
31	51	5
31	51	63
31	52	0
31	52	1
31	52	2
31	52	3
31	52	4
31	52	5
31	52	6
31	53	0
31	53	1
31	53	2
31	53	3
31	53	4
31	53	5
31	53	6
31	53	7
31	54	0
31	54	1
31	54	2
31	54	3
31	54	4
31	54	5
31	54	6
31	54	7
31	54	8
31	55	0
31	55	1
31	55	2
31	55	3
31	55	6
31	55	7
31	55	8
31	55	9
31	56	2
31	56	12
32	50	0
32	50	1
32	50	2
32	50	3
32	50	63
32	51	0
32	51	1
32	51	2
32	51	3
32	51	4
32	51	5
32	51	63
32	52	0
32	52	1
32	52	2
32	52	3
32	52	4
32	52	5
32	52	6
32	52	63
32	53	0
32	53	1
32	53	2
32	53	3
32	53	4
32	53	5
32	53	6
32	53	7
32	53	63
32	54	0
32	54	1
32	54	2
32	54	3
32	54	4
32	54	5
32	54	6
32	54	7
32	54	8
32	54	63
32	55	0
32	55	1
32	55	2
32	55	3
32	55	6
32	55	7
32	55	8
32	55	9
32	55	10
32	55	11
32	55	12
32	55	13
32	56	0
32	56	1
32	56	2
32	56	7
32	56	8
32	56	9
32	56	10
32	56	11
32	56	12
32	57	11
33	50	0
33	50	1
33	50	63
33	51	0
33	51	1
33	51	2
33	51	3
33	51	4
33	51	5
33	51	62
33	51	63
33	52	0
33	52	1
33	52	2
33	52	3
33	52	4
33	52	5
33	52	6
33	52	62
33	52	63
33	53	0
33	53	1
33	53	2
33	53	3
33	53	4
33	53	5
33	53	6
33	53	61
33	53	62
33	53	63
33	54	0
33	54	1
33	54	2
33	54	3
33	54	4
33	54	5
33	54	6
33	54	7
33	54	8
33	54	10
33	54	61
33	54	62
33	54	63
33	55	0
33	55	1
33	55	2
33	55	3
33	55	6
33	55	7
33	55	8
33	55	9
33	55	10
33	55	11
33	55	12
33	55	13
33	55	61
33	55	62
33	55	63
33	56	0
33	56	1
33	56	2
33	56	7
33	56	8
33	56	9
33	56	10
33	56	11
33	56	12
33	57	8
33	57	9
33	57	10
33	57	11
33	58	8
33	58	9
33	58	10
34	51	0
34	51	1
34	51	62
34	51	63
34	52	0
34	52	1
34	52	3
34	52	4
34	52	5
34	52	62
34	52	63
34	53	0
34	53	1
34	53	3
34	53	4
34	53	5
34	53	6
34	53	61
34	53	62
34	53	63
34	54	0
34	54	1
34	54	2
34	54	3
34	54	4
34	54	5
34	54	6
34	54	7
34	54	10
34	54	11
34	54	61
34	54	62
34	54	63
34	55	0
34	55	1
34	55	2
34	55	3
34	55	5
34	55	6
34	55	7
34	55	8
34	55	9
34	55	10
34	55	11
34	55	12
34	55	13
34	55	61
34	55	62
34	55	63
34	56	0
34	56	2
34	56	5
34	56	6
34	56	7
34	56	8
34	56	9
34	56	10
34	56	11
34	56	12
34	57	5
34	57	6
34	57	7
34	57	8
34	57	9
34	57	10
34	57	11
34	58	6
34	58	7
34	58	8
34	58	9
34	58	10
34	58	11
34	59	7
34	59	8
34	59	9
34	59	10
34	59	11
35	51	0
35	51	61
35	51	62
35	51	63
35	52	0
35	52	61
35	52	62
35	52	63
35	53	0
35	53	3
35	53	4
35	53	5
35	53	6
35	53	61
35	53	62
35	53	63
35	54	0
35	54	2
35	54	3
35	54	4
35	54	5
35	54	6
35	54	7
35	54	9
35	54	10
35	54	11
35	54	12
35	54	61
35	54	62
35	54	63
35	55	0
35	55	1
35	55	2
35	55	3
35	55	4
35	55	5
35	55	6
35	55	7
35	55	8
35	55	9
35	55	10
35	55	11
35	55	12
35	56	4
35	56	5
35	56	6
35	56	7
35	56	8
35	56	9
35	56	10
35	56	11
35	56	12
35	57	5
35	57	6
35	57	7
35	57	8
35	57	9
35	57	10
35	57	11
35	57	12
35	58	6
35	58	7
35	58	8
35	58	9
35	58	10
35	58	11
35	58	12
35	59	6
35	59	7
35	59	8
35	59	9
35	59	10
35	59	11
35	59	12
35	60	6
35	60	7
35	60	8
35	60	9
35	60	10
35	60	11
35	60	12
36	50	61
36	50	62
36	51	60
36	51	61
36	51	62
36	51	63
36	52	60
36	52	61
36	52	62
36	52	63
36	53	6
36	53	60
36	53	61
36	53	62
36	53	63
36	54	2
36	54	3
36	54	4
36	54	5
36	54	6
36	54	7
36	54	8
36	54	9
36	54	10
36	54	11
36	54	12
36	55	0
36	55	4
36	55	5
36	55	6
36	55	7
36	55	8
36	55	9
36	55	10
36	55	11
36	55	12
36	56	3
36	56	4
36	56	5
36	56	6
36	56	7
36	56	8
36	56	9
36	56	10
36	56	11
36	57	2
36	57	3
36	57	5
36	57	6
36	57	7
36	57	8
36	57	9
36	57	10
36	57	11
36	57	12
36	58	2
36	58	3
36	58	5
36	58	6
36	58	7
36	58	8
36	58	9
36	58	10
36	58	11
36	58	12
36	58	13
36	59	3
36	59	5
36	59	6
36	59	7
36	59	8
36	59	9
36	59	10
36	59	11
36	59	12
36	59	13
36	60	3
36	60	5
36	60	6
36	60	7
36	60	8
36	60	9
36	60	10
36	60	11
36	60	12
36	61	3
36	61	5
36	61	6
36	61	7
36	61	8
36	61	9
36	61	10
36	61	11
36	62	4
36	63	5
37	50	61
37	50	62
37	51	61
37	51	62
37	51	63
37	52	62
37	53	5
37	53	6
37	53	7
37	53	8
37	53	9
37	53	10
37	54	4
37	54	5
37	54	6
37	54	7
37	54	8
37	54	9
37	54	10
37	54	11
37	55	4
37	55	5
37	55	6
37	55	7
37	55	8
37	55	9
37	55	10
37	55	11
37	55	12
37	56	3
37	56	4
37	56	5
37	56	6
37	56	7
37	56	8
37	56	9
37	56	10
37	56	11
37	56	12
37	57	2
37	57	3
37	57	4
37	57	5
37	57	6
37	57	7
37	57	8
37	57	9
37	57	10
37	57	11
37	57	12
37	58	2
37	58	3
37	58	4
37	58	5
37	58	6
37	58	7
37	58	8
37	58	9
37	58	10
37	58	11
37	58	12
37	58	13
37	59	2
37	59	3
37	59	4
37	59	5
37	59	6
37	59	7
37	59	8
37	59	9
37	59	10
37	59	11
37	59	12
37	59	13
37	60	3
37	60	4
37	60	5
37	60	6
37	60	7
37	60	8
37	60	9
37	60	10
37	60	11
37	60	12
37	61	3
37	61	4
37	61	5
37	61	6
37	61	7
37	61	8
37	61	9
37	61	10
37	61	11
37	61	12
37	62	4
37	62	5
37	62	6
37	62	7
37	62	8
37	62	9
37	62	10
37	62	11
37	62	12
37	63	5
37	63	6
37	63	7
38	52	7
38	52	8
38	53	5
38	53	6
38	53	7
38	53	8
38	53	9
38	53	10
38	54	4
38	54	5
38	54	6
38	54	7
38	54	8
38	54	9
38	54	10
38	54	11
38	55	4
38	55	5
38	55	6
38	55	7
38	55	8
38	55	9
38	55	10
38	55	11
38	55	12
38	56	2
38	56	3
38	56	4
38	56	5
38	56	6
38	56	7
38	56	8
38	56	9
38	56	10
38	56	11
38	56	12
38	57	1
38	57	2
38	57	3
38	57	4
38	57	5
38	57	6
38	57	7
38	57	8
38	57	9
38	57	10
38	57	11
38	57	12
38	58	2
38	58	3
38	58	4
38	58	5
38	58	6
38	58	7
38	58	8
38	58	9
38	58	10
38	58	11
38	58	12
38	58	13
38	59	2
38	59	3
38	59	4
38	59	5
38	59	6
38	59	7
38	59	8
38	59	9
38	59	10
38	59	11
38	59	12
38	60	3
38	60	4
38	60	5
38	60	6
38	60	7
38	60	8
38	60	9
38	60	10
38	60	11
38	61	3
38	61	4
38	61	5
38	61	6
38	61	7
38	61	8
38	61	9
38	61	10
38	61	11
38	61	12
38	61	13
38	62	4
38	62	5
38	62	6
38	62	7
38	62	8
38	62	9
38	62	10
38	62	11
38	62	12
38	63	5
38	63	6
38	63	7
38	63	8
38	63	11
38	63	12
39	52	6
39	52	7
39	52	8
39	53	4
39	53	5
39	53	6
39	53	7
39	53	8
39	53	9
39	53	10
39	53	11
39	54	4
39	54	5
39	54	6
39	54	7
39	54	8
39	54	9
39	54	10
39	54	11
39	54	12
39	55	4
39	55	5
39	55	6
39	55	7
39	55	8
39	55	9
39	55	10
39	55	11
39	55	12
39	56	2
39	56	3
39	56	4
39	56	5
39	56	6
39	56	7
39	56	8
39	56	9
39	56	10
39	56	11
39	56	12
39	57	2
39	57	3
39	57	4
39	57	5
39	57	6
39	57	7
39	57	8
39	57	9
39	57	10
39	57	11
39	57	12
39	58	2
39	58	3
39	58	4
39	58	5
39	58	6
39	58	7
39	58	8
39	58	9
39	58	10
39	58	11
39	58	12
39	59	2
39	59	3
39	59	4
39	59	5
39	59	6
39	59	7
39	59	8
39	59	9
39	59	10
39	59	11
39	60	3
39	60	4
39	60	5
39	60	6
39	60	7
39	60	8
39	60	9
39	60	10
39	61	3
39	61	4
39	61	5
39	61	6
39	61	7
39	61	8
39	61	9
39	61	10
39	61	11
39	61	12
39	62	4
39	62	5
39	62	6
39	62	7
39	62	8
39	62	9
39	62	10
39	62	11
39	63	5
39	63	6
39	63	7
39	63	8
40	52	5
40	52	6
40	52	7
40	52	8
40	52	9
40	53	5
40	53	6
40	53	7
40	53	8
40	53	9
40	53	10
40	53	11
40	54	4
40	54	5
40	54	6
40	54	7
40	54	8
40	54	9
40	54	10
40	54	11
40	55	4
40	55	5
40	55	6
40	55	7
40	55	8
40	55	9
40	55	10
40	55	11
40	55	12
40	56	3
40	56	4
40	56	5
40	56	6
40	56	7
40	56	8
40	56	9
40	56	10
40	56	11
40	56	12
40	57	3
40	57	4
40	57	5
40	57	6
40	57	7
40	57	8
40	57	9
40	57	10
40	57	11
40	57	12
40	58	3
40	58	4
40	58	5
40	58	6
40	58	7
40	58	8
40	58	9
40	58	10
40	58	11
40	58	12
40	59	3
40	59	4
40	59	5
40	59	6
40	59	7
40	59	8
40	59	9
40	59	10
40	59	11
40	60	3
40	60	4
40	60	5
40	60	6
40	60	7
40	60	8
40	60	9
40	60	10
40	61	3
40	61	4
40	61	5
40	61	6
40	61	7
40	61	8
40	61	9
40	61	10
40	62	4
40	62	5
40	62	6
40	62	7
40	62	8
40	62	9
40	62	10
41	52	6
41	52	7
41	52	8
41	52	9
41	53	5
41	53	6
41	53	7
41	53	8
41	53	9
41	53	10
41	53	11
41	54	4
41	54	5
41	54	6
41	54	7
41	54	8
41	54	9
41	54	10
41	54	11
41	55	4
41	55	5
41	55	6
41	55	7
41	55	8
41	55	9
41	55	10
41	55	11
41	56	4
41	56	5
41	56	6
41	56	7
41	56	8
41	56	9
41	56	10
41	56	11
41	56	12
41	57	5
41	57	6
41	57	7
41	57	8
41	57	9
41	57	10
41	57	11
41	57	12
41	58	6
41	58	7
41	58	8
41	58	9
41	58	10
41	58	11
41	58	12
41	59	7
41	59	8
41	59	9
41	59	10
41	59	11
41	59	12
41	60	7
41	60	8
41	60	9
41	60	10
41	61	4
41	61	5
41	61	6
41	61	7
41	61	8
41	61	9
41	61	10
42	52	7
42	52	8
42	52	9
42	53	5
42	53	6
42	53	7
42	53	8
42	53	9
42	53	10
42	53	11
42	54	4
42	54	5
42	54	6
42	54	7
42	54	8
42	54	9
42	54	10
42	54	11
42	55	4
42	55	5
42	55	6
42	55	7
42	55	8
42	55	9
42	55	10
42	55	11
42	56	5
42	56	6
42	56	7
42	56	8
42	56	9
42	56	10
42	56	11
42	57	6
42	57	7
42	57	8
42	57	9
42	57	10
42	57	11
42	57	12
42	58	7
42	58	8
42	58	9
42	58	10
42	58	11
42	58	12
42	59	8
42	59	9
42	59	10
42	59	11
42	59	12
42	60	9
42	60	10
42	61	9
42	61	10
43	52	7
43	52	8
43	52	9
43	53	5
43	53	6
43	53	7
43	53	8
43	53	9
43	53	10
43	53	11
43	54	4
43	54	5
43	54	6
43	54	7
43	54	8
43	54	9
43	54	10
43	54	11
43	55	4
43	55	5
43	55	6
43	55	7
43	55	8
43	55	9
43	55	10
43	55	11
43	56	5
43	56	6
43	56	7
43	56	8
43	56	9
43	56	10
43	56	11
43	57	6
43	57	7
43	57	8
43	57	9
43	57	10
43	57	11
43	57	12
43	58	7
43	58	8
43	58	9
43	58	10
43	58	11
43	58	12
43	59	9
43	59	10
43	59	11
43	60	10
44	52	7
44	52	8
44	52	9
44	53	5
44	53	6
44	53	7
44	53	8
44	53	9
44	53	10
44	53	11
44	53	12
44	54	4
44	54	5
44	54	6
44	54	7
44	54	8
44	54	9
44	54	10
44	54	11
44	54	12
44	55	4
44	55	5
44	55	6
44	55	7
44	55	8
44	55	9
44	55	10
44	55	11
44	55	12
44	56	6
44	56	7
44	56	8
44	56	9
44	56	10
44	56	11
44	56	12
44	57	7
44	57	8
44	57	9
44	57	10
44	57	11
44	58	8
44	58	9
44	58	10
44	58	11
44	59	9
44	59	10
44	60	10
45	53	5
45	53	6
45	53	7
45	53	8
45	53	9
45	53	10
45	53	11
45	54	4
45	54	5
45	54	6
45	54	7
45	54	8
45	54	9
45	54	10
45	54	11
45	54	12
45	55	5
45	55	6
45	55	7
45	55	8
45	55	9
45	55	10
45	55	11
45	55	12
45	56	6
45	56	7
45	56	8
45	56	9
45	56	10
45	56	11
45	56	12
45	57	7
45	57	8
45	57	9
45	57	10
45	57	11
45	58	8
45	58	9
45	58	10
45	58	11
45	59	9
45	59	10
45	60	10
46	53	5
46	53	6
46	53	7
46	53	11
46	54	5
46	54	6
46	54	7
46	54	8
46	54	9
46	54	10
46	54	11
46	54	12
46	55	5
46	55	6
46	55	7
46	55	8
46	55	9
46	55	10
46	55	11
46	55	12
46	56	6
46	56	7
46	56	8
46	56	9
46	56	10
46	56	11
46	56	12
46	57	7
46	57	8
46	57	9
46	57	10
46	58	8
46	58	9
46	58	10
46	59	9
46	59	10
47	54	10
47	54	11
47	54	12
47	55	9
47	55	10
47	55	11
47	55	12
47	56	9
47	56	10
47	56	11
47	56	12
48	55	11
