#i	j	k
21	37	15
21	37	24
21	37	25
22	35	17
22	35	18
22	35	19
22	35	20
22	35	21
22	35	22
22	35	23
22	36	16
22	36	17
22	36	18
22	36	19
22	36	20
22	36	21
22	36	22
22	36	23
22	36	24
22	36	25
22	37	15
22	37	16
22	37	17
22	37	18
22	37	19
22	37	20
22	37	21
22	37	22
22	37	23
22	37	24
22	37	25
22	37	26
22	38	15
22	38	16
22	38	17
22	38	18
22	38	19
22	38	20
22	38	21
22	38	22
22	38	23
22	38	24
22	38	25
22	39	21
22	39	22
22	39	23
22	39	24
22	40	21
22	40	22
22	40	23
22	41	22
22	44	12
22	44	13
22	44	14
22	44	15
22	45	12
22	45	13
22	45	14
22	45	15
22	45	16
22	46	12
22	46	13
22	46	14
22	46	15
22	46	16
22	47	12
22	47	13
22	47	14
22	47	15
22	47	16
22	48	12
22	48	13
22	48	14
22	48	15
22	49	12
22	49	13
22	49	14
22	49	15
22	50	13
22	50	14
23	33	18
23	33	19
23	33	20
23	33	21
23	34	17
23	34	18
23	34	19
23	34	20
23	34	21
23	34	22
23	34	23
23	34	24
23	35	17
23	35	18
23	35	19
23	35	20
23	35	21
23	35	22
23	35	23
23	35	24
23	35	25
23	36	16
23	36	17
23	36	18
23	36	19
23	36	20
23	36	21
23	36	22
23	36	23
23	36	24
23	36	25
23	37	15
23	37	16
23	37	17
23	37	18
23	37	19
23	37	20
23	37	21
23	37	22
23	37	23
23	37	24
23	37	25
23	37	26
23	38	15
23	38	16
23	38	17
23	38	18
23	38	19
23	38	20
23	38	21
23	38	22
23	38	23
23	38	24
23	38	25
23	39	15
23	39	16
23	39	17
23	39	18
23	39	19
23	39	20
23	39	21
23	39	22
23	39	23
23	39	24
23	39	25
23	40	15
23	40	16
23	40	17
23	40	18
23	40	19
23	40	20
23	40	21
23	40	22
23	40	23
23	40	24
23	41	14
23	41	15
23	41	16
23	41	17
23	41	18
23	41	19
23	41	20
23	41	21
23	41	22
23	41	23
23	41	24
23	42	13
23	42	14
23	42	15
23	42	16
23	42	17
23	42	18
23	42	19
23	42	20
23	42	21
23	42	22
23	42	23
23	43	11
23	43	12
23	43	13
23	43	14
23	43	15
23	43	16
23	43	17
23	43	18
23	44	11
23	44	12
23	44	13
23	44	14
23	44	15
23	44	16
23	44	17
23	45	11
23	45	12
23	45	13
23	45	14
23	45	15
23	45	16
23	45	17
23	46	11
23	46	12
23	46	13
23	46	14
23	46	15
23	46	16
23	46	17
23	47	12
23	47	13
23	47	14
23	47	15
23	47	16
23	47	17
23	48	12
23	48	13
23	48	14
23	48	15
23	48	16
23	49	12
23	49	13
23	49	14
23	49	15
23	49	16
23	50	13
23	50	14
23	50	15
23	51	14
24	32	18
24	32	19
24	32	20
24	32	21
24	32	22
24	33	17
24	33	18
24	33	19
24	33	20
24	33	21
24	33	22
24	33	23
24	33	24
24	34	17
24	34	18
24	34	19
24	34	20
24	34	21
24	34	22
24	34	23
24	34	24
24	34	25
24	34	26
24	35	16
24	35	17
24	35	18
24	35	19
24	35	20
24	35	21
24	35	22
24	35	23
24	35	24
24	35	25
24	35	26
24	36	16
24	36	17
24	36	18
24	36	19
24	36	20
24	36	21
24	36	22
24	36	23
24	36	24
24	36	25
24	36	26
24	37	16
24	37	17
24	37	18
24	37	19
24	37	20
24	37	21
24	37	22
24	37	23
24	37	24
24	37	25
24	37	26
24	38	16
24	38	17
24	38	18
24	38	19
24	38	20
24	38	21
24	38	22
24	38	23
24	38	24
24	38	25
24	38	26
24	39	16
24	39	17
24	39	18
24	39	19
24	39	20
24	39	21
24	39	22
24	39	23
24	39	24
24	39	25
24	39	26
24	40	13
24	40	14
24	40	16
24	40	17
24	40	18
24	40	19
24	40	20
24	40	21
24	40	22
24	40	23
24	40	24
24	40	25
24	40	26
24	41	12
24	41	13
24	41	14
24	41	15
24	41	16
24	41	17
24	41	18
24	41	19
24	41	20
24	41	21
24	41	22
24	41	23
24	41	24
24	41	25
24	42	10
24	42	11
24	42	12
24	42	13
24	42	14
24	42	15
24	42	16
24	42	17
24	42	18
24	42	19
24	42	20
24	42	21
24	42	22
24	42	23
24	42	24
24	43	10
24	43	11
24	43	12
24	43	13
24	43	14
24	43	15
24	43	16
24	43	17
24	43	18
24	43	19
24	43	20
24	43	21
24	43	22
24	43	23
24	44	10
24	44	11
24	44	12
24	44	13
24	44	14
24	44	15
24	44	16
24	44	17
24	44	18
24	44	19
24	45	11
24	45	12
24	45	13
24	45	14
24	45	15
24	45	16
24	45	17
24	45	18
24	46	11
24	46	12
24	46	13
24	46	14
24	46	15
24	46	16
24	46	17
24	46	18
24	47	12
24	47	13
24	47	14
24	47	15
24	47	16
24	47	17
24	47	18
24	48	12
24	48	13
24	48	14
24	48	15
24	48	16
24	48	17
24	49	12
24	49	13
24	49	14
24	49	15
24	49	16
24	49	17
24	50	12
24	50	13
24	50	14
24	50	15
24	50	16
24	50	17
24	51	13
24	51	14
24	51	15
24	51	16
25	31	17
25	32	18
25	32	19
25	32	20
25	32	21
25	32	22
25	32	23
25	33	17
25	33	18
25	33	19
25	33	20
25	33	21
25	33	22
25	33	23
25	33	24
25	33	25
25	33	26
25	34	17
25	34	18
25	34	19
25	34	20
25	34	21
25	34	22
25	34	23
25	34	24
25	34	25
25	34	26
25	35	17
25	35	18
25	35	19
25	35	20
25	35	21
25	35	22
25	35	23
25	35	24
25	35	25
25	35	26
25	36	17
25	36	18
25	36	19
25	36	20
25	36	21
25	36	22
25	36	23
25	36	24
25	36	25
25	36	26
25	37	17
25	37	18
25	37	19
25	37	20
25	37	21
25	37	22
25	37	23
25	37	24
25	37	25
25	37	26
25	38	17
25	38	18
25	38	19
25	38	20
25	38	21
25	38	22
25	38	23
25	38	24
25	38	25
25	38	26
25	39	13
25	39	17
25	39	18
25	39	19
25	39	20
25	39	21
25	39	22
25	39	23
25	39	24
25	39	25
25	39	26
25	40	11
25	40	12
25	40	13
25	40	14
25	40	17
25	40	18
25	40	19
25	40	20
25	40	21
25	40	22
25	40	23
25	40	24
25	40	25
25	40	26
25	41	10
25	41	11
25	41	12
25	41	13
25	41	14
25	41	15
25	41	16
25	41	17
25	41	18
25	41	19
25	41	20
25	41	21
25	41	22
25	41	23
25	41	24
25	41	25
25	41	26
25	42	10
25	42	11
25	42	12
25	42	13
25	42	14
25	42	15
25	42	16
25	42	17
25	42	18
25	42	19
25	42	20
25	42	21
25	42	22
25	42	23
25	42	24
25	42	25
25	43	10
25	43	11
25	43	12
25	43	13
25	43	14
25	43	15
25	43	16
25	43	17
25	43	18
25	43	19
25	43	20
25	43	21
25	43	22
25	43	23
25	43	24
25	44	10
25	44	11
25	44	12
25	44	13
25	44	14
25	44	15
25	44	16
25	44	17
25	44	18
25	44	19
25	44	20
25	44	21
25	44	22
25	45	11
25	45	12
25	45	13
25	45	14
25	45	15
25	45	16
25	45	17
25	45	18
25	45	19
25	45	20
25	46	11
25	46	12
25	46	13
25	46	14
25	46	15
25	46	16
25	46	17
25	46	18
25	46	19
25	47	11
25	47	12
25	47	13
25	47	14
25	47	15
25	47	16
25	47	17
25	47	18
25	47	19
25	48	11
25	48	12
25	48	13
25	48	14
25	48	15
25	48	16
25	48	17
25	48	18
25	48	19
25	49	11
25	49	12
25	49	13
25	49	14
25	49	15
25	49	16
25	49	17
25	49	18
25	50	11
25	50	12
25	50	13
25	50	14
25	50	15
25	50	16
25	50	17
25	50	18
25	51	10
25	51	11
25	51	12
25	51	13
25	51	14
25	51	15
25	51	16
25	51	17
25	52	13
25	52	14
25	52	15
25	52	16
26	33	19
26	33	20
26	33	21
26	33	22
26	33	25
26	34	18
26	34	19
26	34	20
26	34	21
26	34	22
26	34	23
26	34	24
26	34	25
26	34	26
26	35	18
26	35	19
26	35	20
26	35	21
26	35	22
26	35	23
26	35	24
26	35	25
26	35	26
26	36	18
26	36	19
26	36	20
26	36	21
26	36	22
26	36	23
26	36	24
26	36	25
26	36	26
26	37	18
26	37	19
26	37	20
26	37	21
26	37	22
26	37	23
26	37	24
26	37	25
26	37	26
26	37	27
26	38	18
26	38	19
26	38	20
26	38	21
26	38	22
26	38	23
26	38	24
26	38	25
26	38	26
26	39	11
26	39	12
26	39	13
26	39	18
26	39	19
26	39	20
26	39	21
26	39	22
26	39	23
26	39	24
26	39	25
26	39	26
26	40	10
26	40	11
26	40	12
26	40	13
26	40	14
26	40	18
26	40	19
26	40	20
26	40	21
26	40	22
26	40	23
26	40	24
26	40	25
26	40	26
26	41	10
26	41	11
26	41	12
26	41	13
26	41	14
26	41	15
26	41	16
26	41	17
26	41	18
26	41	19
26	41	20
26	41	21
26	41	22
26	41	23
26	41	24
26	41	25
26	41	26
26	42	10
26	42	11
26	42	12
26	42	13
26	42	14
26	42	15
26	42	16
26	42	17
26	42	18
26	42	19
26	42	20
26	42	21
26	42	22
26	42	23
26	42	24
26	42	25
26	43	10
26	43	11
26	43	12
26	43	13
26	43	14
26	43	15
26	43	16
26	43	17
26	43	18
26	43	19
26	43	20
26	43	21
26	43	22
26	43	23
26	43	24
26	44	10
26	44	11
26	44	12
26	44	13
26	44	14
26	44	15
26	44	16
26	44	17
26	44	18
26	44	19
26	44	20
26	44	21
26	44	22
26	44	23
26	45	11
26	45	12
26	45	13
26	45	14
26	45	15
26	45	16
26	45	17
26	45	18
26	45	19
26	45	20
26	45	21
26	45	22
26	46	11
26	46	12
26	46	13
26	46	14
26	46	15
26	46	16
26	46	17
26	46	18
26	46	19
26	46	20
26	46	21
26	46	22
26	47	11
26	47	12
26	47	13
26	47	14
26	47	15
26	47	16
26	47	17
26	47	18
26	47	19
26	47	20
26	47	21
26	48	11
26	48	12
26	48	13
26	48	14
26	48	15
26	48	16
26	48	17
26	48	18
26	48	19
26	48	20
26	49	11
26	49	12
26	49	13
26	49	14
26	49	15
26	49	16
26	49	17
26	49	18
26	49	19
26	50	11
26	50	12
26	50	13
26	50	14
26	50	15
26	50	16
26	50	17
26	50	18
26	50	19
26	51	10
26	51	11
26	51	12
26	51	13
26	51	14
26	51	15
26	51	16
26	51	17
26	51	18
26	52	9
26	52	10
26	52	11
26	52	12
26	52	13
26	52	14
26	52	15
26	52	16
26	52	17
26	53	14
26	53	15
27	34	24
27	34	25
27	34	26
27	35	19
27	35	20
27	35	21
27	35	22
27	35	23
27	35	24
27	35	25
27	35	26
27	36	19
27	36	20
27	36	21
27	36	22
27	36	23
27	36	24
27	36	25
27	36	26
27	36	27
27	37	11
27	37	19
27	37	20
27	37	21
27	37	22
27	37	23
27	37	24
27	37	25
27	37	26
27	37	27
27	38	10
27	38	11
27	38	12
27	38	19
27	38	20
27	38	21
27	38	22
27	38	23
27	38	24
27	38	25
27	38	26
27	38	27
27	39	10
27	39	11
27	39	12
27	39	13
27	39	19
27	39	20
27	39	21
27	39	22
27	39	23
27	39	24
27	39	25
27	39	26
27	40	9
27	40	10
27	40	11
27	40	12
27	40	13
27	40	14
27	40	15
27	40	19
27	40	20
27	40	21
27	40	22
27	40	23
27	40	24
27	40	25
27	40	26
27	41	9
27	41	10
27	41	11
27	41	12
27	41	13
27	41	14
27	41	15
27	41	16
27	41	17
27	41	18
27	41	19
27	41	20
27	41	21
27	41	22
27	41	23
27	41	24
27	41	25
27	41	26
27	42	9
27	42	10
27	42	11
27	42	12
27	42	13
27	42	14
27	42	15
27	42	16
27	42	17
27	42	18
27	42	19
27	42	20
27	42	21
27	42	22
27	42	23
27	42	24
27	42	25
27	42	26
27	43	10
27	43	11
27	43	12
27	43	13
27	43	14
27	43	15
27	43	16
27	43	17
27	43	18
27	43	19
27	43	20
27	43	21
27	43	22
27	43	23
27	43	24
27	44	10
27	44	11
27	44	12
27	44	13
27	44	14
27	44	15
27	44	16
27	44	17
27	44	18
27	44	19
27	44	20
27	44	21
27	44	22
27	44	23
27	45	11
27	45	12
27	45	13
27	45	14
27	45	15
27	45	16
27	45	17
27	45	18
27	45	19
27	45	20
27	45	21
27	45	22
27	45	23
27	46	11
27	46	12
27	46	13
27	46	14
27	46	15
27	46	16
27	46	17
27	46	18
27	46	19
27	46	20
27	46	21
27	46	22
27	46	23
27	47	11
27	47	12
27	47	13
27	47	14
27	47	15
27	47	16
27	47	17
27	47	18
27	47	19
27	47	20
27	47	21
27	47	22
27	48	11
27	48	12
27	48	13
27	48	14
27	48	15
27	48	16
27	48	17
27	48	18
27	48	19
27	48	20
27	48	21
27	49	11
27	49	12
27	49	13
27	49	14
27	49	15
27	49	16
27	49	17
27	49	18
27	49	19
27	49	20
27	50	11
27	50	12
27	50	13
27	50	14
27	50	15
27	50	16
27	50	17
27	50	18
27	50	19
27	51	10
27	51	11
27	51	12
27	51	13
27	51	14
27	51	15
27	51	16
27	51	17
27	51	18
27	51	19
27	52	10
27	52	11
27	52	12
27	52	13
27	52	14
27	52	15
27	52	16
27	52	17
27	52	18
27	53	12
27	53	13
27	53	14
27	53	15
27	53	16
28	34	25
28	35	11
28	35	24
28	35	25
28	35	26
28	36	11
28	36	20
28	36	21
28	36	22
28	36	23
28	36	24
28	36	25
28	36	26
28	37	10
28	37	11
28	37	12
28	37	20
28	37	21
28	37	22
28	37	23
28	37	24
28	37	25
28	37	26
28	37	27
28	38	9
28	38	10
28	38	11
28	38	12
28	38	20
28	38	21
28	38	22
28	38	23
28	38	24
28	38	25
28	38	26
28	38	27
28	39	9
28	39	10
28	39	11
28	39	12
28	39	13
28	39	20
28	39	21
28	39	22
28	39	23
28	39	24
28	39	25
28	39	26
28	39	27
28	40	8
28	40	9
28	40	10
28	40	11
28	40	12
28	40	13
28	40	14
28	40	15
28	40	16
28	40	20
28	40	21
28	40	22
28	40	23
28	40	24
28	40	25
28	40	26
28	41	8
28	41	9
28	41	10
28	41	11
28	41	12
28	41	13
28	41	14
28	41	15
28	41	16
28	41	17
28	41	18
28	41	19
28	41	20
28	41	21
28	41	22
28	41	23
28	41	24
28	41	25
28	41	26
28	41	27
28	42	9
28	42	10
28	42	11
28	42	12
28	42	13
28	42	14
28	42	15
28	42	16
28	42	17
28	42	18
28	42	19
28	42	20
28	42	21
28	42	22
28	42	23
28	42	24
28	42	25
28	42	26
28	42	27
28	43	10
28	43	11
28	43	12
28	43	13
28	43	14
28	43	15
28	43	16
28	43	17
28	43	18
28	43	19
28	43	20
28	43	21
28	43	22
28	43	23
28	43	24
28	43	25
28	44	10
28	44	11
28	44	12
28	44	13
28	44	14
28	44	15
28	44	16
28	44	17
28	44	18
28	44	19
28	44	20
28	44	21
28	44	22
28	44	23
28	45	10
28	45	11
28	45	12
28	45	13
28	45	14
28	45	15
28	45	16
28	45	17
28	45	18
28	45	19
28	45	20
28	45	21
28	45	22
28	45	23
28	46	11
28	46	12
28	46	13
28	46	14
28	46	15
28	46	16
28	46	17
28	46	18
28	46	19
28	46	20
28	46	21
28	46	22
28	46	23
28	47	11
28	47	12
28	47	13
28	47	14
28	47	15
28	47	16
28	47	17
28	47	18
28	47	19
28	47	20
28	47	21
28	47	22
28	47	23
28	48	11
28	48	12
28	48	13
28	48	14
28	48	15
28	48	16
28	48	17
28	48	18
28	48	19
28	48	20
28	48	21
28	48	22
28	49	11
28	49	12
28	49	13
28	49	14
28	49	15
28	49	16
28	49	17
28	49	18
28	49	19
28	49	20
28	49	21
28	50	11
28	50	12
28	50	13
28	50	14
28	50	15
28	50	16
28	50	17
28	50	18
28	50	19
28	50	20
28	51	11
28	51	12
28	51	13
28	51	14
28	51	15
28	51	16
28	51	17
28	51	18
28	51	19
28	52	11
28	52	12
28	52	13
28	52	14
28	52	15
28	52	16
28	52	17
28	52	18
28	53	11
28	53	12
28	53	13
28	53	14
28	53	15
28	53	16
28	53	17
29	34	11
29	34	25
29	35	10
29	35	11
29	35	24
29	35	25
29	36	10
29	36	11
29	36	12
29	36	23
29	36	24
29	36	25
29	36	26
29	37	9
29	37	10
29	37	11
29	37	12
29	37	21
29	37	22
29	37	23
29	37	24
29	37	25
29	37	26
29	38	9
29	38	10
29	38	11
29	38	12
29	38	13
29	38	21
29	38	22
29	38	23
29	38	24
29	38	25
29	38	26
29	38	27
29	39	8
29	39	9
29	39	10
29	39	11
29	39	12
29	39	13
29	39	14
29	39	21
29	39	22
29	39	23
29	39	24
29	39	25
29	39	26
29	39	27
29	40	8
29	40	9
29	40	10
29	40	11
29	40	12
29	40	13
29	40	14
29	40	15
29	40	16
29	40	17
29	40	20
29	40	21
29	40	22
29	40	23
29	40	24
29	40	25
29	40	26
29	40	27
29	41	8
29	41	9
29	41	10
29	41	11
29	41	12
29	41	13
29	41	14
29	41	15
29	41	16
29	41	17
29	41	18
29	41	19
29	41	20
29	41	21
29	41	22
29	41	23
29	41	24
29	41	25
29	41	26
29	41	27
29	42	9
29	42	10
29	42	11
29	42	12
29	42	13
29	42	14
29	42	15
29	42	16
29	42	17
29	42	18
29	42	19
29	42	20
29	42	21
29	42	22
29	42	23
29	42	24
29	42	25
29	42	26
29	42	27
29	42	28
29	43	9
29	43	10
29	43	11
29	43	12
29	43	13
29	43	14
29	43	15
29	43	16
29	43	17
29	43	18
29	43	19
29	43	20
29	43	21
29	43	22
29	43	23
29	43	24
29	43	25
29	43	26
29	44	10
29	44	11
29	44	12
29	44	13
29	44	14
29	44	15
29	44	16
29	44	17
29	44	18
29	44	19
29	44	20
29	44	21
29	44	22
29	44	23
29	44	24
29	45	10
29	45	11
29	45	12
29	45	13
29	45	14
29	45	15
29	45	16
29	45	17
29	45	18
29	45	19
29	45	20
29	45	21
29	45	22
29	45	23
29	45	24
29	46	11
29	46	12
29	46	13
29	46	14
29	46	15
29	46	16
29	46	17
29	46	18
29	46	19
29	46	20
29	46	21
29	46	22
29	46	23
29	46	24
29	47	11
29	47	12
29	47	13
29	47	14
29	47	15
29	47	16
29	47	17
29	47	18
29	47	19
29	47	20
29	47	21
29	47	22
29	47	23
29	48	11
29	48	12
29	48	13
29	48	14
29	48	15
29	48	16
29	48	17
29	48	18
29	48	19
29	48	20
29	48	21
29	48	22
29	48	23
29	49	11
29	49	12
29	49	13
29	49	14
29	49	15
29	49	16
29	49	17
29	49	18
29	49	19
29	49	20
29	49	21
29	49	22
29	50	11
29	50	12
29	50	13
29	50	14
29	50	15
29	50	16
29	50	17
29	50	18
29	50	19
29	50	20
29	50	21
29	51	12
29	51	13
29	51	14
29	51	15
29	51	16
29	51	17
29	51	18
29	51	19
29	51	20
29	52	11
29	52	12
29	52	13
29	52	14
29	52	15
29	52	16
29	52	17
29	52	18
29	52	19
29	53	12
29	53	13
29	53	14
29	53	15
29	53	16
29	53	17
29	53	18
29	54	15
29	54	16
30	34	11
30	34	25
30	35	12
30	35	24
30	35	25
30	36	9
30	36	10
30	36	11
30	36	12
30	36	23
30	36	24
30	36	25
30	37	9
30	37	10
30	37	11
30	37	12
30	37	13
30	37	22
30	37	23
30	37	24
30	37	25
30	37	26
30	38	9
30	38	10
30	38	11
30	38	12
30	38	13
30	38	22
30	38	23
30	38	24
30	38	25
30	38	26
30	39	8
30	39	9
30	39	10
30	39	11
30	39	12
30	39	13
30	39	14
30	39	15
30	39	21
30	39	22
30	39	23
30	39	24
30	39	25
30	39	26
30	40	7
30	40	8
30	40	9
30	40	10
30	40	11
30	40	12
30	40	13
30	40	14
30	40	15
30	40	16
30	40	17
30	40	18
30	40	20
30	40	21
30	40	22
30	40	23
30	40	24
30	40	25
30	40	26
30	41	7
30	41	8
30	41	9
30	41	10
30	41	11
30	41	12
30	41	13
30	41	14
30	41	15
30	41	16
30	41	17
30	41	18
30	41	19
30	41	20
30	41	21
30	41	22
30	41	23
30	41	24
30	41	25
30	41	26
30	41	27
30	41	28
30	41	29
30	42	8
30	42	9
30	42	10
30	42	11
30	42	12
30	42	13
30	42	14
30	42	15
30	42	16
30	42	17
30	42	18
30	42	19
30	42	20
30	42	21
30	42	22
30	42	23
30	42	24
30	42	25
30	42	26
30	42	27
30	42	28
30	42	29
30	43	9
30	43	10
30	43	11
30	43	12
30	43	13
30	43	14
30	43	15
30	43	16
30	43	17
30	43	18
30	43	19
30	43	20
30	43	21
30	43	22
30	43	23
30	43	25
30	43	26
30	43	27
30	43	28
30	44	9
30	44	10
30	44	11
30	44	12
30	44	13
30	44	14
30	44	15
30	44	16
30	44	17
30	44	18
30	44	19
30	44	20
30	44	21
30	44	22
30	44	23
30	44	24
30	45	10
30	45	11
30	45	12
30	45	13
30	45	14
30	45	15
30	45	16
30	45	17
30	45	18
30	45	19
30	45	20
30	45	21
30	45	22
30	45	23
30	45	24
30	46	11
30	46	12
30	46	13
30	46	14
30	46	15
30	46	16
30	46	17
30	46	18
30	46	19
30	46	20
30	46	21
30	46	22
30	46	23
30	46	24
30	47	11
30	47	12
30	47	13
30	47	14
30	47	15
30	47	16
30	47	17
30	47	18
30	47	19
30	47	20
30	47	21
30	47	22
30	47	23
30	47	24
30	48	11
30	48	12
30	48	13
30	48	14
30	48	15
30	48	16
30	48	17
30	48	18
30	48	19
30	48	20
30	48	21
30	48	22
30	48	23
30	49	11
30	49	12
30	49	13
30	49	14
30	49	15
30	49	16
30	49	17
30	49	18
30	49	19
30	49	20
30	49	21
30	49	22
30	50	12
30	50	13
30	50	14
30	50	15
30	50	16
30	50	17
30	50	18
30	50	19
30	50	20
30	50	21
30	51	12
30	51	13
30	51	14
30	51	15
30	51	16
30	51	17
30	51	18
30	51	19
30	51	20
30	52	13
30	52	14
30	52	15
30	52	16
30	52	17
30	52	18
30	52	19
30	53	13
30	53	14
30	53	15
30	53	16
30	53	17
30	53	18
30	53	19
30	54	15
31	34	11
31	34	25
31	35	12
31	35	24
31	35	25
31	36	13
31	36	23
31	36	24
31	36	25
31	37	9
31	37	10
31	37	11
31	37	12
31	37	13
31	37	22
31	37	23
31	37	24
31	37	25
31	37	26
31	38	9
31	38	10
31	38	11
31	38	12
31	38	13
31	38	14
31	38	22
31	38	23
31	38	24
31	38	25
31	38	26
31	39	7
31	39	8
31	39	9
31	39	10
31	39	11
31	39	12
31	39	13
31	39	14
31	39	15
31	39	16
31	39	17
31	39	21
31	39	22
31	39	23
31	39	24
31	39	25
31	39	26
31	40	6
31	40	7
31	40	8
31	40	9
31	40	10
31	40	11
31	40	12
31	40	13
31	40	14
31	40	15
31	40	16
31	40	17
31	40	18
31	40	19
31	40	20
31	40	21
31	40	22
31	40	23
31	40	24
31	40	25
31	40	26
31	40	27
31	40	28
31	41	7
31	41	8
31	41	9
31	41	10
31	41	11
31	41	12
31	41	13
31	41	14
31	41	15
31	41	16
31	41	17
31	41	18
31	41	19
31	41	20
31	41	21
31	41	22
31	41	23
31	41	24
31	41	25
31	41	26
31	41	27
31	41	28
31	42	7
31	42	8
31	42	9
31	42	10
31	42	11
31	42	12
31	42	13
31	42	14
31	42	15
31	42	16
31	42	17
31	42	18
31	42	19
31	42	20
31	42	21
31	42	25
31	42	26
31	42	27
31	42	28
31	42	29
31	43	8
31	43	9
31	43	10
31	43	11
31	43	12
31	43	13
31	43	14
31	43	15
31	43	16
31	43	17
31	43	18
31	43	19
31	43	20
31	43	21
31	43	22
31	43	26
31	43	27
31	43	28
31	43	29
31	43	30
31	44	9
31	44	10
31	44	11
31	44	12
31	44	13
31	44	14
31	44	15
31	44	16
31	44	17
31	44	18
31	44	19
31	44	20
31	44	21
31	44	22
31	44	23
31	44	24
31	44	27
31	44	28
31	44	29
31	44	30
31	45	10
31	45	11
31	45	12
31	45	13
31	45	14
31	45	15
31	45	16
31	45	17
31	45	18
31	45	19
31	45	20
31	45	21
31	45	22
31	45	23
31	45	24
31	45	29
31	46	11
31	46	12
31	46	13
31	46	14
31	46	15
31	46	16
31	46	17
31	46	18
31	46	19
31	46	20
31	46	21
31	46	22
31	46	23
31	46	24
31	46	25
31	47	11
31	47	12
31	47	13
31	47	14
31	47	15
31	47	16
31	47	17
31	47	18
31	47	19
31	47	20
31	47	21
31	47	22
31	47	23
31	47	24
31	48	11
31	48	12
31	48	13
31	48	14
31	48	15
31	48	16
31	48	17
31	48	18
31	48	19
31	48	20
31	48	21
31	48	22
31	48	23
31	49	11
31	49	12
31	49	13
31	49	14
31	49	15
31	49	16
31	49	17
31	49	18
31	49	19
31	49	20
31	49	21
31	49	22
31	50	12
31	50	13
31	50	14
31	50	15
31	50	16
31	50	17
31	50	18
31	50	19
31	50	20
31	50	21
31	50	22
31	51	12
31	51	13
31	51	14
31	51	15
31	51	16
31	51	17
31	51	18
31	51	19
31	51	20
31	52	13
31	52	14
31	52	15
31	52	16
31	52	17
31	52	18
31	52	19
31	52	20
31	53	13
31	53	14
31	53	15
31	53	16
31	53	17
31	53	18
31	53	19
31	54	13
31	54	18
32	34	11
32	34	25
32	35	12
32	35	24
32	35	25
32	36	13
32	36	23
32	36	24
32	36	25
32	37	9
32	37	14
32	37	23
32	37	24
32	37	25
32	38	9
32	38	10
32	38	11
32	38	12
32	38	13
32	38	14
32	38	23
32	38	24
32	38	25
32	39	7
32	39	8
32	39	9
32	39	10
32	39	11
32	39	12
32	39	13
32	39	14
32	39	15
32	39	16
32	39	17
32	39	18
32	39	19
32	39	23
32	39	24
32	39	25
32	40	7
32	40	8
32	40	9
32	40	10
32	40	11
32	40	12
32	40	13
32	40	14
32	40	15
32	40	16
32	40	17
32	40	18
32	40	19
32	40	20
32	40	21
32	40	22
32	40	23
32	40	24
32	40	25
32	40	26
32	41	7
32	41	8
32	41	9
32	41	10
32	41	11
32	41	12
32	41	13
32	41	14
32	41	15
32	41	16
32	41	17
32	41	18
32	41	19
32	41	20
32	41	21
32	41	25
32	41	26
32	41	27
32	41	28
32	42	7
32	42	8
32	42	9
32	42	10
32	42	11
32	42	12
32	42	13
32	42	14
32	42	15
32	42	16
32	42	17
32	42	18
32	42	19
32	42	20
32	42	21
32	42	25
32	42	26
32	42	27
32	42	28
32	42	29
32	43	8
32	43	9
32	43	10
32	43	11
32	43	12
32	43	13
32	43	14
32	43	15
32	43	16
32	43	17
32	43	18
32	43	19
32	43	20
32	43	21
32	43	22
32	43	26
32	43	27
32	43	28
32	43	29
32	43	30
32	44	9
32	44	10
32	44	11
32	44	12
32	44	13
32	44	14
32	44	15
32	44	16
32	44	17
32	44	18
32	44	19
32	44	20
32	44	21
32	44	22
32	44	23
32	44	24
32	44	26
32	44	27
32	44	28
32	44	29
32	44	30
32	44	31
32	45	10
32	45	11
32	45	12
32	45	13
32	45	14
32	45	15
32	45	16
32	45	17
32	45	18
32	45	19
32	45	20
32	45	21
32	45	22
32	45	23
32	45	24
32	45	28
32	45	29
32	45	30
32	45	31
32	46	11
32	46	12
32	46	13
32	46	14
32	46	15
32	46	16
32	46	17
32	46	18
32	46	19
32	46	20
32	46	21
32	46	22
32	46	23
32	46	24
32	47	11
32	47	12
32	47	13
32	47	14
32	47	15
32	47	16
32	47	17
32	47	18
32	47	19
32	47	20
32	47	21
32	47	22
32	47	23
32	47	24
32	48	11
32	48	12
32	48	13
32	48	14
32	48	15
32	48	16
32	48	17
32	48	18
32	48	19
32	48	20
32	48	21
32	48	22
32	48	23
32	48	24
32	49	11
32	49	12
32	49	13
32	49	14
32	49	15
32	49	16
32	49	17
32	49	18
32	49	19
32	49	20
32	49	21
32	49	22
32	49	23
32	50	12
32	50	13
32	50	14
32	50	15
32	50	16
32	50	17
32	50	18
32	50	19
32	50	20
32	50	21
32	50	22
32	51	12
32	51	13
32	51	14
32	51	15
32	51	16
32	51	17
32	51	18
32	51	19
32	51	20
32	51	21
32	52	13
32	52	14
32	52	15
32	52	16
32	52	17
32	52	18
32	52	19
32	52	20
32	53	13
32	53	14
32	53	15
32	53	16
32	53	17
32	53	18
32	53	19
32	53	20
32	54	14
33	34	11
33	34	25
33	35	12
33	35	24
33	35	25
33	36	13
33	36	24
33	36	25
33	37	14
33	37	24
33	37	25
33	38	9
33	38	10
33	38	15
33	38	24
33	38	25
33	39	8
33	39	9
33	39	10
33	39	11
33	39	12
33	39	13
33	39	14
33	39	15
33	39	16
33	39	17
33	39	18
33	39	19
33	39	20
33	39	24
33	39	25
33	40	8
33	40	9
33	40	10
33	40	11
33	40	12
33	40	13
33	40	14
33	40	15
33	40	16
33	40	17
33	40	18
33	40	19
33	40	20
33	40	21
33	40	25
33	40	26
33	41	8
33	41	9
33	41	10
33	41	11
33	41	12
33	41	13
33	41	14
33	41	15
33	41	16
33	41	17
33	41	18
33	41	19
33	41	20
33	41	21
33	41	25
33	41	26
33	41	27
33	41	28
33	42	8
33	42	9
33	42	10
33	42	11
33	42	12
33	42	13
33	42	14
33	42	15
33	42	16
33	42	17
33	42	18
33	42	19
33	42	20
33	42	21
33	42	26
33	42	27
33	42	28
33	42	29
33	43	8
33	43	9
33	43	10
33	43	11
33	43	12
33	43	13
33	43	14
33	43	15
33	43	16
33	43	17
33	43	18
33	43	19
33	43	20
33	43	21
33	43	22
33	43	23
33	43	25
33	43	26
33	43	27
33	43	28
33	43	29
33	43	30
33	44	9
33	44	10
33	44	11
33	44	12
33	44	13
33	44	14
33	44	15
33	44	16
33	44	17
33	44	18
33	44	19
33	44	20
33	44	21
33	44	22
33	44	23
33	44	24
33	44	25
33	44	27
33	44	28
33	44	29
33	44	30
33	44	31
33	45	10
33	45	11
33	45	12
33	45	13
33	45	14
33	45	15
33	45	16
33	45	17
33	45	18
33	45	19
33	45	20
33	45	21
33	45	22
33	45	23
33	45	24
33	45	28
33	45	29
33	45	30
33	45	31
33	45	32
33	46	11
33	46	12
33	46	13
33	46	14
33	46	15
33	46	16
33	46	17
33	46	18
33	46	19
33	46	20
33	46	21
33	46	22
33	46	23
33	46	24
33	46	25
33	47	11
33	47	12
33	47	13
33	47	14
33	47	15
33	47	16
33	47	17
33	47	18
33	47	19
33	47	20
33	47	21
33	47	22
33	47	23
33	47	24
33	48	11
33	48	12
33	48	13
33	48	14
33	48	15
33	48	16
33	48	17
33	48	18
33	48	19
33	48	20
33	48	21
33	48	22
33	48	23
33	48	24
33	49	11
33	49	12
33	49	13
33	49	14
33	49	15
33	49	16
33	49	17
33	49	18
33	49	19
33	49	20
33	49	21
33	49	22
33	49	23
33	50	12
33	50	13
33	50	14
33	50	15
33	50	16
33	50	17
33	50	18
33	50	19
33	50	20
33	50	21
33	50	22
33	51	13
33	51	14
33	51	15
33	51	16
33	51	17
33	51	18
33	51	19
33	51	20
33	51	21
33	51	22
33	52	13
33	52	14
33	52	15
33	52	16
33	52	17
33	52	18
33	52	19
33	52	20
33	52	21
33	53	14
33	53	15
33	53	16
33	53	17
33	53	18
33	53	19
33	53	20
33	53	21
33	54	14
34	35	12
34	36	13
34	37	14
34	38	9
34	38	10
34	38	15
34	39	9
34	39	10
34	39	11
34	39	16
34	39	17
34	39	18
34	39	19
34	39	20
34	40	9
34	40	10
34	40	11
34	40	12
34	40	13
34	40	14
34	40	15
34	40	16
34	40	17
34	40	18
34	40	19
34	40	20
34	40	21
34	40	23
34	40	24
34	40	26
34	41	9
34	41	10
34	41	11
34	41	12
34	41	13
34	41	14
34	41	15
34	41	16
34	41	17
34	41	18
34	41	19
34	41	20
34	41	21
34	41	26
34	42	9
34	42	10
34	42	11
34	42	12
34	42	13
34	42	14
34	42	15
34	42	16
34	42	17
34	42	18
34	42	19
34	42	20
34	42	21
34	42	22
34	42	26
34	42	27
34	42	28
34	42	29
34	43	9
34	43	10
34	43	11
34	43	12
34	43	13
34	43	14
34	43	15
34	43	16
34	43	17
34	43	18
34	43	19
34	43	20
34	43	21
34	43	22
34	43	23
34	43	24
34	43	25
34	43	26
34	43	27
34	43	28
34	43	29
34	43	30
34	44	9
34	44	10
34	44	11
34	44	12
34	44	13
34	44	14
34	44	15
34	44	16
34	44	17
34	44	18
34	44	19
34	44	20
34	44	21
34	44	22
34	44	23
34	44	24
34	44	25
34	44	28
34	44	29
34	44	30
34	44	31
34	45	10
34	45	11
34	45	12
34	45	13
34	45	14
34	45	15
34	45	16
34	45	17
34	45	18
34	45	19
34	45	20
34	45	21
34	45	22
34	45	23
34	45	24
34	45	25
34	45	28
34	45	29
34	45	30
34	45	31
34	45	32
34	46	11
34	46	12
34	46	13
34	46	14
34	46	15
34	46	16
34	46	17
34	46	18
34	46	19
34	46	20
34	46	21
34	46	22
34	46	23
34	46	24
34	46	28
34	47	11
34	47	12
34	47	13
34	47	14
34	47	15
34	47	16
34	47	17
34	47	18
34	47	19
34	47	20
34	47	21
34	47	22
34	47	23
34	47	24
34	48	11
34	48	12
34	48	13
34	48	14
34	48	15
34	48	16
34	48	17
34	48	18
34	48	19
34	48	20
34	48	21
34	48	22
34	48	23
34	48	24
34	49	12
34	49	13
34	49	14
34	49	15
34	49	16
34	49	17
34	49	18
34	49	19
34	49	20
34	49	21
34	49	22
34	49	23
34	49	24
34	50	12
34	50	13
34	50	14
34	50	15
34	50	16
34	50	17
34	50	18
34	50	19
34	50	20
34	50	21
34	50	22
34	50	23
34	51	13
34	51	14
34	51	15
34	51	16
34	51	17
34	51	18
34	51	19
34	51	20
34	51	21
34	51	22
34	51	23
34	52	13
34	52	14
34	52	15
34	52	16
34	52	17
34	52	18
34	52	19
34	52	20
34	52	21
34	52	22
34	52	23
34	53	14
34	53	17
34	53	18
34	53	19
34	53	20
34	53	21
34	53	22
34	53	23
34	54	23
34	54	24
35	35	12
35	36	13
35	37	9
35	37	14
35	38	9
35	38	10
35	38	15
35	39	9
35	39	10
35	39	11
35	39	16
35	39	17
35	39	18
35	39	19
35	39	20
35	39	22
35	39	23
35	39	24
35	40	10
35	40	11
35	40	12
35	40	17
35	40	18
35	40	19
35	40	20
35	40	21
35	40	22
35	40	23
35	40	24
35	40	25
35	41	10
35	41	11
35	41	12
35	41	13
35	41	14
35	41	15
35	41	16
35	41	17
35	41	18
35	41	19
35	41	20
35	41	21
35	41	22
35	41	23
35	41	24
35	41	25
35	42	10
35	42	11
35	42	12
35	42	13
35	42	14
35	42	15
35	42	16
35	42	17
35	42	18
35	42	19
35	42	20
35	42	21
35	42	22
35	42	23
35	42	24
35	42	25
35	42	26
35	43	10
35	43	11
35	43	12
35	43	13
35	43	14
35	43	15
35	43	16
35	43	17
35	43	18
35	43	19
35	43	20
35	43	21
35	43	22
35	43	23
35	43	24
35	43	25
35	43	26
35	43	27
35	43	28
35	43	29
35	43	30
35	44	9
35	44	10
35	44	11
35	44	12
35	44	13
35	44	14
35	44	15
35	44	16
35	44	17
35	44	18
35	44	19
35	44	20
35	44	21
35	44	22
35	44	23
35	44	24
35	44	25
35	44	28
35	44	29
35	44	30
35	44	31
35	45	10
35	45	11
35	45	12
35	45	13
35	45	14
35	45	15
35	45	16
35	45	17
35	45	18
35	45	19
35	45	20
35	45	21
35	45	22
35	45	23
35	45	24
35	45	25
35	45	28
35	45	29
35	45	30
35	45	31
35	45	32
35	46	11
35	46	12
35	46	13
35	46	14
35	46	15
35	46	16
35	46	17
35	46	18
35	46	19
35	46	20
35	46	21
35	46	22
35	46	23
35	46	24
35	46	25
35	46	28
35	46	29
35	46	30
35	47	11
35	47	12
35	47	13
35	47	14
35	47	15
35	47	16
35	47	17
35	47	18
35	47	19
35	47	20
35	47	21
35	47	22
35	47	23
35	47	24
35	47	25
35	48	12
35	48	13
35	48	14
35	48	15
35	48	16
35	48	17
35	48	18
35	48	19
35	48	20
35	48	21
35	48	22
35	48	23
35	48	24
35	48	25
35	49	12
35	49	13
35	49	14
35	49	15
35	49	16
35	49	17
35	49	18
35	49	19
35	49	20
35	49	21
35	49	22
35	49	23
35	49	24
35	49	25
35	50	12
35	50	13
35	50	14
35	50	15
35	50	16
35	50	17
35	50	18
35	50	19
35	50	20
35	50	21
35	50	22
35	50	23
35	50	24
35	51	13
35	51	14
35	51	15
35	51	16
35	51	17
35	51	18
35	51	19
35	51	20
35	51	21
35	51	22
35	51	23
35	51	24
35	52	13
35	52	15
35	52	16
35	52	17
35	52	18
35	52	19
35	52	20
35	52	21
35	52	22
35	52	23
35	52	24
35	53	22
35	53	23
35	53	24
35	54	23
35	54	24
36	35	12
36	36	13
36	37	9
36	37	14
36	38	9
36	38	10
36	38	15
36	38	16
36	38	17
36	38	18
36	39	10
36	39	11
36	39	18
36	39	19
36	39	24
36	39	25
36	39	26
36	40	10
36	40	11
36	40	12
36	40	19
36	40	20
36	40	21
36	40	22
36	40	23
36	40	24
36	40	25
36	40	26
36	41	10
36	41	11
36	41	12
36	41	13
36	41	18
36	41	19
36	41	20
36	41	21
36	41	22
36	41	23
36	41	24
36	41	25
36	41	26
36	42	10
36	42	11
36	42	12
36	42	13
36	42	14
36	42	15
36	42	16
36	42	18
36	42	19
36	42	20
36	42	21
36	42	22
36	42	23
36	42	24
36	42	25
36	42	26
36	42	27
36	43	10
36	43	11
36	43	12
36	43	13
36	43	14
36	43	15
36	43	16
36	43	17
36	43	18
36	43	19
36	43	20
36	43	21
36	43	22
36	43	23
36	43	24
36	43	25
36	43	26
36	43	27
36	43	33
36	44	10
36	44	11
36	44	12
36	44	13
36	44	14
36	44	15
36	44	16
36	44	17
36	44	18
36	44	19
36	44	20
36	44	21
36	44	22
36	44	23
36	44	24
36	44	25
36	44	28
36	44	29
36	44	30
36	44	31
36	44	32
36	44	33
36	45	10
36	45	11
36	45	12
36	45	13
36	45	14
36	45	15
36	45	16
36	45	17
36	45	18
36	45	19
36	45	20
36	45	21
36	45	22
36	45	23
36	45	24
36	45	25
36	45	28
36	45	29
36	45	30
36	45	31
36	45	32
36	45	33
36	46	11
36	46	12
36	46	13
36	46	14
36	46	15
36	46	16
36	46	17
36	46	18
36	46	19
36	46	20
36	46	21
36	46	22
36	46	23
36	46	24
36	46	25
36	46	26
36	46	28
36	46	29
36	46	30
36	46	31
36	47	11
36	47	12
36	47	13
36	47	14
36	47	15
36	47	16
36	47	17
36	47	18
36	47	19
36	47	20
36	47	21
36	47	22
36	47	23
36	47	24
36	47	25
36	47	26
36	47	28
36	47	29
36	47	30
36	48	12
36	48	13
36	48	14
36	48	15
36	48	16
36	48	17
36	48	18
36	48	19
36	48	20
36	48	21
36	48	22
36	48	23
36	48	24
36	48	25
36	48	26
36	49	12
36	49	13
36	49	14
36	49	15
36	49	16
36	49	17
36	49	18
36	49	19
36	49	20
36	49	21
36	49	22
36	49	23
36	49	24
36	49	25
36	50	12
36	50	13
36	50	14
36	50	15
36	50	16
36	50	17
36	50	18
36	50	19
36	50	20
36	50	21
36	50	22
36	50	23
36	50	24
36	50	25
36	51	15
36	51	16
36	51	17
36	51	18
36	51	19
36	51	20
36	51	21
36	51	22
36	51	23
36	51	24
36	52	18
36	52	19
36	52	20
36	52	21
36	52	22
36	52	23
36	52	24
37	36	13
37	37	9
37	37	14
37	37	15
37	38	10
37	39	10
37	39	11
37	40	11
37	40	12
37	40	23
37	40	24
37	40	25
37	40	26
37	40	27
37	41	11
37	41	12
37	41	13
37	41	20
37	41	21
37	41	22
37	41	23
37	41	24
37	41	25
37	41	26
37	41	27
37	42	11
37	42	12
37	42	13
37	42	17
37	42	18
37	42	19
37	42	20
37	42	21
37	42	22
37	42	23
37	42	24
37	42	25
37	42	26
37	42	27
37	42	33
37	43	11
37	43	12
37	43	13
37	43	17
37	43	18
37	43	19
37	43	20
37	43	21
37	43	22
37	43	23
37	43	24
37	43	25
37	43	26
37	43	27
37	43	28
37	43	30
37	43	31
37	43	32
37	43	33
37	44	10
37	44	11
37	44	12
37	44	13
37	44	14
37	44	15
37	44	17
37	44	18
37	44	19
37	44	20
37	44	21
37	44	22
37	44	23
37	44	24
37	44	25
37	44	26
37	44	28
37	44	29
37	44	30
37	44	31
37	44	32
37	44	33
37	44	34
37	45	10
37	45	11
37	45	12
37	45	13
37	45	14
37	45	15
37	45	16
37	45	17
37	45	18
37	45	19
37	45	20
37	45	21
37	45	22
37	45	23
37	45	24
37	45	25
37	45	26
37	45	29
37	45	30
37	45	31
37	45	32
37	45	33
37	46	11
37	46	12
37	46	13
37	46	14
37	46	15
37	46	16
37	46	17
37	46	18
37	46	19
37	46	20
37	46	21
37	46	22
37	46	23
37	46	24
37	46	25
37	46	26
37	46	28
37	46	29
37	46	30
37	46	31
37	46	32
37	47	12
37	47	13
37	47	14
37	47	15
37	47	16
37	47	17
37	47	18
37	47	19
37	47	20
37	47	21
37	47	22
37	47	23
37	47	24
37	47	25
37	47	26
37	47	27
37	47	28
37	47	29
37	47	30
37	48	13
37	48	14
37	48	15
37	48	16
37	48	17
37	48	18
37	48	19
37	48	20
37	48	21
37	48	22
37	48	23
37	48	24
37	48	25
37	48	26
37	48	29
37	49	14
37	49	15
37	49	16
37	49	17
37	49	18
37	49	19
37	49	20
37	49	21
37	49	22
37	49	23
37	49	24
37	49	25
37	49	26
37	50	15
37	50	16
37	50	17
37	50	18
37	50	19
37	50	20
37	50	21
37	50	22
37	50	23
37	50	24
37	50	25
37	51	17
37	51	18
37	51	19
37	51	20
37	51	21
37	51	22
37	51	23
37	51	24
38	36	13
38	36	14
38	38	10
38	39	10
38	39	11
38	40	11
38	40	12
38	41	11
38	41	12
38	41	21
38	41	22
38	41	23
38	41	24
38	41	25
38	41	26
38	42	11
38	42	12
38	42	19
38	42	20
38	42	21
38	42	22
38	42	23
38	42	24
38	42	25
38	42	26
38	42	27
38	42	31
38	42	32
38	42	33
38	43	11
38	43	12
38	43	18
38	43	19
38	43	20
38	43	21
38	43	22
38	43	23
38	43	24
38	43	25
38	43	26
38	43	27
38	43	31
38	43	32
38	43	33
38	44	11
38	44	12
38	44	18
38	44	19
38	44	20
38	44	21
38	44	22
38	44	23
38	44	24
38	44	25
38	44	26
38	44	27
38	44	28
38	44	30
38	44	31
38	44	32
38	44	33
38	44	34
38	45	10
38	45	11
38	45	12
38	45	13
38	45	14
38	45	17
38	45	18
38	45	19
38	45	20
38	45	21
38	45	22
38	45	23
38	45	24
38	45	25
38	45	26
38	45	27
38	45	28
38	45	29
38	45	30
38	45	31
38	45	32
38	45	33
38	46	11
38	46	12
38	46	13
38	46	14
38	46	15
38	46	16
38	46	17
38	46	18
38	46	19
38	46	20
38	46	21
38	46	22
38	46	23
38	46	24
38	46	25
38	46	26
38	46	27
38	46	28
38	46	29
38	46	30
38	46	31
38	46	32
38	47	12
38	47	13
38	47	14
38	47	15
38	47	16
38	47	17
38	47	18
38	47	19
38	47	20
38	47	21
38	47	22
38	47	23
38	47	24
38	47	25
38	47	26
38	47	27
38	47	28
38	47	29
38	47	30
38	47	31
38	48	14
38	48	15
38	48	16
38	48	17
38	48	18
38	48	19
38	48	20
38	48	21
38	48	22
38	48	23
38	48	24
38	48	25
38	48	26
38	48	27
38	49	15
38	49	16
38	49	17
38	49	18
38	49	19
38	49	20
38	49	21
38	49	22
38	49	23
38	49	24
38	49	25
38	49	26
38	50	16
38	50	17
38	50	18
38	50	19
38	50	20
38	50	21
38	50	22
38	50	23
38	50	24
38	51	19
38	51	20
39	39	11
39	40	11
39	41	11
39	41	33
39	42	11
39	42	19
39	42	20
39	42	21
39	42	22
39	42	23
39	42	24
39	42	25
39	42	26
39	42	32
39	42	33
39	43	11
39	43	18
39	43	19
39	43	20
39	43	21
39	43	22
39	43	23
39	43	24
39	43	25
39	43	26
39	43	27
39	43	31
39	43	32
39	43	33
39	44	11
39	44	18
39	44	19
39	44	20
39	44	21
39	44	22
39	44	23
39	44	24
39	44	25
39	44	26
39	44	27
39	44	28
39	44	31
39	44	32
39	44	33
39	45	11
39	45	17
39	45	18
39	45	19
39	45	20
39	45	21
39	45	22
39	45	23
39	45	24
39	45	25
39	45	26
39	45	27
39	45	28
39	45	29
39	45	30
39	45	31
39	45	32
39	45	33
39	46	11
39	46	12
39	46	13
39	46	16
39	46	17
39	46	18
39	46	19
39	46	20
39	46	21
39	46	22
39	46	23
39	46	24
39	46	25
39	46	26
39	46	27
39	46	28
39	46	29
39	46	30
39	46	31
39	47	11
39	47	12
39	47	13
39	47	14
39	47	15
39	47	16
39	47	17
39	47	18
39	47	19
39	47	20
39	47	21
39	47	22
39	47	23
39	47	24
39	47	25
39	47	26
39	47	27
39	47	28
39	47	29
39	47	30
39	48	14
39	48	15
39	48	16
39	48	17
39	48	18
39	48	19
39	48	20
39	48	21
39	48	22
39	48	23
39	48	24
39	48	25
39	48	26
39	49	16
39	49	17
39	49	18
39	49	19
39	49	20
39	49	21
39	49	22
39	49	23
39	49	24
39	50	18
39	50	19
39	50	20
40	41	33
40	42	20
40	42	21
40	42	22
40	42	23
40	42	24
40	42	25
40	42	32
40	42	33
40	43	18
40	43	19
40	43	20
40	43	21
40	43	22
40	43	23
40	43	24
40	43	25
40	43	26
40	43	27
40	43	32
40	43	33
40	44	18
40	44	19
40	44	20
40	44	21
40	44	22
40	44	23
40	44	24
40	44	25
40	44	26
40	44	27
40	44	28
40	44	32
40	44	33
40	45	17
40	45	18
40	45	19
40	45	20
40	45	21
40	45	22
40	45	23
40	45	24
40	45	25
40	45	26
40	45	27
40	45	28
40	45	29
40	45	32
40	46	16
40	46	17
40	46	18
40	46	19
40	46	20
40	46	21
40	46	22
40	46	23
40	46	24
40	46	25
40	46	26
40	46	27
40	46	28
40	46	29
40	46	30
40	46	31
40	47	12
40	47	15
40	47	16
40	47	17
40	47	18
40	47	19
40	47	20
40	47	21
40	47	22
40	47	23
40	47	24
40	47	25
40	47	26
40	47	27
40	48	15
40	48	16
40	48	17
40	48	18
40	48	19
40	48	20
40	48	21
40	48	22
40	48	23
40	48	24
40	49	16
40	49	17
40	49	18
40	49	19
40	49	20
40	49	21
41	42	21
41	42	22
41	42	23
41	42	24
41	42	25
41	43	19
41	43	20
41	43	21
41	43	22
41	43	23
41	43	24
41	43	25
41	43	26
41	43	27
41	44	18
41	44	19
41	44	20
41	44	21
41	44	22
41	44	23
41	44	24
41	44	25
41	44	26
41	44	27
41	44	28
41	45	17
41	45	18
41	45	19
41	45	20
41	45	21
41	45	22
41	45	23
41	45	24
41	45	25
41	45	26
41	45	27
41	45	28
41	45	29
41	46	16
41	46	17
41	46	18
41	46	19
41	46	20
41	46	21
41	46	22
41	46	23
41	46	24
41	46	25
41	46	26
41	46	27
41	46	28
41	47	15
41	47	16
41	47	17
41	47	18
41	47	19
41	47	20
41	47	21
41	47	22
41	47	23
41	47	24
41	48	15
41	48	16
41	48	17
41	48	18
41	48	19
41	48	20
41	48	21
41	48	22
41	49	18
41	49	19
42	43	21
42	43	22
42	43	23
42	43	24
42	43	25
42	43	26
42	44	20
42	44	21
42	44	22
42	44	23
42	44	24
42	44	25
42	44	26
42	44	27
42	44	28
42	45	17
42	45	18
42	45	19
42	45	20
42	45	21
42	45	22
42	45	23
42	45	24
42	45	25
42	45	26
42	45	27
42	45	28
42	45	29
42	46	16
42	46	17
42	46	18
42	46	19
42	46	20
42	46	21
42	46	22
42	46	23
42	46	24
42	47	15
42	47	16
42	47	17
42	47	18
42	47	19
42	47	20
42	47	21
42	47	22
42	48	15
42	48	16
42	48	17
42	48	18
42	48	19
42	48	20
42	48	21
43	44	22
43	44	23
43	44	24
43	44	25
43	45	21
43	45	22
43	45	23
43	45	24
43	46	16
43	46	17
43	46	18
43	46	19
43	46	20
43	46	21
43	46	22
43	46	23
43	47	15
43	47	16
43	47	17
43	47	18
43	47	19
43	47	20
43	47	21
43	48	14
43	48	15
43	48	16
43	48	17
43	48	18
43	48	19
43	48	20
43	49	18
44	44	22
44	45	22
44	45	23
44	47	15
44	47	16
44	47	17
44	47	18
44	47	19
44	47	20
44	47	21
44	48	15
44	48	16
44	48	17
44	48	18
44	48	19
44	49	15
44	49	16
44	49	17
44	49	18
44	49	19
44	50	15
44	50	16
44	50	17
44	50	18
44	50	19
44	51	16
44	51	17
45	48	16
45	48	17
45	48	18
45	49	15
45	49	16
45	49	17
45	49	18
45	49	19
45	50	15
45	50	16
45	50	17
45	50	18
45	50	19
45	51	15
45	51	16
45	51	17
45	51	18
46	48	16
46	48	17
46	48	18
46	48	19
46	49	15
46	49	16
46	49	17
46	49	18
46	50	14
46	50	15
46	50	16
46	50	17
46	50	18
46	51	15
46	51	16
46	51	17
46	51	18
47	46	17
47	46	18
47	46	19
47	47	16
47	47	17
47	47	18
47	47	19
47	48	15
47	48	16
47	48	17
47	48	18
47	49	14
47	49	15
47	49	16
47	49	17
47	49	18
47	50	14
47	50	15
47	50	16
47	50	17
47	50	18
47	51	16
47	51	17
47	51	18
48	45	17
48	45	18
48	46	17
48	46	18
48	47	17
48	47	18
48	48	17
48	48	18
48	49	16
48	49	17
