#i	j	k
40	63	10
40	64	10
40	65	10
40	66	10
41	63	9
41	63	10
41	64	9
41	64	10
41	64	11
41	65	9
41	65	10
41	65	11
41	66	9
41	66	10
41	66	11
41	67	9
41	67	10
41	67	11
41	68	10
41	68	11
42	63	8
42	63	9
42	63	10
42	63	11
42	63	12
42	64	8
42	64	9
42	64	10
42	64	11
42	65	8
42	65	9
42	65	10
42	65	11
42	66	8
42	66	9
42	66	10
42	66	11
42	67	9
42	67	10
42	67	11
42	68	10
42	68	11
42	69	10
42	69	11
42	70	11
43	62	8
43	62	9
43	62	10
43	62	11
43	62	12
43	62	13
43	63	7
43	63	8
43	63	9
43	63	10
43	63	11
43	63	12
43	63	13
43	64	7
43	64	8
43	64	9
43	64	10
43	64	11
43	64	12
43	65	7
43	65	8
43	65	9
43	65	10
43	65	11
43	65	12
43	66	8
43	66	9
43	66	10
43	66	11
43	66	12
43	67	9
43	67	10
43	67	11
43	68	9
43	68	10
43	68	11
43	69	10
43	69	11
43	70	11
44	61	9
44	61	10
44	61	11
44	61	12
44	62	8
44	62	9
44	62	10
44	62	11
44	62	12
44	62	13
44	63	7
44	63	8
44	63	9
44	63	10
44	63	11
44	63	12
44	63	13
44	63	14
44	64	7
44	64	8
44	64	9
44	64	10
44	64	11
44	64	12
44	64	13
44	65	7
44	65	8
44	65	9
44	65	10
44	65	11
44	65	12
44	65	13
44	66	8
44	66	9
44	66	10
44	66	11
44	66	12
44	66	13
44	67	8
44	67	9
44	67	10
44	67	11
44	67	12
44	68	9
44	68	10
44	68	11
44	68	12
44	69	10
44	69	11
44	70	11
45	61	9
45	61	10
45	61	11
45	61	12
45	62	8
45	62	9
45	62	10
45	62	11
45	62	12
45	62	13
45	63	7
45	63	8
45	63	9
45	63	10
45	63	11
45	63	12
45	63	13
45	63	14
45	64	7
45	64	8
45	64	9
45	64	10
45	64	11
45	64	12
45	64	13
45	64	14
45	65	7
45	65	8
45	65	9
45	65	10
45	65	11
45	65	12
45	65	13
45	65	14
45	66	7
45	66	8
45	66	9
45	66	10
45	66	11
45	66	12
45	66	13
45	66	14
45	67	8
45	67	9
45	67	10
45	67	11
45	67	12
45	67	13
45	67	14
45	68	9
45	68	10
45	68	11
45	68	12
45	68	13
45	69	10
45	69	11
45	69	12
45	70	11
46	61	9
46	61	10
46	61	11
46	61	12
46	62	8
46	62	9
46	62	10
46	62	11
46	62	12
46	62	13
46	63	7
46	63	8
46	63	9
46	63	10
46	63	11
46	63	12
46	63	13
46	64	6
46	64	7
46	64	8
46	64	9
46	64	10
46	64	11
46	64	12
46	64	13
46	65	6
46	65	7
46	65	8
46	65	9
46	65	10
46	65	11
46	65	12
46	65	13
46	66	7
46	66	8
46	66	9
46	66	10
46	66	11
46	66	12
46	66	13
46	66	14
46	67	7
46	67	8
46	67	9
46	67	10
46	67	11
46	67	12
46	67	13
46	67	14
46	67	15
46	68	9
46	68	10
46	68	11
46	68	12
46	68	13
46	68	14
46	68	15
46	68	16
46	69	10
46	69	11
46	69	12
46	69	15
46	69	16
46	69	17
46	70	11
46	70	16
46	70	17
46	71	16
46	71	17
47	61	10
47	61	11
47	61	12
47	62	8
47	62	9
47	62	10
47	62	11
47	62	12
47	62	13
47	63	7
47	63	8
47	63	9
47	63	10
47	63	11
47	63	12
47	63	13
47	64	6
47	64	7
47	64	8
47	64	9
47	64	10
47	64	11
47	64	12
47	64	13
47	65	6
47	65	7
47	65	8
47	65	9
47	65	10
47	65	11
47	65	12
47	65	13
47	66	7
47	66	8
47	66	9
47	66	10
47	66	11
47	66	12
47	66	13
47	67	7
47	67	8
47	67	9
47	67	10
47	67	11
47	67	12
47	67	13
47	67	14
47	67	15
47	67	16
47	68	8
47	68	9
47	68	10
47	68	11
47	68	12
47	68	13
47	68	14
47	68	15
47	68	16
47	68	17
47	69	10
47	69	11
47	69	12
47	69	13
47	69	14
47	69	15
47	69	16
47	69	17
47	69	18
47	69	19
47	70	14
47	70	15
47	70	16
47	70	17
47	70	18
47	71	14
47	71	15
47	71	16
47	71	17
47	71	18
47	72	14
47	72	15
47	72	16
47	72	17
47	73	14
47	73	15
47	73	16
47	73	17
47	74	15
47	74	16
47	74	17
47	75	15
47	75	16
47	75	17
48	61	11
48	61	12
48	62	10
48	62	11
48	62	12
48	63	8
48	63	9
48	63	10
48	63	11
48	63	12
48	64	7
48	64	8
48	64	9
48	64	10
48	64	11
48	64	12
48	65	7
48	65	8
48	65	9
48	65	10
48	65	11
48	65	12
48	66	7
48	66	8
48	66	9
48	66	10
48	66	11
48	66	12
48	67	8
48	67	9
48	67	10
48	67	11
48	67	12
48	67	13
48	67	17
48	68	8
48	68	9
48	68	10
48	68	11
48	68	12
48	68	13
48	68	14
48	68	15
48	68	16
48	68	17
48	68	18
48	69	9
48	69	10
48	69	11
48	69	13
48	69	14
48	69	15
48	69	16
48	69	17
48	69	18
48	69	19
48	70	13
48	70	14
48	70	15
48	70	16
48	70	17
48	70	18
48	70	19
48	71	13
48	71	14
48	71	15
48	71	16
48	71	17
48	71	18
48	72	13
48	72	14
48	72	15
48	72	16
48	72	17
48	72	18
48	73	11
48	73	12
48	73	13
48	73	14
48	73	15
48	73	16
48	73	17
48	73	18
48	74	11
48	74	12
48	74	13
48	74	14
48	74	15
48	74	16
48	74	17
48	74	18
48	75	11
48	75	12
48	75	13
48	75	14
48	75	15
48	75	16
48	75	17
48	75	18
48	76	12
48	76	13
48	76	14
48	76	15
48	76	16
48	76	17
48	76	18
48	76	19
48	77	13
48	77	14
48	77	15
48	77	16
48	77	17
48	77	18
48	77	19
48	78	14
48	78	15
48	78	16
48	78	17
48	78	18
48	79	16
48	79	17
48	79	18
49	62	11
49	63	10
49	63	11
49	64	9
49	64	10
49	64	11
49	64	12
49	65	8
49	65	9
49	65	10
49	65	11
49	65	12
49	66	8
49	66	9
49	66	10
49	66	11
49	66	12
49	67	8
49	67	9
49	67	10
49	67	11
49	67	12
49	68	9
49	68	10
49	68	11
49	68	12
49	68	13
49	68	14
49	68	15
49	68	16
49	68	17
49	68	18
49	68	19
49	69	9
49	69	10
49	69	11
49	69	12
49	69	13
49	69	14
49	69	15
49	69	16
49	69	17
49	69	18
49	69	19
49	69	20
49	70	12
49	70	13
49	70	14
49	70	15
49	70	16
49	70	17
49	70	18
49	70	19
49	71	12
49	71	13
49	71	14
49	71	15
49	71	16
49	71	17
49	71	18
49	71	19
49	72	10
49	72	11
49	72	12
49	72	13
49	72	14
49	72	15
49	72	16
49	72	17
49	72	18
49	72	19
49	73	10
49	73	11
49	73	12
49	73	13
49	73	14
49	73	15
49	73	16
49	73	17
49	73	18
49	73	19
49	74	10
49	74	11
49	74	12
49	74	13
49	74	14
49	74	15
49	74	16
49	74	17
49	74	18
49	74	19
49	75	10
49	75	11
49	75	12
49	75	13
49	75	14
49	75	15
49	75	16
49	75	17
49	75	18
49	75	19
49	76	10
49	76	11
49	76	12
49	76	13
49	76	14
49	76	15
49	76	16
49	76	17
49	76	18
49	76	19
49	77	12
49	77	13
49	77	14
49	77	15
49	77	16
49	77	17
49	77	18
49	77	19
49	78	13
49	78	14
49	78	15
49	78	16
49	78	17
49	78	18
49	78	19
49	79	14
49	79	15
49	79	16
49	79	17
49	79	18
49	79	19
49	80	15
49	80	16
49	80	17
49	80	18
49	81	15
49	81	16
49	81	17
49	81	18
49	82	16
49	82	17
49	82	18
50	62	11
50	63	10
50	63	11
50	64	10
50	64	11
50	65	10
50	65	11
50	65	12
50	66	8
50	66	9
50	66	10
50	66	11
50	66	12
50	67	7
50	67	8
50	67	9
50	67	10
50	67	11
50	67	12
50	68	6
50	68	7
50	68	8
50	68	9
50	68	10
50	68	11
50	68	12
50	68	13
50	68	14
50	68	15
50	68	16
50	68	17
50	68	18
50	68	19
50	69	7
50	69	8
50	69	9
50	69	10
50	69	11
50	69	12
50	69	13
50	69	14
50	69	15
50	69	16
50	69	17
50	69	18
50	69	19
50	69	20
50	70	7
50	70	8
50	70	9
50	70	10
50	70	11
50	70	12
50	70	13
50	70	14
50	70	15
50	70	16
50	70	17
50	70	18
50	70	19
50	70	20
50	71	8
50	71	9
50	71	10
50	71	11
50	71	12
50	71	13
50	71	14
50	71	15
50	71	16
50	71	17
50	71	18
50	71	19
50	71	20
50	72	9
50	72	10
50	72	11
50	72	12
50	72	13
50	72	14
50	72	15
50	72	16
50	72	17
50	72	18
50	72	19
50	72	20
50	73	9
50	73	10
50	73	11
50	73	12
50	73	13
50	73	14
50	73	15
50	73	16
50	73	17
50	73	18
50	73	19
50	74	9
50	74	10
50	74	11
50	74	12
50	74	13
50	74	14
50	74	15
50	74	16
50	74	17
50	74	18
50	74	19
50	74	20
50	75	9
50	75	10
50	75	11
50	75	12
50	75	13
50	75	14
50	75	15
50	75	16
50	75	17
50	75	18
50	75	19
50	75	20
50	76	9
50	76	10
50	76	11
50	76	12
50	76	13
50	76	14
50	76	15
50	76	16
50	76	17
50	76	18
50	76	19
50	76	20
50	77	10
50	77	11
50	77	12
50	77	13
50	77	14
50	77	15
50	77	16
50	77	17
50	77	18
50	77	19
50	77	20
50	78	12
50	78	13
50	78	14
50	78	15
50	78	16
50	78	17
50	78	18
50	78	19
50	78	20
50	79	13
50	79	14
50	79	15
50	79	16
50	79	17
50	79	18
50	79	19
50	79	20
50	80	13
50	80	14
50	80	15
50	80	16
50	80	17
50	80	18
50	80	19
50	80	20
50	81	14
50	81	15
50	81	16
50	81	17
50	81	18
50	81	19
50	82	14
50	82	15
50	82	16
50	82	17
50	82	18
50	82	19
50	83	15
50	83	16
50	83	17
50	83	18
50	83	19
50	84	15
50	84	16
50	84	17
50	84	18
50	84	19
50	85	15
50	85	16
50	85	17
50	85	18
50	85	19
50	86	16
50	86	17
50	86	18
50	86	19
51	61	10
51	61	11
51	62	7
51	62	8
51	62	9
51	62	10
51	62	11
51	63	6
51	63	7
51	63	8
51	63	9
51	63	10
51	63	11
51	64	4
51	64	5
51	64	6
51	64	7
51	64	8
51	64	9
51	64	10
51	64	11
51	64	12
51	65	4
51	65	5
51	65	6
51	65	7
51	65	8
51	65	9
51	65	10
51	65	11
51	65	12
51	66	4
51	66	5
51	66	6
51	66	7
51	66	8
51	66	9
51	66	10
51	66	11
51	66	12
51	67	4
51	67	5
51	67	6
51	67	7
51	67	8
51	67	9
51	67	10
51	67	11
51	67	12
51	67	13
51	68	4
51	68	5
51	68	6
51	68	7
51	68	8
51	68	9
51	68	10
51	68	11
51	68	12
51	68	13
51	68	14
51	68	15
51	68	16
51	68	17
51	69	4
51	69	5
51	69	6
51	69	7
51	69	8
51	69	9
51	69	10
51	69	11
51	69	12
51	69	13
51	69	14
51	69	15
51	69	16
51	69	17
51	69	18
51	69	19
51	70	4
51	70	5
51	70	6
51	70	7
51	70	8
51	70	9
51	70	10
51	70	11
51	70	12
51	70	13
51	70	14
51	70	15
51	70	16
51	70	17
51	70	18
51	70	19
51	70	20
51	71	4
51	71	5
51	71	6
51	71	7
51	71	8
51	71	9
51	71	10
51	71	11
51	71	12
51	71	13
51	71	14
51	71	15
51	71	16
51	71	17
51	71	18
51	71	19
51	71	20
51	71	21
51	72	5
51	72	6
51	72	7
51	72	8
51	72	9
51	72	10
51	72	11
51	72	12
51	72	13
51	72	14
51	72	15
51	72	16
51	72	17
51	72	18
51	72	19
51	72	20
51	72	21
51	73	7
51	73	8
51	73	9
51	73	10
51	73	11
51	73	12
51	73	13
51	73	14
51	73	15
51	73	16
51	73	17
51	73	18
51	73	19
51	73	20
51	73	21
51	74	8
51	74	9
51	74	10
51	74	11
51	74	12
51	74	13
51	74	14
51	74	15
51	74	16
51	74	17
51	74	18
51	74	19
51	74	20
51	74	21
51	75	8
51	75	9
51	75	10
51	75	11
51	75	12
51	75	13
51	75	14
51	75	15
51	75	16
51	75	17
51	75	18
51	75	19
51	75	20
51	75	21
51	75	22
51	76	8
51	76	9
51	76	10
51	76	11
51	76	12
51	76	13
51	76	14
51	76	15
51	76	16
51	76	17
51	76	18
51	76	19
51	76	20
51	76	21
51	76	22
51	77	10
51	77	11
51	77	12
51	77	13
51	77	14
51	77	15
51	77	16
51	77	17
51	77	18
51	77	19
51	77	20
51	77	21
51	77	22
51	78	11
51	78	12
51	78	13
51	78	14
51	78	15
51	78	16
51	78	17
51	78	18
51	78	19
51	78	20
51	78	21
51	79	12
51	79	13
51	79	14
51	79	15
51	79	16
51	79	17
51	79	18
51	79	19
51	79	20
51	79	21
51	80	13
51	80	14
51	80	15
51	80	16
51	80	17
51	80	18
51	80	19
51	80	20
51	80	21
51	81	13
51	81	14
51	81	15
51	81	16
51	81	17
51	81	18
51	81	19
51	81	20
51	82	13
51	82	14
51	82	15
51	82	16
51	82	17
51	82	18
51	82	19
51	82	20
51	82	21
51	83	14
51	83	15
51	83	16
51	83	17
51	83	18
51	83	19
51	83	20
51	83	21
51	84	14
51	84	15
51	84	16
51	84	17
51	84	18
51	84	19
51	84	20
51	85	14
51	85	15
51	85	16
51	85	17
51	85	18
51	85	19
51	85	20
51	86	15
51	86	16
51	86	17
51	86	18
51	86	19
51	86	20
51	87	16
51	87	17
51	87	18
51	87	19
51	87	20
51	88	17
51	88	18
51	88	19
51	89	18
52	60	5
52	60	6
52	60	7
52	60	8
52	60	9
52	60	10
52	61	4
52	61	5
52	61	6
52	61	7
52	61	8
52	61	9
52	61	10
52	61	11
52	61	12
52	62	3
52	62	4
52	62	5
52	62	6
52	62	7
52	62	8
52	62	9
52	62	10
52	62	11
52	62	12
52	63	3
52	63	4
52	63	5
52	63	6
52	63	7
52	63	8
52	63	9
52	63	10
52	63	11
52	63	12
52	64	3
52	64	4
52	64	5
52	64	6
52	64	7
52	64	8
52	64	9
52	64	10
52	64	11
52	64	12
52	65	3
52	65	4
52	65	5
52	65	6
52	65	7
52	65	8
52	65	9
52	65	10
52	65	11
52	65	12
52	65	13
52	66	3
52	66	4
52	66	5
52	66	6
52	66	7
52	66	8
52	66	9
52	66	10
52	66	11
52	66	12
52	66	13
52	67	3
52	67	4
52	67	5
52	67	6
52	67	7
52	67	8
52	67	9
52	67	10
52	67	11
52	67	12
52	67	13
52	67	14
52	68	3
52	68	4
52	68	5
52	68	6
52	68	7
52	68	8
52	68	9
52	68	10
52	68	11
52	68	12
52	68	13
52	68	14
52	68	15
52	68	16
52	69	3
52	69	4
52	69	5
52	69	6
52	69	7
52	69	8
52	69	9
52	69	10
52	69	11
52	69	12
52	69	13
52	69	14
52	69	15
52	69	16
52	69	17
52	69	18
52	70	3
52	70	4
52	70	5
52	70	6
52	70	7
52	70	8
52	70	9
52	70	10
52	70	11
52	70	12
52	70	13
52	70	14
52	70	15
52	70	16
52	70	17
52	70	18
52	70	19
52	70	20
52	71	4
52	71	5
52	71	6
52	71	7
52	71	8
52	71	9
52	71	10
52	71	11
52	71	12
52	71	13
52	71	14
52	71	15
52	71	16
52	71	17
52	71	18
52	71	19
52	71	20
52	71	21
52	72	4
52	72	5
52	72	6
52	72	7
52	72	8
52	72	9
52	72	10
52	72	11
52	72	12
52	72	13
52	72	14
52	72	15
52	72	16
52	72	17
52	72	18
52	72	19
52	72	20
52	72	21
52	73	5
52	73	6
52	73	7
52	73	8
52	73	9
52	73	10
52	73	11
52	73	12
52	73	13
52	73	14
52	73	15
52	73	16
52	73	17
52	73	18
52	73	19
52	73	20
52	73	21
52	74	6
52	74	7
52	74	8
52	74	9
52	74	10
52	74	11
52	74	12
52	74	13
52	74	14
52	74	15
52	74	16
52	74	17
52	74	18
52	74	19
52	74	20
52	74	21
52	75	7
52	75	8
52	75	9
52	75	10
52	75	11
52	75	12
52	75	13
52	75	14
52	75	15
52	75	16
52	75	17
52	75	18
52	75	19
52	75	20
52	75	21
52	75	22
52	76	8
52	76	9
52	76	10
52	76	11
52	76	12
52	76	13
52	76	14
52	76	15
52	76	16
52	76	17
52	76	18
52	76	19
52	76	20
52	76	21
52	76	22
52	77	10
52	77	11
52	77	12
52	77	13
52	77	14
52	77	15
52	77	16
52	77	17
52	77	18
52	77	19
52	77	20
52	77	21
52	77	22
52	78	11
52	78	12
52	78	13
52	78	14
52	78	15
52	78	16
52	78	17
52	78	18
52	78	19
52	78	20
52	78	21
52	78	22
52	78	23
52	79	11
52	79	12
52	79	13
52	79	14
52	79	15
52	79	16
52	79	17
52	79	18
52	79	19
52	79	20
52	79	21
52	79	22
52	80	12
52	80	13
52	80	14
52	80	15
52	80	16
52	80	17
52	80	18
52	80	19
52	80	20
52	80	21
52	80	22
52	81	13
52	81	14
52	81	15
52	81	16
52	81	17
52	81	18
52	81	19
52	81	20
52	81	21
52	82	13
52	82	14
52	82	15
52	82	16
52	82	17
52	82	18
52	82	19
52	82	20
52	82	21
52	83	13
52	83	14
52	83	15
52	83	16
52	83	17
52	83	18
52	83	19
52	83	20
52	83	21
52	84	14
52	84	15
52	84	16
52	84	17
52	84	18
52	84	19
52	84	20
52	84	21
52	85	14
52	85	15
52	85	16
52	85	17
52	85	18
52	85	19
52	85	20
52	85	21
52	86	15
52	86	16
52	86	17
52	86	18
52	86	19
52	86	20
52	86	21
52	87	15
52	87	16
52	87	17
52	87	18
52	87	19
52	87	20
52	87	21
52	88	15
52	88	16
52	88	17
52	88	18
52	88	19
52	88	20
52	89	16
52	89	17
52	89	18
52	89	19
52	89	20
52	90	17
52	90	18
52	90	19
53	60	9
53	60	10
53	60	11
53	61	2
53	61	3
53	61	4
53	61	5
53	61	6
53	61	7
53	61	8
53	61	9
53	61	10
53	61	11
53	61	12
53	61	13
53	62	2
53	62	3
53	62	4
53	62	5
53	62	6
53	62	7
53	62	8
53	62	9
53	62	10
53	62	11
53	62	12
53	62	13
53	63	2
53	63	3
53	63	4
53	63	5
53	63	6
53	63	7
53	63	8
53	63	9
53	63	10
53	63	11
53	63	12
53	63	13
53	64	2
53	64	3
53	64	4
53	64	5
53	64	6
53	64	7
53	64	8
53	64	9
53	64	10
53	64	11
53	64	12
53	64	13
53	65	2
53	65	3
53	65	4
53	65	5
53	65	6
53	65	7
53	65	8
53	65	9
53	65	10
53	65	11
53	65	12
53	65	13
53	65	14
53	66	2
53	66	3
53	66	4
53	66	5
53	66	6
53	66	7
53	66	8
53	66	9
53	66	10
53	66	11
53	66	12
53	66	13
53	66	14
53	66	15
53	67	2
53	67	3
53	67	4
53	67	5
53	67	6
53	67	7
53	67	8
53	67	9
53	67	10
53	67	11
53	67	12
53	67	13
53	67	14
53	67	15
53	68	2
53	68	3
53	68	4
53	68	5
53	68	6
53	68	7
53	68	8
53	68	9
53	68	10
53	68	11
53	68	12
53	68	13
53	68	14
53	68	15
53	68	16
53	69	2
53	69	3
53	69	4
53	69	5
53	69	6
53	69	7
53	69	8
53	69	9
53	69	10
53	69	11
53	69	12
53	69	13
53	69	14
53	69	15
53	69	16
53	69	17
53	69	18
53	70	3
53	70	4
53	70	5
53	70	6
53	70	7
53	70	8
53	70	9
53	70	10
53	70	11
53	70	12
53	70	13
53	70	14
53	70	15
53	70	16
53	70	17
53	70	18
53	70	19
53	71	3
53	71	4
53	71	5
53	71	6
53	71	7
53	71	8
53	71	9
53	71	10
53	71	11
53	71	12
53	71	13
53	71	14
53	71	15
53	71	16
53	71	17
53	71	18
53	71	19
53	71	20
53	71	21
53	72	4
53	72	5
53	72	6
53	72	7
53	72	8
53	72	9
53	72	10
53	72	11
53	72	12
53	72	13
53	72	14
53	72	15
53	72	16
53	72	17
53	72	18
53	72	19
53	72	20
53	72	21
53	73	4
53	73	5
53	73	6
53	73	7
53	73	8
53	73	9
53	73	10
53	73	11
53	73	12
53	73	13
53	73	14
53	73	15
53	73	16
53	73	17
53	73	18
53	73	19
53	73	20
53	73	21
53	74	5
53	74	6
53	74	7
53	74	8
53	74	9
53	74	10
53	74	11
53	74	12
53	74	13
53	74	14
53	74	15
53	74	16
53	74	17
53	74	18
53	74	19
53	74	20
53	74	21
53	75	6
53	75	7
53	75	8
53	75	9
53	75	10
53	75	11
53	75	12
53	75	13
53	75	14
53	75	15
53	75	16
53	75	17
53	75	18
53	75	19
53	75	20
53	75	21
53	75	22
53	76	8
53	76	9
53	76	10
53	76	11
53	76	12
53	76	13
53	76	14
53	76	15
53	76	16
53	76	17
53	76	18
53	76	19
53	76	20
53	76	21
53	76	22
53	77	9
53	77	10
53	77	11
53	77	12
53	77	13
53	77	14
53	77	15
53	77	16
53	77	17
53	77	18
53	77	19
53	77	20
53	77	21
53	77	22
53	78	8
53	78	10
53	78	11
53	78	12
53	78	13
53	78	14
53	78	15
53	78	16
53	78	17
53	78	18
53	78	19
53	78	20
53	78	21
53	78	22
53	78	23
53	79	9
53	79	11
53	79	12
53	79	13
53	79	14
53	79	15
53	79	16
53	79	17
53	79	18
53	79	19
53	79	20
53	79	21
53	79	22
53	79	23
53	80	10
53	80	12
53	80	13
53	80	14
53	80	15
53	80	16
53	80	17
53	80	18
53	80	19
53	80	20
53	80	21
53	80	22
53	81	12
53	81	13
53	81	14
53	81	15
53	81	16
53	81	17
53	81	18
53	81	19
53	81	20
53	81	21
53	81	22
53	82	13
53	82	14
53	82	15
53	82	16
53	82	17
53	82	18
53	82	19
53	82	20
53	82	21
53	82	22
53	83	13
53	83	14
53	83	15
53	83	16
53	83	17
53	83	18
53	83	19
53	83	20
53	83	21
53	83	22
53	84	14
53	84	15
53	84	16
53	84	17
53	84	18
53	84	19
53	84	20
53	84	21
53	84	22
53	85	14
53	85	15
53	85	16
53	85	17
53	85	18
53	85	19
53	85	20
53	85	21
53	86	14
53	86	15
53	86	16
53	86	17
53	86	18
53	86	19
53	86	20
53	86	21
53	87	15
53	87	16
53	87	17
53	87	18
53	87	19
53	87	20
53	87	21
53	88	15
53	88	16
53	88	17
53	88	18
53	88	19
53	88	20
53	88	21
53	89	15
53	89	16
53	89	17
53	89	18
53	89	19
53	89	20
53	89	21
53	90	16
53	90	17
53	90	18
53	90	19
53	90	20
53	91	18
53	91	19
54	60	9
54	60	10
54	60	11
54	60	12
54	61	8
54	61	9
54	61	10
54	61	11
54	61	12
54	61	13
54	62	3
54	62	4
54	62	5
54	62	6
54	62	7
54	62	8
54	62	9
54	62	10
54	62	11
54	62	12
54	62	13
54	63	3
54	63	4
54	63	5
54	63	6
54	63	7
54	63	8
54	63	9
54	63	10
54	63	11
54	63	12
54	63	13
54	64	3
54	64	4
54	64	5
54	64	6
54	64	7
54	64	8
54	64	9
54	64	10
54	64	11
54	64	12
54	64	13
54	64	14
54	65	3
54	65	4
54	65	5
54	65	6
54	65	7
54	65	8
54	65	9
54	65	10
54	65	11
54	65	12
54	65	13
54	65	14
54	66	3
54	66	4
54	66	5
54	66	6
54	66	7
54	66	8
54	66	9
54	66	10
54	66	11
54	66	12
54	66	13
54	66	14
54	66	15
54	67	2
54	67	3
54	67	4
54	67	5
54	67	6
54	67	7
54	67	8
54	67	9
54	67	10
54	67	11
54	67	12
54	67	13
54	67	14
54	67	15
54	68	2
54	68	3
54	68	4
54	68	5
54	68	6
54	68	7
54	68	8
54	68	9
54	68	10
54	68	11
54	68	12
54	68	13
54	68	14
54	68	15
54	68	16
54	69	2
54	69	3
54	69	4
54	69	5
54	69	6
54	69	7
54	69	8
54	69	9
54	69	10
54	69	11
54	69	12
54	69	13
54	69	14
54	69	15
54	69	16
54	69	17
54	70	2
54	70	3
54	70	4
54	70	5
54	70	6
54	70	7
54	70	8
54	70	9
54	70	10
54	70	11
54	70	12
54	70	13
54	70	14
54	70	15
54	70	16
54	70	17
54	70	18
54	70	19
54	71	3
54	71	4
54	71	5
54	71	6
54	71	7
54	71	8
54	71	9
54	71	10
54	71	11
54	71	12
54	71	13
54	71	14
54	71	15
54	71	16
54	71	17
54	71	18
54	71	19
54	71	20
54	71	21
54	72	3
54	72	4
54	72	5
54	72	6
54	72	7
54	72	8
54	72	9
54	72	10
54	72	11
54	72	12
54	72	13
54	72	14
54	72	15
54	72	16
54	72	17
54	72	18
54	72	19
54	72	20
54	72	21
54	73	4
54	73	5
54	73	6
54	73	7
54	73	8
54	73	9
54	73	10
54	73	11
54	73	12
54	73	13
54	73	14
54	73	15
54	73	16
54	73	17
54	73	18
54	73	19
54	73	20
54	73	21
54	74	5
54	74	6
54	74	7
54	74	8
54	74	9
54	74	10
54	74	11
54	74	12
54	74	13
54	74	14
54	74	15
54	74	16
54	74	17
54	74	18
54	74	19
54	74	20
54	74	21
54	75	5
54	75	6
54	75	7
54	75	8
54	75	9
54	75	10
54	75	11
54	75	12
54	75	13
54	75	14
54	75	15
54	75	16
54	75	17
54	75	18
54	75	19
54	75	20
54	75	21
54	76	8
54	76	9
54	76	10
54	76	11
54	76	12
54	76	13
54	76	14
54	76	15
54	76	16
54	76	17
54	76	18
54	76	19
54	76	20
54	76	21
54	76	22
54	77	9
54	77	10
54	77	11
54	77	12
54	77	13
54	77	14
54	77	15
54	77	16
54	77	17
54	77	18
54	77	19
54	77	20
54	77	21
54	77	22
54	78	10
54	78	11
54	78	12
54	78	13
54	78	14
54	78	15
54	78	16
54	78	17
54	78	18
54	78	19
54	78	20
54	78	21
54	78	22
54	78	23
54	79	9
54	79	11
54	79	12
54	79	13
54	79	14
54	79	15
54	79	16
54	79	17
54	79	18
54	79	19
54	79	20
54	79	21
54	79	22
54	79	23
54	80	11
54	80	12
54	80	13
54	80	14
54	80	15
54	80	16
54	80	17
54	80	18
54	80	19
54	80	20
54	80	21
54	80	22
54	80	23
54	81	10
54	81	12
54	81	13
54	81	14
54	81	15
54	81	16
54	81	17
54	81	18
54	81	19
54	81	20
54	81	21
54	81	22
54	81	23
54	82	13
54	82	14
54	82	15
54	82	16
54	82	17
54	82	18
54	82	19
54	82	20
54	82	21
54	82	22
54	82	23
54	83	13
54	83	14
54	83	15
54	83	16
54	83	17
54	83	18
54	83	19
54	83	20
54	83	21
54	83	22
54	84	14
54	84	15
54	84	16
54	84	17
54	84	18
54	84	19
54	84	20
54	84	21
54	84	22
54	85	14
54	85	15
54	85	16
54	85	17
54	85	18
54	85	19
54	85	20
54	85	21
54	85	22
54	86	14
54	86	15
54	86	16
54	86	17
54	86	18
54	86	19
54	86	20
54	86	21
54	86	22
54	87	15
54	87	16
54	87	17
54	87	18
54	87	19
54	87	20
54	87	21
54	87	22
54	88	15
54	88	16
54	88	17
54	88	18
54	88	19
54	88	20
54	88	21
54	88	22
54	89	15
54	89	16
54	89	17
54	89	18
54	89	19
54	89	20
54	89	21
54	90	15
54	90	16
54	90	17
54	90	18
54	90	19
54	90	20
54	90	21
54	91	17
54	91	18
54	91	19
54	91	20
55	59	10
55	60	9
55	60	10
55	60	11
55	61	8
55	61	9
55	61	10
55	61	11
55	62	7
55	62	8
55	62	9
55	62	10
55	62	11
55	62	12
55	63	4
55	63	5
55	63	6
55	63	7
55	63	8
55	63	9
55	63	10
55	63	11
55	63	12
55	64	4
55	64	5
55	64	6
55	64	7
55	64	8
55	64	9
55	64	10
55	64	11
55	64	12
55	64	13
55	65	4
55	65	5
55	65	6
55	65	7
55	65	8
55	65	9
55	65	10
55	65	11
55	65	12
55	65	13
55	66	3
55	66	4
55	66	5
55	66	6
55	66	7
55	66	8
55	66	9
55	66	10
55	66	11
55	66	12
55	66	13
55	66	14
55	67	2
55	67	3
55	67	4
55	67	5
55	67	6
55	67	7
55	67	8
55	67	9
55	67	10
55	67	11
55	67	12
55	67	13
55	67	14
55	68	2
55	68	3
55	68	4
55	68	5
55	68	6
55	68	7
55	68	8
55	68	9
55	68	10
55	68	11
55	68	12
55	68	13
55	68	14
55	69	2
55	69	3
55	69	4
55	69	5
55	69	6
55	69	7
55	69	8
55	69	9
55	69	10
55	69	11
55	69	12
55	69	13
55	69	14
55	69	15
55	70	2
55	70	3
55	70	4
55	70	5
55	70	6
55	70	7
55	70	8
55	70	9
55	70	10
55	70	11
55	70	12
55	70	13
55	70	14
55	70	15
55	70	17
55	70	18
55	70	19
55	71	2
55	71	3
55	71	4
55	71	5
55	71	6
55	71	7
55	71	8
55	71	9
55	71	10
55	71	11
55	71	12
55	71	13
55	71	14
55	71	15
55	71	16
55	71	17
55	71	18
55	71	19
55	71	20
55	71	21
55	72	3
55	72	4
55	72	5
55	72	6
55	72	7
55	72	8
55	72	9
55	72	10
55	72	11
55	72	12
55	72	13
55	72	14
55	72	15
55	72	16
55	72	17
55	72	18
55	72	19
55	72	20
55	72	21
55	73	4
55	73	5
55	73	6
55	73	7
55	73	8
55	73	9
55	73	10
55	73	11
55	73	12
55	73	13
55	73	14
55	73	15
55	73	16
55	73	17
55	73	18
55	73	19
55	73	20
55	73	21
55	74	4
55	74	5
55	74	6
55	74	7
55	74	8
55	74	9
55	74	10
55	74	11
55	74	12
55	74	13
55	74	14
55	74	15
55	74	16
55	74	17
55	74	18
55	74	19
55	74	20
55	74	21
55	75	5
55	75	6
55	75	7
55	75	8
55	75	9
55	75	10
55	75	11
55	75	12
55	75	13
55	75	14
55	75	15
55	75	16
55	75	17
55	75	18
55	75	19
55	75	20
55	75	21
55	76	8
55	76	9
55	76	10
55	76	11
55	76	12
55	76	13
55	76	14
55	76	15
55	76	16
55	76	17
55	76	18
55	76	19
55	76	20
55	76	21
55	76	22
55	77	9
55	77	10
55	77	11
55	77	12
55	77	13
55	77	14
55	77	15
55	77	16
55	77	17
55	77	18
55	77	19
55	77	20
55	77	21
55	77	22
55	78	10
55	78	11
55	78	12
55	78	13
55	78	14
55	78	15
55	78	16
55	78	17
55	78	18
55	78	19
55	78	20
55	78	21
55	78	22
55	79	11
55	79	12
55	79	13
55	79	14
55	79	15
55	79	16
55	79	17
55	79	18
55	79	19
55	79	20
55	79	21
55	79	22
55	79	23
55	80	11
55	80	12
55	80	13
55	80	14
55	80	15
55	80	16
55	80	17
55	80	18
55	80	19
55	80	20
55	80	21
55	80	22
55	80	23
55	80	24
55	81	12
55	81	13
55	81	14
55	81	15
55	81	16
55	81	17
55	81	18
55	81	19
55	81	20
55	81	21
55	81	22
55	81	23
55	82	13
55	82	14
55	82	15
55	82	16
55	82	17
55	82	18
55	82	19
55	82	20
55	82	21
55	82	22
55	82	23
55	83	13
55	83	14
55	83	15
55	83	16
55	83	17
55	83	18
55	83	19
55	83	20
55	83	21
55	83	22
55	83	23
55	84	14
55	84	15
55	84	16
55	84	17
55	84	18
55	84	19
55	84	20
55	84	21
55	84	22
55	84	23
55	85	14
55	85	15
55	85	16
55	85	17
55	85	18
55	85	19
55	85	20
55	85	21
55	85	22
55	85	23
55	86	14
55	86	15
55	86	16
55	86	17
55	86	18
55	86	19
55	86	20
55	86	21
55	86	22
55	87	15
55	87	16
55	87	17
55	87	18
55	87	19
55	87	20
55	87	21
55	87	22
55	88	15
55	88	16
55	88	17
55	88	18
55	88	19
55	88	20
55	88	21
55	88	22
55	89	14
55	89	15
55	89	16
55	89	17
55	89	18
55	89	19
55	89	20
55	89	21
55	89	22
55	90	14
55	90	15
55	90	16
55	90	17
55	90	18
55	90	19
55	90	20
55	90	21
55	91	17
55	91	18
55	91	19
55	91	20
56	60	9
56	61	8
56	61	9
56	61	10
56	62	7
56	62	8
56	62	9
56	62	10
56	63	6
56	63	7
56	63	8
56	63	9
56	63	10
56	63	11
56	64	5
56	64	6
56	64	7
56	64	8
56	64	9
56	64	10
56	64	11
56	64	12
56	65	4
56	65	5
56	65	6
56	65	7
56	65	8
56	65	9
56	65	10
56	65	11
56	65	12
56	65	13
56	66	3
56	66	4
56	66	5
56	66	6
56	66	7
56	66	8
56	66	9
56	66	10
56	66	11
56	66	12
56	66	13
56	67	2
56	67	3
56	67	4
56	67	5
56	67	6
56	67	7
56	67	8
56	67	9
56	67	10
56	67	11
56	67	12
56	67	13
56	68	2
56	68	3
56	68	4
56	68	5
56	68	6
56	68	7
56	68	8
56	68	9
56	68	10
56	68	11
56	68	12
56	68	13
56	68	14
56	69	2
56	69	3
56	69	4
56	69	5
56	69	6
56	69	7
56	69	8
56	69	9
56	69	10
56	69	11
56	69	12
56	69	13
56	69	14
56	70	2
56	70	3
56	70	4
56	70	5
56	70	6
56	70	7
56	70	8
56	70	9
56	70	10
56	70	11
56	70	12
56	70	13
56	70	14
56	70	15
56	71	2
56	71	3
56	71	4
56	71	5
56	71	6
56	71	7
56	71	8
56	71	9
56	71	10
56	71	11
56	71	12
56	71	13
56	71	14
56	71	15
56	71	19
56	71	20
56	72	3
56	72	4
56	72	5
56	72	6
56	72	7
56	72	8
56	72	9
56	72	10
56	72	11
56	72	12
56	72	13
56	72	14
56	72	15
56	72	16
56	72	17
56	72	18
56	72	19
56	72	20
56	72	21
56	73	4
56	73	5
56	73	6
56	73	7
56	73	8
56	73	9
56	73	10
56	73	11
56	73	12
56	73	13
56	73	14
56	73	15
56	73	16
56	73	17
56	73	18
56	73	19
56	73	20
56	73	21
56	74	4
56	74	5
56	74	6
56	74	7
56	74	8
56	74	9
56	74	10
56	74	11
56	74	12
56	74	13
56	74	14
56	74	15
56	74	16
56	74	17
56	74	18
56	74	19
56	74	20
56	74	21
56	75	5
56	75	6
56	75	7
56	75	8
56	75	9
56	75	10
56	75	11
56	75	12
56	75	13
56	75	14
56	75	15
56	75	16
56	75	17
56	75	18
56	75	19
56	75	20
56	75	21
56	76	5
56	76	6
56	76	7
56	76	8
56	76	9
56	76	10
56	76	11
56	76	12
56	76	13
56	76	14
56	76	15
56	76	16
56	76	17
56	76	18
56	76	19
56	76	20
56	76	21
56	76	22
56	77	8
56	77	9
56	77	10
56	77	11
56	77	12
56	77	13
56	77	14
56	77	15
56	77	16
56	77	17
56	77	18
56	77	19
56	77	20
56	77	21
56	77	22
56	78	9
56	78	10
56	78	11
56	78	12
56	78	13
56	78	14
56	78	15
56	78	16
56	78	17
56	78	18
56	78	19
56	78	20
56	78	21
56	78	22
56	79	10
56	79	11
56	79	12
56	79	13
56	79	14
56	79	15
56	79	16
56	79	17
56	79	18
56	79	19
56	79	20
56	79	21
56	79	22
56	79	23
56	80	11
56	80	12
56	80	13
56	80	14
56	80	15
56	80	16
56	80	17
56	80	18
56	80	19
56	80	20
56	80	21
56	80	22
56	80	23
56	80	24
56	81	12
56	81	13
56	81	14
56	81	15
56	81	16
56	81	17
56	81	18
56	81	19
56	81	20
56	81	21
56	81	22
56	81	23
56	81	24
56	82	13
56	82	14
56	82	15
56	82	16
56	82	17
56	82	18
56	82	19
56	82	20
56	82	21
56	82	22
56	82	23
56	83	13
56	83	14
56	83	15
56	83	16
56	83	17
56	83	18
56	83	19
56	83	20
56	83	21
56	83	22
56	83	23
56	84	14
56	84	15
56	84	16
56	84	17
56	84	18
56	84	19
56	84	20
56	84	21
56	84	22
56	84	23
56	85	14
56	85	15
56	85	16
56	85	17
56	85	18
56	85	19
56	85	20
56	85	21
56	85	22
56	85	23
56	86	15
56	86	16
56	86	17
56	86	18
56	86	19
56	86	20
56	86	21
56	86	22
56	86	23
56	87	15
56	87	16
56	87	17
56	87	18
56	87	19
56	87	20
56	87	21
56	87	22
56	88	15
56	88	16
56	88	17
56	88	18
56	88	19
56	88	20
56	88	21
56	88	22
56	89	14
56	89	15
56	89	16
56	89	17
56	89	18
56	89	19
56	89	20
56	89	21
56	89	22
56	90	15
56	90	16
56	90	17
56	90	18
56	90	19
56	90	20
57	61	8
57	62	7
57	62	8
57	62	9
57	63	6
57	63	7
57	63	8
57	63	9
57	63	10
57	64	5
57	64	6
57	64	7
57	64	8
57	64	9
57	64	10
57	64	11
57	65	4
57	65	5
57	65	6
57	65	7
57	65	8
57	65	9
57	65	10
57	65	11
57	65	12
57	66	3
57	66	4
57	66	5
57	66	6
57	66	7
57	66	8
57	66	9
57	66	10
57	66	11
57	66	12
57	67	2
57	67	3
57	67	4
57	67	5
57	67	6
57	67	7
57	67	8
57	67	9
57	67	10
57	67	11
57	67	12
57	67	13
57	68	2
57	68	3
57	68	4
57	68	5
57	68	6
57	68	7
57	68	8
57	68	9
57	68	10
57	68	11
57	68	12
57	68	13
57	69	2
57	69	3
57	69	4
57	69	5
57	69	6
57	69	7
57	69	8
57	69	9
57	69	10
57	69	11
57	69	12
57	69	13
57	69	14
57	70	2
57	70	3
57	70	4
57	70	5
57	70	6
57	70	7
57	70	8
57	70	9
57	70	10
57	70	11
57	70	12
57	70	13
57	70	14
57	71	2
57	71	3
57	71	4
57	71	5
57	71	6
57	71	7
57	71	8
57	71	9
57	71	10
57	71	11
57	71	12
57	71	13
57	71	14
57	71	15
57	72	3
57	72	4
57	72	5
57	72	6
57	72	7
57	72	8
57	72	9
57	72	10
57	72	11
57	72	12
57	72	13
57	72	14
57	72	15
57	72	16
57	73	4
57	73	5
57	73	6
57	73	7
57	73	8
57	73	9
57	73	10
57	73	11
57	73	12
57	73	13
57	73	14
57	73	15
57	73	16
57	73	17
57	73	18
57	73	19
57	73	20
57	73	21
57	74	4
57	74	5
57	74	6
57	74	7
57	74	8
57	74	9
57	74	10
57	74	11
57	74	12
57	74	13
57	74	14
57	74	15
57	74	16
57	74	17
57	74	18
57	74	19
57	74	20
57	74	21
57	75	5
57	75	6
57	75	7
57	75	8
57	75	9
57	75	10
57	75	11
57	75	12
57	75	13
57	75	14
57	75	15
57	75	16
57	75	17
57	75	18
57	75	19
57	75	20
57	75	21
57	76	5
57	76	6
57	76	7
57	76	8
57	76	9
57	76	10
57	76	11
57	76	12
57	76	13
57	76	14
57	76	15
57	76	16
57	76	17
57	76	18
57	76	19
57	76	20
57	76	21
57	77	5
57	77	6
57	77	7
57	77	8
57	77	9
57	77	10
57	77	11
57	77	12
57	77	13
57	77	14
57	77	15
57	77	16
57	77	17
57	77	18
57	77	19
57	77	20
57	77	21
57	78	8
57	78	9
57	78	10
57	78	11
57	78	12
57	78	13
57	78	14
57	78	15
57	78	16
57	78	17
57	78	18
57	78	19
57	78	20
57	78	21
57	78	22
57	79	9
57	79	10
57	79	11
57	79	12
57	79	13
57	79	14
57	79	15
57	79	16
57	79	17
57	79	18
57	79	19
57	79	20
57	79	21
57	79	22
57	79	23
57	80	10
57	80	11
57	80	12
57	80	13
57	80	14
57	80	15
57	80	16
57	80	17
57	80	18
57	80	19
57	80	20
57	80	21
57	80	22
57	80	23
57	80	24
57	81	11
57	81	12
57	81	13
57	81	14
57	81	15
57	81	16
57	81	17
57	81	18
57	81	19
57	81	20
57	81	21
57	81	22
57	81	23
57	81	24
57	81	25
57	82	12
57	82	13
57	82	14
57	82	15
57	82	16
57	82	17
57	82	18
57	82	19
57	82	20
57	82	21
57	82	22
57	82	23
57	82	24
57	83	13
57	83	14
57	83	15
57	83	16
57	83	17
57	83	18
57	83	19
57	83	20
57	83	21
57	83	22
57	83	23
57	84	14
57	84	15
57	84	16
57	84	17
57	84	18
57	84	19
57	84	20
57	84	21
57	84	22
57	84	23
57	85	14
57	85	15
57	85	16
57	85	17
57	85	18
57	85	19
57	85	20
57	85	21
57	85	22
57	85	23
57	86	15
57	86	16
57	86	17
57	86	18
57	86	19
57	86	20
57	86	21
57	86	22
57	86	23
57	87	15
57	87	16
57	87	17
57	87	18
57	87	19
57	87	20
57	87	21
57	87	22
57	88	15
57	88	16
57	88	17
57	88	18
57	88	19
57	88	20
57	88	21
57	88	22
57	89	15
57	89	16
57	89	17
57	89	18
57	89	19
57	89	20
57	89	21
57	90	15
57	90	16
57	90	17
57	90	18
57	90	19
58	61	8
58	62	7
58	62	8
58	63	6
58	63	7
58	63	8
58	63	9
58	64	6
58	64	7
58	64	8
58	64	9
58	65	4
58	65	5
58	65	6
58	65	7
58	65	8
58	65	9
58	65	10
58	65	11
58	66	3
58	66	4
58	66	5
58	66	6
58	66	7
58	66	8
58	66	9
58	66	10
58	66	11
58	66	12
58	67	2
58	67	3
58	67	4
58	67	5
58	67	6
58	67	7
58	67	8
58	67	9
58	67	10
58	67	11
58	67	12
58	68	2
58	68	3
58	68	4
58	68	5
58	68	6
58	68	7
58	68	8
58	68	9
58	68	10
58	68	11
58	68	12
58	68	13
58	69	2
58	69	3
58	69	4
58	69	5
58	69	6
58	69	7
58	69	8
58	69	9
58	69	10
58	69	11
58	69	12
58	69	13
58	70	3
58	70	4
58	70	5
58	70	6
58	70	7
58	70	8
58	70	9
58	70	10
58	70	11
58	70	12
58	70	13
58	70	14
58	71	3
58	71	4
58	71	5
58	71	6
58	71	7
58	71	8
58	71	9
58	71	10
58	71	11
58	71	12
58	71	13
58	71	14
58	71	15
58	72	3
58	72	4
58	72	5
58	72	6
58	72	7
58	72	8
58	72	9
58	72	10
58	72	11
58	72	12
58	72	13
58	72	14
58	72	15
58	72	16
58	73	3
58	73	4
58	73	5
58	73	6
58	73	7
58	73	8
58	73	9
58	73	10
58	73	11
58	73	12
58	73	13
58	73	14
58	73	15
58	73	16
58	73	17
58	74	4
58	74	5
58	74	6
58	74	7
58	74	8
58	74	9
58	74	10
58	74	11
58	74	12
58	74	13
58	74	14
58	74	15
58	74	16
58	74	17
58	74	18
58	75	4
58	75	5
58	75	6
58	75	7
58	75	8
58	75	9
58	75	10
58	75	11
58	75	12
58	75	13
58	75	14
58	75	15
58	75	16
58	75	17
58	75	18
58	75	19
58	75	20
58	76	4
58	76	5
58	76	6
58	76	7
58	76	8
58	76	9
58	76	10
58	76	11
58	76	12
58	76	13
58	76	14
58	76	15
58	76	16
58	76	17
58	76	18
58	76	19
58	76	20
58	76	21
58	77	5
58	77	6
58	77	7
58	77	8
58	77	9
58	77	10
58	77	11
58	77	12
58	77	13
58	77	14
58	77	15
58	77	16
58	77	17
58	77	18
58	77	19
58	77	20
58	77	21
58	78	6
58	78	7
58	78	8
58	78	9
58	78	10
58	78	11
58	78	12
58	78	13
58	78	14
58	78	15
58	78	16
58	78	17
58	78	18
58	78	19
58	78	20
58	78	21
58	78	22
58	79	11
58	79	12
58	79	13
58	79	14
58	79	15
58	79	16
58	79	17
58	79	18
58	79	19
58	79	20
58	79	21
58	79	22
58	80	12
58	80	13
58	80	14
58	80	15
58	80	16
58	80	17
58	80	18
58	80	19
58	80	20
58	80	21
58	80	22
58	80	23
58	81	13
58	81	14
58	81	15
58	81	16
58	81	17
58	81	18
58	81	19
58	81	20
58	81	21
58	81	22
58	81	23
58	81	24
58	81	25
58	82	13
58	82	14
58	82	15
58	82	16
58	82	17
58	82	18
58	82	19
58	82	20
58	82	21
58	82	22
58	82	23
58	82	24
58	82	25
58	82	26
58	83	13
58	83	14
58	83	15
58	83	16
58	83	17
58	83	18
58	83	19
58	83	20
58	83	21
58	83	22
58	83	23
58	84	14
58	84	15
58	84	16
58	84	17
58	84	18
58	84	19
58	84	20
58	84	21
58	84	22
58	85	14
58	85	15
58	85	16
58	85	17
58	85	18
58	85	19
58	85	20
58	85	21
58	85	22
58	86	15
58	86	16
58	86	17
58	86	18
58	86	19
58	86	20
58	86	21
58	86	22
58	87	15
58	87	16
58	87	17
58	87	18
58	87	19
58	87	20
58	87	21
58	87	22
58	88	15
58	88	16
58	88	17
58	88	18
58	88	19
58	88	20
58	88	21
58	89	16
58	89	17
58	89	18
58	89	19
59	61	8
59	62	7
59	62	8
59	63	7
59	63	8
59	64	7
59	64	8
59	65	7
59	65	8
59	65	9
59	66	3
59	66	4
59	66	5
59	66	6
59	66	7
59	66	8
59	66	9
59	66	10
59	67	2
59	67	3
59	67	4
59	67	5
59	67	6
59	67	7
59	67	8
59	67	9
59	67	10
59	67	11
59	67	12
59	68	2
59	68	3
59	68	4
59	68	5
59	68	6
59	68	7
59	68	8
59	68	9
59	68	10
59	68	11
59	68	12
59	69	2
59	69	3
59	69	4
59	69	5
59	69	6
59	69	7
59	69	8
59	69	9
59	69	10
59	69	11
59	69	12
59	69	13
59	70	3
59	70	4
59	70	5
59	70	6
59	70	7
59	70	8
59	70	9
59	70	10
59	70	11
59	70	12
59	70	13
59	70	14
59	71	4
59	71	5
59	71	6
59	71	7
59	71	8
59	71	9
59	71	10
59	71	11
59	71	12
59	71	13
59	71	14
59	71	15
59	72	3
59	72	4
59	72	5
59	72	6
59	72	7
59	72	8
59	72	9
59	72	10
59	72	11
59	72	12
59	72	13
59	72	14
59	72	15
59	72	16
59	73	3
59	73	4
59	73	5
59	73	6
59	73	7
59	73	8
59	73	9
59	73	10
59	73	11
59	73	12
59	73	13
59	73	14
59	73	15
59	73	16
59	73	17
59	74	4
59	74	5
59	74	6
59	74	7
59	74	8
59	74	9
59	74	10
59	74	11
59	74	12
59	74	13
59	74	14
59	74	15
59	74	16
59	74	17
59	74	18
59	75	5
59	75	6
59	75	7
59	75	8
59	75	9
59	75	10
59	75	11
59	75	12
59	75	13
59	75	14
59	75	15
59	75	16
59	75	17
59	75	18
59	75	19
59	76	6
59	76	7
59	76	8
59	76	9
59	76	10
59	76	11
59	76	12
59	76	13
59	76	14
59	76	15
59	76	16
59	76	17
59	76	18
59	76	19
59	76	20
59	76	21
59	77	7
59	77	8
59	77	9
59	77	10
59	77	11
59	77	12
59	77	13
59	77	14
59	77	15
59	77	16
59	77	17
59	77	18
59	77	19
59	77	20
59	78	10
59	78	11
59	78	12
59	78	13
59	78	14
59	78	15
59	78	16
59	78	17
59	78	18
59	78	19
59	78	20
59	79	11
59	79	12
59	79	13
59	79	14
59	79	15
59	79	16
59	79	17
59	79	18
59	79	19
59	79	20
59	80	12
59	80	13
59	80	14
59	80	15
59	80	16
59	80	17
59	80	18
59	80	19
59	80	20
59	81	13
59	81	14
59	81	15
59	81	16
59	81	17
59	81	18
59	81	19
59	81	20
59	81	24
59	82	14
59	82	15
59	82	16
59	82	17
59	82	18
59	82	19
59	82	20
59	82	25
59	82	26
59	83	15
59	83	16
59	83	17
59	83	18
59	83	19
59	83	20
59	84	15
59	84	16
59	84	17
59	84	18
59	84	19
59	84	20
59	85	14
59	85	15
59	85	16
59	85	17
59	85	18
59	85	19
59	85	20
59	86	15
59	86	16
59	86	17
59	86	18
59	86	19
59	86	20
59	87	15
59	87	16
59	87	17
59	87	18
59	87	19
59	88	16
59	88	17
59	88	18
59	89	16
60	60	7
60	61	7
60	62	7
60	63	7
60	64	7
60	65	7
60	66	6
60	66	7
60	66	8
60	67	4
60	67	5
60	67	6
60	67	7
60	67	8
60	67	9
60	68	3
60	68	4
60	68	5
60	68	6
60	68	7
60	68	8
60	68	9
60	68	10
60	68	11
60	68	12
60	69	3
60	69	4
60	69	5
60	69	6
60	69	7
60	69	8
60	69	9
60	69	10
60	69	11
60	69	12
60	69	13
60	70	3
60	70	4
60	70	5
60	70	6
60	70	7
60	70	8
60	70	9
60	70	10
60	70	11
60	70	12
60	70	13
60	70	14
60	71	4
60	71	5
60	71	6
60	71	7
60	71	8
60	71	9
60	71	10
60	71	11
60	71	12
60	71	13
60	71	14
60	71	15
60	72	3
60	72	4
60	72	5
60	72	6
60	72	7
60	72	8
60	72	9
60	72	10
60	72	11
60	72	12
60	72	13
60	72	14
60	72	15
60	72	16
60	73	3
60	73	5
60	73	6
60	73	7
60	73	8
60	73	9
60	73	10
60	73	11
60	73	12
60	73	13
60	73	14
60	73	15
60	73	16
60	73	17
60	74	2
60	74	6
60	74	7
60	74	8
60	74	9
60	74	10
60	74	11
60	74	12
60	74	13
60	74	14
60	74	15
60	74	16
60	74	17
60	74	18
60	75	7
60	75	8
60	75	9
60	75	10
60	75	11
60	75	12
60	75	13
60	75	14
60	75	15
60	75	16
60	75	17
60	75	18
60	75	19
60	76	8
60	76	9
60	76	10
60	76	11
60	76	12
60	76	13
60	76	14
60	76	15
60	76	16
60	76	17
60	76	18
60	76	19
60	76	20
60	77	9
60	77	10
60	77	11
60	77	12
60	77	13
60	77	14
60	77	15
60	77	16
60	77	17
60	77	18
60	77	19
60	77	20
60	78	10
60	78	11
60	78	12
60	78	13
60	78	14
60	78	15
60	78	16
60	78	17
60	78	18
60	78	19
60	79	11
60	79	12
60	79	13
60	79	14
60	79	15
60	79	16
60	79	17
60	79	18
60	79	19
60	80	12
60	80	13
60	80	14
60	80	15
60	80	16
60	80	17
60	80	18
60	80	19
60	81	13
60	81	14
60	81	15
60	81	16
60	81	17
60	81	18
60	81	19
60	82	14
60	82	15
60	82	16
60	82	17
60	82	18
60	82	19
60	83	15
60	83	16
60	83	17
60	83	18
60	83	19
60	84	16
60	84	17
60	84	18
60	84	19
60	85	16
60	85	17
60	85	18
60	86	17
60	86	18
60	87	17
60	88	16
61	59	6
61	60	6
61	61	6
61	62	6
61	63	6
61	64	6
61	65	6
61	66	6
61	67	5
61	67	6
61	67	7
61	68	5
61	68	6
61	68	7
61	68	8
61	69	4
61	69	5
61	69	6
61	69	7
61	69	8
61	69	9
61	69	10
61	69	11
61	69	12
61	69	13
61	70	4
61	70	5
61	70	6
61	70	7
61	70	8
61	70	9
61	70	10
61	70	11
61	70	12
61	70	13
61	70	14
61	71	4
61	71	5
61	71	6
61	71	7
61	71	8
61	71	9
61	71	10
61	71	11
61	71	12
61	71	13
61	71	14
61	71	15
61	72	3
61	72	4
61	72	5
61	72	6
61	72	7
61	72	8
61	72	9
61	72	10
61	72	11
61	72	12
61	72	13
61	72	14
61	72	15
61	72	16
61	73	3
61	73	5
61	73	6
61	73	7
61	73	8
61	73	9
61	73	10
61	73	11
61	73	12
61	73	13
61	73	14
61	73	15
61	73	16
61	73	17
61	74	6
61	74	7
61	74	8
61	74	9
61	74	10
61	74	11
61	74	12
61	74	13
61	74	14
61	74	15
61	74	16
61	74	17
61	74	18
61	75	7
61	75	8
61	75	9
61	75	10
61	75	11
61	75	12
61	75	13
61	75	14
61	75	15
61	75	16
61	75	17
61	75	18
61	75	19
61	76	9
61	76	10
61	76	11
61	76	12
61	76	13
61	76	14
61	76	15
61	76	16
61	76	17
61	76	18
61	76	19
61	76	20
61	77	9
61	77	10
61	77	11
61	77	12
61	77	13
61	77	14
61	77	15
61	77	16
61	77	17
61	77	18
61	77	19
61	78	10
61	78	11
61	78	12
61	78	13
61	78	14
61	78	15
61	78	16
61	78	17
61	78	18
61	78	19
61	79	11
61	79	12
61	79	13
61	79	14
61	79	15
61	79	16
61	79	17
61	79	18
61	79	19
61	80	12
61	80	13
61	80	14
61	80	15
61	80	16
61	80	17
61	80	18
61	80	19
61	81	13
61	81	14
61	81	15
61	81	16
61	81	17
61	81	18
61	82	14
61	82	15
61	82	16
61	82	17
61	82	18
61	83	15
61	83	16
61	83	17
61	83	18
61	84	16
61	84	17
62	59	5
62	60	5
62	61	5
62	62	5
62	63	5
62	64	5
62	65	5
62	66	5
62	67	5
62	68	6
62	69	6
62	69	7
62	70	5
62	70	6
62	70	7
62	70	8
62	70	9
62	70	10
62	70	11
62	70	12
62	70	13
62	70	14
62	71	5
62	71	6
62	71	7
62	71	8
62	71	9
62	71	10
62	71	11
62	71	12
62	71	13
62	71	14
62	71	15
62	72	5
62	72	6
62	72	7
62	72	8
62	72	9
62	72	10
62	72	11
62	72	12
62	72	13
62	72	14
62	72	15
62	72	16
62	73	3
62	73	5
62	73	6
62	73	7
62	73	8
62	73	9
62	73	10
62	73	11
62	73	12
62	73	13
62	73	14
62	73	15
62	73	16
62	73	17
62	74	6
62	74	7
62	74	8
62	74	9
62	74	10
62	74	11
62	74	12
62	74	13
62	74	14
62	74	15
62	74	16
62	74	17
62	74	18
62	75	10
62	75	11
62	75	12
62	75	13
62	75	14
62	75	15
62	75	16
62	75	17
62	75	18
62	75	19
62	76	10
62	76	11
62	76	12
62	76	13
62	76	14
62	76	15
62	76	16
62	76	17
62	76	18
62	76	19
62	77	10
62	77	11
62	77	12
62	77	13
62	77	14
62	77	15
62	77	16
62	77	17
62	77	18
62	77	19
62	78	10
62	78	11
62	78	12
62	78	13
62	78	14
62	78	15
62	78	16
62	78	17
62	78	18
62	79	11
62	79	12
62	79	13
62	79	14
62	79	15
62	79	16
62	79	17
62	79	18
62	80	12
62	80	13
62	80	14
62	80	15
62	80	16
62	80	17
62	80	18
62	81	13
62	81	14
62	81	15
62	81	16
62	81	17
62	81	18
62	82	14
62	82	15
62	82	16
62	82	17
62	82	18
62	83	15
62	83	16
62	83	17
62	84	16
63	60	4
63	61	4
63	62	4
63	63	4
63	71	11
63	71	12
63	71	13
63	71	14
63	71	15
63	72	4
63	72	5
63	72	6
63	72	7
63	72	12
63	72	13
63	72	14
63	72	15
63	72	16
63	73	5
63	73	6
63	73	7
63	73	8
63	73	9
63	73	12
63	73	13
63	73	14
63	73	15
63	73	16
63	73	17
63	74	11
63	74	12
63	74	13
63	74	14
63	74	15
63	74	16
63	74	17
63	74	18
63	75	11
63	75	12
63	75	13
63	75	14
63	75	15
63	75	16
63	75	17
63	75	18
63	75	19
63	76	11
63	76	12
63	76	13
63	76	14
63	76	15
63	76	16
63	76	17
63	76	18
63	76	19
63	77	11
63	77	12
63	77	13
63	77	14
63	77	15
63	77	16
63	77	17
63	77	18
63	78	11
63	78	12
63	78	13
63	78	14
63	78	15
63	78	16
63	78	17
63	78	18
63	79	11
63	79	12
63	79	13
63	79	14
63	79	15
63	79	16
63	79	17
63	79	18
63	80	12
63	80	13
63	80	14
63	80	15
63	80	16
63	80	17
63	80	18
63	81	13
63	81	14
63	81	15
63	81	16
63	81	17
63	82	14
63	82	15
63	82	16
63	82	17
63	83	15
63	83	16
63	84	16
64	61	3
64	72	13
64	72	14
64	72	15
64	72	16
64	73	13
64	73	14
64	73	15
64	73	16
64	73	17
64	74	13
64	74	14
64	74	15
64	74	16
64	74	17
64	74	18
64	75	12
64	75	13
64	75	14
64	75	15
64	75	16
64	75	17
64	75	18
64	75	19
64	76	12
64	76	13
64	76	14
64	76	15
64	76	16
64	76	17
64	76	18
64	76	19
64	77	12
64	77	13
64	77	14
64	77	15
64	77	16
64	77	17
64	77	18
64	78	12
64	78	13
64	78	14
64	78	15
64	78	16
64	78	17
64	79	13
64	79	14
64	79	15
64	79	16
64	79	17
64	80	14
64	80	15
64	80	16
64	80	17
64	81	14
64	81	15
64	81	16
64	81	17
64	82	14
64	82	15
64	82	16
64	82	17
64	83	15
64	83	16
64	84	16
65	73	14
65	73	15
65	73	16
65	73	17
65	74	14
65	74	15
65	74	16
65	74	17
65	74	18
65	75	14
65	75	15
65	75	16
65	75	17
65	75	18
65	75	19
65	76	13
65	76	14
65	76	15
65	76	16
65	76	17
65	76	18
65	77	13
65	77	14
65	77	15
65	77	16
65	77	17
65	78	14
65	78	15
65	78	16
65	78	17
65	79	15
65	79	16
65	80	15
65	80	16
65	81	15
65	81	16
65	82	15
65	82	16
65	83	15
65	83	16
66	74	15
66	74	16
66	74	17
66	74	18
66	75	15
66	75	16
66	75	17
66	75	18
66	76	15
66	76	16
66	76	17
66	77	14
66	77	15
66	77	16
66	78	14
66	78	15
66	78	16
66	79	16
66	80	16
66	81	16
66	82	16
66	83	16
67	75	16
67	75	17
67	76	16
67	77	16
67	78	15
67	78	16
