#i	j	k
99	115	122
99	115	123
99	115	124
99	115	125
100	110	120
100	111	119
100	111	120
100	112	119
100	112	120
100	112	121
100	113	119
100	113	120
100	113	121
100	114	119
100	114	120
100	114	121
100	114	122
100	114	123
100	114	124
100	114	125
100	114	126
100	115	119
100	115	120
100	115	121
100	115	122
100	115	123
100	115	124
100	116	119
100	116	120
100	116	121
100	116	122
100	117	119
100	117	120
100	117	121
100	117	122
100	118	120
100	118	121
100	118	122
100	119	122
101	109	119
101	110	118
101	110	119
101	110	120
101	111	117
101	111	118
101	111	119
101	111	120
101	111	121
101	112	117
101	112	118
101	112	119
101	112	120
101	112	121
101	113	117
101	113	118
101	113	119
101	113	120
101	113	121
101	113	122
101	113	123
101	113	124
101	113	125
101	114	116
101	114	117
101	114	118
101	114	119
101	114	120
101	114	121
101	114	122
101	114	123
101	114	124
101	114	125
101	114	126
101	115	116
101	115	117
101	115	118
101	115	119
101	115	120
101	115	121
101	115	122
101	115	123
101	115	124
101	115	125
101	116	116
101	116	117
101	116	118
101	116	119
101	116	120
101	116	121
101	116	122
101	116	123
101	117	117
101	117	118
101	117	119
101	117	120
101	117	121
101	117	122
101	117	123
101	118	118
101	118	119
101	118	120
101	118	121
101	118	122
101	118	123
101	119	119
101	119	120
101	119	121
101	119	122
101	119	123
101	120	121
101	120	122
102	108	119
102	109	117
102	109	118
102	109	119
102	110	116
102	110	117
102	110	118
102	110	119
102	110	120
102	111	115
102	111	116
102	111	117
102	111	118
102	111	119
102	111	120
102	111	121
102	112	115
102	112	116
102	112	117
102	112	118
102	112	119
102	112	120
102	112	121
102	112	122
102	112	123
102	112	124
102	113	115
102	113	116
102	113	117
102	113	118
102	113	119
102	113	120
102	113	121
102	113	122
102	113	123
102	113	124
102	113	125
102	113	126
102	114	115
102	114	116
102	114	117
102	114	118
102	114	119
102	114	120
102	114	121
102	114	122
102	114	123
102	114	124
102	114	125
102	114	126
102	115	115
102	115	116
102	115	117
102	115	118
102	115	119
102	115	120
102	115	121
102	115	122
102	115	123
102	115	124
102	115	125
102	116	115
102	116	116
102	116	117
102	116	118
102	116	119
102	116	120
102	116	121
102	116	122
102	116	123
102	116	124
102	117	115
102	117	116
102	117	117
102	117	118
102	117	119
102	117	120
102	117	121
102	117	122
102	117	123
102	117	124
102	118	116
102	118	117
102	118	118
102	118	119
102	118	120
102	118	121
102	118	122
102	118	123
102	118	124
102	119	117
102	119	118
102	119	119
102	119	120
102	119	121
102	119	122
102	119	123
102	120	119
102	120	120
102	120	121
102	120	122
102	121	121
102	121	122
103	105	118
103	105	119
103	106	118
103	106	119
103	107	118
103	107	119
103	108	116
103	108	117
103	108	118
103	108	119
103	109	115
103	109	116
103	109	117
103	109	118
103	109	119
103	109	120
103	110	115
103	110	116
103	110	117
103	110	118
103	110	119
103	110	120
103	110	121
103	111	114
103	111	115
103	111	116
103	111	117
103	111	118
103	111	119
103	111	120
103	111	121
103	111	122
103	112	114
103	112	115
103	112	116
103	112	117
103	112	118
103	112	119
103	112	120
103	112	121
103	112	122
103	112	123
103	112	124
103	112	125
103	113	114
103	113	115
103	113	116
103	113	117
103	113	118
103	113	119
103	113	120
103	113	121
103	113	122
103	113	123
103	113	124
103	113	125
103	113	126
103	114	114
103	114	115
103	114	116
103	114	117
103	114	118
103	114	119
103	114	120
103	114	121
103	114	122
103	114	123
103	114	124
103	114	125
103	114	126
103	115	114
103	115	115
103	115	116
103	115	117
103	115	118
103	115	119
103	115	120
103	115	121
103	115	122
103	115	123
103	115	124
103	115	125
103	116	114
103	116	115
103	116	116
103	116	117
103	116	118
103	116	119
103	116	120
103	116	121
103	116	122
103	116	123
103	116	124
103	116	125
103	117	114
103	117	115
103	117	116
103	117	117
103	117	118
103	117	119
103	117	120
103	117	121
103	117	122
103	117	123
103	117	124
103	117	125
103	118	114
103	118	115
103	118	116
103	118	117
103	118	118
103	118	119
103	118	120
103	118	121
103	118	122
103	118	123
103	118	124
103	119	116
103	119	117
103	119	118
103	119	119
103	119	120
103	119	121
103	119	122
103	119	123
103	120	118
103	120	119
103	120	120
103	120	121
103	120	122
103	120	123
103	121	120
103	121	121
103	121	122
103	122	121
104	103	117
104	104	117
104	104	118
104	105	117
104	105	118
104	105	119
104	106	116
104	106	117
104	106	118
104	106	119
104	106	120
104	107	115
104	107	116
104	107	117
104	107	118
104	107	119
104	107	120
104	108	115
104	108	116
104	108	117
104	108	118
104	108	119
104	108	120
104	109	114
104	109	115
104	109	116
104	109	117
104	109	118
104	109	119
104	109	120
104	109	121
104	110	114
104	110	115
104	110	116
104	110	117
104	110	118
104	110	119
104	110	120
104	110	121
104	110	122
104	111	113
104	111	114
104	111	115
104	111	116
104	111	117
104	111	118
104	111	119
104	111	120
104	111	121
104	111	122
104	111	123
104	111	124
104	112	113
104	112	114
104	112	115
104	112	116
104	112	117
104	112	118
104	112	119
104	112	120
104	112	121
104	112	122
104	112	123
104	112	124
104	112	125
104	113	113
104	113	114
104	113	115
104	113	116
104	113	117
104	113	118
104	113	119
104	113	120
104	113	121
104	113	122
104	113	123
104	113	124
104	113	125
104	113	126
104	114	113
104	114	114
104	114	115
104	114	116
104	114	117
104	114	118
104	114	119
104	114	120
104	114	121
104	114	122
104	114	123
104	114	124
104	114	125
104	114	126
104	114	127
104	115	113
104	115	114
104	115	115
104	115	116
104	115	117
104	115	118
104	115	119
104	115	120
104	115	121
104	115	122
104	115	123
104	115	124
104	115	125
104	116	113
104	116	114
104	116	115
104	116	116
104	116	117
104	116	118
104	116	119
104	116	120
104	116	121
104	116	122
104	116	123
104	116	124
104	116	125
104	117	113
104	117	114
104	117	115
104	117	116
104	117	117
104	117	118
104	117	119
104	117	120
104	117	121
104	117	122
104	117	123
104	117	124
104	117	125
104	118	113
104	118	114
104	118	115
104	118	116
104	118	117
104	118	118
104	118	119
104	118	120
104	118	121
104	118	122
104	118	123
104	118	124
104	119	114
104	119	115
104	119	116
104	119	117
104	119	118
104	119	119
104	119	120
104	119	121
104	119	122
104	119	123
104	119	124
104	120	116
104	120	118
104	120	119
104	120	120
104	120	121
104	120	122
104	120	123
104	121	120
104	121	121
104	121	122
104	122	121
105	102	116
105	103	116
105	103	117
105	104	116
105	104	117
105	104	118
105	105	115
105	105	116
105	105	117
105	105	118
105	105	119
105	106	115
105	106	116
105	106	117
105	106	118
105	106	119
105	106	120
105	107	114
105	107	115
105	107	116
105	107	117
105	107	118
105	107	119
105	107	120
105	107	121
105	108	114
105	108	115
105	108	116
105	108	117
105	108	118
105	108	119
105	108	120
105	108	121
105	108	122
105	109	114
105	109	115
105	109	116
105	109	117
105	109	118
105	109	119
105	109	120
105	109	121
105	109	122
105	110	113
105	110	114
105	110	115
105	110	116
105	110	117
105	110	118
105	110	119
105	110	120
105	110	121
105	110	122
105	111	113
105	111	114
105	111	115
105	111	116
105	111	117
105	111	118
105	111	119
105	111	120
105	111	121
105	111	122
105	111	123
105	111	124
105	111	125
105	112	113
105	112	114
105	112	115
105	112	116
105	112	117
105	112	118
105	112	119
105	112	120
105	112	121
105	112	122
105	112	123
105	112	124
105	112	125
105	112	126
105	113	112
105	113	113
105	113	114
105	113	115
105	113	116
105	113	117
105	113	118
105	113	119
105	113	120
105	113	121
105	113	122
105	113	123
105	113	124
105	113	125
105	113	126
105	114	112
105	114	113
105	114	114
105	114	115
105	114	116
105	114	117
105	114	118
105	114	119
105	114	120
105	114	121
105	114	122
105	114	123
105	114	124
105	114	125
105	114	126
105	114	127
105	115	112
105	115	113
105	115	114
105	115	115
105	115	116
105	115	117
105	115	118
105	115	119
105	115	120
105	115	121
105	115	122
105	115	123
105	115	124
105	115	125
105	115	126
105	116	112
105	116	113
105	116	114
105	116	115
105	116	116
105	116	117
105	116	118
105	116	119
105	116	120
105	116	121
105	116	122
105	116	123
105	116	124
105	116	125
105	116	126
105	117	112
105	117	113
105	117	114
105	117	115
105	117	116
105	117	117
105	117	118
105	117	119
105	117	120
105	117	121
105	117	122
105	117	123
105	117	124
105	117	125
105	118	113
105	118	114
105	118	115
105	118	116
105	118	117
105	118	118
105	118	119
105	118	120
105	118	121
105	118	122
105	118	123
105	118	124
105	118	125
105	119	113
105	119	114
105	119	115
105	119	116
105	119	117
105	119	118
105	119	119
105	119	120
105	119	121
105	119	122
105	119	123
105	119	124
105	120	113
105	120	114
105	120	115
105	120	116
105	120	117
105	120	118
105	120	119
105	120	120
105	120	121
105	120	122
105	120	123
105	121	112
105	121	113
105	121	114
105	121	115
105	121	116
105	121	120
105	121	121
105	121	122
105	122	113
105	122	114
105	122	115
105	122	116
105	122	121
105	123	113
106	102	116
106	103	115
106	103	116
106	103	117
106	104	115
106	104	116
106	104	117
106	104	118
106	105	115
106	105	116
106	105	117
106	105	118
106	105	119
106	106	114
106	106	115
106	106	116
106	106	117
106	106	118
106	106	119
106	106	120
106	107	114
106	107	115
106	107	116
106	107	117
106	107	118
106	107	119
106	107	120
106	107	121
106	108	114
106	108	115
106	108	116
106	108	117
106	108	118
106	108	119
106	108	120
106	108	121
106	108	122
106	109	113
106	109	114
106	109	115
106	109	116
106	109	117
106	109	118
106	109	119
106	109	120
106	109	121
106	109	122
106	109	123
106	110	113
106	110	114
106	110	115
106	110	116
106	110	117
106	110	118
106	110	119
106	110	120
106	110	121
106	110	122
106	110	123
106	111	112
106	111	113
106	111	114
106	111	115
106	111	116
106	111	117
106	111	118
106	111	119
106	111	120
106	111	121
106	111	122
106	111	123
106	111	124
106	111	125
106	112	112
106	112	113
106	112	114
106	112	115
106	112	116
106	112	117
106	112	118
106	112	119
106	112	120
106	112	121
106	112	122
106	112	123
106	112	124
106	112	125
106	112	126
106	113	112
106	113	113
106	113	114
106	113	115
106	113	116
106	113	117
106	113	118
106	113	119
106	113	120
106	113	121
106	113	122
106	113	123
106	113	124
106	113	125
106	113	126
106	114	112
106	114	113
106	114	114
106	114	115
106	114	116
106	114	117
106	114	118
106	114	119
106	114	120
106	114	121
106	114	122
106	114	123
106	114	124
106	114	125
106	114	126
106	114	127
106	115	112
106	115	113
106	115	114
106	115	115
106	115	116
106	115	117
106	115	118
106	115	119
106	115	120
106	115	121
106	115	122
106	115	123
106	115	124
106	115	125
106	115	126
106	116	112
106	116	113
106	116	114
106	116	115
106	116	116
106	116	117
106	116	118
106	116	119
106	116	120
106	116	121
106	116	122
106	116	123
106	116	124
106	116	125
106	116	126
106	117	112
106	117	113
106	117	114
106	117	115
106	117	116
106	117	117
106	117	118
106	117	119
106	117	120
106	117	121
106	117	122
106	117	123
106	117	124
106	117	125
106	117	126
106	118	112
106	118	113
106	118	114
106	118	115
106	118	116
106	118	117
106	118	118
106	118	119
106	118	120
106	118	121
106	118	122
106	118	123
106	118	124
106	118	125
106	119	112
106	119	113
106	119	114
106	119	115
106	119	116
106	119	117
106	119	118
106	119	119
106	119	120
106	119	121
106	119	122
106	119	123
106	119	124
106	120	112
106	120	113
106	120	114
106	120	115
106	120	116
106	120	117
106	120	118
106	120	119
106	120	120
106	120	121
106	120	122
106	120	123
106	121	112
106	121	113
106	121	114
106	121	115
106	121	116
106	121	117
106	121	118
106	121	119
106	121	120
106	121	121
106	121	122
106	122	112
106	122	113
106	122	114
106	122	115
106	122	116
106	122	117
106	122	118
106	122	119
106	122	120
106	122	121
106	123	113
106	123	114
106	123	115
106	123	116
106	123	117
106	123	118
106	123	119
106	123	120
106	123	121
106	124	113
106	124	114
106	124	115
106	124	116
106	124	117
106	124	118
106	124	119
106	124	120
106	124	121
106	124	122
106	125	113
106	125	114
106	125	115
106	125	116
106	125	117
106	125	118
106	125	119
106	125	120
106	125	121
106	125	122
106	125	123
107	102	115
107	102	116
107	103	115
107	103	116
107	103	117
107	104	115
107	104	116
107	104	117
107	104	118
107	105	115
107	105	116
107	105	117
107	105	118
107	105	119
107	106	114
107	106	115
107	106	116
107	106	117
107	106	118
107	106	119
107	106	120
107	107	114
107	107	115
107	107	116
107	107	117
107	107	118
107	107	119
107	107	120
107	107	121
107	108	114
107	108	115
107	108	116
107	108	117
107	108	118
107	108	119
107	108	120
107	108	121
107	108	122
107	109	113
107	109	114
107	109	115
107	109	116
107	109	117
107	109	118
107	109	119
107	109	120
107	109	121
107	109	122
107	109	123
107	110	113
107	110	114
107	110	115
107	110	116
107	110	117
107	110	118
107	110	119
107	110	120
107	110	121
107	110	122
107	110	123
107	110	124
107	111	112
107	111	113
107	111	114
107	111	115
107	111	116
107	111	117
107	111	118
107	111	119
107	111	120
107	111	121
107	111	122
107	111	123
107	111	124
107	111	125
107	112	112
107	112	113
107	112	114
107	112	115
107	112	116
107	112	117
107	112	118
107	112	119
107	112	120
107	112	121
107	112	122
107	112	123
107	112	124
107	112	125
107	112	126
107	113	112
107	113	113
107	113	114
107	113	115
107	113	116
107	113	117
107	113	118
107	113	119
107	113	120
107	113	121
107	113	122
107	113	123
107	113	124
107	113	125
107	113	126
107	114	111
107	114	112
107	114	113
107	114	114
107	114	115
107	114	116
107	114	117
107	114	118
107	114	119
107	114	120
107	114	121
107	114	122
107	114	123
107	114	124
107	114	125
107	114	126
107	115	112
107	115	113
107	115	114
107	115	115
107	115	116
107	115	117
107	115	118
107	115	119
107	115	120
107	115	121
107	115	122
107	115	123
107	115	124
107	115	125
107	115	126
107	116	112
107	116	113
107	116	114
107	116	115
107	116	116
107	116	117
107	116	118
107	116	119
107	116	120
107	116	121
107	116	122
107	116	123
107	116	124
107	116	125
107	116	126
107	117	112
107	117	113
107	117	114
107	117	115
107	117	116
107	117	117
107	117	118
107	117	119
107	117	120
107	117	121
107	117	122
107	117	123
107	117	124
107	117	125
107	117	126
107	118	112
107	118	113
107	118	114
107	118	115
107	118	116
107	118	117
107	118	118
107	118	119
107	118	120
107	118	121
107	118	122
107	118	123
107	118	124
107	118	125
107	119	112
107	119	113
107	119	114
107	119	115
107	119	116
107	119	117
107	119	118
107	119	119
107	119	120
107	119	121
107	119	122
107	119	123
107	119	124
107	120	112
107	120	113
107	120	114
107	120	115
107	120	116
107	120	117
107	120	118
107	120	119
107	120	120
107	120	121
107	120	122
107	120	123
107	121	112
107	121	113
107	121	114
107	121	115
107	121	116
107	121	117
107	121	118
107	121	119
107	121	120
107	121	121
107	121	122
107	122	112
107	122	113
107	122	114
107	122	115
107	122	116
107	122	117
107	122	118
107	122	119
107	122	120
107	122	121
107	122	122
107	123	112
107	123	113
107	123	114
107	123	115
107	123	116
107	123	117
107	123	118
107	123	119
107	123	120
107	123	121
107	123	122
107	124	113
107	124	114
107	124	115
107	124	116
107	124	117
107	124	118
107	124	119
107	124	120
107	124	121
107	124	122
107	124	123
107	125	113
107	125	114
107	125	115
107	125	116
107	125	117
107	125	118
107	125	119
107	125	120
107	125	121
107	125	122
107	125	123
107	126	113
107	126	114
107	126	115
107	126	116
107	126	117
107	126	118
107	126	119
107	126	120
107	126	121
107	126	122
107	126	123
107	127	113
107	127	114
107	127	115
107	127	116
107	127	117
107	127	118
107	127	119
107	127	120
107	127	121
107	127	122
107	127	123
108	0	113
108	0	114
108	0	115
108	0	116
108	0	117
108	0	118
108	0	119
108	0	120
108	1	118
108	1	119
108	1	120
108	101	115
108	102	115
108	102	116
108	103	115
108	103	116
108	103	117
108	104	115
108	104	116
108	104	117
108	104	118
108	105	114
108	105	115
108	105	116
108	105	117
108	105	118
108	105	119
108	106	114
108	106	115
108	106	116
108	106	117
108	106	118
108	106	119
108	106	120
108	107	114
108	107	115
108	107	116
108	107	117
108	107	118
108	107	119
108	107	120
108	107	121
108	108	113
108	108	114
108	108	115
108	108	116
108	108	117
108	108	118
108	108	119
108	108	120
108	108	121
108	108	122
108	109	113
108	109	114
108	109	115
108	109	116
108	109	117
108	109	118
108	109	119
108	109	120
108	109	121
108	109	122
108	109	123
108	110	112
108	110	113
108	110	114
108	110	115
108	110	116
108	110	117
108	110	118
108	110	119
108	110	120
108	110	121
108	110	122
108	110	123
108	110	124
108	111	112
108	111	113
108	111	114
108	111	115
108	111	116
108	111	117
108	111	118
108	111	119
108	111	120
108	111	121
108	111	122
108	111	123
108	111	124
108	111	125
108	112	111
108	112	112
108	112	113
108	112	114
108	112	115
108	112	116
108	112	117
108	112	118
108	112	119
108	112	120
108	112	121
108	112	122
108	112	123
108	112	124
108	112	125
108	112	126
108	113	111
108	113	112
108	113	113
108	113	114
108	113	115
108	113	116
108	113	117
108	113	118
108	113	119
108	113	120
108	113	121
108	113	122
108	113	123
108	113	124
108	113	125
108	113	126
108	114	111
108	114	112
108	114	113
108	114	114
108	114	115
108	114	116
108	114	117
108	114	118
108	114	119
108	114	120
108	114	121
108	114	122
108	114	123
108	114	124
108	114	125
108	114	126
108	115	111
108	115	112
108	115	113
108	115	114
108	115	115
108	115	116
108	115	117
108	115	118
108	115	119
108	115	120
108	115	121
108	115	122
108	115	123
108	115	124
108	115	125
108	115	126
108	116	111
108	116	112
108	116	113
108	116	114
108	116	115
108	116	116
108	116	117
108	116	118
108	116	119
108	116	120
108	116	121
108	116	122
108	116	123
108	116	124
108	116	125
108	116	126
108	117	112
108	117	113
108	117	114
108	117	115
108	117	116
108	117	117
108	117	118
108	117	119
108	117	120
108	117	121
108	117	122
108	117	123
108	117	124
108	117	125
108	117	126
108	118	112
108	118	113
108	118	114
108	118	115
108	118	116
108	118	117
108	118	118
108	118	119
108	118	120
108	118	121
108	118	122
108	118	123
108	118	124
108	118	125
108	119	112
108	119	113
108	119	114
108	119	115
108	119	116
108	119	117
108	119	118
108	119	119
108	119	120
108	119	121
108	119	122
108	119	123
108	119	124
108	120	112
108	120	113
108	120	114
108	120	115
108	120	116
108	120	117
108	120	118
108	120	119
108	120	120
108	120	121
108	120	122
108	120	123
108	121	112
108	121	113
108	121	114
108	121	115
108	121	116
108	121	117
108	121	118
108	121	119
108	121	120
108	121	121
108	121	122
108	122	112
108	122	113
108	122	114
108	122	115
108	122	116
108	122	117
108	122	118
108	122	119
108	122	120
108	122	121
108	122	122
108	123	112
108	123	113
108	123	114
108	123	115
108	123	116
108	123	117
108	123	118
108	123	119
108	123	120
108	123	121
108	123	122
108	123	123
108	124	112
108	124	113
108	124	114
108	124	115
108	124	116
108	124	117
108	124	118
108	124	119
108	124	120
108	124	121
108	124	122
108	125	112
108	125	113
108	125	114
108	125	115
108	125	116
108	125	117
108	125	118
108	125	119
108	125	120
108	125	121
108	125	122
108	126	112
108	126	113
108	126	114
108	126	115
108	126	116
108	126	117
108	126	118
108	126	119
108	126	120
108	126	121
108	126	122
108	127	112
108	127	113
108	127	114
108	127	115
108	127	116
108	127	117
108	127	118
108	127	119
108	127	120
108	127	121
108	127	122
109	0	112
109	0	113
109	0	114
109	0	115
109	0	116
109	0	117
109	0	118
109	0	119
109	101	115
109	102	115
109	102	116
109	103	115
109	103	116
109	103	117
109	104	115
109	104	116
109	104	117
109	104	118
109	105	114
109	105	115
109	105	116
109	105	117
109	105	118
109	105	119
109	106	114
109	106	115
109	106	116
109	106	117
109	106	118
109	106	119
109	106	120
109	107	114
109	107	115
109	107	116
109	107	117
109	107	118
109	107	119
109	107	120
109	107	121
109	108	113
109	108	114
109	108	115
109	108	116
109	108	117
109	108	118
109	108	119
109	108	120
109	108	121
109	108	122
109	109	112
109	109	113
109	109	114
109	109	115
109	109	116
109	109	117
109	109	118
109	109	119
109	109	120
109	109	121
109	109	122
109	109	123
109	110	112
109	110	113
109	110	114
109	110	115
109	110	116
109	110	117
109	110	118
109	110	119
109	110	120
109	110	121
109	110	122
109	110	123
109	110	124
109	111	111
109	111	112
109	111	113
109	111	114
109	111	115
109	111	116
109	111	117
109	111	118
109	111	119
109	111	120
109	111	121
109	111	122
109	111	123
109	111	124
109	111	125
109	112	111
109	112	112
109	112	113
109	112	114
109	112	115
109	112	116
109	112	117
109	112	118
109	112	119
109	112	120
109	112	121
109	112	122
109	112	123
109	112	124
109	112	125
109	112	126
109	113	111
109	113	112
109	113	113
109	113	114
109	113	115
109	113	116
109	113	117
109	113	118
109	113	119
109	113	120
109	113	121
109	113	122
109	113	123
109	113	124
109	113	125
109	113	126
109	114	111
109	114	112
109	114	113
109	114	114
109	114	115
109	114	116
109	114	117
109	114	118
109	114	119
109	114	120
109	114	121
109	114	122
109	114	123
109	114	124
109	114	125
109	114	126
109	115	111
109	115	112
109	115	113
109	115	114
109	115	115
109	115	116
109	115	117
109	115	118
109	115	119
109	115	120
109	115	121
109	115	122
109	115	123
109	115	124
109	115	125
109	115	126
109	116	111
109	116	112
109	116	113
109	116	114
109	116	115
109	116	116
109	116	117
109	116	118
109	116	119
109	116	120
109	116	121
109	116	122
109	116	123
109	116	124
109	116	125
109	116	126
109	117	111
109	117	112
109	117	113
109	117	114
109	117	115
109	117	116
109	117	117
109	117	118
109	117	119
109	117	120
109	117	121
109	117	122
109	117	123
109	117	124
109	117	125
109	117	126
109	118	111
109	118	112
109	118	113
109	118	114
109	118	115
109	118	116
109	118	117
109	118	118
109	118	119
109	118	120
109	118	121
109	118	122
109	118	123
109	118	124
109	118	125
109	119	111
109	119	112
109	119	113
109	119	114
109	119	115
109	119	116
109	119	117
109	119	118
109	119	119
109	119	120
109	119	121
109	119	122
109	119	123
109	119	124
109	120	112
109	120	113
109	120	114
109	120	115
109	120	116
109	120	117
109	120	118
109	120	119
109	120	120
109	120	121
109	120	122
109	120	123
109	120	124
109	121	112
109	121	113
109	121	114
109	121	115
109	121	116
109	121	117
109	121	118
109	121	119
109	121	120
109	121	121
109	121	122
109	121	123
109	121	124
109	122	112
109	122	113
109	122	114
109	122	115
109	122	116
109	122	117
109	122	118
109	122	119
109	122	120
109	122	121
109	122	122
109	123	112
109	123	113
109	123	114
109	123	115
109	123	116
109	123	117
109	123	118
109	123	119
109	123	120
109	123	121
109	124	112
109	124	113
109	124	114
109	124	115
109	124	116
109	124	117
109	124	118
109	124	119
109	124	120
109	124	121
109	125	112
109	125	113
109	125	114
109	125	115
109	125	116
109	125	117
109	125	118
109	125	119
109	125	120
109	125	121
109	126	112
109	126	113
109	126	114
109	126	115
109	126	116
109	126	117
109	126	118
109	126	119
109	126	120
109	126	121
109	127	112
109	127	113
109	127	114
109	127	115
109	127	116
109	127	117
109	127	118
109	127	119
110	0	112
110	102	115
110	102	116
110	103	115
110	103	116
110	103	117
110	104	115
110	104	116
110	104	117
110	104	118
110	105	114
110	105	115
110	105	116
110	105	117
110	105	118
110	105	119
110	106	113
110	106	114
110	106	115
110	106	116
110	106	117
110	106	118
110	106	119
110	106	120
110	107	112
110	107	113
110	107	114
110	107	115
110	107	116
110	107	117
110	107	118
110	107	119
110	107	120
110	107	121
110	108	111
110	108	112
110	108	113
110	108	114
110	108	115
110	108	116
110	108	117
110	108	118
110	108	119
110	108	120
110	108	121
110	108	122
110	109	111
110	109	112
110	109	113
110	109	114
110	109	115
110	109	116
110	109	117
110	109	118
110	109	119
110	109	120
110	109	121
110	109	122
110	109	123
110	110	110
110	110	111
110	110	112
110	110	113
110	110	114
110	110	115
110	110	116
110	110	117
110	110	118
110	110	119
110	110	120
110	110	121
110	110	122
110	110	123
110	110	124
110	110	125
110	111	110
110	111	111
110	111	112
110	111	113
110	111	114
110	111	115
110	111	116
110	111	117
110	111	118
110	111	119
110	111	120
110	111	121
110	111	122
110	111	123
110	111	124
110	111	125
110	112	110
110	112	111
110	112	112
110	112	113
110	112	114
110	112	115
110	112	116
110	112	117
110	112	118
110	112	119
110	112	120
110	112	121
110	112	122
110	112	123
110	112	124
110	112	125
110	112	126
110	113	110
110	113	111
110	113	112
110	113	113
110	113	114
110	113	115
110	113	116
110	113	117
110	113	118
110	113	119
110	113	120
110	113	121
110	113	122
110	113	123
110	113	124
110	113	125
110	113	126
110	114	110
110	114	111
110	114	112
110	114	113
110	114	114
110	114	115
110	114	116
110	114	117
110	114	118
110	114	119
110	114	120
110	114	121
110	114	122
110	114	123
110	114	124
110	114	125
110	114	126
110	115	110
110	115	111
110	115	112
110	115	113
110	115	114
110	115	115
110	115	116
110	115	117
110	115	118
110	115	119
110	115	120
110	115	121
110	115	122
110	115	123
110	115	124
110	115	125
110	115	126
110	116	110
110	116	111
110	116	112
110	116	113
110	116	114
110	116	115
110	116	116
110	116	117
110	116	118
110	116	119
110	116	120
110	116	121
110	116	122
110	116	123
110	116	124
110	116	125
110	116	126
110	117	110
110	117	111
110	117	112
110	117	113
110	117	114
110	117	115
110	117	116
110	117	117
110	117	118
110	117	119
110	117	120
110	117	121
110	117	122
110	117	123
110	117	124
110	117	125
110	117	126
110	118	111
110	118	112
110	118	113
110	118	114
110	118	115
110	118	116
110	118	117
110	118	118
110	118	119
110	118	120
110	118	121
110	118	122
110	118	123
110	118	124
110	118	125
110	119	111
110	119	112
110	119	113
110	119	114
110	119	115
110	119	116
110	119	117
110	119	118
110	119	119
110	119	120
110	119	121
110	119	122
110	119	123
110	119	124
110	119	125
110	120	111
110	120	112
110	120	113
110	120	114
110	120	115
110	120	116
110	120	117
110	120	118
110	120	119
110	120	120
110	120	121
110	120	122
110	120	123
110	120	124
110	120	125
110	121	112
110	121	113
110	121	114
110	121	115
110	121	116
110	121	117
110	121	118
110	121	119
110	121	120
110	121	121
110	121	123
110	121	124
110	122	112
110	122	113
110	122	114
110	122	115
110	122	116
110	122	117
110	122	118
110	122	119
110	122	120
110	122	124
110	123	112
110	123	113
110	123	114
110	123	115
110	123	116
110	123	117
110	123	118
110	123	119
110	123	120
110	124	112
110	124	113
110	124	114
110	124	115
110	124	116
110	124	117
110	124	118
110	124	119
110	124	120
110	125	111
110	125	112
110	125	113
110	125	114
110	125	115
110	125	116
110	125	117
110	125	118
110	125	119
110	125	120
110	126	111
110	126	112
110	126	113
110	126	114
110	126	115
110	126	116
110	126	117
110	126	118
110	127	111
110	127	112
110	127	113
110	127	114
110	127	115
110	127	116
110	127	117
110	127	118
111	0	112
111	102	116
111	103	115
111	103	116
111	103	117
111	104	114
111	104	115
111	104	116
111	104	117
111	104	118
111	105	112
111	105	113
111	105	114
111	105	115
111	105	116
111	105	117
111	105	118
111	105	119
111	106	111
111	106	112
111	106	113
111	106	114
111	106	115
111	106	116
111	106	117
111	106	118
111	106	119
111	106	120
111	107	110
111	107	111
111	107	112
111	107	113
111	107	114
111	107	115
111	107	116
111	107	117
111	107	118
111	107	119
111	107	120
111	107	121
111	108	110
111	108	111
111	108	112
111	108	113
111	108	114
111	108	115
111	108	116
111	108	117
111	108	118
111	108	119
111	108	120
111	108	121
111	108	122
111	109	109
111	109	110
111	109	111
111	109	112
111	109	113
111	109	114
111	109	115
111	109	116
111	109	117
111	109	118
111	109	119
111	109	120
111	109	121
111	109	122
111	109	123
111	109	124
111	110	109
111	110	110
111	110	111
111	110	112
111	110	113
111	110	114
111	110	115
111	110	116
111	110	117
111	110	118
111	110	119
111	110	120
111	110	121
111	110	122
111	110	123
111	110	124
111	110	125
111	111	108
111	111	109
111	111	110
111	111	111
111	111	112
111	111	113
111	111	114
111	111	115
111	111	116
111	111	117
111	111	118
111	111	119
111	111	120
111	111	121
111	111	122
111	111	123
111	111	124
111	111	125
111	111	126
111	112	108
111	112	109
111	112	110
111	112	111
111	112	112
111	112	113
111	112	114
111	112	115
111	112	116
111	112	117
111	112	118
111	112	119
111	112	120
111	112	121
111	112	122
111	112	123
111	112	124
111	112	125
111	112	126
111	113	109
111	113	110
111	113	111
111	113	112
111	113	113
111	113	114
111	113	115
111	113	116
111	113	117
111	113	118
111	113	119
111	113	120
111	113	121
111	113	122
111	113	123
111	113	124
111	113	125
111	113	126
111	114	110
111	114	111
111	114	112
111	114	113
111	114	114
111	114	115
111	114	116
111	114	117
111	114	118
111	114	119
111	114	120
111	114	121
111	114	122
111	114	123
111	114	124
111	114	125
111	114	126
111	115	110
111	115	111
111	115	112
111	115	113
111	115	114
111	115	115
111	115	116
111	115	117
111	115	118
111	115	119
111	115	120
111	115	121
111	115	122
111	115	123
111	115	124
111	115	125
111	115	126
111	116	110
111	116	111
111	116	112
111	116	113
111	116	114
111	116	115
111	116	116
111	116	117
111	116	118
111	116	119
111	116	120
111	116	121
111	116	122
111	116	123
111	116	124
111	116	125
111	116	126
111	117	110
111	117	111
111	117	112
111	117	113
111	117	114
111	117	115
111	117	116
111	117	117
111	117	118
111	117	119
111	117	120
111	117	121
111	117	122
111	117	123
111	117	124
111	117	125
111	117	126
111	118	110
111	118	111
111	118	112
111	118	113
111	118	114
111	118	115
111	118	116
111	118	117
111	118	118
111	118	119
111	118	120
111	118	121
111	118	122
111	118	123
111	118	124
111	118	125
111	119	110
111	119	111
111	119	112
111	119	113
111	119	114
111	119	115
111	119	116
111	119	117
111	119	118
111	119	119
111	119	120
111	119	121
111	119	122
111	119	123
111	119	124
111	120	111
111	120	112
111	120	113
111	120	114
111	120	115
111	120	116
111	120	117
111	120	118
111	120	119
111	120	120
111	120	121
111	120	122
111	120	123
111	121	111
111	121	112
111	121	113
111	121	114
111	121	115
111	121	116
111	121	117
111	121	118
111	121	119
111	121	120
111	121	121
111	121	122
111	122	111
111	122	112
111	122	113
111	122	114
111	122	115
111	122	116
111	122	117
111	122	118
111	122	119
111	122	120
111	123	111
111	123	112
111	123	113
111	123	114
111	123	115
111	123	116
111	123	117
111	123	118
111	123	119
111	124	111
111	124	112
111	124	113
111	124	114
111	124	115
111	124	116
111	124	117
111	124	118
111	124	119
111	125	111
111	125	112
111	125	113
111	125	114
111	125	115
111	125	116
111	125	117
111	126	111
111	126	112
111	126	113
111	126	114
111	126	115
111	126	116
111	126	117
111	127	111
111	127	112
111	127	113
112	0	112
112	0	113
112	102	116
112	103	114
112	103	115
112	103	116
112	103	117
112	104	110
112	104	111
112	104	112
112	104	113
112	104	114
112	104	115
112	104	116
112	104	117
112	104	118
112	105	110
112	105	111
112	105	112
112	105	113
112	105	114
112	105	115
112	105	116
112	105	117
112	105	118
112	105	119
112	106	110
112	106	111
112	106	112
112	106	113
112	106	114
112	106	115
112	106	116
112	106	117
112	106	118
112	106	119
112	106	120
112	107	109
112	107	110
112	107	111
112	107	112
112	107	113
112	107	114
112	107	115
112	107	116
112	107	117
112	107	118
112	107	119
112	107	120
112	107	121
112	108	109
112	108	110
112	108	111
112	108	112
112	108	113
112	108	114
112	108	115
112	108	116
112	108	117
112	108	118
112	108	119
112	108	120
112	108	121
112	108	122
112	108	123
112	108	124
112	109	109
112	109	110
112	109	111
112	109	112
112	109	113
112	109	114
112	109	115
112	109	116
112	109	117
112	109	118
112	109	119
112	109	120
112	109	121
112	109	122
112	109	123
112	109	124
112	109	125
112	110	108
112	110	109
112	110	110
112	110	111
112	110	112
112	110	113
112	110	114
112	110	115
112	110	116
112	110	117
112	110	118
112	110	119
112	110	120
112	110	121
112	110	122
112	110	123
112	110	124
112	110	125
112	111	108
112	111	109
112	111	110
112	111	111
112	111	112
112	111	113
112	111	114
112	111	115
112	111	116
112	111	117
112	111	118
112	111	119
112	111	120
112	111	121
112	111	122
112	111	123
112	111	124
112	111	125
112	111	126
112	112	108
112	112	109
112	112	110
112	112	111
112	112	112
112	112	113
112	112	114
112	112	115
112	112	116
112	112	117
112	112	118
112	112	119
112	112	120
112	112	121
112	112	122
112	112	123
112	112	124
112	112	125
112	112	126
112	113	108
112	113	109
112	113	110
112	113	111
112	113	112
112	113	113
112	113	114
112	113	115
112	113	116
112	113	117
112	113	118
112	113	119
112	113	120
112	113	121
112	113	122
112	113	123
112	113	124
112	113	125
112	113	126
112	114	109
112	114	110
112	114	111
112	114	112
112	114	113
112	114	114
112	114	115
112	114	116
112	114	117
112	114	118
112	114	119
112	114	120
112	114	121
112	114	122
112	114	123
112	114	124
112	114	125
112	114	126
112	115	109
112	115	110
112	115	111
112	115	112
112	115	113
112	115	114
112	115	115
112	115	116
112	115	117
112	115	118
112	115	119
112	115	120
112	115	121
112	115	122
112	115	123
112	115	124
112	115	125
112	115	126
112	116	110
112	116	111
112	116	112
112	116	113
112	116	114
112	116	115
112	116	116
112	116	117
112	116	118
112	116	119
112	116	120
112	116	121
112	116	122
112	116	123
112	116	124
112	116	125
112	116	126
112	117	110
112	117	111
112	117	112
112	117	113
112	117	114
112	117	115
112	117	116
112	117	117
112	117	118
112	117	119
112	117	120
112	117	121
112	117	122
112	117	123
112	117	124
112	117	125
112	118	110
112	118	111
112	118	112
112	118	113
112	118	114
112	118	115
112	118	116
112	118	117
112	118	118
112	118	119
112	118	120
112	118	121
112	118	122
112	118	123
112	119	110
112	119	111
112	119	112
112	119	113
112	119	114
112	119	115
112	119	116
112	119	117
112	119	118
112	119	119
112	119	120
112	119	121
112	119	122
112	119	123
112	120	110
112	120	111
112	120	112
112	120	113
112	120	114
112	120	115
112	120	116
112	120	117
112	120	118
112	120	119
112	120	120
112	120	121
112	120	122
112	120	123
112	121	110
112	121	111
112	121	112
112	121	113
112	121	114
112	121	115
112	121	116
112	121	117
112	121	118
112	121	119
112	121	120
112	121	121
112	121	122
112	121	123
112	122	110
112	122	111
112	122	112
112	122	113
112	122	114
112	122	115
112	122	116
112	122	117
112	122	118
112	122	119
112	122	120
112	122	121
112	123	110
112	123	111
112	123	112
112	123	113
112	123	114
112	123	115
112	123	116
112	123	117
112	123	118
112	123	119
112	124	110
112	124	111
112	124	112
112	124	113
112	124	114
112	124	115
112	124	116
112	124	117
112	124	118
112	125	110
112	125	111
112	125	112
112	125	113
112	125	114
112	125	115
112	125	116
112	126	110
112	126	111
112	126	112
112	126	113
112	126	114
112	127	111
112	127	112
112	127	113
113	0	112
113	0	113
113	102	111
113	102	112
113	102	113
113	103	109
113	103	117
113	104	109
113	104	110
113	104	111
113	104	112
113	104	113
113	104	114
113	104	115
113	104	116
113	104	117
113	104	118
113	105	109
113	105	110
113	105	111
113	105	112
113	105	113
113	105	114
113	105	115
113	105	116
113	105	117
113	105	118
113	105	119
113	106	109
113	106	110
113	106	111
113	106	112
113	106	113
113	106	114
113	106	115
113	106	116
113	106	117
113	106	118
113	106	119
113	106	120
113	107	109
113	107	110
113	107	111
113	107	112
113	107	113
113	107	114
113	107	115
113	107	116
113	107	117
113	107	118
113	107	119
113	107	120
113	107	121
113	108	109
113	108	110
113	108	111
113	108	112
113	108	113
113	108	114
113	108	115
113	108	116
113	108	117
113	108	118
113	108	119
113	108	120
113	108	121
113	108	122
113	108	123
113	108	124
113	109	108
113	109	109
113	109	110
113	109	111
113	109	112
113	109	113
113	109	114
113	109	115
113	109	116
113	109	117
113	109	118
113	109	119
113	109	120
113	109	121
113	109	122
113	109	123
113	109	124
113	109	125
113	110	108
113	110	109
113	110	110
113	110	111
113	110	112
113	110	113
113	110	114
113	110	115
113	110	116
113	110	117
113	110	118
113	110	119
113	110	120
113	110	121
113	110	122
113	110	123
113	110	124
113	110	125
113	110	126
113	111	108
113	111	109
113	111	110
113	111	111
113	111	112
113	111	113
113	111	114
113	111	115
113	111	116
113	111	117
113	111	118
113	111	119
113	111	120
113	111	121
113	111	122
113	111	123
113	111	124
113	111	125
113	111	126
113	112	107
113	112	108
113	112	109
113	112	110
113	112	111
113	112	112
113	112	113
113	112	114
113	112	115
113	112	116
113	112	117
113	112	118
113	112	119
113	112	120
113	112	121
113	112	122
113	112	123
113	112	124
113	112	125
113	112	126
113	113	108
113	113	109
113	113	110
113	113	111
113	113	112
113	113	113
113	113	114
113	113	115
113	113	116
113	113	117
113	113	118
113	113	119
113	113	120
113	113	121
113	113	122
113	113	123
113	113	124
113	113	125
113	113	126
113	114	108
113	114	109
113	114	110
113	114	111
113	114	112
113	114	113
113	114	114
113	114	115
113	114	116
113	114	117
113	114	118
113	114	119
113	114	120
113	114	121
113	114	122
113	114	123
113	114	124
113	114	125
113	114	126
113	115	109
113	115	110
113	115	111
113	115	112
113	115	113
113	115	114
113	115	115
113	115	116
113	115	117
113	115	118
113	115	119
113	115	120
113	115	121
113	115	122
113	115	123
113	115	124
113	115	125
113	116	109
113	116	110
113	116	111
113	116	112
113	116	113
113	116	114
113	116	115
113	116	116
113	116	117
113	116	118
113	116	119
113	116	120
113	116	121
113	116	122
113	116	123
113	116	124
113	117	110
113	117	111
113	117	112
113	117	113
113	117	114
113	117	115
113	117	116
113	117	117
113	117	118
113	117	119
113	117	120
113	117	121
113	117	122
113	117	123
113	118	110
113	118	111
113	118	112
113	118	113
113	118	114
113	118	115
113	118	116
113	118	117
113	118	118
113	118	119
113	118	120
113	118	121
113	118	122
113	118	123
113	119	110
113	119	111
113	119	112
113	119	113
113	119	114
113	119	115
113	119	116
113	119	117
113	119	118
113	119	119
113	119	120
113	119	121
113	119	122
113	119	123
113	120	109
113	120	110
113	120	111
113	120	112
113	120	113
113	120	114
113	120	115
113	120	116
113	120	117
113	120	118
113	120	119
113	120	120
113	120	121
113	120	122
113	120	123
113	121	109
113	121	110
113	121	111
113	121	112
113	121	113
113	121	114
113	121	115
113	121	116
113	121	117
113	121	118
113	121	119
113	121	120
113	121	121
113	121	122
113	121	123
113	122	109
113	122	110
113	122	111
113	122	112
113	122	113
113	122	114
113	122	115
113	122	116
113	122	117
113	122	118
113	122	119
113	122	120
113	122	121
113	122	122
113	123	108
113	123	109
113	123	110
113	123	111
113	123	112
113	123	113
113	123	114
113	123	115
113	123	116
113	123	117
113	123	118
113	123	119
113	123	120
113	124	109
113	124	110
113	124	111
113	124	112
113	124	113
113	124	114
113	124	115
113	124	116
113	124	117
113	124	118
113	125	109
113	125	110
113	125	111
113	125	112
113	125	113
113	125	114
113	125	115
113	126	110
113	126	111
113	126	112
113	126	113
113	126	114
113	127	111
113	127	112
113	127	113
113	127	114
114	0	112
114	0	113
114	103	110
114	103	111
114	103	112
114	103	113
114	104	109
114	104	110
114	105	108
114	105	109
114	105	110
114	105	111
114	105	112
114	105	113
114	105	114
114	105	115
114	105	119
114	106	108
114	106	109
114	106	110
114	106	111
114	106	112
114	106	113
114	106	114
114	106	115
114	106	116
114	106	117
114	106	118
114	106	119
114	106	120
114	107	108
114	107	109
114	107	110
114	107	111
114	107	112
114	107	113
114	107	114
114	107	115
114	107	116
114	107	117
114	107	118
114	107	119
114	107	120
114	107	121
114	107	122
114	107	123
114	108	108
114	108	109
114	108	110
114	108	111
114	108	112
114	108	113
114	108	114
114	108	115
114	108	116
114	108	117
114	108	118
114	108	119
114	108	120
114	108	121
114	108	122
114	108	123
114	108	124
114	109	108
114	109	109
114	109	110
114	109	111
114	109	112
114	109	113
114	109	114
114	109	115
114	109	116
114	109	117
114	109	118
114	109	119
114	109	120
114	109	121
114	109	122
114	109	123
114	109	124
114	109	125
114	110	108
114	110	109
114	110	110
114	110	111
114	110	112
114	110	113
114	110	114
114	110	115
114	110	116
114	110	117
114	110	118
114	110	119
114	110	120
114	110	121
114	110	122
114	110	123
114	110	124
114	110	125
114	111	108
114	111	109
114	111	110
114	111	111
114	111	112
114	111	113
114	111	114
114	111	115
114	111	116
114	111	117
114	111	118
114	111	119
114	111	120
114	111	121
114	111	122
114	111	123
114	111	124
114	111	125
114	112	108
114	112	109
114	112	110
114	112	111
114	112	112
114	112	113
114	112	114
114	112	115
114	112	116
114	112	117
114	112	118
114	112	119
114	112	120
114	112	121
114	112	122
114	112	123
114	112	124
114	112	125
114	113	108
114	113	109
114	113	110
114	113	111
114	113	112
114	113	113
114	113	114
114	113	115
114	113	116
114	113	117
114	113	118
114	113	119
114	113	120
114	113	121
114	113	122
114	113	123
114	113	124
114	113	125
114	114	108
114	114	109
114	114	110
114	114	111
114	114	112
114	114	113
114	114	114
114	114	115
114	114	116
114	114	117
114	114	118
114	114	119
114	114	120
114	114	121
114	114	122
114	114	123
114	114	124
114	114	125
114	115	108
114	115	109
114	115	110
114	115	111
114	115	112
114	115	113
114	115	114
114	115	115
114	115	116
114	115	117
114	115	118
114	115	119
114	115	120
114	115	121
114	115	122
114	115	123
114	115	124
114	116	108
114	116	109
114	116	110
114	116	111
114	116	112
114	116	113
114	116	114
114	116	115
114	116	116
114	116	117
114	116	118
114	116	119
114	116	120
114	116	121
114	116	122
114	116	123
114	117	110
114	117	111
114	117	112
114	117	113
114	117	114
114	117	115
114	117	116
114	117	117
114	117	118
114	117	119
114	117	120
114	117	121
114	117	122
114	117	123
114	118	110
114	118	111
114	118	112
114	118	113
114	118	114
114	118	115
114	118	116
114	118	117
114	118	118
114	118	119
114	118	120
114	118	121
114	118	122
114	118	123
114	119	110
114	119	111
114	119	112
114	119	113
114	119	114
114	119	115
114	119	116
114	119	117
114	119	118
114	119	119
114	119	120
114	119	121
114	119	122
114	119	123
114	120	109
114	120	110
114	120	111
114	120	112
114	120	113
114	120	114
114	120	115
114	120	116
114	120	117
114	120	118
114	120	119
114	120	120
114	120	121
114	120	122
114	120	123
114	121	109
114	121	110
114	121	111
114	121	112
114	121	113
114	121	114
114	121	115
114	121	116
114	121	117
114	121	118
114	121	119
114	121	120
114	121	121
114	121	122
114	121	123
114	122	109
114	122	110
114	122	111
114	122	112
114	122	113
114	122	114
114	122	115
114	122	116
114	122	117
114	122	118
114	122	119
114	122	120
114	122	121
114	122	122
114	123	108
114	123	109
114	123	110
114	123	111
114	123	112
114	123	113
114	123	114
114	123	115
114	123	116
114	123	117
114	123	118
114	123	119
114	123	120
114	123	121
114	124	107
114	124	108
114	124	109
114	124	110
114	124	111
114	124	112
114	124	113
114	124	114
114	124	115
114	124	116
114	124	117
114	124	118
114	124	119
114	125	109
114	125	110
114	125	111
114	125	112
114	125	113
114	125	114
114	125	115
114	125	116
114	126	110
114	126	111
114	126	112
114	126	113
114	126	114
114	126	115
114	127	111
114	127	112
114	127	113
114	127	114
115	0	112
115	0	113
115	104	109
115	104	110
115	104	111
115	104	112
115	105	109
115	105	110
115	105	111
115	106	108
115	106	109
115	106	110
115	106	111
115	106	112
115	106	113
115	106	114
115	107	108
115	107	109
115	107	110
115	107	111
115	107	112
115	107	113
115	107	114
115	107	115
115	107	116
115	107	117
115	107	118
115	107	119
115	107	120
115	107	121
115	107	122
115	107	123
115	108	108
115	108	109
115	108	110
115	108	111
115	108	112
115	108	113
115	108	114
115	108	115
115	108	116
115	108	117
115	108	118
115	108	119
115	108	120
115	108	121
115	108	122
115	108	123
115	108	124
115	109	108
115	109	109
115	109	110
115	109	111
115	109	112
115	109	113
115	109	114
115	109	115
115	109	116
115	109	117
115	109	118
115	109	119
115	109	120
115	109	121
115	109	122
115	109	123
115	109	124
115	110	108
115	110	109
115	110	110
115	110	111
115	110	112
115	110	113
115	110	114
115	110	115
115	110	116
115	110	117
115	110	118
115	110	119
115	110	120
115	110	121
115	110	122
115	110	123
115	110	124
115	111	108
115	111	109
115	111	110
115	111	111
115	111	112
115	111	113
115	111	114
115	111	115
115	111	116
115	111	117
115	111	118
115	111	119
115	111	120
115	111	121
115	111	122
115	111	123
115	111	124
115	112	108
115	112	109
115	112	110
115	112	111
115	112	112
115	112	113
115	112	114
115	112	115
115	112	116
115	112	117
115	112	118
115	112	119
115	112	120
115	112	121
115	112	122
115	112	123
115	112	124
115	113	108
115	113	109
115	113	110
115	113	111
115	113	112
115	113	113
115	113	114
115	113	115
115	113	116
115	113	117
115	113	118
115	113	119
115	113	120
115	113	121
115	113	122
115	113	123
115	113	124
115	114	108
115	114	109
115	114	110
115	114	111
115	114	112
115	114	113
115	114	114
115	114	115
115	114	116
115	114	117
115	114	118
115	114	119
115	114	120
115	114	121
115	114	122
115	114	123
115	114	124
115	115	108
115	115	109
115	115	110
115	115	111
115	115	112
115	115	113
115	115	114
115	115	115
115	115	116
115	115	117
115	115	118
115	115	119
115	115	120
115	115	121
115	115	122
115	115	123
115	115	124
115	116	108
115	116	109
115	116	110
115	116	111
115	116	112
115	116	113
115	116	114
115	116	115
115	116	116
115	116	117
115	116	118
115	116	119
115	116	120
115	116	121
115	116	122
115	116	123
115	117	109
115	117	110
115	117	111
115	117	112
115	117	113
115	117	114
115	117	115
115	117	116
115	117	117
115	117	118
115	117	119
115	117	120
115	117	121
115	117	122
115	117	123
115	118	109
115	118	110
115	118	111
115	118	112
115	118	113
115	118	114
115	118	115
115	118	116
115	118	117
115	118	118
115	118	119
115	118	120
115	118	121
115	118	122
115	118	123
115	119	109
115	119	110
115	119	111
115	119	112
115	119	113
115	119	114
115	119	115
115	119	116
115	119	117
115	119	118
115	119	119
115	119	120
115	119	121
115	119	122
115	119	123
115	120	109
115	120	110
115	120	111
115	120	112
115	120	113
115	120	114
115	120	115
115	120	116
115	120	117
115	120	118
115	120	119
115	120	120
115	120	121
115	120	122
115	120	123
115	121	109
115	121	110
115	121	111
115	121	112
115	121	113
115	121	114
115	121	115
115	121	116
115	121	117
115	121	118
115	121	119
115	121	120
115	121	121
115	121	122
115	121	123
115	122	108
115	122	109
115	122	110
115	122	111
115	122	112
115	122	113
115	122	114
115	122	115
115	122	116
115	122	117
115	122	118
115	122	119
115	122	120
115	122	121
115	122	122
115	123	108
115	123	109
115	123	110
115	123	111
115	123	112
115	123	113
115	123	114
115	123	115
115	123	116
115	123	117
115	123	118
115	123	119
115	123	120
115	123	121
115	124	108
115	124	109
115	124	110
115	124	111
115	124	112
115	124	113
115	124	114
115	124	115
115	124	116
115	124	117
115	124	118
115	124	119
115	124	120
115	125	107
115	125	108
115	125	109
115	125	110
115	125	111
115	125	112
115	125	113
115	125	114
115	125	115
115	125	116
115	126	109
115	126	110
115	126	111
115	126	112
115	126	113
115	126	114
115	126	115
115	127	111
115	127	112
115	127	113
115	127	114
116	0	112
116	0	113
116	105	109
116	105	110
116	105	111
116	106	109
116	106	110
116	106	111
116	106	112
116	107	109
116	107	110
116	107	111
116	107	112
116	107	113
116	108	109
116	108	110
116	108	111
116	108	112
116	108	113
116	108	114
116	108	115
116	108	116
116	108	117
116	108	118
116	108	119
116	108	120
116	108	121
116	108	122
116	108	123
116	108	124
116	109	109
116	109	110
116	109	111
116	109	112
116	109	113
116	109	114
116	109	115
116	109	116
116	109	117
116	109	118
116	109	119
116	109	120
116	109	121
116	109	122
116	109	123
116	109	124
116	110	109
116	110	110
116	110	111
116	110	112
116	110	113
116	110	114
116	110	115
116	110	116
116	110	117
116	110	118
116	110	119
116	110	120
116	110	121
116	110	122
116	110	123
116	110	124
116	111	109
116	111	110
116	111	111
116	111	112
116	111	113
116	111	114
116	111	115
116	111	116
116	111	117
116	111	118
116	111	119
116	111	120
116	111	121
116	111	122
116	111	123
116	111	124
116	112	108
116	112	109
116	112	110
116	112	111
116	112	112
116	112	113
116	112	114
116	112	115
116	112	116
116	112	117
116	112	118
116	112	119
116	112	120
116	112	121
116	112	122
116	112	123
116	112	124
116	113	108
116	113	109
116	113	110
116	113	111
116	113	112
116	113	113
116	113	114
116	113	115
116	113	116
116	113	117
116	113	118
116	113	119
116	113	120
116	113	121
116	113	122
116	113	123
116	113	124
116	114	108
116	114	109
116	114	110
116	114	111
116	114	112
116	114	113
116	114	114
116	114	115
116	114	116
116	114	117
116	114	118
116	114	119
116	114	120
116	114	121
116	114	122
116	114	123
116	114	124
116	115	107
116	115	108
116	115	109
116	115	110
116	115	111
116	115	112
116	115	113
116	115	114
116	115	115
116	115	116
116	115	117
116	115	118
116	115	119
116	115	120
116	115	121
116	115	122
116	115	123
116	116	108
116	116	109
116	116	110
116	116	111
116	116	112
116	116	113
116	116	114
116	116	115
116	116	116
116	116	117
116	116	118
116	116	119
116	116	120
116	116	121
116	116	122
116	116	123
116	117	109
116	117	110
116	117	111
116	117	112
116	117	113
116	117	114
116	117	115
116	117	116
116	117	117
116	117	118
116	117	119
116	117	120
116	117	121
116	117	122
116	117	123
116	118	109
116	118	110
116	118	111
116	118	112
116	118	113
116	118	114
116	118	115
116	118	116
116	118	117
116	118	118
116	118	119
116	118	120
116	118	121
116	118	122
116	118	123
116	119	109
116	119	110
116	119	111
116	119	112
116	119	113
116	119	114
116	119	115
116	119	116
116	119	117
116	119	118
116	119	119
116	119	120
116	119	121
116	119	122
116	119	123
116	120	109
116	120	110
116	120	111
116	120	112
116	120	113
116	120	114
116	120	115
116	120	116
116	120	117
116	120	118
116	120	119
116	120	120
116	120	121
116	120	122
116	120	123
116	121	109
116	121	110
116	121	111
116	121	112
116	121	113
116	121	114
116	121	115
116	121	116
116	121	117
116	121	118
116	121	119
116	121	120
116	121	121
116	121	122
116	121	123
116	122	109
116	122	110
116	122	111
116	122	112
116	122	113
116	122	114
116	122	115
116	122	116
116	122	117
116	122	118
116	122	119
116	122	120
116	122	121
116	122	122
116	123	109
116	123	110
116	123	111
116	123	112
116	123	113
116	123	114
116	123	115
116	123	116
116	123	117
116	123	118
116	123	119
116	123	120
116	123	121
116	124	108
116	124	109
116	124	110
116	124	111
116	124	112
116	124	113
116	124	114
116	124	115
116	124	116
116	124	117
116	124	118
116	124	119
116	124	120
116	125	108
116	125	109
116	125	110
116	125	111
116	125	112
116	125	113
116	125	114
116	125	115
116	125	116
116	126	109
116	126	110
116	126	111
116	126	112
116	126	113
116	126	114
116	126	115
116	127	111
116	127	112
116	127	113
116	127	114
117	0	112
117	0	113
117	106	110
117	106	111
117	106	112
117	107	110
117	107	111
117	107	112
117	107	113
117	108	110
117	108	111
117	108	112
117	108	113
117	108	114
117	109	110
117	109	111
117	109	112
117	109	113
117	109	114
117	109	115
117	109	116
117	109	117
117	109	118
117	109	119
117	109	120
117	109	121
117	109	122
117	109	123
117	110	110
117	110	111
117	110	112
117	110	113
117	110	114
117	110	115
117	110	116
117	110	117
117	110	118
117	110	119
117	110	120
117	110	121
117	110	122
117	110	123
117	111	109
117	111	110
117	111	111
117	111	112
117	111	113
117	111	114
117	111	115
117	111	116
117	111	117
117	111	118
117	111	119
117	111	120
117	111	121
117	111	122
117	111	123
117	112	109
117	112	110
117	112	111
117	112	112
117	112	113
117	112	114
117	112	115
117	112	116
117	112	117
117	112	118
117	112	119
117	112	120
117	112	121
117	112	122
117	112	123
117	113	109
117	113	110
117	113	111
117	113	112
117	113	113
117	113	114
117	113	115
117	113	116
117	113	117
117	113	118
117	113	119
117	113	120
117	113	121
117	113	122
117	113	123
117	114	108
117	114	109
117	114	110
117	114	111
117	114	112
117	114	113
117	114	114
117	114	115
117	114	116
117	114	117
117	114	118
117	114	119
117	114	120
117	114	121
117	114	122
117	114	123
117	115	109
117	115	110
117	115	111
117	115	112
117	115	113
117	115	114
117	115	115
117	115	116
117	115	117
117	115	118
117	115	119
117	115	120
117	115	121
117	115	122
117	115	123
117	116	109
117	116	110
117	116	111
117	116	112
117	116	113
117	116	114
117	116	115
117	116	116
117	116	117
117	116	118
117	116	119
117	116	120
117	116	121
117	116	122
117	116	123
117	117	110
117	117	111
117	117	112
117	117	113
117	117	114
117	117	115
117	117	116
117	117	117
117	117	118
117	117	119
117	117	120
117	117	121
117	117	122
117	117	123
117	118	110
117	118	111
117	118	112
117	118	113
117	118	114
117	118	115
117	118	116
117	118	117
117	118	118
117	118	119
117	118	120
117	118	121
117	118	122
117	118	123
117	119	110
117	119	111
117	119	112
117	119	113
117	119	114
117	119	115
117	119	116
117	119	117
117	119	118
117	119	119
117	119	120
117	119	121
117	119	122
117	119	123
117	120	110
117	120	111
117	120	112
117	120	113
117	120	114
117	120	115
117	120	116
117	120	117
117	120	118
117	120	119
117	120	120
117	120	121
117	120	122
117	120	123
117	121	110
117	121	111
117	121	112
117	121	113
117	121	114
117	121	115
117	121	116
117	121	117
117	121	118
117	121	119
117	121	120
117	121	121
117	121	122
117	121	123
117	122	110
117	122	111
117	122	112
117	122	113
117	122	114
117	122	115
117	122	116
117	122	117
117	122	118
117	122	119
117	122	120
117	122	121
117	122	122
117	123	109
117	123	110
117	123	111
117	123	112
117	123	113
117	123	114
117	123	115
117	123	116
117	123	117
117	123	118
117	123	119
117	123	120
117	123	121
117	124	109
117	124	110
117	124	111
117	124	112
117	124	113
117	124	114
117	124	115
117	124	116
117	124	117
117	124	118
117	124	119
117	124	120
117	125	108
117	125	109
117	125	110
117	125	111
117	125	112
117	125	113
117	125	114
117	125	115
117	125	116
117	125	117
117	125	118
117	126	109
117	126	110
117	126	111
117	126	112
117	126	113
117	126	114
117	126	115
117	127	110
117	127	111
117	127	112
117	127	113
117	127	114
118	0	112
118	0	113
118	106	112
118	107	111
118	107	112
118	107	113
118	108	111
118	108	112
118	108	113
118	108	114
118	109	111
118	109	112
118	109	113
118	109	114
118	109	115
118	110	110
118	110	111
118	110	112
118	110	113
118	110	114
118	110	115
118	110	116
118	110	117
118	110	118
118	110	119
118	110	120
118	110	121
118	110	122
118	111	110
118	111	111
118	111	112
118	111	113
118	111	114
118	111	115
118	111	116
118	111	117
118	111	118
118	111	119
118	111	120
118	111	121
118	111	122
118	112	110
118	112	111
118	112	112
118	112	113
118	112	114
118	112	115
118	112	116
118	112	117
118	112	118
118	112	119
118	112	120
118	112	121
118	112	122
118	113	109
118	113	110
118	113	111
118	113	112
118	113	113
118	113	114
118	113	115
118	113	116
118	113	117
118	113	118
118	113	119
118	113	120
118	113	121
118	113	122
118	114	110
118	114	111
118	114	112
118	114	113
118	114	114
118	114	115
118	114	116
118	114	117
118	114	118
118	114	119
118	114	120
118	114	121
118	114	122
118	115	110
118	115	111
118	115	112
118	115	113
118	115	114
118	115	115
118	115	116
118	115	117
118	115	118
118	115	119
118	115	120
118	115	121
118	115	122
118	116	110
118	116	111
118	116	112
118	116	113
118	116	114
118	116	115
118	116	116
118	116	117
118	116	118
118	116	119
118	116	120
118	116	121
118	116	122
118	116	123
118	117	111
118	117	112
118	117	113
118	117	114
118	117	115
118	117	116
118	117	117
118	117	118
118	117	119
118	117	120
118	117	121
118	117	122
118	117	123
118	118	111
118	118	112
118	118	113
118	118	114
118	118	115
118	118	116
118	118	117
118	118	118
118	118	119
118	118	120
118	118	121
118	118	122
118	118	123
118	119	111
118	119	112
118	119	113
118	119	114
118	119	115
118	119	116
118	119	117
118	119	118
118	119	119
118	119	120
118	119	121
118	119	122
118	120	111
118	120	112
118	120	113
118	120	114
118	120	115
118	120	116
118	120	117
118	120	118
118	120	119
118	120	120
118	120	121
118	120	122
118	121	111
118	121	112
118	121	113
118	121	114
118	121	115
118	121	116
118	121	117
118	121	118
118	121	119
118	121	120
118	121	121
118	121	122
118	121	123
118	122	110
118	122	111
118	122	112
118	122	113
118	122	114
118	122	115
118	122	116
118	122	117
118	122	118
118	122	119
118	122	120
118	122	121
118	122	122
118	123	110
118	123	111
118	123	112
118	123	113
118	123	114
118	123	115
118	123	116
118	123	117
118	123	118
118	123	119
118	123	120
118	123	121
118	124	109
118	124	110
118	124	111
118	124	112
118	124	113
118	124	114
118	124	115
118	124	116
118	124	117
118	124	118
118	124	119
118	124	120
118	125	108
118	125	109
118	125	110
118	125	111
118	125	112
118	125	113
118	125	114
118	125	115
118	125	116
118	125	117
118	125	118
118	126	108
118	126	109
118	126	110
118	126	111
118	126	112
118	126	113
118	126	114
118	126	115
118	126	116
118	127	110
118	127	111
118	127	112
118	127	113
118	127	114
119	0	112
119	0	113
119	107	113
119	108	112
119	108	113
119	108	114
119	109	112
119	109	113
119	109	114
119	109	115
119	110	111
119	110	112
119	110	113
119	110	114
119	110	115
119	110	116
119	111	111
119	111	112
119	111	113
119	111	114
119	111	115
119	111	116
119	111	117
119	111	118
119	111	119
119	111	120
119	111	121
119	112	110
119	112	111
119	112	112
119	112	113
119	112	114
119	112	115
119	112	116
119	112	117
119	112	118
119	112	119
119	112	120
119	112	121
119	113	110
119	113	111
119	113	112
119	113	113
119	113	114
119	113	115
119	113	116
119	113	117
119	113	118
119	113	119
119	113	120
119	113	121
119	114	111
119	114	112
119	114	113
119	114	114
119	114	115
119	114	116
119	114	117
119	114	118
119	114	119
119	114	120
119	114	121
119	115	111
119	115	112
119	115	113
119	115	114
119	115	115
119	115	116
119	115	117
119	115	118
119	115	119
119	115	120
119	115	121
119	115	122
119	116	111
119	116	112
119	116	113
119	116	114
119	116	115
119	116	116
119	116	117
119	116	118
119	116	119
119	116	120
119	116	121
119	116	122
119	116	123
119	117	112
119	117	113
119	117	114
119	117	115
119	117	116
119	117	117
119	117	118
119	117	119
119	117	120
119	117	121
119	117	122
119	117	123
119	118	112
119	118	113
119	118	114
119	118	115
119	118	116
119	118	117
119	118	118
119	118	119
119	118	120
119	118	121
119	118	122
119	119	112
119	119	113
119	119	114
119	119	115
119	119	116
119	119	117
119	119	118
119	119	119
119	119	120
119	119	121
119	119	122
119	120	112
119	120	113
119	120	114
119	120	115
119	120	116
119	120	117
119	120	118
119	120	119
119	120	120
119	120	121
119	120	122
119	121	111
119	121	112
119	121	113
119	121	114
119	121	115
119	121	116
119	121	117
119	121	118
119	121	119
119	121	120
119	121	121
119	121	122
119	122	111
119	122	112
119	122	113
119	122	114
119	122	115
119	122	116
119	122	117
119	122	118
119	122	119
119	122	120
119	122	121
119	122	122
119	123	110
119	123	111
119	123	112
119	123	113
119	123	114
119	123	115
119	123	116
119	123	117
119	123	118
119	123	119
119	123	120
119	123	121
119	124	109
119	124	110
119	124	111
119	124	112
119	124	113
119	124	114
119	124	115
119	124	116
119	124	117
119	124	118
119	124	119
119	125	108
119	125	109
119	125	110
119	125	111
119	125	112
119	125	113
119	125	114
119	125	115
119	125	116
119	125	117
119	126	108
119	126	109
119	126	110
119	126	111
119	126	112
119	126	113
119	126	114
119	126	115
119	126	116
119	127	110
119	127	111
119	127	112
119	127	113
119	127	114
119	127	115
120	0	112
120	0	113
120	0	114
120	108	113
120	108	114
120	109	113
120	109	114
120	109	115
120	110	112
120	110	113
120	110	114
120	110	115
120	110	116
120	111	112
120	111	113
120	111	114
120	111	115
120	111	116
120	111	117
120	112	112
120	112	113
120	112	114
120	112	115
120	112	116
120	112	117
120	112	118
120	112	119
120	112	120
120	113	111
120	113	112
120	113	113
120	113	114
120	113	115
120	113	116
120	113	117
120	113	118
120	113	119
120	113	120
120	114	112
120	114	113
120	114	114
120	114	115
120	114	116
120	114	117
120	114	118
120	114	119
120	114	120
120	114	121
120	115	112
120	115	113
120	115	114
120	115	115
120	115	116
120	115	117
120	115	118
120	115	119
120	115	120
120	115	121
120	115	122
120	116	112
120	116	113
120	116	114
120	116	115
120	116	116
120	116	117
120	116	118
120	116	119
120	116	120
120	116	121
120	116	122
120	116	123
120	117	113
120	117	114
120	117	115
120	117	116
120	117	117
120	117	118
120	117	119
120	117	120
120	117	121
120	117	122
120	117	123
120	118	113
120	118	114
120	118	115
120	118	116
120	118	117
120	118	118
120	118	119
120	118	120
120	118	121
120	118	122
120	119	113
120	119	114
120	119	115
120	119	116
120	119	117
120	119	118
120	119	119
120	119	120
120	119	121
120	120	113
120	120	114
120	120	115
120	120	116
120	120	117
120	120	118
120	120	119
120	120	120
120	120	121
120	121	112
120	121	113
120	121	114
120	121	115
120	121	116
120	121	117
120	121	118
120	121	119
120	121	120
120	121	121
120	121	122
120	122	111
120	122	112
120	122	113
120	122	114
120	122	115
120	122	116
120	122	117
120	122	118
120	122	119
120	122	120
120	122	121
120	122	122
120	123	110
120	123	111
120	123	112
120	123	113
120	123	114
120	123	115
120	123	116
120	123	117
120	123	118
120	123	119
120	123	120
120	124	109
120	124	110
120	124	111
120	124	112
120	124	113
120	124	114
120	124	115
120	124	116
120	124	117
120	124	118
120	125	109
120	125	110
120	125	111
120	125	112
120	125	113
120	125	114
120	125	115
120	125	116
120	126	110
120	126	111
120	126	112
120	126	113
120	126	114
120	126	115
120	126	116
120	127	111
120	127	112
120	127	113
120	127	114
120	127	115
121	0	112
121	0	113
121	0	114
121	109	114
121	109	115
121	110	113
121	110	114
121	110	115
121	110	116
121	111	113
121	111	114
121	111	115
121	111	116
121	111	117
121	112	113
121	112	114
121	112	115
121	112	116
121	112	117
121	112	118
121	113	113
121	113	114
121	113	115
121	113	116
121	113	117
121	113	118
121	113	119
121	113	120
121	114	113
121	114	114
121	114	115
121	114	116
121	114	117
121	114	118
121	114	119
121	114	120
121	114	121
121	115	113
121	115	114
121	115	115
121	115	116
121	115	117
121	115	118
121	115	119
121	115	120
121	115	121
121	115	122
121	116	113
121	116	114
121	116	115
121	116	116
121	116	117
121	116	118
121	116	119
121	116	120
121	116	121
121	116	122
121	116	123
121	117	114
121	117	115
121	117	116
121	117	117
121	117	118
121	117	119
121	117	120
121	117	121
121	117	122
121	117	123
121	118	114
121	118	115
121	118	116
121	118	117
121	118	118
121	118	119
121	118	120
121	118	121
121	118	122
121	119	114
121	119	115
121	119	116
121	119	117
121	119	118
121	119	119
121	119	120
121	119	121
121	120	113
121	120	114
121	120	115
121	120	116
121	120	117
121	120	118
121	120	119
121	120	120
121	120	121
121	121	113
121	121	114
121	121	115
121	121	116
121	121	117
121	121	118
121	121	119
121	121	120
121	121	121
121	122	112
121	122	113
121	122	114
121	122	115
121	122	116
121	122	117
121	122	118
121	122	119
121	122	120
121	123	110
121	123	111
121	123	112
121	123	113
121	123	114
121	123	115
121	123	116
121	123	117
121	123	118
121	124	110
121	124	111
121	124	112
121	124	113
121	124	114
121	124	115
121	124	116
121	125	109
121	125	110
121	125	111
121	125	112
121	125	113
121	125	114
121	125	115
121	126	111
121	126	112
121	126	113
121	126	114
121	126	115
121	127	112
121	127	113
121	127	114
121	127	115
122	110	115
122	110	116
122	111	114
122	111	115
122	111	116
122	111	117
122	112	114
122	112	115
122	112	116
122	112	117
122	112	118
122	113	114
122	113	115
122	113	116
122	113	117
122	113	118
122	113	119
122	113	120
122	114	114
122	114	115
122	114	116
122	114	117
122	114	118
122	114	119
122	114	120
122	114	121
122	115	114
122	115	115
122	115	116
122	115	117
122	115	118
122	115	119
122	115	120
122	115	121
122	115	122
122	116	114
122	116	115
122	116	116
122	116	117
122	116	118
122	116	119
122	116	120
122	116	121
122	116	122
122	116	123
122	117	114
122	117	115
122	117	116
122	117	117
122	117	118
122	117	119
122	117	120
122	117	121
122	117	122
122	117	123
122	117	124
122	118	115
122	118	116
122	118	117
122	118	118
122	118	119
122	118	120
122	118	121
122	118	122
122	119	114
122	119	115
122	119	116
122	119	117
122	119	118
122	119	119
122	119	120
122	120	115
122	120	116
122	120	117
122	120	118
122	120	119
122	120	120
122	121	114
122	121	115
122	121	116
122	121	117
122	121	118
122	121	119
122	122	114
122	122	115
122	122	116
122	122	117
122	122	118
122	123	113
122	123	114
122	123	115
122	123	116
122	124	111
122	124	112
122	124	113
122	124	114
122	125	111
122	125	112
123	110	116
123	111	116
123	111	117
123	112	116
123	112	117
123	112	118
123	113	115
123	113	116
123	113	117
123	113	118
123	113	119
123	113	120
123	114	115
123	114	116
123	114	117
123	114	118
123	114	119
123	114	120
123	114	121
123	115	115
123	115	116
123	115	117
123	115	118
123	115	119
123	115	120
123	115	121
123	115	122
123	116	116
123	116	117
123	116	118
123	116	119
123	116	120
123	116	121
123	116	122
123	116	123
123	117	116
123	117	117
123	117	118
123	117	119
123	117	120
123	117	121
123	117	122
123	118	116
123	118	117
123	118	118
123	118	119
123	118	120
123	118	121
123	119	116
123	119	117
123	119	118
123	119	119
123	119	120
123	120	115
123	120	116
123	120	117
123	120	118
123	120	119
123	121	116
123	121	117
123	122	115
124	112	116
124	113	116
124	113	117
124	114	117
124	114	118
124	114	119
124	114	120
124	114	121
124	115	117
124	115	118
124	115	119
124	115	120
124	115	121
124	115	122
124	116	117
124	116	118
124	116	119
124	116	120
124	116	121
124	116	122
124	117	117
124	117	118
124	117	120
124	117	121
124	118	117
124	119	117
125	115	118
125	115	119
125	115	120
125	115	121
125	115	122
125	116	120
125	116	121
126	116	120
