#i	j	k
76	126	56
76	127	56
76	127	57
77	0	55
77	0	56
77	0	57
77	126	56
77	126	57
77	127	55
77	127	56
77	127	57
77	127	58
78	0	54
78	0	55
78	0	56
78	0	57
78	0	58
78	1	54
78	1	55
78	1	56
78	7	50
78	125	57
78	126	56
78	126	57
78	126	58
78	127	55
78	127	56
78	127	57
78	127	58
78	127	59
79	0	54
79	0	55
79	0	56
79	0	57
79	0	58
79	1	53
79	1	54
79	1	55
79	1	56
79	1	57
79	2	53
79	2	54
79	2	55
79	6	51
79	8	50
79	125	57
79	125	58
79	126	56
79	126	57
79	126	58
79	127	55
79	127	56
79	127	57
79	127	58
79	127	59
80	0	54
80	0	55
80	0	56
80	0	57
80	0	58
80	1	53
80	1	54
80	1	55
80	1	56
80	1	57
80	2	52
80	2	53
80	2	54
80	2	55
80	2	56
80	3	52
80	3	53
80	3	54
80	4	52
80	5	52
80	7	50
80	7	51
80	8	50
80	9	49
80	9	50
80	10	49
80	125	57
80	125	58
80	126	56
80	126	57
80	126	58
80	126	59
80	127	55
80	127	56
80	127	57
80	127	58
80	127	59
81	0	54
81	0	55
81	0	56
81	0	57
81	0	58
81	1	53
81	1	54
81	1	55
81	1	56
81	1	57
81	2	52
81	2	53
81	2	54
81	2	55
81	2	56
81	3	51
81	3	52
81	3	53
81	3	54
81	3	55
81	4	51
81	4	52
81	4	53
81	5	51
81	5	52
81	6	49
81	6	50
81	6	51
81	6	52
81	7	49
81	7	50
81	7	51
81	8	48
81	8	49
81	8	50
81	9	48
81	9	49
81	9	50
81	10	47
81	10	48
81	10	49
81	10	50
81	11	46
81	11	47
81	11	48
81	11	49
81	12	46
81	12	47
81	125	57
81	125	58
81	126	56
81	126	57
81	126	58
81	126	59
81	127	55
81	127	56
81	127	57
81	127	58
81	127	59
82	0	54
82	0	55
82	0	56
82	0	57
82	0	58
82	1	53
82	1	54
82	1	55
82	1	56
82	1	57
82	2	52
82	2	53
82	2	54
82	2	55
82	2	56
82	3	51
82	3	52
82	3	53
82	3	54
82	3	55
82	4	50
82	4	51
82	4	52
82	4	53
82	4	54
82	5	48
82	5	49
82	5	50
82	5	51
82	5	52
82	6	48
82	6	49
82	6	50
82	6	51
82	6	52
82	7	47
82	7	48
82	7	49
82	7	50
82	7	51
82	8	47
82	8	48
82	8	49
82	8	50
82	9	46
82	9	47
82	9	48
82	9	49
82	9	50
82	10	45
82	10	46
82	10	47
82	10	48
82	10	49
82	10	50
82	11	45
82	11	46
82	11	47
82	11	48
82	11	49
82	12	46
82	12	47
82	12	48
82	12	49
82	13	46
82	13	47
82	13	48
82	124	58
82	125	57
82	125	58
82	125	59
82	126	56
82	126	57
82	126	58
82	126	59
82	127	55
82	127	56
82	127	57
82	127	58
82	127	59
83	0	54
83	0	55
83	0	56
83	0	57
83	0	58
83	1	53
83	1	54
83	1	55
83	1	56
83	1	57
83	2	52
83	2	53
83	2	54
83	2	55
83	2	56
83	3	51
83	3	52
83	3	53
83	3	54
83	3	55
83	4	50
83	4	51
83	4	52
83	4	53
83	4	54
83	5	49
83	5	50
83	5	51
83	5	52
83	5	53
83	6	47
83	6	48
83	6	49
83	6	50
83	6	51
83	7	46
83	7	47
83	7	48
83	7	49
83	7	50
83	7	51
83	8	45
83	8	46
83	8	47
83	8	48
83	8	49
83	8	50
83	8	51
83	9	45
83	9	46
83	9	47
83	9	48
83	9	49
83	9	50
83	9	51
83	10	44
83	10	45
83	10	46
83	10	47
83	10	48
83	10	49
83	10	50
83	11	45
83	11	46
83	11	47
83	11	48
83	11	49
83	11	50
83	12	45
83	12	46
83	12	47
83	12	48
83	12	49
83	12	50
83	13	46
83	13	47
83	13	48
83	13	49
83	13	50
83	14	47
83	14	48
83	14	49
83	14	50
83	123	58
83	124	58
83	124	59
83	125	57
83	125	58
83	125	59
83	126	56
83	126	57
83	126	58
83	126	59
83	126	60
83	127	55
83	127	56
83	127	57
83	127	58
83	127	59
84	0	54
84	0	55
84	0	56
84	0	57
84	0	58
84	1	53
84	1	54
84	1	55
84	1	56
84	1	57
84	2	52
84	2	53
84	2	54
84	2	55
84	2	56
84	3	51
84	3	52
84	3	53
84	3	54
84	3	55
84	4	50
84	4	51
84	4	52
84	4	53
84	4	54
84	5	49
84	5	50
84	5	51
84	5	52
84	5	53
84	6	48
84	6	49
84	6	50
84	6	51
84	6	52
84	7	46
84	7	47
84	7	48
84	7	49
84	7	50
84	7	51
84	7	52
84	8	44
84	8	45
84	8	46
84	8	47
84	8	48
84	8	49
84	8	50
84	8	51
84	9	44
84	9	45
84	9	46
84	9	47
84	9	48
84	9	49
84	9	50
84	9	51
84	10	44
84	10	45
84	10	46
84	10	47
84	10	48
84	10	49
84	10	50
84	10	51
84	11	44
84	11	45
84	11	46
84	11	47
84	11	48
84	11	49
84	11	50
84	11	51
84	12	45
84	12	46
84	12	47
84	12	48
84	12	49
84	12	50
84	12	51
84	13	46
84	13	47
84	13	48
84	13	49
84	13	50
84	13	51
84	14	47
84	14	48
84	14	49
84	14	50
84	15	48
84	15	49
84	15	50
84	122	57
84	123	56
84	123	57
84	123	58
84	123	59
84	124	57
84	124	58
84	124	59
84	125	57
84	125	58
84	125	59
84	126	56
84	126	57
84	126	58
84	127	55
84	127	56
84	127	57
84	127	58
84	127	59
85	0	54
85	0	55
85	0	56
85	0	57
85	0	58
85	1	53
85	1	54
85	1	55
85	1	56
85	1	57
85	2	50
85	2	51
85	2	52
85	2	53
85	2	54
85	2	55
85	2	56
85	3	50
85	3	51
85	3	52
85	3	53
85	3	54
85	3	55
85	4	50
85	4	51
85	4	52
85	4	53
85	4	54
85	5	49
85	5	50
85	5	51
85	5	52
85	5	53
85	6	48
85	6	49
85	6	50
85	6	51
85	6	52
85	7	47
85	7	48
85	7	49
85	7	50
85	7	51
85	7	52
85	8	45
85	8	46
85	8	47
85	8	48
85	8	49
85	8	50
85	8	51
85	8	52
85	9	44
85	9	45
85	9	46
85	9	47
85	9	48
85	9	49
85	9	50
85	9	51
85	9	52
85	10	44
85	10	45
85	10	46
85	10	47
85	10	48
85	10	49
85	10	50
85	10	51
85	10	52
85	11	44
85	11	45
85	11	46
85	11	47
85	11	48
85	11	49
85	11	50
85	11	51
85	11	52
85	12	45
85	12	46
85	12	47
85	12	48
85	12	49
85	12	50
85	12	51
85	12	52
85	13	46
85	13	47
85	13	48
85	13	49
85	13	50
85	13	51
85	14	47
85	14	48
85	14	49
85	14	50
85	14	51
85	15	48
85	15	49
85	15	50
85	15	51
85	15	52
85	16	49
85	16	50
85	16	51
85	16	52
85	122	57
85	122	58
85	123	56
85	123	57
85	123	58
85	123	59
85	123	60
85	124	55
85	124	56
85	124	57
85	124	58
85	124	59
85	124	60
85	124	61
85	125	56
85	125	57
85	125	58
85	126	56
85	126	57
85	126	58
85	127	55
85	127	56
85	127	57
85	127	58
86	0	54
86	0	55
86	0	56
86	0	57
86	1	51
86	1	52
86	1	53
86	1	54
86	1	55
86	1	56
86	1	57
86	2	50
86	2	51
86	2	52
86	2	53
86	2	54
86	2	55
86	2	56
86	3	49
86	3	50
86	3	51
86	3	52
86	3	53
86	3	54
86	3	55
86	4	49
86	4	50
86	4	51
86	4	52
86	4	53
86	4	54
86	5	49
86	5	50
86	5	51
86	5	52
86	5	53
86	6	48
86	6	49
86	6	50
86	6	51
86	6	52
86	6	53
86	7	47
86	7	48
86	7	49
86	7	50
86	7	51
86	7	52
86	8	46
86	8	47
86	8	48
86	8	49
86	8	50
86	8	51
86	8	52
86	9	45
86	9	46
86	9	47
86	9	48
86	9	49
86	9	50
86	9	51
86	9	52
86	10	45
86	10	46
86	10	47
86	10	48
86	10	49
86	10	50
86	10	51
86	10	52
86	11	45
86	11	46
86	11	47
86	11	48
86	11	49
86	11	50
86	11	51
86	11	52
86	12	45
86	12	46
86	12	47
86	12	48
86	12	49
86	12	50
86	12	51
86	12	52
86	13	46
86	13	47
86	13	48
86	13	49
86	13	50
86	13	51
86	13	52
86	14	47
86	14	48
86	14	49
86	14	50
86	14	51
86	14	52
86	15	48
86	15	49
86	15	50
86	15	51
86	15	52
86	16	50
86	16	51
86	16	52
86	16	53
86	17	51
86	17	52
86	17	53
86	122	57
86	122	58
86	122	59
86	123	56
86	123	57
86	123	58
86	123	59
86	123	60
86	124	55
86	124	56
86	124	57
86	124	58
86	124	59
86	124	60
86	124	61
86	125	54
86	125	55
86	125	56
86	125	57
86	125	58
86	125	59
86	125	60
86	125	61
86	125	62
86	126	55
86	126	56
86	126	57
86	126	58
86	127	55
86	127	56
86	127	57
87	0	51
87	0	52
87	0	53
87	0	54
87	0	55
87	0	56
87	0	57
87	0	58
87	1	50
87	1	51
87	1	52
87	1	53
87	1	54
87	1	55
87	1	56
87	1	57
87	1	58
87	2	50
87	2	51
87	2	52
87	2	53
87	2	54
87	2	55
87	2	56
87	3	49
87	3	50
87	3	51
87	3	52
87	3	53
87	3	54
87	3	55
87	4	49
87	4	50
87	4	51
87	4	52
87	4	53
87	4	54
87	5	49
87	5	50
87	5	51
87	5	52
87	5	53
87	5	54
87	6	48
87	6	49
87	6	50
87	6	51
87	6	52
87	6	53
87	7	47
87	7	48
87	7	49
87	7	50
87	7	51
87	7	52
87	7	53
87	8	46
87	8	47
87	8	48
87	8	49
87	8	50
87	8	51
87	8	52
87	9	45
87	9	46
87	9	47
87	9	48
87	9	49
87	9	50
87	9	51
87	9	52
87	10	45
87	10	46
87	10	47
87	10	48
87	10	49
87	10	50
87	10	51
87	10	52
87	10	53
87	11	46
87	11	47
87	11	48
87	11	49
87	11	50
87	11	51
87	11	52
87	11	53
87	12	46
87	12	47
87	12	48
87	12	49
87	12	50
87	12	51
87	12	52
87	12	53
87	13	46
87	13	47
87	13	48
87	13	49
87	13	50
87	13	51
87	13	52
87	13	53
87	14	47
87	14	48
87	14	49
87	14	50
87	14	51
87	14	52
87	14	53
87	15	49
87	15	50
87	15	51
87	15	52
87	15	53
87	16	50
87	16	51
87	16	52
87	16	53
87	17	51
87	17	52
87	17	53
87	17	54
87	122	57
87	122	58
87	122	59
87	123	56
87	123	57
87	123	58
87	123	59
87	123	60
87	124	55
87	124	56
87	124	57
87	124	58
87	124	59
87	124	60
87	124	61
87	125	54
87	125	55
87	125	56
87	125	57
87	125	58
87	125	59
87	125	60
87	125	61
87	125	62
87	126	53
87	126	54
87	126	55
87	126	56
87	126	57
87	126	58
87	126	59
87	126	60
87	126	61
87	127	54
87	127	55
87	127	56
87	127	57
87	127	58
88	0	50
88	0	51
88	0	52
88	0	53
88	0	54
88	0	55
88	0	56
88	0	57
88	0	58
88	0	59
88	1	50
88	1	51
88	1	52
88	1	53
88	1	54
88	1	55
88	1	56
88	1	57
88	1	58
88	2	49
88	2	50
88	2	51
88	2	52
88	2	53
88	2	54
88	2	55
88	2	56
88	2	57
88	3	49
88	3	50
88	3	51
88	3	52
88	3	53
88	3	54
88	3	55
88	4	49
88	4	50
88	4	51
88	4	52
88	4	53
88	4	54
88	4	55
88	5	48
88	5	49
88	5	50
88	5	51
88	5	52
88	5	53
88	5	54
88	6	48
88	6	49
88	6	50
88	6	51
88	6	52
88	6	53
88	6	54
88	7	47
88	7	48
88	7	49
88	7	50
88	7	51
88	7	52
88	7	53
88	8	46
88	8	47
88	8	48
88	8	49
88	8	50
88	8	51
88	8	52
88	8	53
88	9	45
88	9	46
88	9	47
88	9	48
88	9	49
88	9	50
88	9	51
88	9	52
88	9	53
88	10	45
88	10	46
88	10	47
88	10	48
88	10	49
88	10	50
88	10	51
88	10	52
88	10	53
88	11	46
88	11	47
88	11	48
88	11	49
88	11	50
88	11	51
88	11	52
88	11	53
88	12	46
88	12	47
88	12	48
88	12	49
88	12	50
88	12	51
88	12	52
88	12	53
88	13	47
88	13	48
88	13	49
88	13	50
88	13	51
88	13	52
88	13	53
88	14	48
88	14	49
88	14	50
88	14	51
88	14	52
88	14	53
88	15	49
88	15	50
88	15	51
88	15	52
88	15	53
88	16	50
88	16	51
88	16	52
88	16	53
88	16	54
88	17	51
88	17	52
88	17	53
88	17	54
88	18	53
88	18	54
88	122	57
88	122	58
88	123	56
88	123	57
88	123	58
88	123	59
88	123	60
88	124	55
88	124	56
88	124	57
88	124	58
88	124	59
88	124	60
88	124	61
88	125	54
88	125	55
88	125	56
88	125	57
88	125	58
88	125	59
88	125	60
88	125	61
88	125	62
88	126	53
88	126	54
88	126	55
88	126	56
88	126	57
88	126	58
88	126	59
88	126	60
88	126	61
88	127	51
88	127	52
88	127	53
88	127	54
88	127	55
88	127	56
88	127	57
88	127	58
88	127	59
88	127	60
89	0	50
89	0	51
89	0	52
89	0	53
89	0	54
89	0	55
89	0	56
89	0	57
89	0	58
89	0	59
89	0	60
89	1	50
89	1	51
89	1	52
89	1	53
89	1	54
89	1	55
89	1	56
89	1	57
89	1	58
89	2	50
89	2	51
89	2	52
89	2	53
89	2	54
89	2	55
89	2	56
89	2	57
89	3	49
89	3	50
89	3	51
89	3	52
89	3	53
89	3	54
89	3	55
89	3	56
89	4	48
89	4	49
89	4	50
89	4	51
89	4	52
89	4	53
89	4	54
89	4	55
89	5	48
89	5	49
89	5	50
89	5	51
89	5	52
89	5	53
89	5	54
89	5	55
89	6	48
89	6	49
89	6	50
89	6	51
89	6	52
89	6	53
89	6	54
89	7	47
89	7	48
89	7	49
89	7	50
89	7	51
89	7	52
89	7	53
89	7	54
89	8	46
89	8	47
89	8	48
89	8	49
89	8	50
89	8	51
89	8	52
89	8	53
89	8	54
89	9	46
89	9	47
89	9	48
89	9	49
89	9	50
89	9	51
89	9	52
89	9	53
89	10	46
89	10	47
89	10	48
89	10	49
89	10	50
89	10	51
89	10	52
89	10	53
89	11	46
89	11	47
89	11	48
89	11	49
89	11	50
89	11	51
89	11	52
89	11	53
89	12	47
89	12	48
89	12	49
89	12	50
89	12	51
89	12	52
89	12	53
89	13	47
89	13	48
89	13	49
89	13	50
89	13	51
89	13	52
89	13	53
89	14	48
89	14	49
89	14	50
89	14	51
89	14	52
89	14	53
89	15	49
89	15	50
89	15	51
89	15	52
89	15	53
89	16	50
89	16	51
89	16	52
89	16	53
89	16	54
89	17	52
89	17	53
89	17	54
89	18	53
89	18	54
89	122	57
89	122	58
89	123	56
89	123	57
89	123	58
89	123	59
89	123	60
89	124	55
89	124	56
89	124	57
89	124	58
89	124	59
89	124	60
89	124	61
89	125	54
89	125	55
89	125	56
89	125	57
89	125	58
89	125	59
89	125	60
89	125	61
89	125	62
89	126	52
89	126	53
89	126	54
89	126	55
89	126	56
89	126	57
89	126	58
89	126	59
89	126	60
89	126	61
89	127	51
89	127	52
89	127	53
89	127	54
89	127	55
89	127	56
89	127	57
89	127	58
89	127	59
89	127	60
90	0	51
90	0	52
90	0	53
90	0	54
90	0	55
90	0	56
90	0	57
90	0	58
90	0	59
90	0	60
90	1	50
90	1	51
90	1	52
90	1	53
90	1	54
90	1	55
90	1	56
90	1	57
90	1	58
90	1	59
90	1	60
90	1	61
90	2	50
90	2	51
90	2	52
90	2	53
90	2	54
90	2	55
90	2	56
90	2	57
90	3	49
90	3	50
90	3	51
90	3	52
90	3	53
90	3	54
90	3	55
90	3	56
90	4	49
90	4	50
90	4	51
90	4	52
90	4	53
90	4	54
90	4	55
90	4	56
90	5	48
90	5	49
90	5	50
90	5	51
90	5	52
90	5	53
90	5	54
90	5	55
90	6	48
90	6	49
90	6	50
90	6	51
90	6	52
90	6	53
90	6	54
90	6	55
90	7	47
90	7	48
90	7	49
90	7	50
90	7	51
90	7	52
90	7	53
90	7	54
90	7	55
90	8	47
90	8	48
90	8	49
90	8	50
90	8	51
90	8	52
90	8	53
90	8	54
90	9	47
90	9	48
90	9	49
90	9	50
90	9	51
90	9	52
90	9	53
90	9	54
90	10	47
90	10	48
90	10	49
90	10	50
90	10	51
90	10	52
90	10	53
90	11	48
90	11	49
90	11	50
90	11	51
90	11	52
90	11	53
90	12	48
90	12	49
90	12	50
90	12	51
90	12	52
90	12	53
90	13	48
90	13	49
90	13	50
90	13	51
90	13	52
90	13	53
90	14	48
90	14	49
90	14	50
90	14	51
90	14	52
90	14	53
90	15	49
90	15	50
90	15	51
90	15	52
90	15	53
90	16	51
90	16	52
90	16	53
90	16	54
90	17	52
90	17	53
90	17	54
90	18	53
90	18	54
90	19	54
90	19	55
90	123	56
90	123	57
90	123	58
90	123	59
90	123	60
90	124	55
90	124	56
90	124	57
90	124	58
90	124	59
90	124	60
90	124	61
90	125	53
90	125	54
90	125	55
90	125	56
90	125	57
90	125	58
90	125	59
90	125	60
90	125	61
90	125	62
90	126	52
90	126	53
90	126	54
90	126	55
90	126	56
90	126	57
90	126	58
90	126	59
90	126	60
90	126	61
90	127	51
90	127	52
90	127	53
90	127	54
90	127	55
90	127	56
90	127	57
90	127	58
90	127	59
90	127	60
90	127	61
91	0	51
91	0	52
91	0	53
91	0	54
91	0	55
91	0	56
91	0	57
91	0	58
91	0	59
91	0	60
91	0	61
91	0	62
91	1	51
91	1	52
91	1	53
91	1	54
91	1	55
91	1	56
91	1	57
91	1	58
91	1	59
91	1	60
91	1	61
91	2	50
91	2	51
91	2	52
91	2	53
91	2	54
91	2	55
91	2	56
91	2	57
91	2	58
91	2	59
91	2	60
91	2	61
91	3	50
91	3	51
91	3	52
91	3	53
91	3	54
91	3	55
91	3	56
91	3	57
91	4	49
91	4	50
91	4	51
91	4	52
91	4	53
91	4	54
91	4	55
91	4	56
91	5	49
91	5	50
91	5	51
91	5	52
91	5	53
91	5	54
91	5	55
91	5	56
91	6	49
91	6	50
91	6	51
91	6	52
91	6	53
91	6	54
91	6	55
91	6	56
91	7	49
91	7	50
91	7	51
91	7	52
91	7	53
91	7	54
91	7	55
91	8	48
91	8	49
91	8	50
91	8	51
91	8	52
91	8	53
91	8	54
91	8	55
91	9	48
91	9	49
91	9	50
91	9	51
91	9	52
91	9	53
91	9	54
91	10	49
91	10	50
91	10	51
91	10	52
91	10	53
91	11	49
91	11	50
91	11	51
91	11	52
91	11	53
91	12	49
91	12	50
91	12	51
91	12	52
91	12	53
91	13	49
91	13	50
91	13	51
91	13	52
91	13	53
91	14	50
91	14	51
91	14	52
91	14	53
91	15	50
91	15	51
91	15	52
91	15	53
91	16	51
91	16	52
91	16	53
91	16	54
91	17	52
91	17	53
91	17	54
91	18	53
91	18	54
91	19	54
91	19	55
91	123	56
91	123	57
91	123	58
91	123	59
91	123	60
91	124	54
91	124	55
91	124	56
91	124	57
91	124	58
91	124	59
91	124	60
91	124	61
91	125	53
91	125	54
91	125	55
91	125	56
91	125	57
91	125	58
91	125	59
91	125	60
91	125	61
91	125	62
91	126	52
91	126	53
91	126	54
91	126	55
91	126	56
91	126	57
91	126	58
91	126	59
91	126	60
91	126	61
91	126	62
91	127	52
91	127	53
91	127	54
91	127	55
91	127	56
91	127	57
91	127	58
91	127	59
91	127	60
91	127	61
92	0	52
92	0	53
92	0	54
92	0	55
92	0	56
92	0	57
92	0	58
92	0	59
92	0	60
92	0	61
92	0	62
92	1	51
92	1	52
92	1	53
92	1	54
92	1	55
92	1	56
92	1	57
92	1	58
92	1	59
92	1	60
92	1	61
92	1	62
92	2	51
92	2	52
92	2	53
92	2	54
92	2	55
92	2	56
92	2	57
92	2	58
92	2	59
92	2	60
92	2	61
92	3	51
92	3	52
92	3	53
92	3	54
92	3	55
92	3	56
92	3	57
92	3	58
92	3	59
92	3	60
92	3	61
92	4	50
92	4	51
92	4	52
92	4	53
92	4	54
92	4	55
92	4	56
92	4	57
92	4	58
92	5	50
92	5	51
92	5	52
92	5	53
92	5	54
92	5	55
92	5	56
92	5	57
92	6	50
92	6	51
92	6	52
92	6	53
92	6	54
92	6	55
92	6	56
92	7	51
92	7	52
92	7	53
92	7	54
92	7	55
92	7	56
92	8	52
92	8	53
92	8	54
92	8	55
92	9	52
92	9	53
92	10	50
92	10	51
92	10	52
92	10	53
92	11	50
92	11	51
92	11	52
92	11	53
92	12	50
92	12	51
92	12	52
92	12	53
92	13	51
92	13	52
92	13	53
92	14	51
92	14	52
92	14	53
92	15	51
92	15	52
92	15	53
92	16	51
92	16	52
92	16	53
92	16	54
92	17	52
92	17	53
92	17	54
92	18	53
92	18	54
92	19	54
92	19	55
92	123	56
92	123	57
92	123	58
92	123	59
92	123	60
92	123	61
92	124	54
92	124	55
92	124	56
92	124	57
92	124	58
92	124	59
92	124	60
92	124	61
92	124	62
92	125	53
92	125	54
92	125	55
92	125	56
92	125	57
92	125	58
92	125	59
92	125	60
92	125	61
92	125	62
92	126	53
92	126	54
92	126	55
92	126	56
92	126	57
92	126	58
92	126	59
92	126	60
92	126	61
92	126	62
92	127	52
92	127	53
92	127	54
92	127	55
92	127	56
92	127	57
92	127	58
92	127	59
92	127	60
92	127	61
92	127	62
93	0	53
93	0	54
93	0	55
93	0	56
93	0	57
93	0	58
93	0	59
93	0	60
93	0	61
93	0	62
93	0	63
93	1	52
93	1	53
93	1	54
93	1	55
93	1	56
93	1	57
93	1	58
93	1	59
93	1	60
93	1	61
93	1	62
93	2	52
93	2	53
93	2	54
93	2	55
93	2	56
93	2	57
93	2	58
93	2	59
93	2	60
93	2	61
93	2	62
93	3	52
93	3	53
93	3	54
93	3	55
93	3	56
93	3	57
93	3	58
93	3	59
93	3	60
93	3	61
93	4	51
93	4	52
93	4	53
93	4	54
93	4	55
93	4	56
93	4	57
93	4	58
93	4	59
93	4	60
93	4	61
93	4	62
93	5	51
93	5	52
93	5	53
93	5	54
93	5	55
93	5	56
93	5	57
93	5	58
93	5	59
93	6	51
93	6	52
93	6	53
93	6	54
93	6	55
93	6	56
93	6	57
93	7	53
93	7	54
93	7	55
93	7	56
93	8	54
93	12	53
93	13	52
93	13	53
93	14	52
93	14	53
93	14	54
93	15	52
93	15	53
93	15	54
93	16	52
93	16	53
93	16	54
93	17	52
93	17	53
93	17	54
93	18	53
93	18	54
93	19	54
93	19	55
93	123	56
93	123	57
93	123	58
93	123	59
93	123	60
93	123	61
93	124	54
93	124	55
93	124	56
93	124	57
93	124	58
93	124	59
93	124	60
93	124	61
93	124	62
93	125	54
93	125	55
93	125	56
93	125	57
93	125	58
93	125	59
93	125	60
93	125	61
93	125	62
93	125	63
93	126	53
93	126	54
93	126	55
93	126	56
93	126	57
93	126	58
93	126	59
93	126	60
93	126	61
93	126	62
93	126	63
93	127	53
93	127	54
93	127	55
93	127	56
93	127	57
93	127	58
93	127	59
93	127	60
93	127	61
93	127	62
93	127	63
94	0	55
94	0	56
94	0	57
94	0	58
94	0	59
94	0	60
94	0	61
94	0	62
94	0	63
94	1	54
94	1	55
94	1	56
94	1	57
94	1	58
94	1	59
94	1	60
94	1	61
94	1	62
94	1	63
94	2	53
94	2	54
94	2	55
94	2	56
94	2	57
94	2	58
94	2	59
94	2	60
94	2	61
94	2	62
94	3	53
94	3	54
94	3	55
94	3	56
94	3	57
94	3	58
94	3	59
94	3	60
94	3	61
94	3	62
94	3	63
94	4	52
94	4	53
94	4	54
94	4	55
94	4	56
94	4	57
94	4	58
94	4	59
94	4	60
94	4	61
94	4	62
94	5	52
94	5	53
94	5	54
94	5	55
94	5	56
94	5	57
94	5	58
94	5	59
94	5	60
94	5	61
94	5	62
94	6	53
94	6	54
94	6	55
94	6	56
94	6	57
94	6	59
94	6	60
94	6	61
94	7	55
94	7	59
94	7	60
94	8	56
94	8	57
94	8	58
94	8	59
94	9	55
94	9	56
94	9	57
94	9	58
94	10	55
94	10	56
94	10	57
94	10	58
94	11	55
94	11	56
94	11	57
94	12	55
94	12	56
94	13	55
94	18	53
94	18	54
94	19	55
94	122	57
94	122	58
94	122	59
94	123	55
94	123	56
94	123	57
94	123	58
94	123	59
94	123	60
94	123	61
94	123	62
94	124	54
94	124	55
94	124	56
94	124	57
94	124	58
94	124	59
94	124	60
94	124	61
94	124	62
94	125	55
94	125	56
94	125	57
94	125	58
94	125	59
94	125	60
94	125	61
94	125	62
94	125	63
94	126	55
94	126	56
94	126	57
94	126	58
94	126	59
94	126	60
94	126	61
94	126	62
94	126	63
94	127	55
94	127	56
94	127	57
94	127	58
94	127	59
94	127	60
94	127	61
94	127	62
94	127	63
95	0	56
95	0	57
95	0	58
95	0	59
95	0	60
95	0	61
95	0	62
95	0	63
95	1	55
95	1	56
95	1	57
95	1	58
95	1	59
95	1	60
95	1	61
95	1	62
95	1	63
95	2	55
95	2	56
95	2	57
95	2	58
95	2	59
95	2	60
95	2	61
95	2	62
95	2	63
95	3	55
95	3	56
95	3	57
95	3	58
95	3	59
95	3	60
95	3	61
95	3	62
95	3	63
95	4	54
95	4	55
95	4	56
95	4	57
95	4	58
95	4	59
95	4	60
95	4	61
95	4	62
95	4	63
95	5	53
95	5	54
95	5	55
95	5	56
95	5	58
95	5	59
95	5	60
95	5	61
95	5	62
95	6	54
95	6	59
95	6	60
95	6	61
95	6	62
95	6	63
95	7	57
95	7	58
95	7	59
95	7	60
95	7	61
95	7	62
95	7	63
95	8	56
95	8	57
95	8	58
95	8	59
95	8	60
95	8	61
95	8	62
95	9	55
95	9	56
95	9	57
95	9	58
95	9	59
95	9	60
95	9	61
95	10	54
95	10	55
95	10	56
95	10	57
95	10	58
95	10	59
95	11	54
95	11	55
95	11	56
95	11	57
95	11	58
95	11	59
95	12	54
95	12	55
95	12	56
95	12	57
95	12	58
95	13	54
95	13	55
95	13	56
95	13	57
95	14	54
95	14	55
95	14	56
95	15	54
95	15	55
95	15	56
95	16	54
95	16	55
95	16	56
95	17	54
95	17	55
95	17	56
95	18	54
95	18	55
95	19	54
95	19	55
95	122	56
95	122	57
95	122	58
95	122	59
95	122	60
95	122	61
95	123	54
95	123	55
95	123	56
95	123	57
95	123	58
95	123	59
95	123	60
95	123	61
95	123	62
95	124	54
95	124	55
95	124	56
95	124	57
95	124	58
95	124	59
95	124	60
95	124	61
95	124	62
95	124	63
95	125	55
95	125	56
95	125	57
95	125	58
95	125	59
95	125	60
95	125	61
95	125	62
95	125	63
95	126	55
95	126	56
95	126	57
95	126	58
95	126	59
95	126	60
95	126	61
95	126	62
95	126	63
95	127	55
95	127	56
95	127	57
95	127	58
95	127	59
95	127	60
95	127	61
95	127	62
95	127	63
96	0	56
96	0	57
96	0	58
96	0	59
96	0	60
96	0	61
96	0	62
96	0	63
96	1	56
96	1	57
96	1	58
96	1	59
96	1	60
96	1	61
96	1	62
96	1	63
96	2	56
96	2	57
96	2	58
96	2	59
96	2	60
96	2	61
96	2	62
96	2	63
96	3	56
96	3	57
96	3	58
96	3	59
96	3	60
96	3	61
96	3	62
96	3	63
96	3	64
96	4	55
96	4	57
96	4	58
96	4	59
96	4	60
96	4	61
96	4	62
96	4	63
96	5	58
96	5	59
96	5	60
96	5	61
96	5	62
96	5	63
96	5	64
96	6	56
96	6	57
96	6	58
96	6	59
96	6	60
96	6	61
96	6	62
96	6	63
96	6	64
96	7	55
96	7	56
96	7	57
96	7	58
96	7	59
96	7	60
96	7	61
96	7	62
96	7	63
96	7	64
96	8	56
96	8	57
96	8	58
96	8	59
96	8	60
96	8	61
96	8	62
96	8	63
96	8	64
96	9	55
96	9	56
96	9	57
96	9	58
96	9	59
96	9	60
96	9	61
96	9	62
96	9	63
96	9	64
96	10	54
96	10	55
96	10	56
96	10	57
96	10	58
96	10	59
96	10	60
96	10	61
96	10	62
96	11	53
96	11	54
96	11	55
96	11	56
96	11	57
96	11	58
96	11	59
96	11	60
96	11	61
96	12	53
96	12	54
96	12	55
96	12	56
96	12	57
96	12	58
96	12	59
96	12	60
96	13	53
96	13	54
96	13	55
96	13	56
96	13	57
96	13	58
96	13	59
96	14	53
96	14	54
96	14	55
96	14	56
96	14	57
96	14	58
96	15	53
96	15	54
96	15	55
96	15	56
96	15	57
96	16	53
96	16	54
96	16	55
96	16	56
96	16	57
96	17	53
96	17	54
96	17	55
96	17	56
96	17	57
96	18	53
96	18	54
96	18	55
96	18	56
96	18	57
96	19	54
96	19	55
96	19	56
96	19	57
96	20	54
96	20	55
96	20	56
96	118	60
96	119	61
96	120	60
96	120	61
96	120	62
96	121	57
96	121	58
96	121	59
96	121	60
96	121	61
96	121	62
96	121	63
96	122	56
96	122	57
96	122	58
96	122	59
96	122	60
96	122	61
96	122	62
96	122	63
96	123	54
96	123	55
96	123	56
96	123	57
96	123	58
96	123	59
96	123	60
96	123	61
96	123	62
96	123	63
96	124	54
96	124	55
96	124	56
96	124	57
96	124	58
96	124	59
96	124	60
96	124	61
96	124	62
96	124	63
96	125	55
96	125	56
96	125	57
96	125	58
96	125	59
96	125	60
96	125	61
96	125	62
96	125	63
96	126	56
96	126	57
96	126	58
96	126	59
96	126	60
96	126	61
96	126	62
96	126	63
96	127	56
96	127	57
96	127	58
96	127	59
96	127	60
96	127	61
96	127	62
96	127	63
97	0	56
97	0	57
97	0	58
97	0	59
97	0	60
97	0	61
97	0	62
97	0	63
97	1	56
97	1	57
97	1	58
97	1	59
97	1	60
97	1	61
97	1	62
97	1	63
97	2	56
97	2	57
97	2	58
97	2	59
97	2	60
97	2	61
97	2	62
97	2	63
97	3	57
97	3	58
97	3	59
97	3	60
97	3	61
97	3	62
97	3	63
97	4	58
97	4	59
97	4	60
97	4	61
97	4	62
97	4	63
97	4	64
97	5	58
97	5	59
97	5	60
97	5	61
97	5	62
97	5	63
97	5	64
97	5	65
97	6	57
97	6	58
97	6	59
97	6	60
97	6	61
97	6	62
97	6	63
97	6	64
97	6	65
97	7	56
97	7	57
97	7	58
97	7	59
97	7	60
97	7	61
97	7	62
97	7	63
97	7	64
97	7	65
97	8	56
97	8	57
97	8	58
97	8	59
97	8	60
97	8	61
97	8	62
97	8	63
97	8	64
97	8	65
97	9	55
97	9	56
97	9	57
97	9	58
97	9	59
97	9	60
97	9	61
97	9	62
97	9	63
97	9	64
97	9	65
97	10	54
97	10	55
97	10	56
97	10	57
97	10	58
97	10	59
97	10	60
97	10	61
97	10	62
97	10	63
97	10	64
97	10	65
97	11	53
97	11	54
97	11	55
97	11	56
97	11	57
97	11	58
97	11	59
97	11	60
97	11	61
97	11	62
97	12	52
97	12	53
97	12	54
97	12	55
97	12	56
97	12	57
97	12	58
97	12	59
97	12	60
97	13	52
97	13	53
97	13	54
97	13	55
97	13	56
97	13	57
97	13	58
97	13	59
97	13	60
97	14	52
97	14	53
97	14	54
97	14	55
97	14	56
97	14	57
97	14	58
97	14	59
97	15	52
97	15	53
97	15	54
97	15	55
97	15	56
97	15	57
97	15	58
97	16	52
97	16	53
97	16	54
97	16	55
97	16	56
97	16	57
97	16	58
97	17	52
97	17	53
97	17	54
97	17	55
97	17	56
97	17	57
97	17	58
97	18	53
97	18	54
97	18	55
97	18	56
97	18	57
97	18	58
97	19	53
97	19	54
97	19	55
97	19	56
97	19	57
97	20	54
97	20	55
97	20	56
97	20	57
97	21	54
97	21	55
97	21	56
97	116	58
97	117	57
97	117	58
97	117	59
97	118	56
97	118	57
97	118	58
97	118	59
97	119	56
97	119	57
97	119	58
97	119	59
97	119	60
97	119	61
97	119	62
97	120	57
97	120	58
97	120	59
97	120	60
97	120	61
97	120	62
97	120	63
97	121	56
97	121	57
97	121	58
97	121	59
97	121	60
97	121	61
97	121	62
97	121	63
97	121	64
97	121	65
97	122	55
97	122	56
97	122	57
97	122	58
97	122	59
97	122	60
97	122	61
97	122	62
97	122	63
97	122	64
97	122	65
97	123	53
97	123	54
97	123	55
97	123	56
97	123	57
97	123	58
97	123	59
97	123	60
97	123	61
97	123	62
97	123	63
97	123	64
97	124	54
97	124	55
97	124	56
97	124	57
97	124	58
97	124	59
97	124	60
97	124	61
97	124	62
97	124	63
97	124	64
97	125	55
97	125	56
97	125	57
97	125	58
97	125	59
97	125	60
97	125	61
97	125	62
97	125	63
97	126	56
97	126	57
97	126	58
97	126	59
97	126	60
97	126	61
97	126	62
97	126	63
97	127	56
97	127	57
97	127	58
97	127	59
97	127	60
97	127	61
97	127	62
97	127	63
98	0	56
98	0	57
98	0	58
98	0	59
98	0	60
98	0	61
98	0	62
98	0	63
98	1	56
98	1	57
98	1	58
98	1	59
98	1	60
98	1	61
98	1	62
98	1	63
98	2	56
98	2	57
98	2	58
98	2	59
98	2	60
98	2	61
98	2	62
98	2	63
98	3	57
98	3	58
98	3	59
98	3	60
98	3	61
98	3	62
98	3	63
98	4	58
98	4	59
98	4	60
98	4	61
98	4	62
98	4	63
98	4	64
98	5	58
98	5	59
98	5	60
98	5	61
98	5	62
98	5	63
98	5	64
98	5	65
98	6	58
98	6	59
98	6	60
98	6	61
98	6	62
98	6	63
98	6	64
98	6	65
98	6	66
98	7	57
98	7	58
98	7	59
98	7	60
98	7	61
98	7	62
98	7	63
98	7	64
98	7	65
98	7	66
98	8	56
98	8	57
98	8	58
98	8	59
98	8	60
98	8	61
98	8	62
98	8	63
98	8	64
98	8	65
98	8	66
98	9	55
98	9	56
98	9	57
98	9	58
98	9	59
98	9	60
98	9	61
98	9	62
98	9	63
98	9	64
98	9	65
98	9	66
98	10	54
98	10	55
98	10	56
98	10	57
98	10	58
98	10	59
98	10	60
98	10	61
98	10	62
98	10	63
98	10	64
98	10	65
98	10	66
98	11	53
98	11	54
98	11	55
98	11	56
98	11	57
98	11	58
98	11	59
98	11	60
98	11	61
98	11	62
98	11	63
98	11	64
98	11	65
98	12	52
98	12	53
98	12	54
98	12	55
98	12	56
98	12	57
98	12	58
98	12	59
98	12	60
98	12	61
98	13	51
98	13	52
98	13	53
98	13	54
98	13	55
98	13	56
98	13	57
98	13	58
98	13	59
98	13	60
98	14	51
98	14	52
98	14	53
98	14	54
98	14	55
98	14	56
98	14	57
98	14	58
98	14	59
98	15	51
98	15	52
98	15	53
98	15	54
98	15	55
98	15	56
98	15	57
98	15	58
98	15	59
98	16	51
98	16	52
98	16	53
98	16	54
98	16	55
98	16	56
98	16	57
98	16	58
98	17	52
98	17	53
98	17	54
98	17	55
98	17	56
98	17	57
98	17	58
98	18	52
98	18	53
98	18	54
98	18	55
98	18	56
98	18	57
98	18	58
98	19	53
98	19	54
98	19	55
98	19	56
98	19	57
98	19	58
98	20	53
98	20	54
98	20	55
98	20	56
98	20	57
98	21	54
98	21	55
98	21	56
98	21	57
98	22	54
98	22	55
98	22	56
98	22	57
98	114	59
98	117	57
98	117	58
98	117	59
98	118	56
98	118	57
98	118	58
98	118	59
98	118	60
98	119	55
98	119	56
98	119	57
98	119	58
98	119	59
98	119	60
98	120	55
98	120	56
98	120	57
98	120	58
98	120	59
98	120	60
98	120	61
98	120	62
98	120	63
98	120	64
98	121	55
98	121	56
98	121	57
98	121	58
98	121	59
98	121	60
98	121	61
98	121	62
98	121	63
98	121	64
98	122	54
98	122	55
98	122	56
98	122	57
98	122	58
98	122	59
98	122	60
98	122	61
98	122	62
98	122	63
98	122	64
98	122	65
98	122	66
98	123	53
98	123	54
98	123	55
98	123	56
98	123	57
98	123	58
98	123	59
98	123	60
98	123	61
98	123	62
98	123	63
98	123	64
98	123	65
98	123	66
98	124	53
98	124	54
98	124	55
98	124	56
98	124	57
98	124	58
98	124	59
98	124	60
98	124	61
98	124	62
98	124	63
98	124	64
98	124	65
98	125	54
98	125	55
98	125	56
98	125	57
98	125	58
98	125	59
98	125	60
98	125	61
98	125	62
98	125	63
98	125	64
98	126	55
98	126	56
98	126	57
98	126	58
98	126	59
98	126	60
98	126	61
98	126	62
98	126	63
98	126	64
98	127	56
98	127	57
98	127	58
98	127	59
98	127	60
98	127	61
98	127	62
98	127	63
99	0	55
99	0	56
99	0	57
99	0	58
99	0	59
99	0	60
99	0	61
99	0	62
99	0	63
99	0	64
99	1	55
99	1	56
99	1	57
99	1	58
99	1	59
99	1	60
99	1	61
99	1	62
99	1	63
99	1	64
99	2	56
99	2	57
99	2	58
99	2	59
99	2	60
99	2	61
99	2	62
99	2	63
99	2	64
99	3	57
99	3	58
99	3	59
99	3	60
99	3	61
99	3	62
99	3	63
99	3	64
99	4	58
99	4	59
99	4	60
99	4	61
99	4	62
99	4	63
99	4	64
99	5	59
99	5	60
99	5	61
99	5	62
99	5	63
99	5	64
99	5	65
99	6	59
99	6	60
99	6	61
99	6	62
99	6	63
99	6	64
99	6	65
99	6	66
99	7	58
99	7	59
99	7	60
99	7	61
99	7	62
99	7	63
99	7	64
99	7	65
99	8	56
99	8	57
99	8	58
99	8	59
99	8	60
99	8	61
99	8	62
99	8	63
99	8	64
99	8	65
99	9	55
99	9	56
99	9	57
99	9	58
99	9	59
99	9	60
99	9	61
99	9	62
99	9	63
99	9	64
99	9	65
99	10	54
99	10	55
99	10	56
99	10	57
99	10	58
99	10	59
99	10	60
99	10	61
99	10	62
99	10	63
99	10	64
99	10	65
99	11	53
99	11	54
99	11	55
99	11	56
99	11	57
99	11	58
99	11	59
99	11	60
99	11	61
99	11	62
99	11	63
99	11	64
99	11	65
99	12	52
99	12	53
99	12	54
99	12	55
99	12	56
99	12	57
99	12	58
99	12	59
99	12	60
99	12	61
99	13	52
99	13	53
99	13	54
99	13	55
99	13	56
99	13	57
99	13	58
99	13	59
99	13	60
99	14	52
99	14	53
99	14	54
99	14	55
99	14	56
99	14	57
99	14	58
99	14	59
99	14	60
99	15	52
99	15	53
99	15	54
99	15	55
99	15	56
99	15	57
99	15	58
99	15	59
99	16	52
99	16	53
99	16	54
99	16	55
99	16	56
99	16	57
99	16	58
99	16	59
99	17	52
99	17	53
99	17	54
99	17	55
99	17	56
99	17	57
99	17	58
99	18	52
99	18	53
99	18	54
99	18	55
99	18	56
99	18	57
99	18	58
99	19	52
99	19	53
99	19	54
99	19	55
99	19	56
99	19	57
99	19	58
99	20	53
99	20	54
99	20	55
99	20	56
99	20	57
99	20	58
99	21	53
99	21	54
99	21	55
99	21	56
99	21	57
99	21	58
99	22	54
99	22	55
99	22	56
99	22	57
99	22	58
99	23	55
99	23	56
99	23	57
99	115	60
99	117	60
99	118	56
99	118	57
99	118	58
99	118	59
99	118	60
99	119	55
99	119	56
99	119	57
99	119	58
99	119	59
99	119	60
99	119	61
99	120	55
99	120	56
99	120	57
99	120	58
99	120	59
99	120	60
99	120	61
99	121	54
99	121	55
99	121	56
99	121	57
99	121	58
99	121	59
99	121	60
99	121	61
99	121	62
99	121	63
99	121	64
99	121	65
99	122	54
99	122	55
99	122	56
99	122	57
99	122	58
99	122	59
99	122	60
99	122	61
99	122	62
99	122	63
99	122	64
99	122	65
99	123	52
99	123	53
99	123	54
99	123	55
99	123	56
99	123	57
99	123	58
99	123	59
99	123	60
99	123	61
99	123	62
99	123	63
99	123	64
99	123	65
99	124	53
99	124	54
99	124	55
99	124	56
99	124	57
99	124	58
99	124	59
99	124	60
99	124	61
99	124	62
99	124	63
99	124	64
99	124	65
99	125	53
99	125	54
99	125	55
99	125	56
99	125	57
99	125	58
99	125	59
99	125	60
99	125	61
99	125	62
99	125	63
99	125	64
99	125	65
99	126	54
99	126	55
99	126	56
99	126	57
99	126	58
99	126	59
99	126	60
99	126	61
99	126	62
99	126	63
99	126	64
99	127	55
99	127	56
99	127	57
99	127	58
99	127	59
99	127	60
99	127	61
99	127	62
99	127	63
99	127	64
100	0	55
100	0	56
100	0	57
100	0	58
100	0	59
100	0	60
100	0	61
100	0	62
100	0	63
100	0	64
100	1	55
100	1	56
100	1	57
100	1	58
100	1	59
100	1	60
100	1	61
100	1	62
100	1	63
100	1	64
100	2	55
100	2	56
100	2	57
100	2	58
100	2	59
100	2	60
100	2	61
100	2	62
100	2	63
100	2	64
100	3	55
100	3	56
100	3	57
100	3	58
100	3	59
100	3	60
100	3	61
100	3	62
100	3	63
100	3	64
100	4	58
100	4	59
100	4	60
100	4	61
100	4	62
100	4	63
100	4	64
100	4	65
100	5	58
100	5	59
100	5	60
100	5	61
100	5	62
100	5	63
100	5	64
100	5	65
100	6	59
100	6	60
100	6	61
100	6	62
100	6	63
100	6	64
100	6	65
100	7	58
100	7	59
100	7	60
100	7	61
100	7	62
100	7	63
100	7	64
100	7	65
100	8	56
100	8	57
100	8	58
100	8	59
100	8	60
100	8	61
100	8	62
100	8	63
100	8	64
100	9	55
100	9	56
100	9	57
100	9	58
100	9	59
100	9	60
100	9	61
100	9	62
100	9	63
100	9	64
100	10	54
100	10	55
100	10	56
100	10	57
100	10	58
100	10	59
100	10	60
100	10	61
100	10	62
100	10	63
100	10	64
100	11	53
100	11	54
100	11	55
100	11	56
100	11	57
100	11	58
100	11	59
100	11	60
100	11	61
100	11	62
100	11	63
100	11	64
100	12	52
100	12	53
100	12	54
100	12	55
100	12	56
100	12	57
100	12	58
100	12	59
100	12	60
100	12	61
100	13	52
100	13	53
100	13	54
100	13	55
100	13	56
100	13	57
100	13	58
100	13	59
100	13	60
100	13	61
100	14	52
100	14	53
100	14	54
100	14	55
100	14	56
100	14	57
100	14	58
100	14	59
100	14	60
100	15	52
100	15	53
100	15	54
100	15	55
100	15	56
100	15	57
100	15	58
100	15	59
100	15	60
100	16	52
100	16	53
100	16	54
100	16	55
100	16	56
100	16	57
100	16	58
100	16	59
100	17	52
100	17	53
100	17	54
100	17	55
100	17	56
100	17	57
100	17	58
100	17	59
100	18	52
100	18	53
100	18	54
100	18	55
100	18	56
100	18	57
100	18	58
100	18	59
100	19	52
100	19	53
100	19	54
100	19	55
100	19	56
100	19	57
100	19	58
100	20	52
100	20	53
100	20	54
100	20	55
100	20	56
100	20	57
100	20	58
100	21	53
100	21	54
100	21	55
100	21	56
100	21	57
100	21	58
100	22	54
100	22	55
100	22	56
100	22	57
100	22	58
100	114	62
100	114	63
100	115	62
100	116	61
100	117	60
100	118	59
100	118	60
100	118	61
100	119	56
100	119	57
100	119	58
100	119	59
100	119	60
100	119	61
100	120	55
100	120	56
100	120	57
100	120	58
100	120	59
100	120	60
100	121	55
100	121	56
100	121	57
100	121	58
100	121	59
100	121	60
100	121	61
100	121	62
100	122	53
100	122	54
100	122	55
100	122	56
100	122	57
100	122	58
100	122	59
100	122	60
100	122	61
100	122	62
100	122	63
100	122	64
100	123	52
100	123	53
100	123	54
100	123	55
100	123	56
100	123	57
100	123	58
100	123	59
100	123	60
100	123	61
100	123	62
100	123	63
100	123	64
100	124	52
100	124	53
100	124	54
100	124	55
100	124	56
100	124	57
100	124	58
100	124	59
100	124	60
100	124	61
100	124	62
100	124	63
100	124	64
100	125	53
100	125	54
100	125	55
100	125	56
100	125	57
100	125	58
100	125	59
100	125	60
100	125	61
100	125	62
100	125	63
100	125	64
100	125	65
100	126	54
100	126	55
100	126	56
100	126	57
100	126	58
100	126	59
100	126	60
100	126	61
100	126	62
100	126	63
100	126	64
100	126	65
100	127	54
100	127	55
100	127	56
100	127	57
100	127	58
100	127	59
100	127	60
100	127	61
100	127	62
100	127	63
100	127	64
100	127	65
101	0	54
101	0	55
101	0	56
101	0	57
101	0	58
101	0	59
101	0	60
101	0	61
101	0	62
101	0	63
101	0	64
101	0	65
101	1	54
101	1	55
101	1	56
101	1	57
101	1	58
101	1	59
101	1	60
101	1	61
101	1	62
101	1	63
101	1	64
101	1	65
101	2	54
101	2	55
101	2	56
101	2	57
101	2	58
101	2	59
101	2	60
101	2	61
101	2	62
101	2	63
101	2	64
101	2	65
101	3	55
101	3	56
101	3	57
101	3	58
101	3	59
101	3	60
101	3	61
101	3	62
101	3	63
101	3	64
101	3	65
101	4	55
101	4	56
101	4	57
101	4	58
101	4	59
101	4	60
101	4	61
101	4	62
101	4	63
101	4	64
101	4	65
101	5	56
101	5	57
101	5	58
101	5	59
101	5	60
101	5	61
101	5	62
101	5	63
101	5	64
101	5	65
101	5	66
101	6	58
101	6	59
101	6	60
101	6	61
101	6	62
101	6	63
101	6	64
101	6	65
101	7	59
101	7	60
101	7	61
101	7	62
101	7	63
101	7	64
101	8	56
101	8	59
101	8	60
101	8	61
101	8	62
101	8	63
101	8	64
101	9	55
101	9	56
101	9	57
101	9	58
101	9	59
101	9	60
101	9	61
101	9	62
101	10	54
101	10	55
101	10	56
101	10	57
101	10	58
101	10	59
101	10	60
101	10	61
101	10	62
101	11	53
101	11	54
101	11	55
101	11	56
101	11	57
101	11	58
101	11	59
101	11	60
101	11	61
101	11	62
101	12	52
101	12	53
101	12	54
101	12	55
101	12	56
101	12	57
101	12	58
101	12	59
101	12	60
101	12	61
101	12	62
101	13	52
101	13	53
101	13	54
101	13	55
101	13	56
101	13	57
101	13	58
101	13	59
101	13	60
101	13	61
101	14	52
101	14	53
101	14	54
101	14	55
101	14	56
101	14	57
101	14	58
101	14	59
101	14	60
101	14	61
101	15	52
101	15	53
101	15	54
101	15	55
101	15	56
101	15	57
101	15	58
101	15	59
101	15	60
101	16	52
101	16	53
101	16	54
101	16	55
101	16	56
101	16	57
101	16	58
101	16	59
101	16	60
101	17	52
101	17	53
101	17	54
101	17	55
101	17	56
101	17	57
101	17	58
101	17	59
101	17	60
101	18	52
101	18	53
101	18	54
101	18	55
101	18	56
101	18	57
101	18	59
101	18	60
101	19	52
101	19	53
101	19	54
101	19	55
101	19	56
101	19	57
101	19	59
101	20	52
101	20	53
101	20	54
101	20	55
101	20	56
101	20	57
101	21	53
101	21	54
101	21	55
101	21	56
101	21	57
101	114	62
101	114	63
101	115	61
101	115	62
101	115	63
101	116	61
101	117	60
101	117	61
101	118	59
101	118	60
101	118	61
101	119	58
101	119	59
101	119	60
101	120	56
101	120	57
101	120	58
101	120	59
101	120	60
101	121	56
101	121	57
101	121	58
101	121	59
101	121	60
101	121	61
101	122	52
101	122	54
101	122	55
101	122	56
101	122	57
101	122	58
101	122	59
101	122	60
101	122	61
101	122	62
101	122	63
101	123	51
101	123	52
101	123	53
101	123	54
101	123	55
101	123	56
101	123	57
101	123	58
101	123	59
101	123	60
101	123	61
101	123	62
101	123	63
101	124	52
101	124	53
101	124	54
101	124	55
101	124	56
101	124	57
101	124	58
101	124	59
101	124	60
101	124	61
101	124	62
101	124	63
101	124	64
101	125	52
101	125	53
101	125	54
101	125	55
101	125	56
101	125	57
101	125	58
101	125	59
101	125	60
101	125	61
101	125	62
101	125	63
101	125	64
101	126	53
101	126	54
101	126	55
101	126	56
101	126	57
101	126	58
101	126	59
101	126	60
101	126	61
101	126	62
101	126	63
101	126	64
101	126	65
101	127	54
101	127	55
101	127	56
101	127	57
101	127	58
101	127	59
101	127	60
101	127	61
101	127	62
101	127	63
101	127	64
101	127	65
102	0	54
102	0	55
102	0	56
102	0	57
102	0	58
102	0	59
102	0	60
102	0	61
102	0	62
102	0	63
102	0	64
102	0	65
102	0	66
102	1	54
102	1	55
102	1	56
102	1	57
102	1	58
102	1	59
102	1	60
102	1	61
102	1	62
102	1	63
102	1	64
102	1	65
102	1	66
102	2	54
102	2	55
102	2	56
102	2	57
102	2	58
102	2	59
102	2	60
102	2	61
102	2	62
102	2	63
102	2	64
102	2	65
102	2	66
102	3	54
102	3	55
102	3	56
102	3	57
102	3	58
102	3	59
102	3	60
102	3	61
102	3	62
102	3	63
102	3	64
102	3	65
102	3	66
102	4	55
102	4	56
102	4	57
102	4	58
102	4	59
102	4	60
102	4	61
102	4	62
102	4	63
102	4	64
102	4	65
102	4	66
102	5	55
102	5	56
102	5	57
102	5	58
102	5	59
102	5	60
102	5	61
102	5	62
102	5	63
102	5	64
102	5	65
102	5	66
102	6	56
102	6	57
102	6	58
102	6	59
102	6	60
102	6	61
102	6	62
102	6	63
102	6	64
102	6	65
102	7	59
102	7	60
102	7	61
102	7	62
102	7	63
102	7	64
102	8	56
102	8	59
102	8	60
102	8	61
102	9	55
102	9	56
102	9	60
102	9	61
102	10	54
102	10	55
102	10	56
102	10	57
102	10	60
102	10	61
102	11	51
102	11	52
102	11	53
102	11	54
102	11	55
102	11	56
102	11	57
102	11	58
102	11	59
102	11	60
102	11	61
102	12	52
102	12	53
102	12	54
102	12	55
102	12	56
102	12	57
102	12	58
102	12	59
102	12	60
102	12	61
102	13	53
102	13	54
102	13	55
102	13	56
102	13	57
102	13	58
102	13	59
102	13	60
102	13	61
102	13	62
102	14	53
102	14	54
102	14	55
102	14	56
102	14	57
102	14	58
102	14	59
102	14	60
102	14	61
102	15	53
102	15	54
102	15	55
102	15	56
102	15	57
102	15	58
102	15	59
102	15	60
102	15	61
102	16	53
102	16	54
102	16	55
102	16	56
102	16	57
102	16	58
102	16	59
102	16	60
102	16	61
102	17	53
102	17	54
102	17	55
102	17	56
102	17	57
102	17	58
102	17	60
102	17	61
102	18	52
102	18	53
102	18	54
102	18	55
102	18	56
102	18	57
102	19	52
102	19	53
102	19	54
102	19	55
102	19	56
102	20	54
102	20	55
102	20	56
102	114	62
102	115	61
102	115	62
102	115	63
102	116	60
102	116	61
102	116	62
102	117	60
102	117	61
102	118	59
102	118	60
102	118	61
102	119	58
102	119	59
102	119	60
102	120	57
102	120	58
102	120	59
102	120	60
102	121	55
102	121	56
102	121	57
102	121	58
102	121	59
102	122	54
102	122	55
102	122	56
102	122	57
102	122	58
102	122	59
102	122	60
102	122	61
102	122	62
102	123	51
102	123	52
102	123	53
102	123	54
102	123	55
102	123	56
102	123	57
102	123	58
102	123	59
102	123	60
102	123	61
102	123	62
102	123	63
102	124	51
102	124	52
102	124	53
102	124	54
102	124	55
102	124	56
102	124	57
102	124	58
102	124	59
102	124	60
102	124	61
102	124	62
102	124	63
102	125	52
102	125	53
102	125	54
102	125	55
102	125	56
102	125	57
102	125	58
102	125	59
102	125	60
102	125	61
102	125	62
102	125	63
102	125	64
102	126	52
102	126	53
102	126	54
102	126	55
102	126	56
102	126	57
102	126	58
102	126	59
102	126	60
102	126	61
102	126	62
102	126	63
102	126	64
102	127	53
102	127	54
102	127	55
102	127	56
102	127	57
102	127	58
102	127	59
102	127	60
102	127	61
102	127	62
102	127	63
102	127	64
102	127	65
103	0	53
103	0	54
103	0	55
103	0	56
103	0	57
103	0	58
103	0	59
103	0	60
103	0	61
103	0	62
103	0	63
103	0	64
103	0	65
103	0	66
103	1	53
103	1	54
103	1	55
103	1	56
103	1	57
103	1	58
103	1	59
103	1	60
103	1	61
103	1	62
103	1	63
103	1	64
103	1	65
103	1	66
103	1	67
103	2	54
103	2	55
103	2	56
103	2	57
103	2	58
103	2	59
103	2	60
103	2	61
103	2	62
103	2	63
103	2	64
103	2	65
103	2	66
103	3	54
103	3	55
103	3	56
103	3	57
103	3	58
103	3	59
103	3	60
103	3	61
103	3	62
103	3	63
103	3	64
103	3	65
103	3	66
103	4	54
103	4	55
103	4	56
103	4	57
103	4	58
103	4	59
103	4	60
103	4	61
103	4	62
103	4	63
103	4	64
103	4	65
103	4	66
103	5	55
103	5	56
103	5	57
103	5	58
103	5	59
103	5	60
103	5	61
103	5	62
103	5	63
103	5	64
103	5	65
103	5	66
103	6	56
103	6	57
103	6	58
103	6	59
103	6	60
103	6	61
103	6	62
103	6	63
103	6	64
103	6	65
103	6	66
103	7	56
103	7	58
103	7	59
103	7	60
103	7	61
103	7	62
103	7	63
103	7	64
103	8	60
103	8	61
103	8	62
103	8	63
103	9	55
103	9	56
103	9	60
103	9	61
103	10	50
103	10	51
103	10	52
103	10	53
103	10	54
103	10	55
103	10	56
103	11	51
103	11	52
103	11	53
103	11	54
103	11	55
103	11	56
103	11	57
103	12	52
103	12	53
103	12	54
103	12	55
103	12	56
103	12	57
103	12	58
103	12	59
103	12	60
103	13	52
103	13	53
103	13	54
103	13	55
103	13	56
103	13	57
103	13	58
103	13	59
103	13	60
103	13	61
103	14	54
103	14	55
103	14	56
103	14	57
103	14	58
103	14	59
103	14	60
103	14	61
103	15	54
103	15	55
103	15	56
103	15	57
103	15	58
103	16	54
103	16	55
103	16	56
103	16	57
103	17	54
103	17	55
103	17	56
103	17	57
103	18	54
103	18	55
103	18	56
103	18	57
103	115	61
103	115	62
103	115	63
103	116	60
103	116	61
103	116	62
103	117	59
103	117	60
103	117	61
103	118	59
103	118	60
103	119	58
103	119	59
103	119	60
103	120	57
103	120	58
103	120	59
103	121	55
103	121	56
103	121	57
103	121	58
103	121	59
103	122	51
103	122	53
103	122	54
103	122	55
103	122	56
103	122	57
103	122	58
103	122	59
103	122	60
103	123	51
103	123	52
103	123	53
103	123	54
103	123	55
103	123	56
103	123	57
103	123	58
103	123	59
103	123	60
103	123	61
103	123	62
103	124	50
103	124	51
103	124	52
103	124	53
103	124	54
103	124	55
103	124	56
103	124	57
103	124	58
103	124	59
103	124	60
103	124	61
103	124	62
103	124	63
103	125	51
103	125	52
103	125	53
103	125	54
103	125	55
103	125	56
103	125	57
103	125	58
103	125	59
103	125	60
103	125	61
103	125	62
103	125	63
103	126	52
103	126	53
103	126	54
103	126	55
103	126	56
103	126	57
103	126	58
103	126	59
103	126	60
103	126	61
103	126	62
103	126	63
103	126	64
103	127	52
103	127	53
103	127	54
103	127	55
103	127	56
103	127	57
103	127	58
103	127	59
103	127	60
103	127	61
103	127	62
103	127	63
103	127	64
103	127	65
104	0	52
104	0	53
104	0	54
104	0	55
104	0	56
104	0	57
104	0	58
104	0	59
104	0	60
104	0	61
104	0	62
104	0	63
104	0	64
104	0	65
104	0	66
104	1	53
104	1	54
104	1	55
104	1	56
104	1	57
104	1	58
104	1	59
104	1	60
104	1	61
104	1	62
104	1	63
104	1	64
104	1	65
104	1	66
104	1	67
104	2	53
104	2	54
104	2	55
104	2	56
104	2	57
104	2	58
104	2	59
104	2	60
104	2	61
104	2	62
104	2	63
104	2	64
104	2	65
104	2	66
104	2	67
104	3	54
104	3	55
104	3	56
104	3	57
104	3	58
104	3	59
104	3	60
104	3	61
104	3	62
104	3	63
104	3	64
104	3	65
104	3	66
104	3	67
104	4	54
104	4	55
104	4	56
104	4	57
104	4	58
104	4	59
104	4	60
104	4	61
104	4	62
104	4	63
104	4	64
104	4	65
104	4	66
104	4	67
104	5	55
104	5	56
104	5	57
104	5	58
104	5	59
104	5	60
104	5	61
104	5	62
104	5	63
104	5	64
104	5	65
104	5	66
104	6	55
104	6	56
104	6	57
104	6	58
104	6	59
104	6	60
104	6	61
104	6	62
104	6	63
104	6	64
104	6	65
104	6	66
104	7	56
104	7	57
104	7	58
104	7	59
104	7	60
104	7	61
104	7	62
104	7	63
104	7	64
104	8	60
104	8	61
104	8	62
104	8	63
104	9	55
104	9	60
104	9	61
104	10	55
104	10	56
104	11	55
104	11	56
104	11	57
104	12	55
104	12	56
104	12	57
104	12	58
104	12	59
104	13	55
104	13	56
104	13	57
104	13	58
104	13	59
104	14	55
104	14	56
104	14	57
104	14	58
104	14	59
104	15	56
104	15	57
104	15	58
104	115	61
104	115	62
104	115	63
104	116	60
104	116	61
104	116	62
104	117	59
104	117	60
104	117	61
104	118	58
104	118	59
104	118	60
104	119	58
104	119	59
104	120	57
104	120	58
104	120	59
104	121	55
104	121	56
104	121	57
104	121	58
104	122	51
104	122	52
104	122	53
104	122	54
104	122	55
104	122	56
104	122	57
104	122	58
104	122	59
104	122	60
104	123	50
104	123	51
104	123	52
104	123	53
104	123	54
104	123	55
104	123	56
104	123	57
104	123	58
104	123	59
104	123	60
104	123	61
104	124	50
104	124	51
104	124	52
104	124	53
104	124	54
104	124	55
104	124	56
104	124	57
104	124	58
104	124	59
104	124	60
104	124	61
104	124	62
104	125	50
104	125	51
104	125	52
104	125	53
104	125	54
104	125	55
104	125	56
104	125	57
104	125	58
104	125	59
104	125	60
104	125	61
104	125	62
104	125	63
104	126	51
104	126	52
104	126	53
104	126	54
104	126	55
104	126	56
104	126	57
104	126	58
104	126	59
104	126	60
104	126	61
104	126	62
104	126	63
104	126	64
104	127	52
104	127	53
104	127	54
104	127	55
104	127	56
104	127	57
104	127	58
104	127	59
104	127	60
104	127	61
104	127	62
104	127	63
104	127	64
104	127	65
105	0	52
105	0	53
105	0	54
105	0	55
105	0	56
105	0	57
105	0	58
105	0	59
105	0	60
105	0	61
105	0	62
105	0	63
105	0	64
105	0	65
105	0	66
105	1	52
105	1	53
105	1	54
105	1	55
105	1	56
105	1	57
105	1	58
105	1	59
105	1	60
105	1	61
105	1	62
105	1	63
105	1	64
105	1	65
105	1	66
105	1	67
105	2	53
105	2	54
105	2	55
105	2	56
105	2	57
105	2	58
105	2	59
105	2	60
105	2	61
105	2	62
105	2	63
105	2	64
105	2	65
105	2	66
105	2	67
105	2	68
105	3	53
105	3	54
105	3	55
105	3	56
105	3	57
105	3	58
105	3	59
105	3	60
105	3	61
105	3	62
105	3	63
105	3	64
105	3	65
105	3	66
105	3	67
105	3	68
105	4	54
105	4	55
105	4	56
105	4	57
105	4	58
105	4	59
105	4	60
105	4	61
105	4	62
105	4	63
105	4	64
105	4	65
105	4	66
105	4	67
105	5	55
105	5	56
105	5	57
105	5	58
105	5	59
105	5	60
105	5	61
105	5	62
105	5	63
105	5	64
105	5	65
105	5	66
105	5	67
105	6	55
105	6	56
105	6	57
105	6	58
105	6	59
105	6	60
105	6	61
105	6	62
105	6	63
105	6	64
105	6	65
105	6	66
105	7	56
105	7	57
105	7	58
105	7	59
105	7	60
105	7	61
105	7	62
105	7	63
105	7	64
105	7	65
105	8	56
105	8	59
105	8	60
105	8	61
105	8	62
105	8	63
105	8	64
105	9	60
105	9	61
105	10	56
105	10	60
105	11	56
105	11	57
105	12	56
105	12	57
105	12	58
105	13	56
105	13	57
105	13	58
105	14	57
105	14	58
105	115	61
105	115	62
105	116	60
105	116	61
105	116	62
105	117	59
105	117	60
105	118	58
105	118	59
105	118	60
105	119	57
105	119	58
105	119	59
105	120	57
105	120	58
105	121	55
105	121	56
105	121	57
105	121	58
105	122	51
105	122	52
105	122	53
105	122	54
105	122	55
105	122	56
105	122	57
105	122	58
105	122	59
105	123	50
105	123	51
105	123	52
105	123	53
105	123	54
105	123	55
105	123	56
105	123	57
105	123	58
105	123	59
105	123	60
105	123	61
105	124	49
105	124	50
105	124	51
105	124	52
105	124	53
105	124	54
105	124	55
105	124	56
105	124	57
105	124	58
105	124	59
105	124	60
105	124	61
105	124	62
105	125	50
105	125	51
105	125	52
105	125	53
105	125	54
105	125	55
105	125	56
105	125	57
105	125	58
105	125	59
105	125	60
105	125	61
105	125	62
105	125	63
105	126	50
105	126	51
105	126	52
105	126	53
105	126	54
105	126	55
105	126	56
105	126	57
105	126	58
105	126	59
105	126	60
105	126	61
105	126	62
105	126	63
105	126	64
105	127	51
105	127	52
105	127	53
105	127	54
105	127	55
105	127	56
105	127	57
105	127	58
105	127	59
105	127	60
105	127	61
105	127	62
105	127	63
105	127	64
105	127	65
106	0	51
106	0	52
106	0	53
106	0	54
106	0	55
106	0	56
106	0	57
106	0	58
106	0	59
106	0	60
106	0	61
106	0	62
106	0	63
106	0	64
106	0	65
106	0	66
106	1	52
106	1	53
106	1	54
106	1	55
106	1	56
106	1	57
106	1	58
106	1	59
106	1	60
106	1	61
106	1	62
106	1	63
106	1	64
106	1	65
106	1	66
106	1	67
106	2	52
106	2	53
106	2	54
106	2	55
106	2	56
106	2	57
106	2	58
106	2	59
106	2	60
106	2	61
106	2	62
106	2	63
106	2	64
106	2	65
106	2	66
106	2	67
106	3	53
106	3	54
106	3	55
106	3	56
106	3	57
106	3	58
106	3	59
106	3	60
106	3	61
106	3	62
106	3	63
106	3	64
106	3	65
106	3	66
106	3	67
106	4	53
106	4	54
106	4	55
106	4	56
106	4	57
106	4	58
106	4	59
106	4	60
106	4	61
106	4	62
106	4	63
106	4	64
106	4	65
106	4	66
106	4	67
106	5	54
106	5	55
106	5	56
106	5	57
106	5	58
106	5	59
106	5	60
106	5	61
106	5	62
106	5	63
106	5	64
106	5	65
106	5	66
106	5	67
106	6	55
106	6	56
106	6	57
106	6	58
106	6	59
106	6	60
106	6	61
106	6	62
106	6	63
106	6	64
106	6	65
106	6	66
106	7	55
106	7	56
106	7	57
106	7	58
106	7	59
106	7	60
106	7	61
106	7	62
106	7	63
106	7	64
106	7	65
106	7	66
106	8	56
106	8	57
106	8	58
106	8	59
106	8	60
106	8	61
106	8	62
106	8	63
106	8	64
106	8	65
106	9	59
106	9	60
106	9	61
106	9	62
106	9	63
106	9	64
106	116	60
106	116	61
106	117	59
106	117	60
106	118	58
106	118	59
106	119	57
106	119	58
106	119	59
106	120	56
106	120	57
106	120	58
106	121	51
106	121	54
106	121	55
106	121	56
106	121	57
106	121	58
106	122	50
106	122	51
106	122	52
106	122	53
106	122	54
106	122	55
106	122	56
106	122	57
106	122	58
106	122	59
106	123	50
106	123	51
106	123	52
106	123	53
106	123	54
106	123	55
106	123	56
106	123	57
106	123	58
106	123	59
106	123	60
106	124	49
106	124	50
106	124	51
106	124	52
106	124	53
106	124	54
106	124	55
106	124	56
106	124	57
106	124	58
106	124	59
106	124	60
106	124	61
106	125	49
106	125	50
106	125	51
106	125	52
106	125	53
106	125	54
106	125	55
106	125	56
106	125	57
106	125	58
106	125	59
106	125	60
106	125	61
106	125	62
106	126	49
106	126	50
106	126	51
106	126	52
106	126	53
106	126	54
106	126	55
106	126	56
106	126	57
106	126	58
106	126	59
106	126	60
106	126	61
106	126	62
106	126	63
106	126	64
106	127	50
106	127	51
106	127	52
106	127	53
106	127	54
106	127	55
106	127	56
106	127	57
106	127	58
106	127	59
106	127	60
106	127	61
106	127	62
106	127	63
106	127	64
106	127	65
107	0	50
107	0	51
107	0	52
107	0	53
107	0	54
107	0	55
107	0	56
107	0	57
107	0	58
107	0	59
107	0	60
107	0	61
107	0	62
107	0	63
107	0	64
107	0	65
107	0	66
107	1	51
107	1	52
107	1	53
107	1	54
107	1	55
107	1	56
107	1	57
107	1	58
107	1	59
107	1	60
107	1	61
107	1	62
107	1	63
107	1	64
107	1	65
107	1	66
107	2	51
107	2	52
107	2	53
107	2	54
107	2	55
107	2	56
107	2	57
107	2	58
107	2	59
107	2	60
107	2	61
107	2	62
107	2	63
107	2	64
107	2	65
107	2	66
107	3	52
107	3	53
107	3	54
107	3	55
107	3	56
107	3	57
107	3	58
107	3	59
107	3	60
107	3	61
107	3	62
107	3	63
107	3	64
107	3	65
107	3	66
107	4	53
107	4	54
107	4	55
107	4	56
107	4	57
107	4	58
107	4	59
107	4	60
107	4	61
107	4	62
107	4	63
107	4	64
107	4	65
107	4	66
107	5	54
107	5	55
107	5	56
107	5	57
107	5	58
107	5	59
107	5	60
107	5	61
107	5	62
107	5	63
107	5	64
107	5	65
107	5	66
107	6	54
107	6	55
107	6	56
107	6	57
107	6	58
107	6	59
107	6	60
107	6	61
107	6	62
107	6	63
107	6	64
107	6	65
107	6	66
107	7	55
107	7	56
107	7	57
107	7	58
107	7	59
107	7	60
107	7	61
107	7	62
107	7	63
107	7	64
107	7	65
107	8	56
107	8	57
107	8	58
107	8	59
107	8	60
107	8	61
107	8	62
107	8	63
107	8	64
107	9	57
107	9	58
107	9	59
107	9	60
107	116	60
107	116	61
107	117	59
107	117	60
107	118	58
107	118	59
107	119	57
107	119	58
107	120	56
107	120	57
107	120	58
107	121	50
107	121	51
107	121	54
107	121	55
107	121	56
107	121	57
107	121	58
107	122	50
107	122	51
107	122	52
107	122	53
107	122	54
107	122	55
107	122	56
107	122	57
107	122	58
107	122	59
107	123	50
107	123	51
107	123	52
107	123	53
107	123	54
107	123	55
107	123	56
107	123	57
107	123	58
107	123	59
107	123	60
107	124	49
107	124	50
107	124	51
107	124	52
107	124	53
107	124	54
107	124	55
107	124	56
107	124	57
107	124	58
107	124	59
107	124	60
107	124	61
107	125	48
107	125	49
107	125	50
107	125	51
107	125	52
107	125	53
107	125	54
107	125	55
107	125	56
107	125	57
107	125	58
107	125	59
107	125	60
107	125	61
107	125	62
107	126	49
107	126	50
107	126	51
107	126	52
107	126	53
107	126	54
107	126	55
107	126	56
107	126	57
107	126	58
107	126	59
107	126	60
107	126	61
107	126	62
107	126	63
107	126	64
107	127	49
107	127	50
107	127	51
107	127	52
107	127	53
107	127	54
107	127	55
107	127	56
107	127	57
107	127	58
107	127	59
107	127	60
107	127	61
107	127	62
107	127	63
107	127	64
107	127	65
108	0	49
108	0	50
108	0	51
108	0	52
108	0	53
108	0	54
108	0	55
108	0	56
108	0	57
108	0	58
108	0	59
108	0	60
108	0	61
108	0	62
108	0	63
108	0	64
108	0	65
108	1	50
108	1	51
108	1	52
108	1	53
108	1	54
108	1	55
108	1	56
108	1	57
108	1	58
108	1	59
108	1	60
108	1	61
108	1	62
108	1	63
108	1	64
108	1	65
108	2	51
108	2	52
108	2	53
108	2	54
108	2	55
108	2	56
108	2	57
108	2	58
108	2	59
108	2	60
108	2	61
108	2	62
108	2	63
108	2	64
108	2	65
108	3	51
108	3	52
108	3	53
108	3	54
108	3	55
108	3	56
108	3	57
108	3	58
108	3	59
108	3	60
108	3	61
108	3	62
108	3	63
108	3	64
108	3	65
108	4	52
108	4	53
108	4	54
108	4	55
108	4	56
108	4	57
108	4	58
108	4	59
108	4	60
108	4	61
108	4	62
108	4	63
108	4	64
108	4	65
108	5	53
108	5	54
108	5	55
108	5	56
108	5	57
108	5	58
108	5	59
108	5	60
108	5	61
108	5	62
108	5	63
108	5	64
108	5	65
108	6	54
108	6	55
108	6	56
108	6	57
108	6	58
108	6	59
108	6	60
108	6	61
108	6	62
108	6	63
108	6	64
108	6	65
108	7	55
108	7	56
108	7	57
108	7	58
108	7	59
108	7	60
108	7	61
108	7	62
108	7	63
108	7	64
108	8	56
108	8	57
108	8	58
108	8	59
108	8	60
108	8	61
108	8	62
108	8	63
108	117	59
108	117	60
108	118	58
108	118	59
108	119	55
108	119	56
108	119	57
108	119	58
108	120	54
108	120	55
108	120	56
108	120	57
108	121	50
108	121	51
108	121	52
108	121	53
108	121	54
108	121	55
108	121	56
108	121	57
108	121	58
108	122	50
108	122	51
108	122	52
108	122	53
108	122	54
108	122	55
108	122	56
108	122	57
108	122	58
108	122	59
108	123	49
108	123	50
108	123	51
108	123	52
108	123	53
108	123	54
108	123	55
108	123	56
108	123	57
108	123	58
108	123	59
108	124	48
108	124	49
108	124	50
108	124	51
108	124	52
108	124	53
108	124	54
108	124	55
108	124	56
108	124	57
108	124	58
108	124	59
108	124	60
108	125	48
108	125	49
108	125	50
108	125	51
108	125	52
108	125	53
108	125	54
108	125	55
108	125	56
108	125	57
108	125	58
108	125	59
108	125	60
108	125	61
108	126	48
108	126	49
108	126	50
108	126	51
108	126	52
108	126	53
108	126	54
108	126	55
108	126	56
108	126	57
108	126	58
108	126	59
108	126	60
108	126	61
108	126	62
108	126	63
108	127	49
108	127	50
108	127	51
108	127	52
108	127	53
108	127	54
108	127	55
108	127	56
108	127	57
108	127	58
108	127	59
108	127	60
108	127	61
108	127	62
108	127	63
108	127	64
108	127	65
109	0	49
109	0	50
109	0	51
109	0	52
109	0	53
109	0	54
109	0	55
109	0	56
109	0	57
109	0	58
109	0	59
109	0	60
109	0	61
109	0	62
109	0	63
109	0	64
109	1	50
109	1	51
109	1	52
109	1	53
109	1	54
109	1	55
109	1	56
109	1	57
109	1	58
109	1	59
109	1	60
109	1	61
109	1	62
109	1	63
109	1	64
109	2	50
109	2	51
109	2	52
109	2	53
109	2	54
109	2	55
109	2	56
109	2	57
109	2	58
109	2	59
109	2	60
109	2	61
109	2	62
109	2	63
109	2	64
109	3	51
109	3	52
109	3	53
109	3	54
109	3	55
109	3	56
109	3	57
109	3	58
109	3	59
109	3	60
109	3	61
109	3	62
109	3	63
109	3	64
109	4	52
109	4	53
109	4	54
109	4	55
109	4	56
109	4	57
109	4	58
109	4	59
109	4	60
109	4	61
109	4	62
109	4	63
109	4	64
109	5	52
109	5	53
109	5	54
109	5	55
109	5	56
109	5	57
109	5	58
109	5	59
109	5	60
109	5	61
109	5	62
109	5	63
109	5	64
109	6	54
109	6	55
109	6	56
109	6	57
109	6	58
109	6	59
109	6	60
109	6	61
109	6	62
109	6	63
109	6	64
109	6	65
109	7	54
109	7	55
109	7	56
109	7	57
109	7	58
109	7	59
109	7	60
109	7	61
109	7	62
109	7	63
109	7	64
109	8	62
109	8	63
109	117	59
109	117	60
109	118	54
109	118	55
109	118	56
109	118	57
109	118	58
109	118	59
109	119	53
109	119	54
109	119	55
109	119	56
109	119	57
109	119	58
109	120	50
109	120	52
109	120	53
109	120	54
109	120	55
109	120	56
109	120	57
109	121	49
109	121	50
109	121	51
109	121	52
109	121	53
109	121	54
109	121	55
109	121	56
109	121	57
109	121	58
109	122	49
109	122	50
109	122	51
109	122	52
109	122	53
109	122	54
109	122	55
109	122	56
109	122	57
109	122	58
109	122	59
109	123	47
109	123	48
109	123	49
109	123	50
109	123	51
109	123	52
109	123	53
109	123	54
109	123	55
109	123	56
109	123	57
109	123	58
109	123	59
109	124	48
109	124	49
109	124	50
109	124	51
109	124	52
109	124	53
109	124	54
109	124	55
109	124	56
109	124	57
109	124	58
109	124	59
109	124	60
109	125	48
109	125	49
109	125	50
109	125	51
109	125	52
109	125	53
109	125	54
109	125	55
109	125	56
109	125	57
109	125	58
109	125	59
109	125	60
109	125	61
109	126	48
109	126	49
109	126	50
109	126	51
109	126	52
109	126	53
109	126	54
109	126	55
109	126	56
109	126	57
109	126	58
109	126	59
109	126	60
109	126	61
109	126	62
109	127	49
109	127	50
109	127	51
109	127	52
109	127	53
109	127	54
109	127	55
109	127	56
109	127	57
109	127	58
109	127	59
109	127	60
109	127	61
109	127	62
109	127	63
109	127	64
110	0	49
110	0	50
110	0	51
110	0	52
110	0	53
110	0	54
110	0	55
110	0	56
110	0	57
110	0	58
110	0	59
110	0	60
110	0	61
110	0	62
110	0	63
110	1	50
110	1	51
110	1	52
110	1	53
110	1	54
110	1	55
110	1	56
110	1	57
110	1	58
110	1	59
110	1	60
110	1	61
110	1	62
110	1	63
110	2	50
110	2	51
110	2	52
110	2	53
110	2	54
110	2	55
110	2	56
110	2	57
110	2	58
110	2	59
110	2	60
110	2	61
110	2	62
110	2	63
110	3	51
110	3	52
110	3	53
110	3	54
110	3	55
110	3	56
110	3	57
110	3	58
110	3	59
110	3	60
110	3	61
110	3	62
110	3	63
110	4	51
110	4	52
110	4	53
110	4	54
110	4	55
110	4	56
110	4	57
110	4	58
110	4	59
110	4	60
110	4	61
110	4	62
110	4	63
110	5	52
110	5	53
110	5	54
110	5	55
110	5	56
110	5	57
110	5	58
110	5	59
110	5	60
110	5	61
110	5	62
110	5	63
110	5	64
110	6	53
110	6	54
110	6	55
110	6	56
110	6	57
110	6	58
110	6	59
110	6	60
110	6	61
110	6	62
110	6	63
110	6	64
110	7	55
110	7	56
110	7	57
110	7	58
110	7	59
110	7	60
110	7	61
110	7	62
110	7	63
110	7	64
110	8	63
110	117	53
110	117	54
110	117	55
110	117	56
110	117	57
110	118	52
110	118	53
110	118	54
110	118	55
110	118	56
110	118	57
110	118	58
110	118	59
110	119	51
110	119	52
110	119	53
110	119	54
110	119	55
110	119	56
110	119	57
110	120	49
110	120	50
110	120	51
110	120	52
110	120	53
110	120	54
110	120	55
110	120	56
110	120	57
110	121	47
110	121	48
110	121	49
110	121	50
110	121	51
110	121	52
110	121	53
110	121	54
110	121	55
110	121	56
110	121	57
110	121	58
110	122	47
110	122	48
110	122	49
110	122	50
110	122	51
110	122	52
110	122	53
110	122	54
110	122	55
110	122	56
110	122	57
110	122	58
110	122	59
110	123	47
110	123	48
110	123	49
110	123	50
110	123	51
110	123	52
110	123	53
110	123	54
110	123	55
110	123	56
110	123	57
110	123	58
110	123	59
110	124	48
110	124	49
110	124	50
110	124	51
110	124	52
110	124	53
110	124	54
110	124	55
110	124	56
110	124	57
110	124	58
110	124	59
110	124	60
110	125	48
110	125	49
110	125	50
110	125	51
110	125	52
110	125	53
110	125	54
110	125	55
110	125	56
110	125	57
110	125	58
110	125	59
110	125	60
110	125	61
110	126	49
110	126	50
110	126	51
110	126	52
110	126	53
110	126	54
110	126	55
110	126	56
110	126	57
110	126	58
110	126	59
110	126	60
110	126	61
110	126	62
110	127	49
110	127	50
110	127	51
110	127	52
110	127	53
110	127	54
110	127	55
110	127	56
110	127	57
110	127	58
110	127	59
110	127	60
110	127	61
110	127	62
111	0	50
111	0	51
111	0	52
111	0	53
111	0	54
111	0	55
111	0	56
111	0	57
111	0	58
111	0	59
111	0	60
111	0	61
111	0	62
111	1	50
111	1	51
111	1	52
111	1	53
111	1	54
111	1	55
111	1	56
111	1	57
111	1	58
111	1	59
111	1	60
111	1	61
111	1	62
111	2	50
111	2	51
111	2	52
111	2	53
111	2	54
111	2	55
111	2	56
111	2	57
111	2	58
111	2	59
111	2	60
111	2	61
111	2	62
111	2	63
111	3	51
111	3	52
111	3	53
111	3	54
111	3	55
111	3	56
111	3	57
111	3	58
111	3	59
111	3	60
111	3	61
111	3	62
111	3	63
111	4	51
111	4	52
111	4	53
111	4	54
111	4	55
111	4	56
111	4	57
111	4	58
111	4	59
111	4	60
111	4	61
111	4	62
111	4	63
111	5	52
111	5	53
111	5	54
111	5	55
111	5	56
111	5	57
111	5	58
111	5	59
111	5	60
111	5	61
111	5	62
111	5	63
111	6	54
111	6	55
111	6	56
111	6	57
111	6	58
111	6	59
111	6	60
111	6	61
111	6	62
111	6	63
111	6	64
111	7	57
111	7	58
111	7	59
111	7	60
111	7	61
111	7	62
111	7	63
111	7	64
111	8	63
111	117	51
111	117	52
111	117	53
111	117	54
111	118	51
111	118	52
111	118	53
111	118	54
111	118	55
111	118	56
111	118	57
111	118	58
111	119	50
111	119	51
111	119	52
111	119	53
111	119	54
111	119	55
111	119	56
111	120	49
111	120	50
111	120	51
111	120	52
111	120	53
111	120	54
111	120	55
111	120	56
111	120	57
111	121	47
111	121	48
111	121	49
111	121	50
111	121	51
111	121	52
111	121	53
111	121	54
111	121	55
111	121	56
111	121	57
111	121	58
111	122	47
111	122	48
111	122	49
111	122	50
111	122	51
111	122	52
111	122	53
111	122	54
111	122	55
111	122	56
111	122	57
111	122	58
111	122	59
111	123	48
111	123	49
111	123	50
111	123	51
111	123	52
111	123	53
111	123	54
111	123	55
111	123	56
111	123	57
111	123	58
111	123	59
111	124	48
111	124	49
111	124	50
111	124	51
111	124	52
111	124	53
111	124	54
111	124	55
111	124	56
111	124	57
111	124	58
111	124	59
111	124	60
111	125	49
111	125	50
111	125	51
111	125	52
111	125	53
111	125	54
111	125	55
111	125	56
111	125	57
111	125	58
111	125	59
111	125	60
111	125	61
111	126	49
111	126	50
111	126	51
111	126	52
111	126	53
111	126	54
111	126	55
111	126	56
111	126	57
111	126	58
111	126	59
111	126	60
111	126	61
111	127	49
111	127	50
111	127	51
111	127	52
111	127	53
111	127	54
111	127	55
111	127	56
111	127	57
111	127	58
111	127	59
111	127	60
111	127	61
111	127	62
112	0	50
112	0	51
112	0	52
112	0	53
112	0	54
112	0	55
112	0	56
112	0	57
112	0	58
112	0	59
112	0	60
112	0	61
112	0	62
112	1	50
112	1	51
112	1	52
112	1	53
112	1	54
112	1	55
112	1	56
112	1	57
112	1	58
112	1	59
112	1	60
112	1	61
112	1	62
112	2	50
112	2	51
112	2	52
112	2	53
112	2	54
112	2	55
112	2	56
112	2	57
112	2	58
112	2	59
112	2	60
112	2	61
112	2	62
112	3	51
112	3	52
112	3	53
112	3	54
112	3	55
112	3	56
112	3	57
112	3	58
112	3	59
112	3	60
112	3	61
112	3	62
112	4	51
112	4	52
112	4	53
112	4	54
112	4	55
112	4	56
112	4	57
112	4	58
112	4	59
112	4	60
112	4	61
112	4	62
112	5	52
112	5	53
112	5	54
112	5	55
112	5	56
112	5	57
112	5	58
112	5	59
112	5	60
112	5	61
112	5	62
112	5	63
112	6	54
112	6	55
112	6	56
112	6	57
112	6	58
112	6	59
112	6	60
112	6	61
112	6	62
112	6	63
112	6	64
112	7	60
112	7	61
112	7	62
112	7	63
112	7	64
112	7	65
112	118	51
112	118	52
112	118	53
112	118	54
112	118	55
112	119	50
112	119	51
112	119	52
112	119	53
112	119	54
112	119	55
112	119	56
112	119	57
112	120	49
112	120	50
112	120	51
112	120	52
112	120	53
112	120	54
112	120	55
112	120	56
112	120	57
112	121	48
112	121	49
112	121	50
112	121	51
112	121	52
112	121	53
112	121	54
112	121	55
112	121	56
112	121	57
112	121	58
112	122	48
112	122	49
112	122	50
112	122	51
112	122	52
112	122	53
112	122	54
112	122	55
112	122	56
112	122	57
112	122	58
112	123	48
112	123	49
112	123	50
112	123	51
112	123	52
112	123	53
112	123	54
112	123	55
112	123	56
112	123	57
112	123	58
112	123	59
112	124	49
112	124	50
112	124	51
112	124	52
112	124	53
112	124	54
112	124	55
112	124	56
112	124	57
112	124	58
112	124	59
112	124	60
112	125	49
112	125	50
112	125	51
112	125	52
112	125	53
112	125	54
112	125	55
112	125	56
112	125	57
112	125	58
112	125	59
112	125	60
112	126	49
112	126	50
112	126	51
112	126	52
112	126	53
112	126	54
112	126	55
112	126	56
112	126	57
112	126	58
112	126	59
112	126	60
112	126	61
112	127	50
112	127	51
112	127	52
112	127	53
112	127	54
112	127	55
112	127	56
112	127	57
112	127	58
112	127	59
112	127	60
112	127	61
113	0	50
113	0	51
113	0	52
113	0	53
113	0	54
113	0	55
113	0	56
113	0	57
113	0	58
113	0	59
113	0	60
113	0	61
113	1	50
113	1	51
113	1	52
113	1	53
113	1	54
113	1	55
113	1	56
113	1	57
113	1	58
113	1	59
113	1	60
113	1	61
113	2	50
113	2	51
113	2	52
113	2	53
113	2	54
113	2	55
113	2	56
113	2	57
113	2	58
113	2	59
113	2	60
113	2	61
113	3	50
113	3	51
113	3	52
113	3	53
113	3	54
113	3	55
113	3	56
113	3	57
113	3	58
113	3	59
113	3	60
113	3	61
113	4	51
113	4	52
113	4	53
113	4	54
113	4	55
113	4	56
113	4	57
113	4	58
113	4	59
113	4	60
113	4	61
113	4	62
113	5	52
113	5	53
113	5	54
113	5	55
113	5	56
113	5	57
113	5	58
113	5	59
113	5	60
113	5	61
113	5	62
113	6	55
113	6	56
113	6	57
113	6	58
113	6	59
113	6	60
113	6	61
113	6	62
113	6	63
113	7	62
113	7	63
113	7	64
113	7	65
113	118	51
113	119	50
113	119	51
113	119	52
113	119	53
113	119	54
113	119	55
113	120	49
113	120	50
113	120	51
113	120	52
113	120	53
113	120	54
113	120	55
113	120	56
113	120	57
113	121	48
113	121	49
113	121	50
113	121	51
113	121	52
113	121	53
113	121	54
113	121	55
113	121	56
113	121	57
113	121	58
113	122	48
113	122	49
113	122	50
113	122	51
113	122	52
113	122	53
113	122	54
113	122	55
113	122	56
113	122	57
113	122	58
113	123	48
113	123	49
113	123	50
113	123	51
113	123	52
113	123	53
113	123	54
113	123	55
113	123	56
113	123	57
113	123	58
113	123	59
113	124	49
113	124	50
113	124	51
113	124	52
113	124	53
113	124	54
113	124	55
113	124	56
113	124	57
113	124	58
113	124	59
113	125	49
113	125	50
113	125	51
113	125	52
113	125	53
113	125	54
113	125	55
113	125	56
113	125	57
113	125	58
113	125	59
113	125	60
113	126	49
113	126	50
113	126	51
113	126	52
113	126	53
113	126	54
113	126	55
113	126	56
113	126	57
113	126	58
113	126	59
113	126	60
113	127	50
113	127	51
113	127	52
113	127	53
113	127	54
113	127	55
113	127	56
113	127	57
113	127	58
113	127	59
113	127	60
113	127	61
114	0	50
114	0	51
114	0	52
114	0	53
114	0	54
114	0	55
114	0	56
114	0	57
114	0	58
114	0	59
114	0	60
114	1	50
114	1	51
114	1	52
114	1	53
114	1	54
114	1	55
114	1	56
114	1	57
114	1	58
114	1	59
114	1	60
114	2	50
114	2	51
114	2	52
114	2	53
114	2	54
114	2	55
114	2	56
114	2	57
114	2	58
114	2	59
114	2	60
114	3	51
114	3	52
114	3	53
114	3	54
114	3	55
114	3	56
114	3	57
114	3	58
114	3	59
114	3	60
114	4	51
114	4	52
114	4	53
114	4	54
114	4	55
114	4	56
114	4	57
114	4	58
114	4	59
114	4	60
114	4	61
114	5	53
114	5	54
114	5	55
114	5	56
114	5	57
114	5	58
114	5	59
114	5	60
114	5	61
114	6	60
114	6	61
114	6	62
114	7	62
114	7	63
114	7	64
114	119	50
114	119	51
114	119	52
114	120	49
114	120	50
114	120	51
114	120	52
114	120	53
114	120	54
114	120	55
114	121	48
114	121	49
114	121	50
114	121	51
114	121	52
114	121	53
114	121	54
114	121	55
114	121	56
114	121	57
114	121	58
114	122	48
114	122	49
114	122	50
114	122	51
114	122	52
114	122	53
114	122	54
114	122	55
114	122	56
114	122	57
114	122	58
114	123	49
114	123	50
114	123	51
114	123	52
114	123	53
114	123	54
114	123	55
114	123	56
114	123	57
114	123	58
114	123	59
114	124	49
114	124	50
114	124	51
114	124	52
114	124	53
114	124	54
114	124	55
114	124	56
114	124	57
114	124	58
114	124	59
114	125	50
114	125	51
114	125	52
114	125	53
114	125	54
114	125	55
114	125	56
114	125	57
114	125	58
114	125	59
114	125	60
114	126	50
114	126	51
114	126	52
114	126	53
114	126	54
114	126	55
114	126	56
114	126	57
114	126	58
114	126	59
114	126	60
114	127	50
114	127	51
114	127	52
114	127	53
114	127	54
114	127	55
114	127	56
114	127	57
114	127	58
114	127	59
114	127	60
115	0	51
115	0	52
115	0	53
115	0	54
115	0	55
115	0	56
115	0	57
115	0	58
115	0	59
115	1	51
115	1	52
115	1	53
115	1	54
115	1	55
115	1	56
115	1	57
115	1	58
115	1	59
115	2	51
115	2	52
115	2	53
115	2	54
115	2	55
115	2	56
115	2	57
115	2	58
115	2	59
115	3	51
115	3	52
115	3	53
115	3	54
115	3	55
115	3	56
115	3	57
115	3	58
115	3	59
115	4	52
115	4	53
115	4	54
115	4	55
115	4	56
115	4	57
115	4	58
115	4	59
115	5	53
115	5	54
115	5	55
115	5	56
115	5	57
115	5	58
115	5	59
115	5	60
115	6	61
115	7	63
115	119	50
115	120	49
115	120	50
115	120	51
115	120	52
115	121	49
115	121	50
115	121	51
115	121	52
115	121	53
115	121	54
115	121	55
115	122	49
115	122	50
115	122	51
115	122	52
115	122	53
115	122	54
115	122	55
115	122	56
115	122	57
115	122	58
115	123	49
115	123	50
115	123	51
115	123	52
115	123	53
115	123	54
115	123	55
115	123	56
115	123	57
115	123	58
115	124	50
115	124	51
115	124	52
115	124	53
115	124	54
115	124	55
115	124	56
115	124	57
115	124	58
115	124	59
115	125	50
115	125	51
115	125	52
115	125	53
115	125	54
115	125	55
115	125	56
115	125	57
115	125	58
115	125	59
115	126	51
115	126	52
115	126	53
115	126	54
115	126	55
115	126	56
115	126	57
115	126	58
115	126	59
115	127	51
115	127	52
115	127	53
115	127	54
115	127	55
115	127	56
115	127	57
115	127	58
115	127	59
116	0	52
116	0	53
116	0	54
116	0	55
116	0	56
116	0	57
116	0	58
116	1	52
116	1	53
116	1	54
116	1	55
116	1	56
116	1	57
116	1	58
116	2	52
116	2	53
116	2	54
116	2	55
116	2	56
116	2	57
116	2	58
116	3	52
116	3	53
116	3	54
116	3	55
116	3	56
116	3	57
116	3	58
116	4	52
116	4	53
116	4	54
116	4	55
116	4	56
116	4	57
116	4	58
116	5	59
116	120	50
116	121	50
116	121	51
116	121	52
116	122	50
116	122	51
116	122	52
116	122	53
116	122	54
116	122	55
116	123	50
116	123	51
116	123	52
116	123	53
116	123	54
116	123	55
116	123	56
116	123	57
116	123	58
116	124	51
116	124	52
116	124	53
116	124	54
116	124	55
116	124	56
116	124	57
116	124	58
116	125	51
116	125	52
116	125	53
116	125	54
116	125	55
116	125	56
116	125	57
116	125	58
116	125	59
116	126	52
116	126	53
116	126	54
116	126	55
116	126	56
116	126	57
116	126	58
116	126	59
116	127	52
116	127	53
116	127	54
116	127	55
116	127	56
116	127	57
116	127	58
116	127	59
117	0	52
117	0	53
117	0	54
117	0	55
117	0	56
117	0	57
117	1	52
117	1	53
117	1	54
117	1	55
117	1	56
117	1	57
117	2	52
117	2	53
117	2	54
117	2	55
117	2	56
117	2	57
117	3	52
117	3	53
117	3	54
117	3	55
117	3	56
117	3	57
117	4	52
117	4	53
117	4	54
117	4	55
117	4	56
117	4	57
117	4	58
117	122	51
117	123	51
117	123	52
117	123	53
117	123	54
117	123	55
117	124	52
117	124	53
117	124	54
117	124	55
117	124	56
117	124	57
117	124	58
117	125	52
117	125	53
117	125	54
117	125	55
117	125	56
117	125	57
117	125	58
117	126	52
117	126	53
117	126	54
117	126	55
117	126	56
117	126	57
117	126	58
117	127	52
117	127	53
117	127	54
117	127	55
117	127	56
117	127	57
117	127	58
118	0	53
118	0	54
118	0	55
118	0	56
118	1	53
118	1	54
118	1	55
118	1	56
118	2	53
118	2	54
118	2	55
118	2	56
118	3	53
118	3	54
118	3	55
118	3	56
118	3	57
118	4	56
118	4	57
118	124	53
118	124	54
118	125	53
118	125	54
118	125	55
118	125	56
118	125	57
118	126	53
118	126	54
118	126	55
118	126	56
118	126	57
118	127	53
118	127	54
118	127	55
118	127	56
119	0	54
119	0	55
119	1	54
119	1	55
119	2	54
119	2	55
119	3	54
119	3	55
119	126	53
119	126	54
119	126	55
119	127	54
119	127	55
