#i	j	k
77	117	37
77	117	38
78	117	37
78	117	38
78	117	39
78	118	40
83	117	56
83	118	56
84	109	30
84	110	30
84	110	31
84	111	30
84	111	31
84	112	30
84	112	31
84	113	31
84	114	31
84	114	57
84	115	57
84	116	33
84	116	56
84	116	57
84	117	56
84	117	57
84	118	55
84	118	56
84	118	57
85	88	41
85	110	31
85	111	31
85	111	32
85	112	31
85	112	32
85	113	31
85	113	32
85	114	31
85	114	32
85	114	57
85	115	31
85	115	32
85	115	33
85	115	34
85	115	51
85	115	52
85	115	53
85	115	56
85	115	57
85	115	58
85	116	32
85	116	33
85	116	34
85	116	56
85	116	57
85	116	58
85	117	33
85	117	55
85	117	56
85	117	57
85	117	58
85	118	55
85	118	56
85	118	57
85	118	58
85	119	54
85	119	56
85	119	57
85	119	58
86	89	42
86	91	43
86	111	32
86	112	32
86	112	33
86	113	32
86	113	33
86	114	32
86	114	33
86	114	34
86	114	35
86	114	49
86	114	50
86	114	51
86	114	52
86	114	53
86	114	54
86	114	55
86	114	57
86	114	58
86	115	32
86	115	33
86	115	34
86	115	35
86	115	49
86	115	50
86	115	51
86	115	52
86	115	53
86	115	54
86	115	55
86	115	56
86	115	57
86	115	58
86	115	59
86	116	31
86	116	32
86	116	33
86	116	34
86	116	49
86	116	50
86	116	51
86	116	52
86	116	53
86	116	54
86	116	55
86	116	56
86	116	57
86	116	58
86	116	59
86	117	32
86	117	33
86	117	55
86	117	56
86	117	57
86	117	58
86	117	59
86	118	54
86	118	55
86	118	56
86	118	57
86	118	58
86	118	59
86	118	60
86	119	54
86	119	55
86	119	56
86	119	57
86	119	58
86	119	59
86	119	60
86	119	61
86	119	62
87	90	43
87	91	43
87	92	44
87	93	44
87	112	33
87	113	33
87	113	34
87	113	35
87	113	36
87	113	37
87	113	49
87	113	50
87	113	51
87	113	52
87	113	53
87	113	54
87	114	33
87	114	34
87	114	35
87	114	36
87	114	48
87	114	49
87	114	50
87	114	51
87	114	52
87	114	53
87	114	54
87	114	55
87	114	57
87	114	58
87	114	59
87	115	32
87	115	33
87	115	34
87	115	35
87	115	47
87	115	48
87	115	49
87	115	50
87	115	51
87	115	52
87	115	53
87	115	54
87	115	55
87	115	56
87	115	57
87	115	58
87	115	59
87	115	60
87	116	31
87	116	32
87	116	33
87	116	34
87	116	48
87	116	49
87	116	50
87	116	51
87	116	52
87	116	53
87	116	54
87	116	55
87	116	56
87	116	57
87	116	58
87	116	59
87	116	60
87	117	31
87	117	32
87	117	33
87	117	48
87	117	49
87	117	50
87	117	51
87	117	52
87	117	53
87	117	54
87	117	55
87	117	56
87	117	57
87	117	58
87	117	59
87	117	60
87	117	61
87	118	32
87	118	54
87	118	55
87	118	56
87	118	57
87	118	58
87	118	59
87	118	60
87	118	61
87	118	62
87	118	63
87	119	53
87	119	54
87	119	55
87	119	56
87	119	57
87	119	58
87	119	59
87	119	60
87	119	61
87	119	62
87	119	63
87	119	64
87	119	65
87	120	56
87	120	57
87	120	58
87	120	59
87	120	60
87	120	61
88	91	43
88	91	44
88	92	44
88	93	44
88	93	45
88	94	45
88	112	35
88	112	36
88	112	37
88	112	38
88	112	50
88	112	51
88	112	52
88	112	53
88	113	34
88	113	35
88	113	36
88	113	37
88	113	49
88	113	50
88	113	51
88	113	52
88	113	53
88	113	54
88	113	58
88	114	33
88	114	34
88	114	35
88	114	36
88	114	48
88	114	49
88	114	50
88	114	51
88	114	52
88	114	53
88	114	54
88	114	55
88	114	57
88	114	58
88	114	59
88	114	60
88	114	61
88	115	32
88	115	33
88	115	34
88	115	35
88	115	47
88	115	48
88	115	49
88	115	50
88	115	51
88	115	52
88	115	53
88	115	54
88	115	55
88	115	56
88	115	57
88	115	58
88	115	59
88	115	60
88	115	61
88	116	31
88	116	32
88	116	33
88	116	34
88	116	46
88	116	47
88	116	48
88	116	49
88	116	50
88	116	51
88	116	52
88	116	53
88	116	54
88	116	55
88	116	56
88	116	57
88	116	58
88	116	59
88	116	60
88	116	61
88	116	62
88	117	30
88	117	31
88	117	32
88	117	33
88	117	48
88	117	49
88	117	50
88	117	51
88	117	52
88	117	53
88	117	54
88	117	55
88	117	56
88	117	57
88	117	58
88	117	59
88	117	60
88	117	61
88	117	62
88	117	63
88	117	64
88	118	31
88	118	32
88	118	49
88	118	50
88	118	53
88	118	54
88	118	55
88	118	56
88	118	57
88	118	58
88	118	59
88	118	60
88	118	61
88	118	62
88	118	63
88	118	64
88	118	65
88	118	66
88	119	54
88	119	55
88	119	56
88	119	57
88	119	58
88	119	59
88	119	60
88	119	61
88	119	62
88	119	63
88	119	64
88	119	65
88	119	66
88	120	55
88	120	56
88	120	57
88	120	58
88	120	59
88	120	60
88	120	61
88	120	62
88	120	63
88	120	64
88	121	59
88	121	60
89	91	44
89	92	44
89	92	45
89	93	45
89	94	45
89	94	46
89	95	46
89	111	36
89	111	37
89	111	38
89	111	39
89	112	35
89	112	36
89	112	37
89	112	38
89	112	49
89	112	50
89	112	51
89	112	52
89	112	53
89	113	34
89	113	35
89	113	36
89	113	37
89	113	49
89	113	50
89	113	51
89	113	52
89	113	53
89	113	54
89	113	58
89	113	59
89	113	60
89	114	33
89	114	34
89	114	35
89	114	36
89	114	48
89	114	49
89	114	50
89	114	51
89	114	52
89	114	53
89	114	54
89	114	55
89	114	56
89	114	57
89	114	58
89	114	59
89	114	60
89	114	61
89	114	62
89	115	32
89	115	33
89	115	34
89	115	35
89	115	47
89	115	48
89	115	49
89	115	50
89	115	51
89	115	52
89	115	53
89	115	54
89	115	55
89	115	56
89	115	57
89	115	58
89	115	59
89	115	60
89	115	61
89	115	62
89	115	63
89	116	31
89	116	32
89	116	33
89	116	34
89	116	46
89	116	47
89	116	48
89	116	49
89	116	50
89	116	51
89	116	52
89	116	53
89	116	54
89	116	55
89	116	56
89	116	57
89	116	58
89	116	59
89	116	60
89	116	61
89	116	62
89	116	63
89	116	64
89	117	30
89	117	31
89	117	32
89	117	33
89	117	45
89	117	46
89	117	47
89	117	48
89	117	49
89	117	50
89	117	51
89	117	52
89	117	53
89	117	54
89	117	55
89	117	56
89	117	57
89	117	58
89	117	59
89	117	60
89	117	61
89	117	62
89	117	63
89	117	64
89	117	65
89	117	66
89	118	30
89	118	31
89	118	32
89	118	49
89	118	54
89	118	55
89	118	56
89	118	57
89	118	58
89	118	59
89	118	60
89	118	61
89	118	62
89	118	63
89	118	64
89	118	65
89	118	66
89	118	67
89	119	30
89	119	31
89	119	55
89	119	56
89	119	57
89	119	58
89	119	59
89	119	60
89	119	61
89	119	62
89	119	63
89	119	64
89	119	65
89	119	66
89	120	55
89	120	56
89	120	57
89	120	58
89	120	59
89	120	60
89	120	61
89	120	62
89	120	63
89	120	64
89	120	65
89	121	58
89	121	59
89	121	60
89	121	61
89	121	62
89	121	63
90	92	44
90	92	45
90	93	45
90	93	46
90	94	46
90	95	46
90	95	47
90	96	47
90	103	53
90	104	53
90	110	37
90	110	38
90	110	39
90	110	40
90	111	36
90	111	37
90	111	38
90	111	39
90	111	50
90	111	51
90	111	52
90	111	53
90	112	35
90	112	36
90	112	37
90	112	38
90	112	49
90	112	50
90	112	51
90	112	52
90	112	53
90	112	59
90	113	34
90	113	35
90	113	36
90	113	37
90	113	48
90	113	49
90	113	50
90	113	51
90	113	52
90	113	53
90	113	54
90	113	58
90	113	59
90	113	60
90	113	61
90	114	33
90	114	34
90	114	35
90	114	36
90	114	48
90	114	49
90	114	50
90	114	51
90	114	52
90	114	53
90	114	54
90	114	55
90	114	56
90	114	57
90	114	58
90	114	59
90	114	60
90	114	61
90	114	62
90	114	63
90	115	32
90	115	33
90	115	34
90	115	35
90	115	47
90	115	48
90	115	49
90	115	50
90	115	51
90	115	52
90	115	53
90	115	54
90	115	55
90	115	56
90	115	57
90	115	58
90	115	59
90	115	60
90	115	61
90	115	62
90	115	63
90	115	64
90	116	31
90	116	32
90	116	33
90	116	34
90	116	46
90	116	47
90	116	48
90	116	49
90	116	50
90	116	51
90	116	52
90	116	53
90	116	54
90	116	55
90	116	56
90	116	57
90	116	58
90	116	59
90	116	60
90	116	61
90	116	62
90	116	63
90	116	64
90	116	65
90	117	30
90	117	31
90	117	32
90	117	33
90	117	45
90	117	46
90	117	47
90	117	48
90	117	49
90	117	50
90	117	51
90	117	52
90	117	53
90	117	54
90	117	55
90	117	56
90	117	57
90	117	58
90	117	59
90	117	60
90	117	61
90	117	62
90	117	63
90	117	64
90	117	65
90	117	66
90	118	29
90	118	30
90	118	31
90	118	32
90	118	44
90	118	45
90	118	46
90	118	47
90	118	48
90	118	54
90	118	55
90	118	56
90	118	57
90	118	58
90	118	59
90	118	60
90	118	61
90	118	62
90	118	63
90	118	64
90	118	65
90	118	66
90	118	67
90	119	29
90	119	30
90	119	31
90	119	45
90	119	46
90	119	47
90	119	55
90	119	56
90	119	57
90	119	58
90	119	59
90	119	60
90	119	61
90	119	62
90	119	63
90	119	64
90	119	65
90	119	66
90	119	67
90	119	68
90	120	43
90	120	44
90	120	45
90	120	46
90	120	47
90	120	55
90	120	56
90	120	57
90	120	58
90	120	59
90	120	60
90	120	61
90	120	62
90	120	63
90	120	64
90	120	65
90	121	43
90	121	44
90	121	45
90	121	46
90	121	58
90	121	59
90	121	60
90	121	61
90	121	62
90	121	63
90	121	64
90	122	62
91	92	44
91	92	45
91	93	45
91	93	46
91	94	46
91	94	47
91	95	47
91	96	47
91	96	48
91	97	48
91	98	49
91	99	50
91	102	51
91	103	52
91	104	52
91	105	52
91	109	38
91	109	39
91	109	40
91	109	41
91	110	37
91	110	38
91	110	39
91	110	40
91	111	36
91	111	37
91	111	38
91	111	39
91	111	49
91	111	50
91	111	51
91	111	52
91	111	53
91	112	35
91	112	36
91	112	37
91	112	38
91	112	49
91	112	50
91	112	51
91	112	52
91	112	53
91	112	54
91	112	59
91	112	60
91	113	34
91	113	35
91	113	36
91	113	37
91	113	48
91	113	49
91	113	50
91	113	51
91	113	52
91	113	53
91	113	54
91	113	57
91	113	58
91	113	59
91	113	60
91	113	61
91	113	62
91	114	33
91	114	34
91	114	35
91	114	36
91	114	47
91	114	48
91	114	49
91	114	50
91	114	51
91	114	52
91	114	53
91	114	54
91	114	55
91	114	56
91	114	57
91	114	58
91	114	59
91	114	60
91	114	61
91	114	62
91	114	63
91	115	32
91	115	33
91	115	34
91	115	35
91	115	47
91	115	48
91	115	49
91	115	50
91	115	51
91	115	52
91	115	53
91	115	54
91	115	55
91	115	56
91	115	57
91	115	58
91	115	59
91	115	60
91	115	61
91	115	62
91	115	63
91	115	64
91	115	65
91	116	31
91	116	32
91	116	33
91	116	34
91	116	46
91	116	47
91	116	48
91	116	49
91	116	50
91	116	51
91	116	52
91	116	53
91	116	54
91	116	55
91	116	56
91	116	57
91	116	58
91	116	59
91	116	60
91	116	61
91	116	62
91	116	63
91	116	64
91	116	65
91	117	30
91	117	31
91	117	32
91	117	33
91	117	45
91	117	46
91	117	47
91	117	48
91	117	49
91	117	50
91	117	51
91	117	52
91	117	53
91	117	54
91	117	55
91	117	56
91	117	57
91	117	58
91	117	59
91	117	60
91	117	61
91	117	62
91	117	63
91	117	64
91	117	65
91	117	66
91	118	29
91	118	30
91	118	31
91	118	32
91	118	44
91	118	45
91	118	46
91	118	47
91	118	48
91	118	49
91	118	54
91	118	55
91	118	56
91	118	57
91	118	58
91	118	59
91	118	60
91	118	61
91	118	62
91	118	63
91	118	64
91	118	65
91	118	66
91	118	67
91	119	29
91	119	30
91	119	31
91	119	43
91	119	44
91	119	45
91	119	46
91	119	47
91	119	55
91	119	56
91	119	57
91	119	58
91	119	59
91	119	60
91	119	61
91	119	62
91	119	63
91	119	64
91	119	65
91	119	66
91	119	67
91	119	68
91	120	41
91	120	42
91	120	43
91	120	44
91	120	45
91	120	46
91	120	47
91	120	55
91	120	56
91	120	57
91	120	58
91	120	59
91	120	60
91	120	61
91	120	62
91	120	63
91	120	64
91	120	65
91	120	66
91	120	67
91	121	42
91	121	43
91	121	44
91	121	45
91	121	46
91	121	47
91	121	58
91	121	59
91	121	60
91	121	61
91	121	62
91	121	63
91	121	64
91	122	42
91	122	43
91	122	44
91	122	45
91	122	62
91	122	63
92	0	44
92	1	44
92	1	45
92	2	49
92	2	50
92	2	51
92	3	50
92	3	51
92	3	52
92	4	51
92	4	52
92	90	41
92	90	42
92	90	43
92	90	44
92	92	45
92	93	44
92	93	45
92	93	46
92	94	46
92	94	47
92	95	47
92	95	48
92	96	48
92	97	48
92	97	49
92	98	49
92	99	50
92	100	50
92	100	51
92	101	50
92	101	51
92	102	50
92	102	51
92	103	50
92	103	51
92	104	51
92	105	51
92	106	51
92	108	39
92	108	40
92	108	41
92	108	42
92	109	38
92	109	39
92	109	40
92	109	41
92	110	37
92	110	38
92	110	39
92	110	40
92	111	36
92	111	37
92	111	38
92	111	39
92	111	49
92	111	50
92	111	51
92	111	52
92	111	53
92	111	54
92	112	35
92	112	36
92	112	37
92	112	38
92	112	48
92	112	49
92	112	50
92	112	51
92	112	52
92	112	53
92	112	54
92	112	60
92	112	61
92	113	34
92	113	35
92	113	36
92	113	37
92	113	48
92	113	49
92	113	50
92	113	51
92	113	52
92	113	53
92	113	54
92	113	55
92	113	56
92	113	57
92	113	58
92	113	59
92	113	60
92	113	61
92	113	62
92	114	33
92	114	34
92	114	35
92	114	36
92	114	47
92	114	48
92	114	49
92	114	50
92	114	51
92	114	52
92	114	53
92	114	54
92	114	55
92	114	56
92	114	57
92	114	58
92	114	59
92	114	60
92	114	61
92	114	62
92	114	63
92	114	64
92	115	32
92	115	33
92	115	34
92	115	35
92	115	46
92	115	47
92	115	48
92	115	49
92	115	50
92	115	51
92	115	52
92	115	53
92	115	54
92	115	55
92	115	56
92	115	57
92	115	58
92	115	59
92	115	60
92	115	61
92	115	62
92	115	63
92	115	64
92	115	65
92	115	66
92	116	31
92	116	32
92	116	33
92	116	34
92	116	46
92	116	47
92	116	48
92	116	49
92	116	50
92	116	51
92	116	52
92	116	53
92	116	54
92	116	55
92	116	56
92	116	57
92	116	58
92	116	59
92	116	60
92	116	61
92	116	62
92	116	63
92	116	64
92	116	65
92	116	66
92	117	30
92	117	31
92	117	32
92	117	33
92	117	45
92	117	46
92	117	47
92	117	48
92	117	49
92	117	50
92	117	51
92	117	52
92	117	53
92	117	54
92	117	55
92	117	56
92	117	57
92	117	58
92	117	59
92	117	60
92	117	61
92	117	62
92	117	63
92	117	64
92	117	65
92	117	66
92	118	29
92	118	30
92	118	31
92	118	32
92	118	44
92	118	45
92	118	46
92	118	47
92	118	48
92	118	49
92	118	54
92	118	55
92	118	56
92	118	57
92	118	58
92	118	59
92	118	60
92	118	61
92	118	62
92	118	63
92	118	64
92	118	65
92	118	66
92	118	67
92	119	30
92	119	31
92	119	43
92	119	44
92	119	45
92	119	46
92	119	47
92	119	48
92	119	55
92	119	56
92	119	57
92	119	58
92	119	59
92	119	60
92	119	61
92	119	62
92	119	63
92	119	64
92	119	65
92	119	66
92	119	67
92	119	68
92	120	41
92	120	42
92	120	43
92	120	44
92	120	45
92	120	46
92	120	47
92	120	48
92	120	55
92	120	56
92	120	57
92	120	58
92	120	59
92	120	60
92	120	61
92	120	62
92	120	63
92	120	64
92	120	65
92	120	66
92	120	67
92	120	68
92	120	69
92	121	40
92	121	41
92	121	42
92	121	43
92	121	44
92	121	45
92	121	46
92	121	47
92	121	48
92	121	58
92	121	59
92	121	60
92	121	61
92	121	62
92	121	63
92	121	64
92	121	65
92	121	66
92	122	41
92	122	42
92	122	43
92	122	44
92	122	45
92	122	46
92	122	47
92	122	62
92	122	63
92	123	41
92	123	42
92	123	43
92	123	44
93	0	43
93	0	44
93	0	45
93	0	46
93	1	43
93	1	44
93	1	45
93	1	46
93	1	47
93	1	50
93	1	51
93	1	52
93	2	43
93	2	44
93	2	45
93	2	46
93	2	47
93	2	48
93	2	49
93	2	50
93	2	51
93	2	52
93	2	53
93	3	48
93	3	49
93	3	50
93	3	51
93	3	52
93	3	53
93	4	49
93	4	50
93	4	51
93	4	52
93	4	53
93	5	50
93	5	51
93	5	52
93	89	40
93	89	41
93	89	42
93	89	43
93	89	44
93	89	45
93	90	41
93	90	42
93	90	43
93	90	44
93	91	41
93	91	42
93	91	43
93	91	44
93	91	45
93	91	46
93	94	45
93	94	46
93	94	47
93	95	47
93	95	48
93	95	49
93	96	48
93	96	49
93	97	49
93	98	49
93	98	50
93	99	49
93	99	50
93	100	49
93	100	50
93	101	49
93	101	50
93	102	49
93	102	50
93	103	49
93	103	50
93	104	49
93	104	50
93	105	49
93	105	50
93	106	49
93	106	50
93	107	40
93	107	41
93	107	42
93	107	43
93	107	44
93	107	45
93	107	46
93	107	47
93	107	48
93	107	49
93	107	50
93	108	39
93	108	40
93	108	41
93	108	42
93	108	43
93	108	44
93	108	45
93	108	46
93	108	47
93	109	38
93	109	39
93	109	40
93	109	41
93	110	37
93	110	38
93	110	39
93	110	40
93	111	36
93	111	37
93	111	38
93	111	39
93	111	49
93	111	50
93	111	51
93	111	52
93	111	53
93	111	54
93	112	35
93	112	36
93	112	37
93	112	38
93	112	48
93	112	49
93	112	50
93	112	51
93	112	52
93	112	53
93	112	54
93	112	55
93	112	61
93	113	34
93	113	35
93	113	36
93	113	37
93	113	47
93	113	48
93	113	49
93	113	50
93	113	51
93	113	52
93	113	53
93	113	54
93	113	55
93	113	57
93	113	58
93	113	59
93	113	60
93	113	61
93	113	62
93	113	63
93	114	33
93	114	34
93	114	35
93	114	36
93	114	47
93	114	48
93	114	49
93	114	50
93	114	51
93	114	52
93	114	53
93	114	54
93	114	55
93	114	56
93	114	57
93	114	58
93	114	59
93	114	60
93	114	61
93	114	62
93	114	63
93	114	64
93	114	65
93	115	32
93	115	33
93	115	34
93	115	35
93	115	46
93	115	47
93	115	48
93	115	49
93	115	50
93	115	51
93	115	52
93	115	53
93	115	54
93	115	55
93	115	56
93	115	57
93	115	58
93	115	59
93	115	60
93	115	61
93	115	62
93	115	63
93	115	64
93	115	65
93	115	66
93	115	67
93	116	31
93	116	32
93	116	33
93	116	34
93	116	45
93	116	46
93	116	47
93	116	48
93	116	49
93	116	50
93	116	51
93	116	52
93	116	53
93	116	54
93	116	55
93	116	56
93	116	57
93	116	58
93	116	59
93	116	60
93	116	61
93	116	62
93	116	63
93	116	64
93	116	65
93	116	66
93	116	67
93	117	30
93	117	31
93	117	32
93	117	33
93	117	45
93	117	46
93	117	47
93	117	48
93	117	49
93	117	50
93	117	51
93	117	52
93	117	53
93	117	54
93	117	55
93	117	56
93	117	57
93	117	58
93	117	59
93	117	60
93	117	61
93	117	62
93	117	63
93	117	64
93	117	65
93	117	66
93	117	67
93	118	29
93	118	30
93	118	31
93	118	32
93	118	44
93	118	45
93	118	46
93	118	47
93	118	48
93	118	49
93	118	50
93	118	53
93	118	54
93	118	55
93	118	56
93	118	57
93	118	58
93	118	59
93	118	60
93	118	61
93	118	62
93	118	63
93	118	64
93	118	65
93	118	66
93	118	67
93	119	31
93	119	43
93	119	44
93	119	45
93	119	46
93	119	47
93	119	48
93	119	49
93	119	55
93	119	56
93	119	57
93	119	58
93	119	59
93	119	60
93	119	61
93	119	62
93	119	63
93	119	64
93	119	65
93	119	66
93	119	67
93	119	68
93	120	41
93	120	42
93	120	43
93	120	44
93	120	45
93	120	46
93	120	47
93	120	48
93	120	55
93	120	56
93	120	57
93	120	58
93	120	59
93	120	60
93	120	61
93	120	62
93	120	63
93	120	64
93	120	65
93	121	40
93	121	41
93	121	42
93	121	43
93	121	44
93	121	45
93	121	46
93	121	47
93	121	48
93	121	49
93	121	59
93	121	60
93	121	61
93	121	62
93	121	63
93	121	64
93	121	65
93	121	66
93	121	67
93	121	68
93	122	39
93	122	40
93	122	41
93	122	42
93	122	43
93	122	44
93	122	45
93	122	46
93	122	47
93	122	48
93	122	49
93	122	50
93	122	51
93	122	62
93	122	63
93	122	64
93	122	65
93	123	40
93	123	41
93	123	42
93	123	43
93	123	44
93	123	45
93	123	46
93	124	42
93	124	43
93	124	44
93	124	45
93	125	44
93	125	45
93	126	44
93	126	45
93	127	44
93	127	45
94	0	43
94	0	44
94	0	45
94	0	46
94	0	47
94	0	48
94	0	51
94	0	52
94	0	53
94	0	54
94	1	42
94	1	43
94	1	44
94	1	45
94	1	46
94	1	47
94	1	48
94	1	49
94	1	50
94	1	51
94	1	52
94	1	53
94	1	54
94	2	42
94	2	43
94	2	44
94	2	45
94	2	46
94	2	47
94	2	48
94	2	49
94	2	50
94	2	51
94	2	52
94	2	53
94	2	54
94	3	42
94	3	43
94	3	44
94	3	45
94	3	46
94	3	47
94	3	48
94	3	49
94	3	50
94	3	51
94	3	52
94	3	53
94	3	54
94	4	47
94	4	48
94	4	49
94	4	50
94	4	51
94	4	52
94	4	53
94	5	48
94	5	49
94	5	50
94	5	51
94	5	52
94	6	49
94	6	50
94	6	51
94	89	42
94	89	43
94	89	44
94	89	45
94	90	40
94	90	41
94	90	42
94	90	43
94	90	44
94	90	45
94	90	46
94	91	41
94	91	42
94	91	43
94	91	44
94	91	45
94	92	42
94	92	43
94	92	44
94	92	45
94	92	46
94	95	46
94	95	47
94	95	48
94	95	49
94	96	48
94	96	49
94	96	50
94	97	48
94	97	49
94	97	50
94	98	48
94	98	49
94	99	48
94	99	49
94	100	48
94	100	49
94	101	48
94	101	49
94	102	48
94	102	49
94	103	48
94	103	49
94	104	48
94	104	49
94	105	48
94	105	49
94	106	41
94	106	42
94	106	43
94	106	44
94	106	45
94	106	46
94	106	47
94	106	48
94	106	49
94	107	40
94	107	41
94	107	42
94	107	43
94	107	44
94	107	45
94	107	46
94	107	47
94	107	48
94	107	49
94	108	39
94	108	40
94	108	41
94	109	38
94	109	39
94	109	40
94	109	41
94	109	42
94	109	43
94	110	37
94	110	38
94	110	39
94	110	40
94	111	36
94	111	37
94	111	38
94	111	39
94	111	49
94	111	50
94	111	51
94	111	52
94	111	53
94	111	54
94	112	35
94	112	36
94	112	37
94	112	38
94	112	48
94	112	49
94	112	50
94	112	51
94	112	52
94	112	53
94	112	54
94	112	62
94	113	34
94	113	35
94	113	36
94	113	37
94	113	47
94	113	48
94	113	49
94	113	50
94	113	51
94	113	52
94	113	53
94	113	54
94	113	55
94	113	61
94	113	62
94	113	63
94	113	64
94	114	33
94	114	34
94	114	35
94	114	36
94	114	46
94	114	47
94	114	48
94	114	49
94	114	50
94	114	51
94	114	52
94	114	53
94	114	54
94	114	55
94	114	56
94	114	57
94	114	58
94	114	59
94	114	60
94	114	61
94	114	62
94	114	63
94	114	64
94	114	65
94	114	66
94	114	67
94	114	68
94	115	32
94	115	33
94	115	34
94	115	35
94	115	46
94	115	47
94	115	48
94	115	49
94	115	50
94	115	51
94	115	52
94	115	53
94	115	54
94	115	55
94	115	56
94	115	57
94	115	58
94	115	59
94	115	60
94	115	61
94	115	62
94	115	63
94	115	64
94	115	65
94	115	66
94	115	67
94	115	68
94	116	31
94	116	32
94	116	33
94	116	34
94	116	45
94	116	46
94	116	47
94	116	48
94	116	49
94	116	50
94	116	51
94	116	52
94	116	53
94	116	54
94	116	55
94	116	56
94	116	57
94	116	58
94	116	59
94	116	60
94	116	61
94	116	62
94	116	63
94	116	64
94	116	65
94	116	66
94	116	67
94	117	30
94	117	31
94	117	32
94	117	33
94	117	44
94	117	45
94	117	46
94	117	47
94	117	48
94	117	49
94	117	50
94	117	51
94	117	52
94	117	53
94	117	54
94	117	55
94	117	56
94	117	57
94	117	58
94	117	59
94	117	60
94	117	61
94	117	62
94	117	63
94	117	64
94	117	65
94	117	66
94	117	67
94	118	29
94	118	30
94	118	31
94	118	32
94	118	44
94	118	45
94	118	46
94	118	47
94	118	48
94	118	49
94	118	50
94	118	51
94	118	52
94	118	53
94	118	54
94	118	55
94	118	56
94	118	57
94	118	58
94	118	59
94	118	60
94	118	61
94	118	62
94	118	63
94	118	64
94	118	65
94	118	66
94	118	67
94	119	43
94	119	44
94	119	45
94	119	46
94	119	47
94	119	48
94	119	49
94	119	50
94	119	54
94	119	55
94	119	56
94	119	57
94	119	58
94	119	59
94	119	60
94	119	61
94	119	62
94	119	63
94	119	64
94	120	41
94	120	42
94	120	43
94	120	44
94	120	45
94	120	46
94	120	47
94	120	48
94	120	49
94	120	56
94	120	57
94	120	58
94	120	59
94	120	60
94	120	61
94	120	62
94	120	63
94	120	64
94	121	40
94	121	41
94	121	42
94	121	43
94	121	44
94	121	45
94	121	46
94	121	47
94	121	48
94	121	49
94	121	50
94	121	51
94	121	60
94	121	61
94	121	62
94	121	63
94	121	64
94	122	39
94	122	40
94	122	41
94	122	42
94	122	43
94	122	44
94	122	45
94	122	46
94	122	47
94	122	48
94	122	49
94	122	50
94	122	51
94	122	64
94	122	65
94	122	66
94	122	67
94	123	40
94	123	41
94	123	42
94	123	43
94	123	44
94	123	45
94	123	46
94	123	47
94	123	48
94	123	49
94	123	50
94	124	41
94	124	42
94	124	43
94	124	44
94	124	45
94	124	46
94	124	47
94	125	41
94	125	42
94	125	43
94	125	44
94	125	45
94	125	46
94	125	47
94	126	41
94	126	42
94	126	43
94	126	44
94	126	45
94	126	46
94	126	47
94	127	43
94	127	44
94	127	45
94	127	46
94	127	47
94	127	51
95	0	42
95	0	43
95	0	44
95	0	45
95	0	46
95	0	47
95	0	48
95	0	49
95	0	50
95	0	51
95	0	52
95	0	53
95	0	54
95	0	55
95	1	42
95	1	43
95	1	44
95	1	45
95	1	46
95	1	47
95	1	48
95	1	49
95	1	50
95	1	51
95	1	52
95	1	53
95	1	54
95	1	55
95	2	41
95	2	42
95	2	43
95	2	44
95	2	45
95	2	46
95	2	47
95	2	48
95	2	49
95	2	50
95	2	51
95	2	52
95	2	53
95	2	54
95	2	55
95	3	41
95	3	42
95	3	43
95	3	44
95	3	45
95	3	46
95	3	47
95	3	48
95	3	49
95	3	50
95	3	51
95	3	52
95	3	53
95	3	54
95	3	55
95	4	41
95	4	42
95	4	43
95	4	44
95	4	45
95	4	46
95	4	47
95	4	48
95	4	49
95	4	50
95	4	51
95	4	52
95	4	53
95	4	54
95	5	46
95	5	47
95	5	48
95	5	49
95	5	50
95	5	51
95	5	52
95	6	48
95	6	49
95	6	50
95	6	51
95	88	39
95	88	40
95	88	41
95	89	44
95	89	45
95	90	41
95	90	42
95	90	43
95	90	44
95	90	45
95	90	46
95	91	41
95	91	42
95	91	43
95	91	44
95	91	45
95	91	46
95	91	47
95	92	42
95	92	43
95	92	44
95	92	45
95	92	46
95	92	47
95	92	48
95	93	43
95	93	44
95	93	45
95	93	46
95	93	47
95	93	48
95	93	49
95	94	49
95	95	48
95	95	49
95	96	47
95	96	48
95	96	49
95	97	47
95	97	48
95	97	49
95	98	47
95	98	48
95	98	49
95	99	47
95	99	48
95	100	47
95	100	48
95	101	47
95	101	48
95	102	47
95	102	48
95	103	47
95	103	48
95	104	47
95	104	48
95	105	41
95	105	42
95	105	43
95	105	44
95	105	45
95	105	46
95	105	47
95	105	48
95	106	41
95	106	42
95	106	43
95	106	44
95	106	45
95	106	46
95	106	47
95	106	48
95	107	40
95	107	41
95	108	39
95	108	40
95	108	41
95	109	38
95	109	39
95	109	40
95	110	37
95	110	38
95	110	39
95	110	40
95	110	41
95	110	42
95	111	36
95	111	37
95	111	38
95	111	39
95	111	50
95	111	51
95	111	52
95	111	53
95	112	35
95	112	36
95	112	37
95	112	38
95	112	48
95	112	49
95	112	50
95	112	51
95	112	52
95	112	53
95	112	54
95	113	34
95	113	35
95	113	36
95	113	37
95	113	47
95	113	48
95	113	49
95	113	50
95	113	51
95	113	52
95	113	53
95	113	54
95	113	55
95	113	63
95	113	64
95	113	65
95	113	66
95	113	67
95	114	33
95	114	34
95	114	35
95	114	36
95	114	46
95	114	47
95	114	48
95	114	49
95	114	50
95	114	51
95	114	52
95	114	53
95	114	54
95	114	55
95	114	63
95	114	64
95	114	65
95	114	66
95	114	67
95	114	68
95	115	32
95	115	33
95	115	34
95	115	35
95	115	45
95	115	46
95	115	47
95	115	48
95	115	49
95	115	50
95	115	51
95	115	52
95	115	53
95	115	54
95	115	55
95	115	56
95	115	62
95	115	63
95	115	64
95	115	65
95	115	66
95	115	67
95	115	68
95	116	31
95	116	32
95	116	33
95	116	34
95	116	44
95	116	45
95	116	46
95	116	47
95	116	48
95	116	49
95	116	50
95	116	51
95	116	52
95	116	53
95	116	54
95	116	55
95	116	56
95	116	62
95	116	63
95	116	64
95	116	65
95	117	30
95	117	31
95	117	32
95	117	33
95	117	43
95	117	44
95	117	45
95	117	46
95	117	47
95	117	48
95	117	49
95	117	50
95	117	51
95	117	52
95	117	53
95	117	54
95	117	55
95	117	56
95	117	62
95	117	63
95	117	64
95	117	65
95	118	29
95	118	30
95	118	31
95	118	32
95	118	43
95	118	44
95	118	45
95	118	46
95	118	47
95	118	48
95	118	49
95	118	50
95	118	51
95	118	52
95	118	53
95	118	54
95	118	55
95	118	56
95	118	57
95	118	58
95	118	62
95	118	63
95	118	64
95	118	65
95	119	43
95	119	44
95	119	45
95	119	46
95	119	47
95	119	48
95	119	49
95	119	50
95	119	51
95	119	52
95	119	53
95	119	54
95	119	55
95	119	56
95	119	57
95	119	58
95	119	59
95	119	60
95	119	61
95	119	62
95	119	63
95	119	64
95	120	41
95	120	42
95	120	43
95	120	44
95	120	45
95	120	46
95	120	47
95	120	48
95	120	49
95	120	50
95	120	51
95	120	52
95	120	53
95	120	54
95	120	55
95	120	57
95	120	58
95	120	59
95	120	60
95	120	61
95	120	62
95	120	63
95	121	40
95	121	41
95	121	42
95	121	43
95	121	44
95	121	45
95	121	46
95	121	47
95	121	48
95	121	49
95	121	50
95	121	51
95	121	52
95	121	62
95	121	63
95	122	39
95	122	40
95	122	41
95	122	42
95	122	43
95	122	44
95	122	45
95	122	46
95	122	47
95	122	48
95	122	49
95	122	50
95	122	51
95	122	52
95	123	40
95	123	41
95	123	42
95	123	43
95	123	44
95	123	45
95	123	46
95	123	47
95	123	48
95	123	49
95	123	50
95	123	51
95	123	52
95	124	40
95	124	41
95	124	42
95	124	43
95	124	44
95	124	45
95	124	46
95	124	47
95	124	48
95	124	49
95	124	50
95	125	40
95	125	41
95	125	42
95	125	43
95	125	44
95	125	45
95	125	46
95	125	47
95	125	48
95	125	49
95	125	50
95	126	40
95	126	41
95	126	42
95	126	43
95	126	44
95	126	45
95	126	46
95	126	47
95	126	48
95	126	49
95	126	50
95	127	40
95	127	41
95	127	42
95	127	43
95	127	44
95	127	45
95	127	46
95	127	47
95	127	48
95	127	49
95	127	50
95	127	51
95	127	52
95	127	53
95	127	54
95	127	55
96	0	39
96	0	40
96	0	41
96	0	42
96	0	43
96	0	44
96	0	45
96	0	46
96	0	47
96	0	48
96	0	49
96	0	50
96	0	51
96	0	52
96	0	53
96	0	54
96	0	55
96	0	56
96	1	41
96	1	42
96	1	43
96	1	44
96	1	45
96	1	46
96	1	47
96	1	48
96	1	49
96	1	50
96	1	51
96	1	52
96	1	53
96	1	54
96	1	55
96	1	56
96	2	41
96	2	42
96	2	43
96	2	44
96	2	45
96	2	46
96	2	47
96	2	48
96	2	49
96	2	50
96	2	51
96	2	52
96	2	53
96	2	54
96	2	55
96	2	56
96	3	40
96	3	41
96	3	42
96	3	43
96	3	44
96	3	45
96	3	46
96	3	47
96	3	48
96	3	49
96	3	50
96	3	51
96	3	52
96	3	53
96	3	54
96	3	55
96	3	56
96	4	40
96	4	41
96	4	42
96	4	43
96	4	44
96	4	45
96	4	46
96	4	47
96	4	48
96	4	49
96	4	50
96	4	51
96	4	52
96	4	53
96	4	54
96	4	55
96	4	56
96	5	47
96	5	48
96	5	49
96	5	50
96	5	51
96	5	52
96	5	53
96	5	54
96	5	55
96	88	39
96	89	41
96	89	42
96	90	43
96	90	44
96	90	45
96	90	46
96	91	42
96	91	43
96	91	44
96	91	45
96	91	46
96	91	47
96	91	48
96	92	42
96	92	43
96	92	44
96	92	45
96	92	46
96	92	47
96	92	48
96	92	49
96	93	43
96	93	44
96	93	45
96	93	46
96	93	47
96	93	48
96	93	49
96	94	44
96	94	45
96	94	46
96	94	47
96	94	48
96	94	49
96	94	50
96	95	48
96	95	49
96	96	47
96	96	48
96	97	46
96	97	47
96	97	48
96	98	46
96	98	47
96	98	48
96	99	46
96	99	47
96	99	48
96	100	46
96	100	47
96	101	46
96	101	47
96	102	46
96	102	47
96	103	46
96	103	47
96	104	41
96	104	42
96	104	43
96	104	44
96	104	45
96	104	46
96	104	47
96	105	41
96	105	42
96	105	43
96	105	44
96	105	45
96	105	46
96	105	47
96	106	40
96	106	41
96	107	40
96	107	41
96	108	39
96	108	40
96	109	38
96	109	39
96	109	40
96	110	37
96	110	38
96	110	39
96	111	36
96	111	37
96	111	38
96	111	39
96	111	40
96	111	41
96	112	35
96	112	36
96	112	37
96	112	38
96	112	50
96	112	51
96	112	52
96	112	53
96	112	54
96	113	34
96	113	35
96	113	36
96	113	37
96	113	48
96	113	49
96	113	50
96	113	51
96	113	52
96	113	53
96	113	54
96	113	66
96	114	33
96	114	34
96	114	35
96	114	36
96	114	46
96	114	47
96	114	48
96	114	49
96	114	50
96	114	51
96	114	52
96	114	53
96	114	54
96	114	55
96	114	65
96	114	66
96	114	67
96	115	32
96	115	33
96	115	34
96	115	35
96	115	45
96	115	46
96	115	47
96	115	48
96	115	49
96	115	50
96	115	51
96	115	52
96	115	53
96	115	54
96	115	55
96	116	31
96	116	32
96	116	33
96	116	34
96	116	44
96	116	45
96	116	46
96	116	47
96	116	48
96	116	49
96	116	50
96	116	51
96	116	52
96	116	53
96	116	54
96	116	55
96	116	64
96	117	30
96	117	31
96	117	32
96	117	33
96	117	34
96	117	35
96	117	43
96	117	44
96	117	45
96	117	46
96	117	47
96	117	48
96	117	49
96	117	50
96	117	51
96	117	52
96	117	53
96	117	54
96	117	55
96	117	64
96	118	29
96	118	30
96	118	31
96	118	32
96	118	42
96	118	43
96	118	44
96	118	45
96	118	46
96	118	47
96	118	48
96	118	49
96	118	50
96	118	51
96	118	52
96	118	53
96	118	54
96	118	55
96	118	64
96	119	42
96	119	43
96	119	44
96	119	45
96	119	46
96	119	47
96	119	48
96	119	49
96	119	50
96	119	51
96	119	52
96	119	53
96	119	54
96	119	55
96	119	56
96	119	57
96	119	63
96	119	64
96	120	41
96	120	42
96	120	43
96	120	44
96	120	45
96	120	46
96	120	47
96	120	48
96	120	49
96	120	50
96	120	51
96	120	52
96	120	53
96	120	54
96	120	55
96	121	40
96	121	41
96	121	42
96	121	43
96	121	44
96	121	45
96	121	46
96	121	47
96	121	48
96	121	49
96	121	50
96	121	51
96	121	52
96	121	53
96	121	54
96	122	39
96	122	40
96	122	41
96	122	42
96	122	43
96	122	44
96	122	45
96	122	46
96	122	47
96	122	48
96	122	49
96	122	50
96	122	51
96	122	52
96	122	53
96	123	39
96	123	40
96	123	41
96	123	42
96	123	43
96	123	44
96	123	45
96	123	46
96	123	47
96	123	48
96	123	49
96	123	50
96	123	51
96	123	52
96	124	39
96	124	40
96	124	41
96	124	42
96	124	43
96	124	44
96	124	45
96	124	46
96	124	47
96	124	48
96	124	49
96	124	50
96	124	51
96	125	39
96	125	40
96	125	41
96	125	42
96	125	43
96	125	44
96	125	45
96	125	46
96	125	47
96	125	48
96	125	49
96	125	50
96	125	51
96	126	39
96	126	40
96	126	41
96	126	42
96	126	43
96	126	44
96	126	45
96	126	46
96	126	47
96	126	48
96	126	49
96	126	50
96	126	51
96	126	52
96	126	53
96	126	54
96	126	55
96	126	56
96	127	39
96	127	40
96	127	41
96	127	42
96	127	43
96	127	44
96	127	45
96	127	46
96	127	47
96	127	48
96	127	49
96	127	50
96	127	51
96	127	52
96	127	53
96	127	54
96	127	55
96	127	56
97	0	38
97	0	39
97	0	40
97	0	41
97	0	42
97	0	43
97	0	44
97	0	45
97	0	46
97	0	47
97	0	48
97	0	49
97	0	50
97	0	51
97	0	52
97	0	53
97	0	54
97	0	55
97	0	56
97	0	57
97	1	38
97	1	39
97	1	40
97	1	41
97	1	42
97	1	43
97	1	44
97	1	45
97	1	46
97	1	47
97	1	48
97	1	49
97	1	50
97	1	51
97	1	52
97	1	53
97	1	54
97	1	55
97	1	56
97	1	57
97	2	40
97	2	41
97	2	42
97	2	43
97	2	44
97	2	45
97	2	46
97	2	47
97	2	48
97	2	49
97	2	50
97	2	51
97	2	52
97	2	53
97	2	54
97	2	55
97	2	56
97	2	57
97	3	40
97	3	41
97	3	42
97	3	43
97	3	44
97	3	45
97	3	46
97	3	47
97	3	48
97	3	49
97	3	50
97	3	51
97	3	52
97	3	53
97	3	54
97	3	55
97	3	56
97	3	57
97	4	40
97	4	41
97	4	42
97	4	43
97	4	44
97	4	45
97	4	46
97	4	47
97	4	48
97	4	49
97	4	50
97	4	51
97	4	52
97	4	53
97	4	54
97	4	55
97	4	56
97	4	57
97	5	49
97	5	50
97	5	51
97	5	52
97	5	53
97	5	54
97	5	55
97	5	56
97	5	57
97	6	54
97	6	55
97	6	56
97	88	39
97	90	44
97	90	45
97	90	46
97	90	47
97	90	48
97	91	43
97	91	44
97	91	45
97	91	46
97	91	47
97	91	48
97	91	49
97	92	42
97	92	43
97	92	44
97	92	45
97	92	46
97	92	47
97	92	48
97	92	49
97	93	43
97	93	44
97	93	45
97	93	46
97	93	47
97	93	48
97	93	49
97	93	50
97	94	44
97	94	45
97	94	46
97	94	47
97	94	48
97	94	49
97	94	50
97	95	45
97	95	46
97	95	47
97	95	48
97	95	49
97	96	47
97	96	48
97	97	46
97	97	47
97	98	45
97	98	46
97	98	47
97	99	45
97	99	46
97	99	47
97	100	45
97	100	46
97	100	47
97	101	45
97	101	46
97	102	45
97	102	46
97	103	42
97	103	43
97	103	44
97	103	45
97	103	46
97	104	41
97	104	42
97	104	43
97	104	44
97	104	45
97	104	46
97	105	40
97	105	41
97	106	40
97	106	41
97	107	39
97	107	40
97	108	39
97	108	40
97	109	38
97	109	39
97	110	37
97	110	38
97	110	39
97	111	36
97	111	37
97	111	38
97	112	35
97	112	36
97	112	37
97	112	38
97	112	39
97	112	40
97	113	34
97	113	35
97	113	36
97	113	37
97	113	50
97	113	51
97	113	52
97	113	53
97	113	54
97	113	66
97	114	33
97	114	34
97	114	35
97	114	36
97	114	47
97	114	48
97	114	49
97	114	50
97	114	51
97	114	52
97	114	53
97	114	54
97	115	32
97	115	33
97	115	34
97	115	35
97	115	45
97	115	46
97	115	47
97	115	48
97	115	49
97	115	50
97	115	51
97	115	52
97	115	53
97	115	54
97	115	55
97	116	31
97	116	32
97	116	33
97	116	34
97	116	44
97	116	45
97	116	46
97	116	47
97	116	48
97	116	49
97	116	50
97	116	51
97	116	52
97	116	53
97	116	54
97	116	55
97	117	30
97	117	31
97	117	32
97	117	33
97	117	34
97	117	35
97	117	43
97	117	44
97	117	45
97	117	46
97	117	47
97	117	48
97	117	49
97	117	50
97	117	51
97	117	52
97	117	53
97	117	54
97	118	29
97	118	30
97	118	31
97	118	32
97	118	42
97	118	43
97	118	44
97	118	45
97	118	46
97	118	47
97	118	48
97	118	49
97	118	50
97	118	51
97	118	52
97	118	53
97	118	54
97	119	39
97	119	40
97	119	41
97	119	42
97	119	43
97	119	44
97	119	45
97	119	46
97	119	47
97	119	48
97	119	49
97	119	50
97	119	51
97	119	52
97	119	53
97	119	54
97	120	41
97	120	42
97	120	43
97	120	44
97	120	45
97	120	46
97	120	47
97	120	48
97	120	49
97	120	50
97	120	51
97	120	52
97	120	53
97	120	54
97	120	55
97	121	38
97	121	39
97	121	40
97	121	41
97	121	42
97	121	43
97	121	44
97	121	45
97	121	46
97	121	47
97	121	48
97	121	49
97	121	50
97	121	51
97	121	52
97	121	53
97	121	54
97	122	38
97	122	39
97	122	40
97	122	41
97	122	42
97	122	43
97	122	44
97	122	45
97	122	46
97	122	47
97	122	48
97	122	49
97	122	50
97	122	51
97	122	52
97	122	53
97	123	38
97	123	39
97	123	40
97	123	41
97	123	42
97	123	43
97	123	44
97	123	45
97	123	46
97	123	47
97	123	48
97	123	49
97	123	50
97	123	51
97	123	52
97	124	38
97	124	39
97	124	40
97	124	41
97	124	42
97	124	43
97	124	44
97	124	45
97	124	46
97	124	47
97	124	48
97	124	49
97	124	50
97	124	51
97	124	52
97	125	38
97	125	39
97	125	40
97	125	41
97	125	42
97	125	43
97	125	44
97	125	45
97	125	46
97	125	47
97	125	48
97	125	49
97	125	50
97	125	51
97	125	52
97	125	53
97	125	54
97	125	55
97	125	56
97	125	57
97	126	38
97	126	39
97	126	40
97	126	41
97	126	42
97	126	43
97	126	44
97	126	45
97	126	46
97	126	47
97	126	48
97	126	49
97	126	50
97	126	51
97	126	52
97	126	53
97	126	54
97	126	55
97	126	56
97	126	57
97	127	38
97	127	39
97	127	40
97	127	41
97	127	42
97	127	43
97	127	44
97	127	45
97	127	46
97	127	47
97	127	48
97	127	49
97	127	50
97	127	51
97	127	52
97	127	53
97	127	54
97	127	55
97	127	56
97	127	57
98	0	37
98	0	38
98	0	39
98	0	40
98	0	41
98	0	42
98	0	43
98	0	44
98	0	45
98	0	46
98	0	47
98	0	48
98	0	49
98	0	50
98	0	51
98	0	52
98	0	53
98	0	54
98	0	55
98	0	56
98	0	57
98	0	58
98	1	37
98	1	38
98	1	39
98	1	40
98	1	41
98	1	42
98	1	43
98	1	44
98	1	45
98	1	46
98	1	47
98	1	48
98	1	49
98	1	50
98	1	51
98	1	52
98	1	53
98	1	54
98	1	55
98	1	56
98	1	57
98	1	58
98	2	37
98	2	38
98	2	39
98	2	40
98	2	41
98	2	42
98	2	43
98	2	44
98	2	45
98	2	46
98	2	47
98	2	48
98	2	49
98	2	50
98	2	51
98	2	52
98	2	53
98	2	54
98	2	55
98	2	56
98	2	57
98	2	58
98	3	39
98	3	40
98	3	41
98	3	42
98	3	43
98	3	44
98	3	45
98	3	46
98	3	47
98	3	48
98	3	49
98	3	50
98	3	51
98	3	52
98	3	53
98	3	54
98	3	55
98	3	56
98	3	57
98	4	42
98	4	43
98	4	44
98	4	45
98	4	46
98	4	47
98	4	48
98	4	49
98	4	50
98	4	51
98	4	52
98	4	53
98	4	54
98	4	55
98	4	56
98	4	57
98	5	54
98	5	55
98	5	56
98	6	50
98	6	51
98	6	56
98	89	45
98	89	47
98	90	45
98	90	46
98	90	47
98	90	48
98	90	49
98	91	44
98	91	45
98	91	46
98	91	47
98	91	48
98	91	49
98	92	43
98	92	44
98	92	45
98	92	46
98	92	47
98	92	48
98	92	49
98	92	50
98	93	43
98	93	44
98	93	45
98	93	46
98	93	47
98	93	48
98	93	49
98	93	50
98	94	44
98	94	45
98	94	46
98	94	47
98	94	48
98	94	49
98	94	50
98	95	45
98	95	46
98	95	47
98	95	48
98	95	49
98	96	46
98	96	47
98	96	48
98	97	46
98	97	47
98	98	45
98	98	46
98	99	44
98	99	45
98	99	46
98	100	44
98	100	45
98	100	46
98	101	44
98	101	45
98	101	46
98	102	42
98	102	43
98	102	44
98	102	45
98	103	42
98	103	43
98	103	44
98	103	45
98	104	41
98	105	40
98	105	41
98	106	39
98	106	40
98	107	39
98	107	40
98	108	38
98	108	39
98	109	38
98	109	39
98	110	37
98	110	38
98	111	36
98	111	37
98	111	38
98	112	35
98	112	36
98	112	37
98	113	34
98	113	35
98	113	36
98	113	37
98	113	38
98	113	39
98	114	33
98	114	34
98	114	35
98	114	36
98	114	49
98	114	50
98	114	51
98	114	52
98	114	53
98	114	54
98	115	32
98	115	33
98	115	34
98	115	35
98	115	46
98	115	47
98	115	48
98	115	49
98	115	50
98	115	51
98	115	52
98	115	53
98	115	54
98	116	31
98	116	32
98	116	33
98	116	34
98	116	44
98	116	45
98	116	46
98	116	47
98	116	48
98	116	49
98	116	50
98	116	51
98	116	52
98	116	53
98	116	54
98	117	30
98	117	31
98	117	32
98	117	33
98	117	34
98	117	35
98	117	43
98	117	44
98	117	45
98	117	46
98	117	47
98	117	48
98	117	49
98	117	50
98	117	51
98	117	52
98	117	53
98	117	54
98	118	29
98	118	30
98	118	31
98	118	32
98	118	36
98	118	37
98	118	42
98	118	43
98	118	44
98	118	45
98	118	46
98	118	47
98	118	48
98	118	49
98	118	50
98	118	51
98	118	52
98	118	53
98	119	39
98	119	40
98	119	41
98	119	42
98	119	43
98	119	44
98	119	45
98	119	46
98	119	47
98	119	48
98	119	49
98	119	50
98	119	51
98	119	52
98	120	37
98	120	38
98	120	39
98	120	40
98	120	41
98	120	42
98	120	43
98	120	44
98	120	45
98	120	46
98	120	47
98	120	48
98	120	49
98	120	50
98	120	51
98	120	52
98	120	53
98	120	54
98	120	55
98	121	37
98	121	38
98	121	39
98	121	40
98	121	41
98	121	42
98	121	43
98	121	44
98	121	45
98	121	46
98	121	47
98	121	48
98	121	49
98	121	50
98	121	51
98	121	52
98	121	53
98	121	54
98	122	37
98	122	38
98	122	39
98	122	40
98	122	41
98	122	42
98	122	43
98	122	44
98	122	45
98	122	46
98	122	47
98	122	48
98	122	49
98	122	50
98	122	51
98	122	52
98	122	53
98	123	37
98	123	38
98	123	39
98	123	40
98	123	41
98	123	42
98	123	43
98	123	44
98	123	45
98	123	46
98	123	47
98	123	48
98	123	49
98	123	50
98	123	51
98	123	52
98	123	53
98	124	37
98	124	38
98	124	39
98	124	40
98	124	41
98	124	42
98	124	43
98	124	44
98	124	45
98	124	46
98	124	47
98	124	48
98	124	49
98	124	50
98	124	51
98	124	52
98	124	53
98	124	54
98	124	55
98	124	56
98	124	57
98	124	58
98	125	37
98	125	38
98	125	39
98	125	40
98	125	41
98	125	42
98	125	43
98	125	44
98	125	45
98	125	46
98	125	47
98	125	48
98	125	49
98	125	50
98	125	51
98	125	52
98	125	53
98	125	54
98	125	55
98	125	56
98	125	57
98	125	58
98	126	37
98	126	38
98	126	39
98	126	40
98	126	41
98	126	42
98	126	43
98	126	44
98	126	45
98	126	46
98	126	47
98	126	48
98	126	49
98	126	50
98	126	51
98	126	52
98	126	53
98	126	54
98	126	55
98	126	56
98	126	57
98	126	58
98	127	37
98	127	38
98	127	39
98	127	40
98	127	41
98	127	42
98	127	43
98	127	44
98	127	45
98	127	46
98	127	47
98	127	48
98	127	49
98	127	50
98	127	51
98	127	52
98	127	53
98	127	54
98	127	55
98	127	56
98	127	57
98	127	58
99	0	36
99	0	37
99	0	38
99	0	39
99	0	40
99	0	41
99	0	42
99	0	43
99	0	44
99	0	45
99	0	46
99	0	47
99	0	48
99	0	49
99	0	50
99	0	51
99	0	52
99	0	53
99	0	56
99	0	57
99	1	36
99	1	37
99	1	38
99	1	39
99	1	40
99	1	41
99	1	42
99	1	43
99	1	44
99	1	45
99	1	46
99	1	47
99	1	48
99	1	49
99	1	50
99	1	51
99	1	52
99	1	53
99	1	56
99	1	57
99	2	37
99	2	38
99	2	39
99	2	40
99	2	41
99	2	42
99	2	43
99	2	44
99	2	45
99	2	46
99	2	47
99	2	48
99	2	49
99	2	50
99	2	51
99	2	52
99	2	53
99	2	56
99	2	57
99	3	39
99	3	40
99	3	41
99	3	42
99	3	43
99	3	44
99	3	45
99	3	46
99	3	47
99	3	48
99	3	49
99	3	50
99	3	51
99	3	56
99	4	45
99	4	46
99	4	47
99	4	48
99	4	49
99	4	50
99	4	56
99	89	48
99	90	46
99	90	47
99	90	48
99	90	49
99	91	44
99	91	45
99	91	46
99	91	47
99	91	48
99	91	49
99	91	50
99	92	43
99	92	44
99	92	45
99	92	46
99	92	47
99	92	48
99	92	49
99	92	50
99	93	43
99	93	44
99	93	45
99	93	46
99	93	47
99	93	48
99	93	49
99	93	50
99	93	51
99	94	44
99	94	45
99	94	46
99	94	47
99	94	48
99	94	49
99	94	50
99	95	45
99	95	46
99	95	47
99	95	48
99	95	49
99	96	46
99	96	47
99	96	48
99	97	46
99	97	47
99	98	45
99	98	46
99	99	42
99	99	43
99	99	44
99	99	45
99	100	42
99	100	43
99	100	44
99	100	45
99	101	42
99	101	43
99	101	44
99	101	45
99	102	42
99	102	43
99	102	44
99	102	45
99	103	41
99	103	42
99	104	41
99	105	40
99	106	39
99	106	40
99	107	38
99	107	39
99	108	38
99	108	39
99	109	37
99	109	38
99	110	37
99	110	38
99	111	36
99	111	37
99	112	35
99	112	36
99	112	37
99	113	34
99	113	35
99	113	36
99	114	33
99	114	34
99	114	35
99	114	36
99	114	37
99	114	38
99	115	32
99	115	33
99	115	34
99	115	35
99	115	48
99	115	49
99	115	50
99	115	51
99	115	52
99	115	53
99	115	54
99	116	31
99	116	32
99	116	33
99	116	34
99	116	35
99	116	36
99	116	47
99	116	48
99	116	49
99	116	50
99	116	51
99	116	52
99	117	30
99	117	31
99	117	32
99	117	33
99	117	43
99	117	44
99	117	45
99	117	46
99	117	47
99	117	48
99	117	49
99	117	50
99	117	51
99	117	52
99	118	31
99	118	32
99	118	33
99	118	35
99	118	42
99	118	43
99	118	44
99	118	45
99	118	46
99	118	47
99	118	48
99	118	49
99	118	50
99	118	51
99	119	36
99	119	37
99	119	38
99	119	39
99	119	40
99	119	41
99	119	42
99	119	43
99	119	44
99	119	45
99	119	46
99	119	47
99	119	48
99	119	49
99	119	50
99	119	51
99	119	52
99	120	36
99	120	37
99	120	38
99	120	39
99	120	40
99	120	41
99	120	42
99	120	43
99	120	44
99	120	45
99	120	46
99	120	47
99	120	48
99	120	49
99	120	50
99	120	51
99	120	52
99	120	53
99	120	54
99	121	36
99	121	37
99	121	38
99	121	39
99	121	40
99	121	41
99	121	42
99	121	43
99	121	44
99	121	45
99	121	46
99	121	47
99	121	48
99	121	49
99	121	50
99	121	51
99	121	52
99	121	53
99	121	54
99	122	36
99	122	37
99	122	38
99	122	39
99	122	40
99	122	41
99	122	42
99	122	43
99	122	44
99	122	45
99	122	46
99	122	47
99	122	48
99	122	49
99	122	50
99	122	51
99	122	52
99	122	53
99	122	54
99	123	36
99	123	37
99	123	38
99	123	39
99	123	40
99	123	41
99	123	42
99	123	43
99	123	44
99	123	45
99	123	46
99	123	47
99	123	48
99	123	49
99	123	50
99	123	51
99	123	52
99	123	53
99	123	54
99	123	55
99	123	56
99	123	57
99	123	58
99	123	59
99	124	36
99	124	37
99	124	38
99	124	39
99	124	40
99	124	41
99	124	42
99	124	43
99	124	44
99	124	45
99	124	46
99	124	47
99	124	48
99	124	49
99	124	50
99	124	51
99	124	52
99	124	53
99	124	54
99	124	55
99	124	56
99	124	57
99	124	58
99	124	59
99	125	36
99	125	37
99	125	38
99	125	39
99	125	40
99	125	41
99	125	42
99	125	43
99	125	44
99	125	45
99	125	46
99	125	47
99	125	48
99	125	49
99	125	50
99	125	51
99	125	52
99	125	53
99	125	54
99	125	55
99	125	56
99	125	57
99	125	58
99	125	59
99	126	36
99	126	37
99	126	38
99	126	39
99	126	40
99	126	41
99	126	42
99	126	43
99	126	44
99	126	45
99	126	46
99	126	47
99	126	48
99	126	49
99	126	50
99	126	51
99	126	52
99	126	53
99	126	55
99	126	56
99	126	57
99	126	58
99	126	59
99	127	36
99	127	37
99	127	38
99	127	39
99	127	40
99	127	41
99	127	42
99	127	43
99	127	44
99	127	45
99	127	46
99	127	47
99	127	48
99	127	49
99	127	50
99	127	51
99	127	52
99	127	53
99	127	54
99	127	56
99	127	57
99	127	58
99	127	59
100	0	35
100	0	36
100	0	37
100	0	38
100	0	39
100	0	40
100	0	41
100	0	42
100	0	43
100	0	44
100	0	45
100	0	46
100	0	47
100	0	48
100	0	49
100	0	50
100	0	51
100	1	36
100	1	37
100	1	38
100	1	39
100	1	40
100	1	41
100	1	42
100	1	43
100	1	44
100	1	45
100	1	46
100	1	47
100	1	48
100	1	49
100	1	50
100	1	51
100	2	38
100	2	39
100	2	40
100	2	41
100	2	42
100	2	43
100	2	44
100	2	45
100	2	46
100	2	47
100	2	48
100	2	49
100	2	50
100	2	51
100	3	41
100	3	42
100	3	43
100	3	44
100	3	45
100	3	46
100	3	47
100	3	48
100	3	49
100	3	50
100	4	47
100	4	48
100	89	48
100	90	47
100	90	48
100	90	49
100	91	45
100	91	46
100	91	47
100	91	48
100	91	49
100	91	50
100	92	43
100	92	44
100	92	45
100	92	46
100	92	47
100	92	48
100	92	49
100	92	50
100	92	51
100	93	43
100	93	44
100	93	45
100	93	46
100	93	47
100	93	48
100	93	49
100	93	50
100	93	51
100	94	44
100	94	45
100	94	46
100	94	47
100	94	48
100	94	49
100	94	50
100	95	45
100	95	46
100	95	47
100	95	48
100	95	49
100	96	45
100	96	46
100	96	47
100	96	48
100	97	46
100	97	47
100	98	41
100	98	42
100	98	43
100	98	44
100	98	45
100	98	46
100	99	41
100	99	42
100	99	43
100	99	44
100	99	45
100	100	41
100	100	42
100	100	43
100	100	44
100	101	41
100	101	42
100	101	43
100	101	44
100	102	41
100	102	42
100	103	41
100	103	42
100	104	40
100	104	41
100	105	40
100	106	39
100	107	38
100	107	39
100	108	37
100	108	38
100	109	37
100	109	38
100	110	36
100	110	37
100	111	36
100	111	37
100	112	35
100	112	36
100	113	34
100	113	35
100	113	36
100	114	33
100	114	34
100	114	35
100	115	32
100	115	33
100	115	34
100	115	35
100	115	36
100	115	37
100	116	31
100	116	32
100	116	33
100	116	49
100	116	50
100	116	51
100	117	31
100	117	32
100	117	48
100	117	49
100	117	50
100	118	32
100	118	42
100	118	43
100	118	44
100	118	45
100	118	46
100	118	47
100	118	48
100	118	49
100	118	50
100	118	51
100	119	35
100	119	36
100	119	37
100	119	38
100	119	39
100	119	40
100	119	41
100	119	42
100	119	43
100	119	44
100	119	45
100	119	46
100	119	47
100	119	48
100	119	49
100	119	50
100	119	51
100	120	35
100	120	36
100	120	37
100	120	38
100	120	39
100	120	40
100	120	41
100	120	42
100	120	43
100	120	44
100	120	45
100	120	46
100	120	47
100	120	48
100	120	49
100	120	50
100	120	51
100	120	52
100	120	53
100	121	35
100	121	36
100	121	37
100	121	38
100	121	39
100	121	40
100	121	41
100	121	42
100	121	43
100	121	44
100	121	45
100	121	46
100	121	47
100	121	48
100	121	49
100	121	50
100	121	51
100	121	52
100	121	53
100	121	54
100	122	35
100	122	36
100	122	37
100	122	38
100	122	39
100	122	40
100	122	41
100	122	42
100	122	43
100	122	44
100	122	45
100	122	46
100	122	47
100	122	48
100	122	49
100	122	50
100	122	51
100	122	52
100	122	53
100	122	54
100	122	55
100	122	56
100	123	35
100	123	36
100	123	37
100	123	38
100	123	39
100	123	40
100	123	41
100	123	42
100	123	43
100	123	44
100	123	45
100	123	46
100	123	47
100	123	48
100	123	49
100	123	50
100	123	51
100	123	52
100	123	53
100	123	54
100	123	55
100	123	56
100	123	57
100	123	58
100	124	35
100	124	36
100	124	37
100	124	38
100	124	39
100	124	40
100	124	41
100	124	42
100	124	43
100	124	44
100	124	45
100	124	46
100	124	47
100	124	48
100	124	49
100	124	50
100	124	51
100	124	52
100	124	53
100	124	54
100	124	55
100	124	56
100	124	57
100	124	58
100	124	59
100	124	60
100	125	35
100	125	36
100	125	37
100	125	38
100	125	39
100	125	40
100	125	41
100	125	42
100	125	43
100	125	44
100	125	45
100	125	46
100	125	47
100	125	48
100	125	49
100	125	50
100	125	51
100	125	52
100	125	53
100	125	56
100	125	57
100	125	58
100	125	59
100	125	60
100	126	35
100	126	36
100	126	37
100	126	38
100	126	39
100	126	40
100	126	41
100	126	42
100	126	43
100	126	44
100	126	45
100	126	46
100	126	47
100	126	48
100	126	49
100	126	50
100	126	51
100	126	57
100	126	58
100	126	59
100	127	35
100	127	36
100	127	37
100	127	38
100	127	39
100	127	40
100	127	41
100	127	42
100	127	43
100	127	44
100	127	45
100	127	46
100	127	47
100	127	48
100	127	49
100	127	50
100	127	51
100	127	58
101	0	35
101	0	36
101	0	37
101	0	38
101	0	39
101	0	40
101	0	41
101	0	42
101	0	43
101	0	44
101	0	45
101	0	46
101	0	47
101	0	48
101	0	49
101	0	50
101	1	36
101	1	37
101	1	38
101	1	39
101	1	40
101	1	41
101	1	42
101	1	43
101	1	44
101	1	45
101	1	46
101	1	47
101	1	48
101	1	49
101	1	50
101	2	38
101	2	39
101	2	40
101	2	41
101	2	42
101	2	43
101	2	44
101	2	45
101	2	46
101	2	47
101	2	48
101	2	49
101	2	50
101	3	41
101	3	42
101	3	43
101	3	44
101	3	45
101	3	46
101	3	47
101	3	48
101	3	49
101	90	47
101	90	48
101	90	49
101	91	45
101	91	46
101	91	47
101	91	48
101	91	49
101	91	50
101	92	43
101	92	44
101	92	45
101	92	46
101	92	47
101	92	48
101	92	49
101	92	50
101	92	51
101	93	43
101	93	44
101	93	45
101	93	46
101	93	47
101	93	48
101	93	49
101	93	50
101	93	51
101	94	44
101	94	45
101	94	46
101	94	47
101	94	48
101	94	49
101	94	50
101	95	44
101	95	45
101	95	46
101	95	47
101	95	48
101	95	49
101	96	45
101	96	46
101	96	47
101	96	48
101	97	40
101	97	41
101	97	42
101	97	43
101	97	44
101	97	45
101	97	46
101	97	47
101	98	40
101	98	41
101	98	42
101	98	43
101	98	44
101	98	45
101	98	46
101	99	40
101	99	41
101	99	42
101	99	43
101	99	44
101	99	45
101	100	40
101	100	41
101	100	42
101	101	40
101	101	41
101	101	42
101	102	40
101	102	41
101	102	42
101	103	40
101	103	41
101	104	40
101	104	41
101	105	39
101	105	40
101	106	39
101	107	38
101	108	36
101	108	37
101	108	38
101	109	35
101	109	36
101	109	37
101	110	35
101	110	36
101	110	37
101	111	35
101	111	36
101	112	35
101	112	36
101	113	34
101	113	35
101	114	33
101	114	34
101	114	35
101	115	32
101	115	33
101	115	34
101	116	31
101	116	32
101	116	33
101	117	31
101	117	50
101	118	49
101	118	50
101	119	34
101	119	35
101	119	36
101	119	37
101	119	38
101	119	39
101	119	40
101	119	41
101	119	42
101	119	43
101	119	44
101	119	45
101	119	46
101	119	47
101	119	48
101	119	49
101	119	50
101	119	51
101	120	34
101	120	35
101	120	36
101	120	37
101	120	38
101	120	39
101	120	40
101	120	41
101	120	42
101	120	43
101	120	44
101	120	45
101	120	46
101	120	47
101	120	48
101	120	49
101	120	50
101	120	51
101	120	52
101	121	34
101	121	35
101	121	36
101	121	37
101	121	38
101	121	39
101	121	40
101	121	41
101	121	42
101	121	43
101	121	44
101	121	45
101	121	46
101	121	47
101	121	48
101	121	49
101	121	50
101	121	51
101	121	52
101	121	53
101	122	34
101	122	35
101	122	36
101	122	37
101	122	38
101	122	39
101	122	40
101	122	41
101	122	42
101	122	43
101	122	44
101	122	45
101	122	46
101	122	47
101	122	48
101	122	49
101	122	50
101	122	51
101	122	52
101	122	53
101	122	54
101	123	34
101	123	35
101	123	36
101	123	37
101	123	38
101	123	39
101	123	40
101	123	41
101	123	42
101	123	43
101	123	44
101	123	45
101	123	46
101	123	47
101	123	48
101	123	49
101	123	50
101	123	51
101	123	52
101	123	53
101	123	54
101	123	55
101	124	34
101	124	35
101	124	36
101	124	37
101	124	38
101	124	39
101	124	40
101	124	41
101	124	42
101	124	43
101	124	44
101	124	45
101	124	46
101	124	47
101	124	48
101	124	49
101	124	50
101	124	51
101	124	52
101	124	55
101	124	56
101	124	57
101	124	58
101	124	59
101	125	34
101	125	35
101	125	36
101	125	37
101	125	38
101	125	39
101	125	40
101	125	41
101	125	42
101	125	43
101	125	44
101	125	45
101	125	46
101	125	47
101	125	48
101	125	49
101	125	50
101	125	51
101	125	57
101	125	58
101	125	59
101	126	34
101	126	35
101	126	36
101	126	37
101	126	38
101	126	39
101	126	40
101	126	41
101	126	42
101	126	43
101	126	44
101	126	45
101	126	46
101	126	47
101	126	48
101	126	49
101	126	50
101	126	51
101	126	58
101	127	34
101	127	35
101	127	36
101	127	37
101	127	38
101	127	39
101	127	40
101	127	41
101	127	42
101	127	43
101	127	44
101	127	45
101	127	46
101	127	47
101	127	48
101	127	49
101	127	50
102	0	35
102	0	36
102	0	37
102	0	38
102	0	39
102	0	40
102	0	41
102	0	42
102	0	43
102	0	44
102	0	45
102	0	46
102	0	47
102	0	48
102	0	49
102	0	50
102	1	36
102	1	37
102	1	38
102	1	39
102	1	40
102	1	41
102	1	42
102	1	43
102	1	44
102	1	45
102	1	46
102	1	47
102	1	48
102	1	49
102	1	50
102	2	38
102	2	39
102	2	40
102	2	41
102	2	42
102	2	43
102	2	44
102	2	45
102	2	46
102	2	47
102	2	48
102	2	49
102	3	41
102	3	42
102	3	43
102	3	44
102	3	45
102	3	46
102	3	47
102	3	48
102	3	49
102	90	48
102	90	49
102	91	46
102	91	47
102	91	48
102	91	49
102	91	50
102	92	43
102	92	44
102	92	45
102	92	46
102	92	47
102	92	48
102	92	49
102	92	50
102	92	51
102	93	43
102	93	44
102	93	45
102	93	46
102	93	47
102	93	48
102	93	49
102	93	50
102	93	51
102	94	43
102	94	44
102	94	45
102	94	46
102	94	47
102	94	48
102	94	49
102	94	50
102	95	44
102	95	45
102	95	46
102	95	47
102	95	48
102	95	49
102	96	39
102	96	40
102	96	41
102	96	42
102	96	43
102	96	44
102	96	45
102	96	46
102	96	47
102	96	48
102	97	39
102	97	40
102	97	41
102	97	42
102	97	43
102	97	44
102	97	45
102	97	46
102	97	47
102	98	39
102	98	40
102	98	41
102	98	42
102	98	43
102	98	44
102	98	45
102	98	46
102	99	39
102	99	40
102	99	41
102	100	39
102	100	40
102	100	41
102	101	39
102	101	40
102	101	41
102	102	39
102	102	40
102	102	41
102	103	39
102	103	40
102	103	41
102	104	38
102	104	39
102	104	40
102	105	38
102	105	39
102	105	40
102	106	38
102	106	39
102	110	34
102	111	34
102	112	34
102	112	35
102	113	34
102	113	35
102	114	33
102	114	34
102	115	32
102	115	33
102	115	34
102	116	30
102	116	31
102	116	32
102	117	31
102	119	34
102	119	35
102	119	36
102	119	37
102	119	38
102	119	39
102	119	40
102	119	41
102	119	42
102	119	43
102	119	44
102	119	45
102	119	46
102	119	47
102	119	48
102	119	49
102	120	33
102	120	34
102	120	35
102	120	36
102	120	37
102	120	38
102	120	39
102	120	40
102	120	41
102	120	42
102	120	43
102	120	44
102	120	45
102	120	46
102	120	47
102	120	48
102	120	49
102	121	33
102	121	34
102	121	35
102	121	36
102	121	37
102	121	38
102	121	39
102	121	40
102	121	41
102	121	42
102	121	43
102	121	44
102	121	45
102	121	46
102	121	47
102	121	48
102	121	49
102	121	53
102	122	33
102	122	34
102	122	35
102	122	36
102	122	37
102	122	38
102	122	39
102	122	40
102	122	41
102	122	42
102	122	43
102	122	44
102	122	45
102	122	46
102	122	47
102	122	48
102	122	49
102	123	33
102	123	34
102	123	35
102	123	36
102	123	37
102	123	38
102	123	39
102	123	40
102	123	41
102	123	42
102	123	43
102	123	44
102	123	45
102	123	46
102	123	47
102	123	48
102	123	49
102	123	50
102	124	33
102	124	34
102	124	35
102	124	36
102	124	37
102	124	38
102	124	39
102	124	40
102	124	41
102	124	42
102	124	43
102	124	44
102	124	45
102	124	46
102	124	47
102	124	48
102	124	49
102	124	50
102	125	33
102	125	34
102	125	35
102	125	36
102	125	37
102	125	38
102	125	39
102	125	40
102	125	41
102	125	42
102	125	43
102	125	44
102	125	45
102	125	46
102	125	47
102	125	48
102	125	49
102	125	50
102	125	58
102	126	33
102	126	34
102	126	35
102	126	36
102	126	37
102	126	38
102	126	39
102	126	40
102	126	41
102	126	42
102	126	43
102	126	44
102	126	45
102	126	46
102	126	47
102	126	48
102	126	49
102	126	50
102	127	33
102	127	34
102	127	35
102	127	36
102	127	37
102	127	38
102	127	39
102	127	40
102	127	41
102	127	42
102	127	43
102	127	44
102	127	45
102	127	46
102	127	47
102	127	48
102	127	49
102	127	50
103	0	36
103	0	37
103	0	38
103	0	39
103	0	40
103	0	41
103	0	42
103	0	43
103	0	44
103	0	45
103	0	46
103	0	47
103	0	48
103	0	49
103	1	37
103	1	38
103	1	39
103	1	40
103	1	41
103	1	42
103	1	43
103	1	44
103	1	45
103	1	46
103	1	47
103	1	48
103	1	49
103	2	38
103	2	39
103	2	40
103	2	41
103	2	42
103	2	43
103	2	44
103	2	45
103	2	46
103	2	47
103	2	48
103	2	49
103	3	41
103	3	42
103	3	43
103	3	44
103	3	45
103	3	46
103	3	47
103	3	48
103	3	49
103	4	46
103	4	47
103	90	49
103	91	47
103	91	48
103	91	49
103	91	50
103	92	44
103	92	45
103	92	46
103	92	47
103	92	48
103	92	49
103	92	50
103	92	51
103	93	44
103	93	45
103	93	46
103	93	47
103	93	48
103	93	49
103	93	50
103	93	51
103	94	43
103	94	44
103	94	45
103	94	46
103	94	47
103	94	48
103	94	49
103	94	50
103	95	43
103	95	44
103	95	45
103	95	46
103	95	47
103	95	48
103	95	49
103	96	41
103	96	42
103	96	43
103	96	44
103	96	45
103	96	46
103	96	47
103	96	48
103	97	38
103	97	39
103	97	40
103	97	41
103	97	42
103	97	43
103	97	44
103	97	45
103	98	38
103	98	39
103	98	40
103	99	38
103	99	39
103	99	40
103	100	38
103	100	39
103	100	40
103	101	38
103	101	39
103	101	40
103	102	38
103	102	39
103	102	40
103	103	37
103	103	38
103	103	39
103	104	37
103	104	38
103	104	39
103	105	39
103	110	33
103	111	33
103	112	33
103	113	33
103	113	34
103	114	33
103	114	34
103	115	31
103	115	32
103	115	33
103	116	29
103	116	30
103	116	31
103	116	32
103	117	30
103	119	36
103	119	37
103	119	38
103	119	39
103	119	40
103	119	41
103	119	42
103	119	43
103	119	44
103	119	45
103	119	46
103	119	47
103	120	33
103	120	34
103	120	35
103	120	36
103	120	37
103	120	38
103	120	39
103	120	40
103	120	41
103	120	42
103	120	43
103	120	44
103	120	45
103	120	46
103	120	47
103	121	33
103	121	34
103	121	35
103	121	36
103	121	37
103	121	38
103	121	39
103	121	40
103	121	41
103	121	42
103	121	43
103	121	44
103	121	45
103	121	46
103	121	47
103	122	32
103	122	33
103	122	34
103	122	35
103	122	36
103	122	37
103	122	38
103	122	39
103	122	40
103	122	41
103	122	42
103	122	43
103	122	44
103	122	45
103	122	46
103	122	47
103	123	32
103	123	33
103	123	34
103	123	35
103	123	36
103	123	37
103	123	38
103	123	39
103	123	40
103	123	41
103	123	42
103	123	43
103	123	44
103	123	45
103	123	46
103	123	47
103	123	48
103	124	32
103	124	33
103	124	34
103	124	35
103	124	36
103	124	37
103	124	38
103	124	39
103	124	40
103	124	41
103	124	42
103	124	43
103	124	44
103	124	45
103	124	46
103	124	47
103	124	48
103	124	49
103	125	32
103	125	33
103	125	34
103	125	35
103	125	36
103	125	37
103	125	38
103	125	39
103	125	40
103	125	41
103	125	42
103	125	43
103	125	44
103	125	45
103	125	46
103	125	47
103	125	48
103	125	49
103	126	32
103	126	33
103	126	34
103	126	35
103	126	36
103	126	37
103	126	38
103	126	39
103	126	40
103	126	41
103	126	42
103	126	43
103	126	44
103	126	45
103	126	46
103	126	47
103	126	48
103	126	49
103	127	35
103	127	36
103	127	37
103	127	38
103	127	39
103	127	40
103	127	41
103	127	42
103	127	43
103	127	44
103	127	45
103	127	46
103	127	47
103	127	48
103	127	49
104	0	36
104	0	37
104	0	38
104	0	39
104	0	40
104	0	41
104	0	42
104	0	43
104	0	44
104	0	45
104	0	46
104	0	47
104	0	48
104	0	49
104	1	37
104	1	38
104	1	39
104	1	40
104	1	41
104	1	42
104	1	43
104	1	44
104	1	45
104	1	46
104	1	47
104	1	48
104	1	49
104	2	38
104	2	39
104	2	40
104	2	41
104	2	42
104	2	43
104	2	44
104	2	45
104	2	46
104	2	47
104	2	48
104	2	49
104	3	40
104	3	41
104	3	42
104	3	43
104	3	44
104	3	45
104	3	46
104	3	47
104	3	48
104	90	49
104	91	49
104	91	50
104	92	48
104	92	49
104	92	50
104	93	47
104	93	48
104	93	49
104	93	50
104	93	51
104	94	46
104	94	47
104	94	48
104	94	49
104	94	50
104	95	46
104	95	47
104	95	48
104	95	49
104	96	42
104	98	38
104	98	39
104	99	37
104	99	38
104	99	39
104	100	37
104	100	38
104	100	39
104	101	34
104	101	37
104	101	38
104	101	39
104	102	36
104	102	37
104	102	38
104	103	36
104	103	37
104	103	38
104	104	38
104	109	32
104	110	32
104	111	32
104	112	32
104	113	32
104	114	32
104	114	33
104	115	30
104	115	31
104	115	32
104	115	33
104	116	29
104	116	30
104	116	31
104	117	29
104	117	30
104	118	41
104	118	42
104	119	37
104	119	38
104	119	39
104	119	40
104	119	41
104	119	42
104	119	43
104	119	44
104	119	45
104	120	33
104	120	34
104	120	35
104	120	36
104	120	37
104	120	38
104	120	39
104	120	40
104	120	41
104	120	42
104	120	43
104	120	44
104	120	45
104	120	46
104	121	32
104	121	33
104	121	34
104	121	35
104	121	36
104	121	37
104	121	38
104	121	39
104	121	40
104	121	41
104	121	42
104	121	43
104	121	44
104	121	45
104	121	46
104	122	32
104	122	33
104	122	34
104	122	35
104	122	36
104	122	37
104	122	38
104	122	39
104	122	40
104	122	41
104	122	42
104	122	43
104	122	44
104	122	45
104	122	46
104	123	32
104	123	33
104	123	34
104	123	35
104	123	36
104	123	37
104	123	38
104	123	39
104	123	40
104	123	41
104	123	42
104	123	43
104	123	44
104	123	45
104	123	46
104	123	47
104	124	31
104	124	32
104	124	33
104	124	34
104	124	35
104	124	36
104	124	37
104	124	38
104	124	39
104	124	40
104	124	41
104	124	42
104	124	43
104	124	44
104	124	45
104	124	46
104	124	47
104	124	48
104	125	31
104	125	32
104	125	33
104	125	34
104	125	35
104	125	36
104	125	37
104	125	38
104	125	39
104	125	40
104	125	41
104	125	42
104	125	43
104	125	44
104	125	45
104	125	46
104	125	47
104	125	48
104	126	33
104	126	34
104	126	35
104	126	36
104	126	37
104	126	38
104	126	39
104	126	40
104	126	41
104	126	42
104	126	43
104	126	44
104	126	45
104	126	46
104	126	47
104	126	48
104	126	49
104	127	35
104	127	36
104	127	37
104	127	38
104	127	39
104	127	40
104	127	41
104	127	42
104	127	43
104	127	44
104	127	45
104	127	46
104	127	47
104	127	48
104	127	49
105	0	37
105	0	38
105	0	39
105	0	40
105	0	41
105	0	42
105	0	43
105	0	44
105	0	45
105	0	46
105	0	47
105	0	48
105	0	49
105	1	37
105	1	38
105	1	39
105	1	40
105	1	41
105	1	42
105	1	43
105	1	44
105	1	45
105	1	46
105	1	47
105	1	48
105	2	37
105	2	38
105	2	39
105	2	40
105	2	41
105	2	42
105	2	43
105	2	44
105	2	45
105	2	46
105	2	47
105	3	39
105	3	40
105	3	41
105	3	42
105	92	49
105	92	50
105	93	49
105	94	48
105	94	49
105	94	50
105	99	38
105	100	36
105	100	37
105	100	38
105	101	35
105	101	36
105	101	37
105	102	35
105	102	36
105	102	37
105	103	37
105	108	31
105	109	31
105	110	31
105	111	31
105	112	31
105	113	31
105	114	31
105	115	30
105	115	31
105	115	32
105	116	29
105	116	30
105	116	31
105	117	28
105	117	29
105	117	30
105	118	40
105	119	37
105	119	38
105	119	39
105	119	40
105	119	41
105	119	42
105	119	43
105	120	34
105	120	35
105	120	36
105	120	37
105	120	38
105	120	39
105	120	40
105	120	41
105	120	42
105	120	43
105	120	44
105	120	45
105	120	46
105	121	32
105	121	33
105	121	34
105	121	35
105	121	36
105	121	37
105	121	38
105	121	39
105	121	40
105	121	41
105	121	42
105	121	43
105	121	44
105	121	45
105	121	46
105	122	32
105	122	33
105	122	34
105	122	35
105	122	36
105	122	37
105	122	38
105	122	39
105	122	40
105	122	41
105	122	42
105	122	43
105	122	44
105	122	45
105	122	46
105	123	32
105	123	33
105	123	34
105	123	35
105	123	36
105	123	37
105	123	38
105	123	39
105	123	40
105	123	41
105	123	42
105	123	43
105	123	44
105	123	45
105	123	46
105	124	31
105	124	32
105	124	33
105	124	34
105	124	35
105	124	36
105	124	37
105	124	38
105	124	39
105	124	40
105	124	41
105	124	42
105	124	43
105	124	44
105	124	45
105	124	46
105	124	47
105	125	31
105	125	32
105	125	33
105	125	34
105	125	35
105	125	36
105	125	37
105	125	38
105	125	39
105	125	40
105	125	41
105	125	42
105	125	43
105	125	44
105	125	45
105	125	46
105	125	47
105	125	48
105	126	35
105	126	36
105	126	37
105	126	38
105	126	39
105	126	40
105	126	41
105	126	42
105	126	43
105	126	44
105	126	45
105	126	46
105	126	47
105	126	48
105	127	36
105	127	37
105	127	38
105	127	39
105	127	40
105	127	41
105	127	42
105	127	43
105	127	44
105	127	45
105	127	46
105	127	47
105	127	48
105	127	49
106	0	38
106	0	39
106	0	40
106	0	41
106	0	42
106	0	43
106	0	44
106	0	45
106	0	46
106	0	47
106	1	38
106	1	39
106	1	40
106	1	41
106	1	42
106	1	43
106	1	44
106	1	45
106	1	46
106	2	37
106	2	38
106	2	39
106	2	40
106	2	41
106	3	38
106	3	39
106	101	36
106	102	36
106	107	30
106	108	30
106	109	30
106	110	30
106	111	30
106	112	30
106	113	30
106	114	30
106	115	30
106	116	29
106	116	30
106	116	31
106	117	28
106	117	29
106	117	30
106	118	28
106	118	29
106	118	39
106	119	37
106	119	38
106	119	39
106	119	40
106	119	41
106	120	35
106	120	36
106	120	37
106	120	38
106	120	39
106	120	40
106	120	41
106	120	42
106	120	43
106	120	44
106	120	45
106	121	33
106	121	34
106	121	35
106	121	36
106	121	37
106	121	38
106	121	39
106	121	40
106	121	41
106	121	42
106	121	43
106	121	44
106	121	45
106	122	32
106	122	33
106	122	34
106	122	35
106	122	36
106	122	37
106	122	38
106	122	39
106	122	40
106	122	41
106	122	42
106	122	43
106	122	44
106	122	45
106	122	46
106	123	32
106	123	33
106	123	34
106	123	35
106	123	36
106	123	37
106	123	38
106	123	39
106	123	40
106	123	41
106	123	42
106	123	43
106	123	44
106	123	45
106	123	46
106	124	31
106	124	32
106	124	33
106	124	34
106	124	35
106	124	36
106	124	37
106	124	38
106	124	39
106	124	40
106	124	41
106	124	42
106	124	43
106	124	44
106	124	45
106	124	46
106	124	47
106	125	31
106	125	32
106	125	33
106	125	36
106	125	37
106	125	38
106	125	39
106	125	40
106	125	41
106	125	42
106	125	43
106	125	44
106	125	45
106	125	46
106	125	47
106	125	48
106	126	37
106	126	38
106	126	39
106	126	40
106	126	41
106	126	42
106	126	43
106	126	44
106	126	45
106	126	46
106	126	47
106	126	48
106	127	38
106	127	39
106	127	40
106	127	41
106	127	42
106	127	43
106	127	44
106	127	45
106	127	46
106	127	47
106	127	48
107	0	39
107	0	40
107	0	41
107	0	42
107	0	43
107	0	44
107	0	45
107	1	38
107	1	39
107	1	40
107	2	37
107	2	38
107	2	39
107	3	38
107	3	39
107	110	29
107	111	29
107	112	29
107	113	29
107	114	29
107	115	29
107	116	29
107	117	28
107	117	29
107	117	30
107	118	27
107	118	28
107	118	29
107	119	28
107	119	37
107	119	38
107	119	39
107	119	40
107	120	35
107	120	36
107	120	37
107	120	38
107	120	39
107	121	34
107	121	35
107	121	36
107	121	37
107	121	38
107	121	39
107	121	40
107	122	34
107	122	35
107	122	36
107	122	37
107	122	38
107	122	39
107	122	40
107	123	34
107	123	35
107	123	36
107	123	37
107	123	38
107	123	39
107	123	40
107	124	35
107	124	37
107	124	38
107	124	39
107	124	40
107	125	38
107	125	39
107	125	40
107	126	39
107	126	40
107	126	41
107	127	39
107	127	40
107	127	41
107	127	42
107	127	43
107	127	44
107	127	45
108	1	38
108	2	37
108	2	38
108	3	37
108	3	38
108	4	38
108	111	28
108	112	28
108	113	28
108	114	28
108	115	28
108	116	28
108	117	28
108	118	27
108	118	28
108	118	29
108	118	30
108	118	31
108	118	38
108	119	26
108	119	27
108	119	28
108	119	35
108	119	36
108	119	37
109	2	37
109	113	27
109	114	27
109	115	27
109	116	27
109	117	27
109	118	27
109	119	26
109	119	27
