#i	j	k
106	96	116
106	96	117
106	96	118
106	97	116
106	97	117
106	97	118
106	97	119
106	97	120
106	98	117
106	98	118
106	98	119
106	99	117
106	99	118
106	99	119
106	100	117
106	100	118
106	100	119
107	95	115
107	96	115
107	96	116
107	96	117
107	96	118
107	96	119
107	97	115
107	97	116
107	97	117
107	97	118
107	97	119
107	97	120
107	98	115
107	98	116
107	98	117
107	98	118
107	98	119
107	98	120
107	99	115
107	99	116
107	99	117
107	99	118
107	99	119
107	99	120
107	100	116
107	100	117
107	100	118
107	100	119
107	100	120
107	101	116
107	101	117
107	101	118
107	101	119
107	101	120
108	95	116
108	95	117
108	95	118
108	95	119
108	96	116
108	96	117
108	96	118
108	96	119
108	96	120
108	97	115
108	97	116
108	97	117
108	97	118
108	97	119
108	97	120
108	98	115
108	98	116
108	98	117
108	98	118
108	98	119
108	98	120
108	99	115
108	99	116
108	99	117
108	99	118
108	99	119
108	99	120
108	100	115
108	100	116
108	100	117
108	100	118
108	100	119
108	100	120
108	101	116
108	101	117
108	101	118
108	101	119
108	101	120
108	102	117
108	102	118
108	102	119
108	102	120
109	95	116
109	95	117
109	95	118
109	95	119
109	96	116
109	96	117
109	96	118
109	96	119
109	96	120
109	97	116
109	97	117
109	97	118
109	97	119
109	97	120
109	98	116
109	98	117
109	98	118
109	98	119
109	98	120
109	99	116
109	99	117
109	99	118
109	99	119
109	99	120
109	100	116
109	100	117
109	100	118
109	100	119
109	100	120
109	100	121
109	101	116
109	101	117
109	101	118
109	101	119
109	101	120
109	101	121
109	102	117
109	102	118
109	102	119
109	102	120
109	102	121
109	103	117
109	103	118
109	103	119
109	103	120
109	103	121
109	104	117
109	104	118
109	104	119
109	104	120
109	104	121
110	96	117
110	96	118
110	96	119
110	96	120
110	97	116
110	97	117
110	97	118
110	97	119
110	97	120
110	98	116
110	98	117
110	98	118
110	98	119
110	98	120
110	99	116
110	99	117
110	99	118
110	99	119
110	99	120
110	99	121
110	100	116
110	100	117
110	100	118
110	100	119
110	100	120
110	100	121
110	101	116
110	101	117
110	101	118
110	101	119
110	101	120
110	101	121
110	102	116
110	102	117
110	102	118
110	102	119
110	102	120
110	102	121
110	103	116
110	103	117
110	103	118
110	103	119
110	103	120
110	103	121
110	104	117
110	104	118
110	104	119
110	104	120
110	104	121
110	104	122
110	105	118
110	105	119
110	105	120
110	105	121
110	105	122
110	106	120
110	106	121
111	96	117
111	96	118
111	96	119
111	97	117
111	97	118
111	97	119
111	97	120
111	98	116
111	98	117
111	98	118
111	98	119
111	98	120
111	99	117
111	99	118
111	99	119
111	99	120
111	99	121
111	100	117
111	100	118
111	100	119
111	100	120
111	100	121
111	101	117
111	101	118
111	101	119
111	101	120
111	101	121
111	102	117
111	102	118
111	102	119
111	102	120
111	102	121
111	103	117
111	103	118
111	103	119
111	103	120
111	103	121
111	104	117
111	104	118
111	104	119
111	104	120
111	104	121
111	104	122
111	105	117
111	105	118
111	105	119
111	105	120
111	105	121
111	105	122
111	106	119
111	106	120
111	106	121
111	106	122
111	107	122
112	96	118
112	97	117
112	97	118
112	97	119
112	97	120
112	98	117
112	98	118
112	98	119
112	98	120
112	98	121
112	99	117
112	99	118
112	99	119
112	99	120
112	99	121
112	100	117
112	100	118
112	100	119
112	100	120
112	100	121
112	101	117
112	101	118
112	101	119
112	101	120
112	101	121
112	102	117
112	102	118
112	102	119
112	102	120
112	102	121
112	103	117
112	103	118
112	103	119
112	103	120
112	103	121
112	104	117
112	104	118
112	104	119
112	104	120
112	104	121
112	104	122
112	105	118
112	105	119
112	105	120
112	105	121
112	105	122
112	106	119
112	106	120
112	106	121
112	106	122
112	107	120
112	107	121
113	97	118
113	97	119
113	97	120
113	98	117
113	98	118
113	98	119
113	98	120
113	98	121
113	99	117
113	99	118
113	99	119
113	99	120
113	99	121
113	100	117
113	100	118
113	100	119
113	100	120
113	100	121
113	101	117
113	101	118
113	101	119
113	101	120
113	101	121
113	102	117
113	102	118
113	102	119
113	102	120
113	102	121
113	103	117
113	103	118
113	103	119
113	103	120
113	103	121
113	104	117
113	104	118
113	104	119
113	104	120
113	104	121
113	104	122
113	105	118
113	105	119
113	105	120
113	105	121
113	106	119
113	106	120
113	106	121
113	107	120
113	107	121
113	108	121
114	97	118
114	97	119
114	97	120
114	98	117
114	98	118
114	98	119
114	98	120
114	98	121
114	99	117
114	99	118
114	99	119
114	99	120
114	99	121
114	100	117
114	100	118
114	100	119
114	100	120
114	100	121
114	101	117
114	101	118
114	101	119
114	101	120
114	101	121
114	102	117
114	102	118
114	102	119
114	102	120
114	102	121
114	103	117
114	103	118
114	103	119
114	103	120
114	103	121
114	104	117
114	104	118
114	104	119
114	104	120
114	104	121
114	105	118
114	105	119
114	105	120
114	105	121
114	106	119
114	106	120
114	106	121
114	107	120
115	96	119
115	97	118
115	97	119
115	97	120
115	98	117
115	98	118
115	98	119
115	98	120
115	98	121
115	99	117
115	99	118
115	99	119
115	99	120
115	99	121
115	100	117
115	100	118
115	100	119
115	100	120
115	100	121
115	101	117
115	101	118
115	101	119
115	101	120
115	101	121
115	102	117
115	102	118
115	102	119
115	102	120
115	102	121
115	103	117
115	103	118
115	103	119
115	103	120
115	103	121
115	104	117
115	104	118
115	104	119
115	104	120
115	104	121
115	105	118
115	105	119
115	105	120
115	105	121
115	106	119
115	106	120
115	107	120
116	96	118
116	96	119
116	96	120
116	97	117
116	97	118
116	97	119
116	97	120
116	98	117
116	98	118
116	98	119
116	98	120
116	98	121
116	99	117
116	99	118
116	99	119
116	99	120
116	99	121
116	100	116
116	100	117
116	100	118
116	100	119
116	100	120
116	100	121
116	101	116
116	101	117
116	101	118
116	101	119
116	101	120
116	101	121
116	102	117
116	102	118
116	102	119
116	102	120
116	102	121
116	103	117
116	103	118
116	103	119
116	103	120
116	103	121
116	104	117
116	104	118
116	104	119
116	104	120
116	105	118
116	105	119
116	105	120
116	106	119
117	95	119
117	96	118
117	96	119
117	96	120
117	97	118
117	97	119
117	97	120
117	98	118
117	98	119
117	98	120
117	98	121
117	99	117
117	99	118
117	99	119
117	99	120
117	99	121
117	100	117
117	100	118
117	100	119
117	100	120
117	100	121
117	101	116
117	101	117
117	101	118
117	101	119
117	101	120
117	101	121
117	102	116
117	102	117
117	102	118
117	102	119
117	102	120
117	102	121
117	103	117
117	103	118
117	103	119
117	103	120
117	104	117
117	104	118
117	104	119
117	104	120
117	105	118
117	105	119
118	95	119
118	96	118
118	96	119
118	96	120
118	97	118
118	97	119
118	97	120
118	98	118
118	98	119
118	98	120
118	99	118
118	99	119
118	99	120
118	99	121
118	100	118
118	100	119
118	100	120
118	100	121
118	101	117
118	101	118
118	101	119
118	101	120
118	101	121
118	102	116
118	102	117
118	102	118
118	102	119
118	102	120
118	103	116
118	103	117
118	103	118
118	103	119
118	103	120
118	104	116
118	104	117
118	104	118
118	104	119
118	105	116
118	105	117
119	97	119
119	98	119
119	98	120
119	99	119
119	99	120
119	100	119
119	100	120
119	101	118
119	101	119
119	101	120
119	102	118
119	102	119
119	103	118
