#i	j	k
96	42	94
96	42	95
96	43	94
96	43	95
96	44	94
96	44	95
97	41	93
97	41	94
97	42	93
97	42	94
97	42	95
97	42	96
97	42	97
97	43	93
97	43	94
97	43	95
97	43	96
97	43	97
97	44	93
97	44	94
97	44	95
97	44	96
97	44	97
97	45	93
97	45	94
98	40	93
98	41	93
98	41	94
98	41	95
98	41	96
98	41	97
98	41	98
98	42	93
98	42	94
98	42	95
98	42	96
98	42	97
98	42	98
98	43	93
98	43	94
98	43	95
98	43	96
98	43	97
98	43	98
98	44	92
98	44	93
98	44	94
98	44	95
98	44	96
98	44	97
98	44	98
98	45	92
98	45	93
98	45	94
98	45	95
98	45	96
98	45	97
98	45	98
98	46	93
99	40	93
99	40	94
99	40	95
99	40	96
99	40	97
99	40	98
99	40	99
99	41	93
99	41	94
99	41	95
99	41	96
99	41	97
99	41	98
99	41	99
99	42	93
99	42	94
99	42	95
99	42	96
99	42	97
99	42	98
99	42	99
99	43	92
99	43	93
99	43	94
99	43	95
99	43	96
99	43	97
99	43	98
99	43	99
99	44	92
99	44	93
99	44	94
99	44	95
99	44	96
99	44	97
99	44	98
99	45	93
99	45	94
99	45	95
99	45	96
99	45	97
99	46	95
99	46	98
100	39	93
100	39	94
100	39	95
100	39	96
100	39	97
100	39	98
100	39	99
100	40	93
100	40	94
100	40	95
100	40	96
100	40	97
100	40	98
100	40	99
100	41	93
100	41	94
100	41	95
100	41	96
100	41	97
100	41	98
100	41	99
100	41	100
100	42	92
100	42	93
100	42	94
100	42	95
100	42	96
100	42	97
100	42	98
100	42	99
100	43	92
100	43	93
100	43	94
100	43	95
100	43	96
100	43	97
100	43	98
100	44	92
100	44	93
100	44	94
100	44	95
100	44	96
100	44	97
100	45	94
100	45	95
100	45	98
100	46	97
101	38	94
101	38	95
101	38	96
101	38	97
101	38	98
101	38	99
101	39	93
101	39	94
101	39	95
101	39	96
101	39	97
101	39	98
101	39	99
101	40	93
101	40	94
101	40	95
101	40	96
101	40	97
101	40	98
101	40	99
101	40	100
101	41	92
101	41	93
101	41	94
101	41	95
101	41	96
101	41	97
101	41	98
101	41	99
101	41	100
101	42	92
101	42	93
101	42	94
101	42	95
101	42	96
101	42	97
101	42	98
101	42	99
101	43	92
101	43	93
101	43	94
101	43	95
101	43	96
101	43	97
101	44	92
101	44	93
101	44	94
101	44	95
101	44	96
101	45	94
102	37	94
102	37	95
102	37	96
102	37	97
102	37	98
102	37	99
102	37	100
102	38	94
102	38	95
102	38	96
102	38	97
102	38	98
102	38	99
102	38	100
102	39	94
102	39	95
102	39	96
102	39	97
102	39	98
102	39	99
102	39	100
102	40	94
102	40	95
102	40	96
102	40	97
102	40	98
102	40	99
102	40	100
102	41	94
102	41	95
102	41	96
102	41	97
102	41	98
102	41	99
102	41	100
102	42	94
102	42	95
102	42	96
102	42	97
102	42	98
102	42	99
102	43	94
102	43	95
102	43	96
102	43	97
102	44	94
102	44	95
102	44	96
103	36	94
103	36	95
103	36	96
103	36	97
103	36	98
103	36	99
103	36	100
103	36	101
103	37	95
103	37	96
103	37	97
103	37	98
103	37	99
103	37	100
103	37	101
103	38	95
103	38	96
103	38	97
103	38	98
103	38	99
103	38	100
103	38	101
103	39	96
103	39	97
103	39	98
103	39	99
103	39	100
103	39	101
103	40	97
103	40	98
103	40	99
103	40	100
103	41	97
103	41	98
103	41	99
103	41	100
103	42	97
103	42	98
103	42	99
103	43	97
104	35	94
104	35	95
104	35	96
104	35	97
104	35	98
104	35	99
104	35	100
104	35	101
104	35	102
104	36	94
104	36	95
104	36	96
104	36	97
104	36	98
104	36	99
104	36	100
104	36	101
104	37	97
104	37	98
104	37	99
104	37	100
104	38	97
104	38	98
104	38	99
104	39	98
104	39	99
104	40	98
104	40	99
104	41	98
105	34	98
105	34	99
105	34	100
105	35	95
105	35	96
105	35	97
105	35	98
105	35	99
105	35	100
105	35	101
105	36	98
105	36	99
105	36	100
105	37	98
105	37	99
106	34	98
106	34	99
106	34	100
106	35	99
106	36	99
107	33	100
107	33	101
108	32	99
108	32	100
108	32	101
108	33	98
108	33	99
108	33	100
108	33	101
108	33	102
108	34	97
108	34	98
108	34	99
108	34	100
108	34	101
109	31	99
109	31	100
109	31	101
109	32	97
109	32	98
109	32	99
109	32	100
109	32	101
109	32	102
109	33	96
109	33	97
109	33	98
109	33	99
109	33	100
109	33	101
109	33	102
109	34	95
109	34	96
109	34	97
109	34	98
109	34	99
109	34	100
109	34	101
109	34	102
109	35	95
109	35	96
109	35	97
109	35	98
109	35	99
109	35	100
109	36	95
109	36	96
110	31	97
110	31	98
110	31	99
110	31	100
110	31	101
110	31	102
110	32	96
110	32	97
110	32	98
110	32	99
110	32	100
110	32	101
110	32	102
110	33	95
110	33	96
110	33	97
110	33	98
110	33	99
110	33	100
110	33	101
110	33	102
110	34	94
110	34	95
110	34	96
110	34	97
110	34	98
110	34	99
110	34	100
110	34	101
110	34	102
110	35	92
110	35	93
110	35	94
110	35	95
110	35	96
110	35	97
110	35	98
110	35	99
110	35	100
110	35	101
110	36	92
110	36	93
110	36	94
110	36	95
110	36	96
110	36	97
110	36	98
110	36	99
110	37	95
110	37	96
111	31	98
111	31	99
111	31	100
111	31	101
111	31	102
111	32	95
111	32	96
111	32	97
111	32	98
111	32	99
111	32	100
111	32	101
111	32	102
111	33	93
111	33	94
111	33	95
111	33	96
111	33	97
111	33	98
111	33	99
111	33	100
111	33	101
111	33	102
111	34	93
111	34	94
111	34	95
111	34	96
111	34	97
111	34	98
111	34	99
111	34	100
111	34	101
111	34	102
111	35	93
111	35	94
111	35	95
111	35	96
111	35	97
111	35	98
111	35	99
111	35	100
111	35	101
111	35	102
111	36	93
111	36	94
111	36	95
111	36	96
111	36	97
111	36	98
111	36	99
111	36	100
111	36	101
111	37	94
111	37	95
111	37	96
111	37	97
111	38	95
111	38	96
112	31	98
112	31	99
112	31	100
112	31	101
112	31	102
112	32	95
112	32	96
112	32	97
112	32	98
112	32	99
112	32	100
112	32	101
112	32	102
112	32	103
112	33	93
112	33	94
112	33	95
112	33	96
112	33	97
112	33	98
112	33	99
112	33	100
112	33	101
112	33	102
112	33	103
112	34	94
112	34	95
112	34	96
112	34	97
112	34	98
112	34	99
112	34	100
112	34	101
112	34	102
112	34	103
112	35	94
112	35	95
112	35	96
112	35	97
112	35	98
112	35	99
112	35	100
112	35	101
112	35	102
112	36	95
112	36	96
112	36	97
112	36	98
112	36	99
112	36	100
112	36	101
112	36	102
112	37	95
112	37	96
112	37	97
112	37	98
112	37	99
112	37	100
112	38	95
112	38	96
113	31	99
113	31	100
113	31	101
113	31	102
113	32	97
113	32	98
113	32	99
113	32	100
113	32	101
113	32	102
113	32	103
113	33	93
113	33	94
113	33	95
113	33	96
113	33	97
113	33	98
113	33	99
113	33	100
113	33	101
113	33	102
113	33	103
113	34	94
113	34	95
113	34	96
113	34	97
113	34	98
113	34	99
113	34	100
113	34	101
113	34	102
113	34	103
113	35	94
113	35	95
113	35	96
113	35	97
113	35	98
113	35	99
113	35	100
113	35	101
113	35	102
113	35	103
113	36	95
113	36	96
113	36	97
113	36	98
113	36	99
113	36	100
113	36	101
113	36	102
113	36	103
113	37	95
113	37	96
113	37	97
113	37	98
113	37	99
113	37	100
113	37	101
113	37	102
113	38	95
113	38	96
113	38	97
114	31	101
114	31	102
114	32	99
114	32	100
114	32	101
114	32	102
114	32	103
114	33	97
114	33	98
114	33	99
114	33	100
114	33	101
114	33	102
114	33	103
114	33	104
114	34	95
114	34	96
114	34	97
114	34	98
114	34	99
114	34	100
114	34	101
114	34	102
114	34	103
114	34	104
114	35	95
114	35	96
114	35	97
114	35	98
114	35	99
114	35	100
114	35	101
114	35	102
114	35	103
114	36	95
114	36	96
114	36	97
114	36	98
114	36	99
114	36	100
114	36	101
114	36	102
114	37	95
114	37	96
114	37	97
114	37	98
114	37	99
114	37	100
114	37	101
114	38	95
114	38	96
114	38	97
114	38	98
114	38	99
114	38	100
115	32	100
115	32	101
115	32	102
115	33	99
115	33	100
115	33	101
115	33	102
115	33	103
115	34	98
115	34	99
115	34	100
115	34	101
115	34	102
115	34	103
115	34	104
115	35	95
115	35	96
115	35	97
115	35	98
115	35	99
115	35	100
115	35	101
115	35	102
115	35	103
115	36	95
115	36	96
115	36	97
115	36	98
115	36	99
115	36	100
115	36	101
115	36	102
115	37	95
115	37	96
115	37	97
115	37	98
115	37	99
115	37	100
115	38	97
115	38	98
115	38	99
116	33	100
116	33	101
116	33	102
116	34	99
116	34	100
116	34	101
116	34	102
116	34	103
116	35	98
116	35	99
116	35	100
116	35	101
116	35	102
116	35	103
116	36	97
116	36	98
116	36	99
116	36	100
116	36	101
116	36	102
116	37	97
116	37	98
116	37	99
116	37	100
116	38	99
117	34	101
117	34	102
117	35	100
117	35	101
117	35	102
117	36	99
117	36	100
117	37	99
117	38	99
118	37	99
