#i	j	k
68	44	114
69	41	114
69	42	114
69	43	114
69	43	115
69	44	114
69	44	115
69	45	113
69	45	114
69	45	115
69	46	115
69	47	115
69	48	115
69	48	116
69	49	115
69	49	116
69	50	115
69	50	116
69	51	115
69	51	116
69	52	115
70	41	114
70	42	113
70	42	114
70	42	115
70	43	113
70	43	114
70	43	115
70	44	113
70	44	114
70	44	115
70	45	113
70	45	114
70	45	115
70	46	111
70	46	112
70	46	113
70	46	114
70	46	115
70	46	116
70	47	114
70	47	115
70	47	116
70	48	114
70	48	115
70	48	116
70	49	114
70	49	115
70	49	116
70	50	114
70	50	115
70	50	116
70	51	114
70	51	115
70	51	116
70	52	115
70	52	116
70	53	116
71	41	114
71	41	115
71	42	111
71	42	112
71	42	113
71	42	114
71	42	115
71	43	111
71	43	112
71	43	113
71	43	114
71	43	115
71	44	111
71	44	112
71	44	113
71	44	114
71	44	115
71	44	116
71	45	110
71	45	111
71	45	112
71	45	113
71	45	114
71	45	115
71	45	116
71	46	111
71	46	112
71	46	113
71	46	114
71	46	115
71	46	116
71	47	111
71	47	112
71	47	113
71	47	114
71	47	115
71	47	116
71	48	113
71	48	114
71	48	115
71	48	116
71	49	113
71	49	114
71	49	115
71	49	116
71	49	117
71	50	113
71	50	114
71	50	115
71	50	116
71	50	117
71	51	114
71	51	115
71	51	116
71	51	117
71	52	115
71	52	116
71	52	117
71	53	116
71	53	117
72	41	110
72	41	111
72	41	112
72	41	113
72	41	114
72	41	115
72	42	110
72	42	111
72	42	112
72	42	113
72	42	114
72	42	115
72	42	116
72	43	108
72	43	110
72	43	111
72	43	112
72	43	113
72	43	114
72	43	115
72	43	116
72	44	109
72	44	110
72	44	111
72	44	112
72	44	113
72	44	114
72	44	115
72	44	116
72	45	110
72	45	111
72	45	112
72	45	113
72	45	114
72	45	115
72	45	116
72	46	110
72	46	111
72	46	112
72	46	113
72	46	114
72	46	115
72	46	116
72	46	117
72	47	111
72	47	112
72	47	113
72	47	114
72	47	115
72	47	116
72	47	117
72	48	111
72	48	112
72	48	113
72	48	114
72	48	115
72	48	116
72	48	117
72	49	111
72	49	112
72	49	113
72	49	114
72	49	115
72	49	116
72	49	117
72	50	111
72	50	112
72	50	113
72	50	114
72	50	115
72	50	116
72	50	117
72	50	118
72	51	114
72	51	115
72	51	116
72	51	117
72	51	118
72	52	115
72	52	116
72	52	117
72	52	118
72	53	116
72	53	117
72	54	113
72	54	114
72	54	115
72	54	116
72	54	117
73	40	110
73	40	111
73	40	112
73	40	113
73	40	114
73	40	115
73	41	110
73	41	111
73	41	112
73	41	113
73	41	114
73	41	115
73	41	116
73	42	109
73	42	110
73	42	111
73	42	112
73	42	113
73	42	114
73	42	115
73	42	116
73	43	109
73	43	110
73	43	111
73	43	112
73	43	113
73	43	114
73	43	115
73	43	116
73	44	109
73	44	110
73	44	111
73	44	112
73	44	113
73	44	114
73	44	115
73	44	116
73	44	117
73	45	109
73	45	110
73	45	111
73	45	112
73	45	113
73	45	114
73	45	115
73	45	116
73	45	117
73	46	110
73	46	111
73	46	112
73	46	113
73	46	114
73	46	115
73	46	116
73	46	117
73	47	110
73	47	111
73	47	112
73	47	113
73	47	114
73	47	115
73	47	116
73	47	117
73	47	118
73	48	110
73	48	111
73	48	112
73	48	113
73	48	114
73	48	115
73	48	116
73	48	117
73	48	118
73	49	110
73	49	111
73	49	112
73	49	113
73	49	114
73	49	115
73	49	116
73	49	117
73	49	118
73	50	110
73	50	111
73	50	112
73	50	113
73	50	114
73	50	115
73	50	116
73	50	117
73	50	118
73	50	119
73	51	110
73	51	111
73	51	112
73	51	113
73	51	114
73	51	115
73	51	116
73	51	117
73	51	118
73	52	115
73	52	116
73	52	117
73	52	118
73	53	110
73	53	113
73	53	114
73	53	115
73	53	116
73	53	117
73	53	118
73	54	111
73	54	112
73	54	113
73	54	114
73	54	115
73	54	116
73	54	117
73	54	118
74	39	110
74	39	111
74	39	112
74	39	113
74	39	114
74	39	115
74	40	110
74	40	111
74	40	112
74	40	113
74	40	114
74	40	115
74	41	110
74	41	111
74	41	112
74	41	113
74	41	114
74	41	115
74	41	116
74	42	109
74	42	110
74	42	111
74	42	112
74	42	113
74	42	114
74	42	115
74	42	116
74	42	117
74	43	109
74	43	110
74	43	111
74	43	112
74	43	113
74	43	114
74	43	115
74	43	116
74	43	117
74	44	109
74	44	110
74	44	111
74	44	112
74	44	113
74	44	114
74	44	115
74	44	116
74	44	117
74	45	109
74	45	110
74	45	111
74	45	112
74	45	113
74	45	114
74	45	115
74	45	116
74	45	117
74	45	118
74	46	109
74	46	110
74	46	111
74	46	112
74	46	113
74	46	114
74	46	115
74	46	116
74	46	117
74	46	118
74	47	109
74	47	110
74	47	111
74	47	112
74	47	113
74	47	114
74	47	115
74	47	116
74	47	117
74	47	118
74	48	109
74	48	110
74	48	111
74	48	112
74	48	113
74	48	114
74	48	115
74	48	116
74	48	117
74	48	118
74	48	119
74	49	109
74	49	110
74	49	111
74	49	112
74	49	113
74	49	114
74	49	115
74	49	116
74	49	117
74	49	118
74	49	119
74	50	110
74	50	111
74	50	112
74	50	113
74	50	114
74	50	115
74	50	116
74	50	117
74	50	118
74	50	119
74	51	110
74	51	111
74	51	112
74	51	113
74	51	114
74	51	115
74	51	116
74	51	117
74	51	118
74	51	119
74	51	120
74	52	110
74	52	111
74	52	112
74	52	113
74	52	114
74	52	115
74	52	116
74	52	117
74	52	118
74	52	119
74	52	120
74	53	110
74	53	111
74	53	112
74	53	113
74	53	114
74	53	115
74	53	116
74	53	117
74	53	118
74	53	119
74	54	111
74	54	112
74	54	113
74	54	114
74	54	115
74	54	116
74	54	117
74	54	118
74	54	119
75	38	111
75	38	112
75	38	113
75	38	114
75	38	115
75	38	116
75	39	110
75	39	111
75	39	112
75	39	113
75	39	114
75	39	115
75	39	116
75	40	110
75	40	111
75	40	112
75	40	113
75	40	114
75	40	115
75	40	116
75	41	110
75	41	111
75	41	112
75	41	113
75	41	114
75	41	115
75	41	116
75	41	117
75	42	109
75	42	110
75	42	111
75	42	112
75	42	113
75	42	114
75	42	115
75	42	116
75	42	117
75	43	109
75	43	110
75	43	111
75	43	112
75	43	113
75	43	114
75	43	115
75	43	116
75	43	117
75	43	118
75	44	109
75	44	110
75	44	111
75	44	112
75	44	113
75	44	114
75	44	115
75	44	116
75	44	117
75	44	118
75	45	109
75	45	110
75	45	111
75	45	112
75	45	113
75	45	114
75	45	115
75	45	116
75	45	117
75	45	118
75	45	119
75	46	109
75	46	110
75	46	111
75	46	112
75	46	113
75	46	114
75	46	115
75	46	116
75	46	117
75	46	118
75	46	119
75	47	108
75	47	109
75	47	110
75	47	111
75	47	112
75	47	113
75	47	114
75	47	115
75	47	116
75	47	117
75	47	118
75	47	119
75	48	108
75	48	109
75	48	110
75	48	111
75	48	112
75	48	113
75	48	114
75	48	115
75	48	116
75	48	117
75	48	118
75	48	119
75	48	120
75	49	109
75	49	110
75	49	111
75	49	112
75	49	113
75	49	114
75	49	115
75	49	116
75	49	117
75	49	118
75	49	119
75	49	120
75	50	110
75	50	111
75	50	112
75	50	113
75	50	114
75	50	115
75	50	116
75	50	117
75	50	118
75	50	119
75	50	120
75	51	110
75	51	111
75	51	112
75	51	113
75	51	114
75	51	115
75	51	116
75	51	117
75	51	118
75	51	119
75	51	120
75	52	110
75	52	111
75	52	112
75	52	113
75	52	114
75	52	115
75	52	116
75	52	117
75	52	118
75	52	119
75	52	120
75	53	111
75	53	112
75	53	113
75	53	114
75	53	115
75	53	116
75	53	117
75	53	118
75	53	119
75	53	120
75	53	121
75	54	120
75	54	121
76	37	112
76	37	113
76	37	114
76	37	115
76	37	116
76	37	117
76	38	111
76	38	112
76	38	113
76	38	114
76	38	115
76	38	116
76	38	117
76	39	111
76	39	112
76	39	113
76	39	114
76	39	115
76	39	116
76	39	117
76	40	110
76	40	111
76	40	112
76	40	113
76	40	114
76	40	115
76	40	116
76	40	117
76	41	110
76	41	111
76	41	112
76	41	113
76	41	114
76	41	115
76	41	116
76	41	117
76	42	110
76	42	111
76	42	112
76	42	113
76	42	114
76	42	115
76	42	116
76	42	117
76	42	118
76	43	110
76	43	111
76	43	112
76	43	113
76	43	114
76	43	115
76	43	116
76	43	117
76	43	118
76	44	109
76	44	110
76	44	111
76	44	112
76	44	113
76	44	114
76	44	115
76	44	116
76	44	117
76	44	118
76	44	119
76	45	109
76	45	110
76	45	111
76	45	112
76	45	113
76	45	114
76	45	115
76	45	116
76	45	117
76	45	118
76	45	119
76	46	109
76	46	110
76	46	111
76	46	112
76	46	113
76	46	114
76	46	115
76	46	116
76	46	117
76	46	118
76	46	119
76	46	120
76	47	108
76	47	109
76	47	110
76	47	111
76	47	112
76	47	113
76	47	114
76	47	115
76	47	116
76	47	117
76	47	118
76	47	119
76	47	120
76	48	108
76	48	109
76	48	110
76	48	111
76	48	112
76	48	113
76	48	114
76	48	115
76	48	116
76	48	117
76	48	118
76	48	119
76	48	120
76	49	110
76	49	111
76	49	112
76	49	113
76	49	114
76	49	115
76	49	116
76	49	117
76	49	118
76	49	119
76	49	120
76	49	121
76	50	110
76	50	111
76	50	112
76	50	113
76	50	114
76	50	115
76	50	116
76	50	117
76	50	118
76	50	119
76	50	120
76	50	121
76	51	110
76	51	111
76	51	112
76	51	113
76	51	114
76	51	115
76	51	116
76	51	117
76	51	118
76	51	119
76	51	120
76	51	121
76	52	110
76	52	111
76	52	112
76	52	113
76	52	114
76	52	115
76	52	116
76	52	117
76	52	118
76	52	119
76	52	120
76	52	121
76	53	119
76	53	120
76	53	121
76	53	122
76	54	120
76	54	121
76	54	122
76	55	121
76	55	122
76	56	122
77	36	113
77	36	114
77	36	115
77	36	116
77	36	117
77	37	113
77	37	114
77	37	115
77	37	116
77	37	117
77	38	113
77	38	114
77	38	115
77	38	116
77	38	117
77	39	111
77	39	112
77	39	113
77	39	114
77	39	115
77	39	116
77	39	117
77	40	111
77	40	112
77	40	113
77	40	114
77	40	115
77	40	116
77	40	117
77	41	110
77	41	111
77	41	112
77	41	113
77	41	114
77	41	115
77	41	116
77	41	117
77	41	118
77	42	110
77	42	111
77	42	112
77	42	113
77	42	114
77	42	115
77	42	116
77	42	117
77	42	118
77	42	119
77	43	110
77	43	111
77	43	112
77	43	113
77	43	114
77	43	115
77	43	116
77	43	117
77	43	118
77	43	119
77	44	110
77	44	111
77	44	112
77	44	113
77	44	114
77	44	115
77	44	116
77	44	117
77	44	118
77	44	119
77	44	120
77	45	110
77	45	111
77	45	112
77	45	113
77	45	114
77	45	115
77	45	116
77	45	117
77	45	118
77	45	119
77	45	120
77	46	110
77	46	111
77	46	112
77	46	113
77	46	114
77	46	115
77	46	116
77	46	117
77	46	118
77	46	119
77	46	120
77	47	111
77	47	112
77	47	113
77	47	114
77	47	115
77	47	116
77	47	117
77	47	118
77	47	119
77	47	120
77	47	121
77	48	111
77	48	112
77	48	113
77	48	114
77	48	115
77	48	116
77	48	117
77	48	118
77	48	119
77	48	120
77	48	121
77	49	111
77	49	112
77	49	113
77	49	114
77	49	115
77	49	116
77	49	117
77	49	118
77	49	119
77	49	120
77	49	121
77	49	122
77	50	111
77	50	112
77	50	113
77	50	114
77	50	115
77	50	116
77	50	117
77	50	118
77	50	119
77	50	120
77	50	121
77	50	122
77	51	110
77	51	111
77	51	112
77	51	113
77	51	114
77	51	115
77	51	116
77	51	117
77	51	118
77	51	119
77	51	120
77	51	121
77	51	122
77	52	111
77	52	118
77	52	119
77	52	120
77	52	121
77	52	122
77	53	119
77	53	120
77	53	121
77	53	122
77	54	120
77	54	121
77	54	122
77	54	123
77	55	121
77	55	122
77	55	123
77	56	122
78	35	114
78	35	115
78	35	116
78	36	114
78	36	115
78	36	116
78	37	114
78	37	115
78	37	116
78	38	115
78	38	116
78	38	117
78	39	114
78	39	115
78	39	116
78	39	117
78	39	118
78	40	114
78	40	115
78	40	116
78	40	117
78	40	118
78	41	113
78	41	114
78	41	115
78	41	116
78	41	117
78	41	118
78	41	119
78	42	112
78	42	113
78	42	114
78	42	115
78	42	116
78	42	117
78	42	118
78	42	119
78	42	120
78	43	112
78	43	113
78	43	114
78	43	115
78	43	116
78	43	117
78	43	118
78	43	119
78	43	120
78	43	121
78	44	112
78	44	113
78	44	114
78	44	115
78	44	116
78	44	117
78	44	118
78	44	119
78	44	120
78	44	121
78	45	112
78	45	113
78	45	114
78	45	115
78	45	116
78	45	117
78	45	118
78	45	119
78	45	120
78	45	121
78	46	112
78	46	113
78	46	114
78	46	115
78	46	116
78	46	117
78	46	118
78	46	119
78	46	120
78	46	121
78	46	122
78	47	112
78	47	113
78	47	114
78	47	115
78	47	116
78	47	117
78	47	118
78	47	119
78	47	120
78	47	121
78	47	122
78	48	112
78	48	113
78	48	114
78	48	115
78	48	116
78	48	117
78	48	118
78	48	119
78	48	120
78	48	121
78	48	122
78	49	112
78	49	113
78	49	114
78	49	115
78	49	116
78	49	117
78	49	118
78	49	119
78	49	120
78	49	121
78	49	122
78	50	111
78	50	112
78	50	113
78	50	114
78	50	115
78	50	116
78	50	117
78	50	118
78	50	119
78	50	120
78	50	121
78	50	122
78	50	123
78	51	113
78	51	114
78	51	115
78	51	116
78	51	117
78	51	118
78	51	119
78	51	120
78	51	121
78	51	122
78	51	123
78	52	118
78	52	119
78	52	120
78	52	121
78	52	122
78	52	123
78	53	119
78	53	120
78	53	121
78	53	122
78	53	123
78	54	120
78	54	121
78	54	122
78	54	123
78	55	121
78	55	122
78	55	123
78	56	122
79	34	115
79	35	115
79	36	115
79	38	116
79	38	117
79	39	116
79	39	117
79	39	118
79	40	115
79	40	116
79	40	117
79	40	118
79	40	119
79	40	120
79	41	114
79	41	115
79	41	116
79	41	117
79	41	118
79	41	119
79	41	120
79	41	121
79	42	114
79	42	115
79	42	116
79	42	117
79	42	118
79	42	119
79	42	120
79	42	121
79	42	122
79	43	113
79	43	114
79	43	115
79	43	116
79	43	117
79	43	118
79	43	119
79	43	120
79	43	121
79	43	122
79	44	113
79	44	114
79	44	115
79	44	116
79	44	117
79	44	118
79	44	119
79	44	120
79	44	121
79	44	122
79	45	113
79	45	114
79	45	115
79	45	116
79	45	117
79	45	118
79	45	119
79	45	120
79	45	121
79	45	122
79	45	123
79	46	113
79	46	114
79	46	115
79	46	116
79	46	117
79	46	118
79	46	119
79	46	120
79	46	121
79	46	122
79	46	123
79	47	113
79	47	114
79	47	115
79	47	116
79	47	117
79	47	118
79	47	119
79	47	120
79	47	121
79	47	122
79	47	123
79	48	112
79	48	113
79	48	114
79	48	115
79	48	116
79	48	117
79	48	118
79	48	119
79	48	120
79	48	121
79	48	122
79	48	123
79	49	110
79	49	112
79	49	113
79	49	114
79	49	115
79	49	116
79	49	117
79	49	118
79	49	119
79	49	120
79	49	121
79	49	122
79	49	123
79	50	112
79	50	113
79	50	114
79	50	115
79	50	116
79	50	117
79	50	118
79	50	119
79	50	120
79	50	121
79	50	122
79	50	123
79	51	119
79	51	120
79	51	121
79	51	122
79	51	123
79	51	124
79	52	119
79	52	120
79	52	121
79	52	122
79	52	123
79	52	124
79	53	119
79	53	120
79	53	121
79	53	122
79	53	123
79	53	124
79	54	120
79	54	121
79	54	122
79	54	123
79	54	124
79	55	121
79	55	122
79	55	123
79	56	122
79	56	123
80	40	116
80	40	117
80	40	118
80	40	119
80	40	120
80	40	121
80	41	115
80	41	116
80	41	117
80	41	118
80	41	119
80	41	120
80	41	121
80	41	122
80	42	115
80	42	116
80	42	117
80	42	118
80	42	119
80	42	120
80	42	121
80	42	122
80	42	123
80	43	114
80	43	115
80	43	116
80	43	117
80	43	118
80	43	119
80	43	120
80	43	121
80	43	122
80	43	123
80	44	114
80	44	115
80	44	116
80	44	117
80	44	118
80	44	119
80	44	120
80	44	121
80	44	122
80	44	123
80	44	124
80	45	114
80	45	115
80	45	116
80	45	117
80	45	118
80	45	119
80	45	120
80	45	121
80	45	122
80	45	123
80	45	124
80	46	113
80	46	114
80	46	115
80	46	116
80	46	117
80	46	118
80	46	119
80	46	120
80	46	121
80	46	122
80	46	123
80	46	124
80	47	113
80	47	114
80	47	115
80	47	116
80	47	117
80	47	118
80	47	119
80	47	120
80	47	121
80	47	122
80	47	123
80	47	124
80	48	113
80	48	114
80	48	115
80	48	116
80	48	117
80	48	118
80	48	119
80	48	120
80	48	121
80	48	122
80	48	123
80	48	124
80	49	112
80	49	113
80	49	114
80	49	115
80	49	116
80	49	117
80	49	118
80	49	119
80	49	120
80	49	121
80	49	122
80	49	123
80	49	124
80	50	120
80	50	121
80	50	122
80	50	123
80	50	124
80	51	120
80	51	121
80	51	122
80	51	123
80	51	124
80	52	120
80	52	121
80	52	122
80	52	123
80	52	124
80	52	125
80	53	120
80	53	121
80	53	122
80	53	123
80	53	124
80	54	120
80	54	121
80	54	122
80	54	123
80	55	121
80	55	122
80	55	123
80	56	122
80	56	123
81	41	116
81	41	117
81	42	115
81	42	116
81	42	117
81	42	118
81	42	119
81	42	120
81	42	121
81	43	114
81	43	115
81	43	116
81	43	117
81	43	118
81	43	119
81	43	120
81	43	121
81	43	122
81	44	114
81	44	115
81	44	116
81	44	117
81	44	118
81	44	119
81	44	120
81	44	121
81	44	122
81	44	123
81	45	114
81	45	115
81	45	116
81	45	117
81	45	118
81	45	119
81	45	120
81	45	121
81	45	122
81	45	123
81	45	124
81	45	125
81	46	113
81	46	114
81	46	115
81	46	116
81	46	117
81	46	118
81	46	119
81	46	120
81	46	121
81	46	122
81	46	123
81	46	124
81	46	125
81	47	113
81	47	114
81	47	115
81	47	116
81	47	117
81	47	118
81	47	119
81	47	120
81	47	121
81	47	122
81	47	123
81	47	124
81	47	125
81	48	113
81	48	114
81	48	115
81	48	116
81	48	117
81	48	118
81	48	119
81	48	120
81	48	121
81	48	122
81	48	123
81	48	124
81	48	125
81	49	121
81	49	122
81	49	123
81	49	124
81	49	125
81	50	121
81	50	122
81	50	123
81	50	124
81	50	125
81	51	121
81	51	122
81	51	123
81	51	124
81	52	121
81	52	122
81	52	123
81	52	124
81	53	121
81	53	122
81	53	123
81	53	124
81	54	121
81	54	122
81	54	123
81	55	121
81	55	122
81	55	123
81	56	122
81	56	123
81	57	123
81	58	122
81	59	121
81	59	122
81	60	121
81	60	122
82	40	106
82	40	107
82	40	108
82	42	115
82	42	116
82	42	117
82	42	118
82	42	119
82	43	114
82	43	115
82	43	116
82	43	117
82	43	118
82	43	119
82	43	120
82	43	121
82	44	114
82	44	115
82	44	116
82	44	117
82	44	118
82	44	119
82	44	120
82	44	121
82	44	122
82	45	113
82	45	114
82	45	115
82	45	116
82	45	117
82	45	118
82	45	119
82	45	120
82	45	121
82	45	122
82	45	123
82	46	113
82	46	114
82	46	115
82	46	116
82	46	117
82	46	118
82	46	119
82	46	120
82	46	121
82	46	122
82	46	123
82	47	113
82	47	114
82	47	115
82	47	116
82	47	117
82	47	118
82	47	119
82	47	120
82	47	121
82	47	122
82	47	123
82	47	124
82	48	112
82	48	113
82	48	114
82	48	115
82	48	116
82	48	117
82	48	118
82	48	122
82	48	123
82	48	124
82	49	112
82	49	113
82	49	114
82	49	115
82	49	116
82	49	117
82	49	122
82	49	123
82	49	124
82	50	112
82	50	113
82	50	114
82	50	115
82	50	116
82	50	117
82	50	122
82	50	123
82	50	124
82	51	111
82	51	122
82	51	123
82	51	124
82	52	122
82	52	123
82	52	124
82	53	122
82	53	123
82	53	124
82	54	122
82	54	123
82	55	120
82	55	121
82	55	122
82	55	123
82	56	120
82	56	121
82	56	122
82	56	123
82	57	120
82	57	121
82	57	122
82	57	123
82	58	120
82	58	121
82	58	122
82	58	123
82	59	120
82	59	121
82	59	122
82	60	121
82	60	122
82	61	121
82	61	122
82	62	121
83	34	107
83	34	108
83	34	109
83	34	110
83	34	111
83	35	107
83	35	108
83	35	109
83	35	110
83	35	111
83	36	107
83	36	108
83	36	109
83	36	110
83	36	111
83	37	107
83	37	108
83	37	109
83	37	110
83	38	107
83	38	108
83	38	109
83	38	110
83	39	107
83	39	108
83	39	109
83	40	107
83	40	108
83	40	109
83	41	107
83	41	108
83	41	109
83	41	113
83	41	114
83	41	115
83	41	116
83	42	106
83	42	107
83	42	108
83	42	113
83	42	114
83	42	115
83	42	116
83	42	117
83	42	118
83	42	119
83	43	107
83	43	113
83	43	114
83	43	115
83	43	116
83	43	117
83	43	118
83	43	119
83	43	120
83	43	121
83	44	113
83	44	114
83	44	115
83	44	116
83	44	117
83	44	118
83	44	119
83	44	120
83	44	121
83	44	122
83	45	112
83	45	113
83	45	114
83	45	115
83	45	116
83	45	117
83	45	118
83	45	119
83	45	120
83	45	121
83	45	122
83	45	123
83	46	112
83	46	113
83	46	114
83	46	115
83	46	116
83	46	117
83	46	118
83	46	119
83	46	120
83	46	121
83	46	122
83	46	123
83	47	112
83	47	113
83	47	114
83	47	115
83	47	116
83	47	117
83	47	118
83	47	119
83	47	120
83	47	121
83	47	122
83	47	123
83	48	111
83	48	112
83	48	113
83	48	114
83	48	115
83	48	116
83	48	117
83	48	118
83	48	119
83	48	120
83	48	121
83	48	122
83	48	123
83	48	124
83	49	111
83	49	112
83	49	113
83	49	114
83	49	115
83	49	116
83	49	117
83	49	118
83	49	119
83	49	120
83	49	121
83	49	122
83	49	123
83	49	124
83	50	111
83	50	112
83	50	113
83	50	114
83	50	115
83	50	116
83	50	117
83	50	118
83	50	119
83	50	120
83	50	121
83	50	122
83	50	123
83	50	124
83	51	111
83	51	112
83	51	113
83	51	114
83	51	115
83	51	116
83	51	117
83	51	118
83	51	119
83	51	120
83	51	121
83	51	122
83	51	123
83	51	124
83	52	111
83	52	112
83	52	113
83	52	114
83	52	115
83	52	116
83	52	117
83	52	118
83	52	119
83	52	120
83	52	121
83	52	122
83	52	123
83	52	124
83	53	111
83	53	112
83	53	113
83	53	114
83	53	115
83	53	116
83	53	117
83	53	118
83	53	119
83	53	120
83	53	121
83	53	122
83	53	123
83	53	124
83	54	111
83	54	113
83	54	114
83	54	115
83	54	116
83	54	117
83	54	118
83	54	119
83	54	120
83	54	121
83	54	122
83	54	123
83	54	124
83	55	115
83	55	116
83	55	117
83	55	118
83	55	119
83	55	120
83	55	121
83	55	122
83	55	123
83	55	124
83	56	118
83	56	119
83	56	120
83	56	121
83	56	122
83	56	123
83	57	118
83	57	119
83	57	120
83	57	121
83	57	122
83	57	123
83	58	116
83	58	117
83	58	118
83	58	119
83	58	120
83	58	121
83	58	122
83	58	123
83	59	117
83	59	118
83	59	119
83	59	120
83	59	121
83	59	122
83	59	123
83	60	117
83	60	118
83	60	119
83	60	120
83	60	121
83	60	122
83	61	120
83	61	121
83	61	122
83	62	121
84	32	112
84	32	113
84	33	109
84	33	110
84	33	111
84	33	112
84	33	113
84	34	108
84	34	109
84	34	110
84	34	111
84	34	112
84	34	113
84	35	108
84	35	109
84	35	110
84	35	111
84	35	112
84	35	113
84	36	108
84	36	109
84	36	110
84	36	111
84	36	112
84	36	113
84	37	107
84	37	108
84	37	109
84	37	110
84	37	111
84	37	112
84	37	113
84	37	114
84	38	107
84	38	108
84	38	109
84	38	110
84	38	111
84	38	112
84	38	113
84	38	114
84	39	107
84	39	108
84	39	109
84	39	110
84	39	111
84	39	112
84	39	113
84	39	114
84	39	115
84	40	107
84	40	108
84	40	109
84	40	110
84	40	111
84	40	112
84	40	113
84	40	114
84	40	115
84	41	107
84	41	108
84	41	109
84	41	110
84	41	111
84	41	112
84	41	113
84	41	114
84	41	115
84	41	116
84	41	117
84	42	107
84	42	108
84	42	109
84	42	110
84	42	111
84	42	112
84	42	113
84	42	114
84	42	115
84	42	116
84	42	117
84	42	118
84	42	119
84	42	120
84	43	106
84	43	107
84	43	108
84	43	109
84	43	110
84	43	111
84	43	112
84	43	113
84	43	114
84	43	115
84	43	116
84	43	117
84	43	118
84	43	119
84	43	120
84	43	121
84	44	107
84	44	108
84	44	109
84	44	110
84	44	111
84	44	112
84	44	113
84	44	114
84	44	115
84	44	116
84	44	117
84	44	118
84	44	119
84	44	120
84	44	121
84	44	122
84	45	110
84	45	111
84	45	112
84	45	113
84	45	114
84	45	115
84	45	116
84	45	117
84	45	118
84	45	119
84	45	120
84	45	121
84	45	122
84	45	123
84	46	110
84	46	111
84	46	112
84	46	113
84	46	114
84	46	115
84	46	116
84	46	117
84	46	118
84	46	119
84	46	120
84	46	121
84	46	122
84	46	123
84	47	110
84	47	111
84	47	112
84	47	113
84	47	114
84	47	115
84	47	116
84	47	117
84	47	118
84	47	119
84	47	120
84	47	121
84	47	122
84	47	123
84	48	110
84	48	111
84	48	112
84	48	113
84	48	114
84	48	115
84	48	116
84	48	117
84	48	118
84	48	119
84	48	120
84	48	121
84	48	122
84	48	123
84	48	124
84	49	110
84	49	111
84	49	112
84	49	113
84	49	114
84	49	115
84	49	116
84	49	117
84	49	118
84	49	119
84	49	120
84	49	121
84	49	122
84	49	123
84	49	124
84	50	110
84	50	111
84	50	112
84	50	113
84	50	114
84	50	115
84	50	116
84	50	117
84	50	118
84	50	119
84	50	120
84	50	121
84	50	122
84	50	123
84	50	124
84	51	110
84	51	111
84	51	112
84	51	113
84	51	114
84	51	115
84	51	116
84	51	117
84	51	118
84	51	119
84	51	120
84	51	121
84	51	122
84	51	123
84	51	124
84	52	110
84	52	111
84	52	112
84	52	113
84	52	114
84	52	115
84	52	116
84	52	117
84	52	118
84	52	119
84	52	120
84	52	121
84	52	122
84	52	123
84	52	124
84	53	110
84	53	111
84	53	112
84	53	113
84	53	114
84	53	115
84	53	116
84	53	117
84	53	118
84	53	119
84	53	120
84	53	121
84	53	122
84	53	123
84	53	124
84	54	111
84	54	112
84	54	113
84	54	114
84	54	115
84	54	116
84	54	117
84	54	118
84	54	119
84	54	120
84	54	121
84	54	122
84	54	123
84	54	124
84	55	111
84	55	112
84	55	113
84	55	114
84	55	115
84	55	116
84	55	117
84	55	118
84	55	119
84	55	120
84	55	121
84	55	122
84	55	123
84	55	124
84	56	113
84	56	114
84	56	115
84	56	116
84	56	117
84	56	118
84	56	119
84	56	120
84	56	121
84	56	122
84	56	123
84	56	124
84	57	113
84	57	114
84	57	115
84	57	116
84	57	117
84	57	118
84	57	119
84	57	120
84	57	121
84	57	122
84	57	123
84	57	124
84	58	114
84	58	115
84	58	116
84	58	117
84	58	118
84	58	119
84	58	120
84	58	121
84	58	122
84	58	123
84	59	115
84	59	116
84	59	117
84	59	118
84	59	119
84	59	120
84	59	121
84	59	122
84	59	123
84	60	116
84	60	117
84	60	118
84	60	119
84	60	120
84	60	121
84	60	122
84	60	123
84	61	116
84	61	117
84	61	118
84	61	119
84	61	120
84	61	121
84	61	122
84	62	121
84	62	122
84	63	121
85	31	113
85	32	112
85	32	113
85	33	111
85	33	112
85	33	113
85	33	114
85	34	110
85	34	111
85	34	112
85	34	113
85	34	114
85	35	109
85	35	110
85	35	111
85	35	112
85	35	113
85	35	114
85	36	108
85	36	109
85	36	110
85	36	111
85	36	112
85	36	113
85	36	114
85	36	115
85	37	108
85	37	109
85	37	110
85	37	111
85	37	112
85	37	113
85	37	114
85	37	115
85	38	108
85	38	109
85	38	110
85	38	111
85	38	112
85	38	113
85	38	114
85	38	115
85	39	107
85	39	108
85	39	109
85	39	110
85	39	111
85	39	112
85	39	113
85	39	114
85	39	115
85	39	116
85	40	107
85	40	108
85	40	109
85	40	110
85	40	111
85	40	112
85	40	113
85	40	114
85	40	115
85	40	116
85	40	117
85	41	107
85	41	108
85	41	109
85	41	110
85	41	111
85	41	112
85	41	113
85	41	114
85	41	115
85	41	116
85	41	117
85	41	118
85	41	119
85	42	107
85	42	108
85	42	109
85	42	110
85	42	111
85	42	112
85	42	113
85	42	114
85	42	115
85	42	116
85	42	117
85	42	118
85	42	119
85	42	120
85	42	121
85	43	106
85	43	107
85	43	108
85	43	109
85	43	110
85	43	111
85	43	112
85	43	113
85	43	114
85	43	115
85	43	116
85	43	117
85	43	118
85	43	119
85	43	120
85	43	121
85	43	122
85	44	107
85	44	108
85	44	109
85	44	110
85	44	111
85	44	112
85	44	113
85	44	114
85	44	115
85	44	116
85	44	117
85	44	118
85	44	119
85	44	120
85	44	121
85	44	122
85	44	123
85	45	108
85	45	109
85	45	110
85	45	111
85	45	112
85	45	113
85	45	114
85	45	115
85	45	116
85	45	117
85	45	118
85	45	119
85	45	120
85	45	121
85	45	122
85	45	123
85	46	110
85	46	111
85	46	112
85	46	113
85	46	114
85	46	115
85	46	116
85	46	117
85	46	118
85	46	119
85	46	120
85	46	121
85	46	122
85	46	123
85	46	124
85	47	110
85	47	111
85	47	112
85	47	113
85	47	114
85	47	115
85	47	116
85	47	117
85	47	118
85	47	119
85	47	120
85	47	121
85	47	122
85	47	123
85	47	124
85	48	110
85	48	111
85	48	112
85	48	113
85	48	114
85	48	115
85	48	116
85	48	117
85	48	118
85	48	119
85	48	120
85	48	121
85	48	122
85	48	123
85	48	124
85	49	110
85	49	111
85	49	112
85	49	113
85	49	114
85	49	115
85	49	116
85	49	117
85	49	118
85	49	119
85	49	120
85	49	121
85	49	122
85	49	123
85	49	124
85	50	110
85	50	111
85	50	112
85	50	113
85	50	114
85	50	115
85	50	116
85	50	117
85	50	118
85	50	119
85	50	120
85	50	121
85	50	122
85	50	123
85	50	124
85	51	110
85	51	111
85	51	112
85	51	113
85	51	114
85	51	115
85	51	116
85	51	117
85	51	118
85	51	119
85	51	120
85	51	121
85	51	122
85	51	123
85	51	124
85	52	109
85	52	110
85	52	111
85	52	112
85	52	113
85	52	114
85	52	115
85	52	116
85	52	117
85	52	118
85	52	119
85	52	120
85	52	121
85	52	122
85	52	123
85	52	124
85	53	109
85	53	110
85	53	111
85	53	112
85	53	113
85	53	114
85	53	115
85	53	116
85	53	117
85	53	118
85	53	119
85	53	120
85	53	121
85	53	122
85	53	123
85	53	124
85	54	110
85	54	111
85	54	112
85	54	113
85	54	114
85	54	115
85	54	116
85	54	117
85	54	118
85	54	119
85	54	120
85	54	121
85	54	122
85	54	123
85	54	124
85	55	111
85	55	112
85	55	113
85	55	114
85	55	115
85	55	116
85	55	117
85	55	118
85	55	119
85	55	120
85	55	121
85	55	122
85	55	123
85	55	124
85	56	112
85	56	113
85	56	114
85	56	115
85	56	116
85	56	117
85	56	118
85	56	119
85	56	120
85	56	121
85	56	122
85	56	123
85	56	124
85	57	113
85	57	114
85	57	115
85	57	116
85	57	117
85	57	118
85	57	119
85	57	120
85	57	121
85	57	122
85	57	123
85	57	124
85	58	114
85	58	115
85	58	116
85	58	117
85	58	118
85	58	119
85	58	120
85	58	121
85	58	122
85	58	123
85	58	124
85	59	115
85	59	116
85	59	117
85	59	118
85	59	119
85	59	120
85	59	121
85	59	122
85	59	123
85	60	116
85	60	117
85	60	118
85	60	119
85	60	120
85	60	121
85	60	122
85	60	123
85	61	116
85	61	117
85	61	118
85	61	119
85	61	120
85	61	121
85	61	122
85	61	123
85	62	117
85	62	118
85	62	119
85	62	120
85	62	121
85	62	122
85	63	119
85	63	120
85	63	121
85	63	122
86	31	113
86	32	112
86	32	113
86	32	114
86	33	111
86	33	112
86	33	113
86	33	114
86	33	115
86	34	110
86	34	111
86	34	112
86	34	113
86	34	114
86	34	115
86	35	109
86	35	110
86	35	111
86	35	112
86	35	113
86	35	114
86	35	115
86	36	108
86	36	109
86	36	110
86	36	111
86	36	112
86	36	113
86	36	114
86	36	115
86	37	108
86	37	109
86	37	110
86	37	111
86	37	112
86	37	113
86	37	114
86	37	115
86	37	116
86	38	108
86	38	109
86	38	110
86	38	111
86	38	112
86	38	113
86	38	114
86	38	115
86	38	116
86	39	107
86	39	108
86	39	109
86	39	110
86	39	111
86	39	112
86	39	113
86	39	114
86	39	115
86	39	116
86	39	117
86	40	107
86	40	108
86	40	109
86	40	110
86	40	111
86	40	112
86	40	113
86	40	114
86	40	115
86	40	116
86	40	117
86	40	118
86	40	119
86	41	107
86	41	108
86	41	109
86	41	110
86	41	111
86	41	112
86	41	113
86	41	114
86	41	115
86	41	116
86	41	117
86	41	118
86	41	119
86	41	120
86	41	121
86	42	107
86	42	108
86	42	109
86	42	110
86	42	111
86	42	112
86	42	113
86	42	114
86	42	115
86	42	116
86	42	117
86	42	118
86	42	119
86	42	120
86	42	121
86	42	122
86	43	106
86	43	107
86	43	108
86	43	109
86	43	110
86	43	111
86	43	112
86	43	113
86	43	114
86	43	115
86	43	116
86	43	117
86	43	118
86	43	119
86	43	120
86	43	121
86	43	122
86	43	123
86	44	107
86	44	108
86	44	109
86	44	110
86	44	111
86	44	112
86	44	113
86	44	114
86	44	115
86	44	116
86	44	117
86	44	118
86	44	119
86	44	120
86	44	121
86	44	122
86	44	123
86	45	108
86	45	109
86	45	110
86	45	111
86	45	112
86	45	113
86	45	114
86	45	115
86	45	116
86	45	117
86	45	118
86	45	119
86	45	120
86	45	121
86	45	122
86	45	123
86	45	124
86	46	109
86	46	110
86	46	111
86	46	112
86	46	113
86	46	114
86	46	115
86	46	116
86	46	117
86	46	118
86	46	119
86	46	120
86	46	121
86	46	122
86	46	123
86	46	124
86	47	110
86	47	111
86	47	112
86	47	113
86	47	114
86	47	115
86	47	116
86	47	117
86	47	118
86	47	119
86	47	120
86	47	121
86	47	122
86	47	123
86	47	124
86	48	110
86	48	111
86	48	112
86	48	113
86	48	114
86	48	115
86	48	116
86	48	117
86	48	118
86	48	119
86	48	120
86	48	121
86	48	122
86	48	123
86	48	124
86	49	110
86	49	111
86	49	112
86	49	113
86	49	114
86	49	115
86	49	116
86	49	117
86	49	118
86	49	119
86	49	120
86	49	121
86	49	122
86	49	123
86	49	124
86	50	110
86	50	111
86	50	112
86	50	113
86	50	114
86	50	115
86	50	116
86	50	117
86	50	118
86	50	119
86	50	120
86	50	121
86	50	122
86	50	123
86	50	124
86	51	110
86	51	111
86	51	112
86	51	113
86	51	114
86	51	115
86	51	116
86	51	117
86	51	118
86	51	119
86	51	120
86	51	121
86	51	122
86	51	123
86	51	124
86	52	110
86	52	111
86	52	112
86	52	113
86	52	114
86	52	115
86	52	116
86	52	117
86	52	118
86	52	119
86	52	120
86	52	121
86	52	122
86	52	123
86	52	124
86	53	109
86	53	110
86	53	111
86	53	112
86	53	113
86	53	114
86	53	115
86	53	116
86	53	117
86	53	118
86	53	119
86	53	120
86	53	121
86	53	122
86	53	123
86	53	124
86	54	109
86	54	110
86	54	111
86	54	112
86	54	113
86	54	114
86	54	115
86	54	116
86	54	117
86	54	118
86	54	119
86	54	120
86	54	121
86	54	122
86	54	123
86	54	124
86	55	111
86	55	112
86	55	113
86	55	114
86	55	115
86	55	116
86	55	117
86	55	118
86	55	119
86	55	120
86	55	121
86	55	122
86	55	123
86	55	124
86	56	112
86	56	113
86	56	114
86	56	115
86	56	116
86	56	117
86	56	118
86	56	119
86	56	120
86	56	121
86	56	122
86	56	123
86	56	124
86	57	113
86	57	114
86	57	115
86	57	116
86	57	117
86	57	118
86	57	119
86	57	120
86	57	121
86	57	122
86	57	123
86	57	124
86	58	114
86	58	115
86	58	116
86	58	117
86	58	118
86	58	119
86	58	120
86	58	121
86	58	122
86	58	123
86	58	124
86	59	115
86	59	116
86	59	117
86	59	118
86	59	119
86	59	120
86	59	121
86	59	122
86	59	123
86	59	124
86	60	116
86	60	117
86	60	118
86	60	119
86	60	120
86	60	121
86	60	122
86	60	123
86	60	124
86	61	117
86	61	118
86	61	119
86	61	120
86	61	121
86	61	122
86	61	123
86	62	118
86	62	119
86	62	120
86	62	121
86	62	122
86	62	123
86	63	118
86	63	119
86	63	120
86	63	121
86	63	122
86	63	123
87	31	113
87	32	112
87	32	113
87	32	114
87	33	111
87	33	112
87	33	113
87	33	114
87	33	115
87	34	110
87	34	111
87	34	112
87	34	113
87	34	114
87	34	115
87	34	116
87	35	109
87	35	110
87	35	111
87	35	112
87	35	113
87	35	114
87	35	115
87	35	116
87	36	108
87	36	109
87	36	110
87	36	111
87	36	112
87	36	113
87	36	114
87	36	115
87	36	116
87	37	108
87	37	109
87	37	110
87	37	111
87	37	112
87	37	113
87	37	114
87	37	115
87	37	116
87	37	117
87	38	108
87	38	109
87	38	110
87	38	111
87	38	112
87	38	113
87	38	114
87	38	115
87	38	116
87	38	117
87	38	118
87	39	107
87	39	108
87	39	109
87	39	110
87	39	111
87	39	112
87	39	113
87	39	114
87	39	115
87	39	116
87	39	117
87	39	118
87	39	119
87	39	120
87	39	121
87	40	107
87	40	108
87	40	109
87	40	110
87	40	111
87	40	112
87	40	113
87	40	114
87	40	115
87	40	116
87	40	117
87	40	118
87	40	119
87	40	120
87	40	121
87	40	122
87	41	107
87	41	108
87	41	109
87	41	110
87	41	111
87	41	112
87	41	113
87	41	114
87	41	115
87	41	116
87	41	117
87	41	118
87	41	119
87	41	120
87	41	121
87	41	122
87	41	123
87	42	107
87	42	108
87	42	109
87	42	110
87	42	111
87	42	112
87	42	113
87	42	114
87	42	115
87	42	116
87	42	117
87	42	118
87	42	119
87	42	120
87	42	121
87	42	122
87	42	123
87	43	107
87	43	108
87	43	109
87	43	110
87	43	111
87	43	112
87	43	113
87	43	114
87	43	115
87	43	116
87	43	117
87	43	118
87	43	119
87	43	120
87	43	121
87	43	122
87	43	123
87	44	107
87	44	108
87	44	109
87	44	110
87	44	111
87	44	112
87	44	113
87	44	114
87	44	115
87	44	116
87	44	117
87	44	118
87	44	119
87	44	120
87	44	121
87	44	122
87	44	123
87	44	124
87	45	108
87	45	109
87	45	110
87	45	111
87	45	112
87	45	113
87	45	114
87	45	115
87	45	116
87	45	117
87	45	118
87	45	119
87	45	120
87	45	121
87	45	122
87	45	123
87	45	124
87	46	109
87	46	110
87	46	111
87	46	112
87	46	113
87	46	114
87	46	115
87	46	116
87	46	117
87	46	118
87	46	119
87	46	120
87	46	121
87	46	122
87	46	123
87	46	124
87	47	110
87	47	111
87	47	112
87	47	113
87	47	114
87	47	115
87	47	116
87	47	117
87	47	118
87	47	119
87	47	120
87	47	121
87	47	122
87	47	123
87	47	124
87	48	110
87	48	111
87	48	112
87	48	113
87	48	114
87	48	115
87	48	116
87	48	117
87	48	118
87	48	119
87	48	120
87	48	121
87	48	122
87	48	123
87	48	124
87	49	110
87	49	111
87	49	112
87	49	113
87	49	114
87	49	115
87	49	116
87	49	117
87	49	118
87	49	119
87	49	120
87	49	121
87	49	122
87	49	123
87	49	124
87	50	110
87	50	111
87	50	112
87	50	113
87	50	114
87	50	115
87	50	116
87	50	117
87	50	118
87	50	119
87	50	120
87	50	121
87	50	122
87	50	123
87	50	124
87	51	110
87	51	111
87	51	112
87	51	113
87	51	114
87	51	115
87	51	116
87	51	117
87	51	118
87	51	119
87	51	120
87	51	121
87	51	122
87	51	123
87	51	124
87	52	110
87	52	111
87	52	112
87	52	113
87	52	114
87	52	115
87	52	116
87	52	117
87	52	118
87	52	119
87	52	120
87	52	121
87	52	122
87	52	123
87	52	124
87	53	109
87	53	110
87	53	111
87	53	112
87	53	113
87	53	114
87	53	115
87	53	116
87	53	117
87	53	118
87	53	119
87	53	120
87	53	121
87	53	122
87	53	123
87	53	124
87	54	109
87	54	110
87	54	111
87	54	112
87	54	113
87	54	114
87	54	115
87	54	116
87	54	117
87	54	118
87	54	119
87	54	120
87	54	121
87	54	122
87	54	123
87	54	124
87	55	111
87	55	112
87	55	113
87	55	114
87	55	115
87	55	116
87	55	117
87	55	118
87	55	119
87	55	120
87	55	121
87	55	122
87	55	123
87	55	124
87	56	112
87	56	113
87	56	114
87	56	115
87	56	116
87	56	117
87	56	118
87	56	119
87	56	120
87	56	121
87	56	122
87	56	123
87	56	124
87	57	113
87	57	114
87	57	115
87	57	116
87	57	117
87	57	118
87	57	119
87	57	120
87	57	121
87	57	122
87	57	123
87	57	124
87	58	114
87	58	115
87	58	116
87	58	117
87	58	118
87	58	119
87	58	120
87	58	121
87	58	122
87	58	123
87	58	124
87	59	115
87	59	116
87	59	117
87	59	118
87	59	119
87	59	120
87	59	121
87	59	122
87	59	123
87	59	124
87	60	116
87	60	117
87	60	118
87	60	119
87	60	120
87	60	121
87	60	122
87	60	123
87	60	124
87	61	117
87	61	118
87	61	119
87	61	120
87	61	121
87	61	122
87	61	123
87	62	118
87	62	119
87	62	120
87	62	121
87	62	122
87	62	123
87	63	119
87	63	120
87	63	121
87	63	122
87	63	123
88	31	113
88	32	112
88	32	113
88	32	114
88	33	111
88	33	112
88	33	113
88	33	114
88	33	115
88	33	116
88	34	110
88	34	111
88	34	112
88	34	113
88	34	114
88	34	115
88	34	116
88	35	109
88	35	110
88	35	111
88	35	112
88	35	113
88	35	114
88	35	115
88	35	116
88	35	117
88	36	108
88	36	109
88	36	110
88	36	111
88	36	112
88	36	113
88	36	114
88	36	115
88	36	116
88	36	117
88	36	118
88	37	108
88	37	109
88	37	110
88	37	111
88	37	112
88	37	113
88	37	114
88	37	115
88	37	116
88	37	117
88	37	118
88	37	119
88	37	120
88	38	108
88	38	109
88	38	110
88	38	111
88	38	112
88	38	113
88	38	114
88	38	115
88	38	116
88	38	117
88	38	118
88	38	119
88	38	120
88	38	121
88	38	122
88	39	108
88	39	109
88	39	110
88	39	111
88	39	112
88	39	113
88	39	114
88	39	115
88	39	116
88	39	117
88	39	118
88	39	119
88	39	120
88	39	121
88	39	122
88	39	123
88	40	107
88	40	108
88	40	109
88	40	110
88	40	111
88	40	112
88	40	113
88	40	114
88	40	115
88	40	116
88	40	117
88	40	118
88	40	119
88	40	120
88	40	121
88	40	122
88	40	123
88	41	107
88	41	108
88	41	109
88	41	110
88	41	111
88	41	112
88	41	113
88	41	114
88	41	115
88	41	116
88	41	117
88	41	118
88	41	119
88	41	120
88	41	121
88	41	122
88	41	123
88	42	107
88	42	108
88	42	109
88	42	110
88	42	111
88	42	112
88	42	113
88	42	114
88	42	115
88	42	116
88	42	117
88	42	118
88	42	119
88	42	120
88	42	121
88	42	122
88	42	123
88	42	124
88	43	107
88	43	108
88	43	109
88	43	110
88	43	111
88	43	112
88	43	113
88	43	114
88	43	115
88	43	116
88	43	117
88	43	118
88	43	119
88	43	120
88	43	121
88	43	122
88	43	123
88	43	124
88	44	107
88	44	108
88	44	109
88	44	110
88	44	111
88	44	112
88	44	113
88	44	114
88	44	115
88	44	116
88	44	117
88	44	118
88	44	119
88	44	120
88	44	121
88	44	122
88	44	123
88	44	124
88	45	108
88	45	109
88	45	110
88	45	111
88	45	112
88	45	113
88	45	114
88	45	115
88	45	116
88	45	117
88	45	118
88	45	119
88	45	120
88	45	121
88	45	122
88	45	123
88	45	124
88	46	109
88	46	110
88	46	111
88	46	112
88	46	113
88	46	114
88	46	115
88	46	116
88	46	117
88	46	118
88	46	119
88	46	120
88	46	121
88	46	122
88	46	123
88	46	124
88	47	110
88	47	111
88	47	112
88	47	113
88	47	114
88	47	115
88	47	116
88	47	117
88	47	118
88	47	119
88	47	120
88	47	121
88	47	122
88	47	123
88	47	124
88	48	110
88	48	111
88	48	112
88	48	113
88	48	114
88	48	115
88	48	116
88	48	117
88	48	118
88	48	119
88	48	120
88	48	121
88	48	122
88	48	123
88	48	124
88	49	110
88	49	111
88	49	112
88	49	113
88	49	114
88	49	115
88	49	116
88	49	117
88	49	118
88	49	119
88	49	120
88	49	121
88	49	122
88	49	123
88	49	124
88	50	110
88	50	111
88	50	112
88	50	113
88	50	114
88	50	115
88	50	116
88	50	117
88	50	118
88	50	119
88	50	120
88	50	121
88	50	122
88	50	123
88	50	124
88	51	110
88	51	111
88	51	112
88	51	113
88	51	114
88	51	115
88	51	116
88	51	117
88	51	118
88	51	119
88	51	120
88	51	121
88	51	122
88	51	123
88	51	124
88	52	110
88	52	111
88	52	112
88	52	113
88	52	114
88	52	115
88	52	116
88	52	117
88	52	118
88	52	119
88	52	120
88	52	121
88	52	122
88	52	123
88	52	124
88	53	109
88	53	110
88	53	111
88	53	112
88	53	113
88	53	114
88	53	115
88	53	116
88	53	117
88	53	118
88	53	119
88	53	120
88	53	121
88	53	122
88	53	123
88	53	124
88	54	109
88	54	110
88	54	111
88	54	112
88	54	113
88	54	114
88	54	115
88	54	116
88	54	117
88	54	118
88	54	119
88	54	120
88	54	121
88	54	122
88	54	123
88	54	124
88	55	112
88	55	113
88	55	114
88	55	115
88	55	116
88	55	117
88	55	118
88	55	119
88	55	120
88	55	121
88	55	122
88	55	123
88	55	124
88	56	113
88	56	114
88	56	115
88	56	116
88	56	117
88	56	118
88	56	119
88	56	120
88	56	121
88	56	122
88	56	123
88	56	124
88	57	114
88	57	115
88	57	116
88	57	117
88	57	118
88	57	119
88	57	120
88	57	121
88	57	122
88	57	123
88	57	124
88	58	115
88	58	116
88	58	117
88	58	118
88	58	119
88	58	120
88	58	121
88	58	122
88	58	123
88	58	124
88	59	115
88	59	116
88	59	117
88	59	118
88	59	119
88	59	120
88	59	121
88	59	122
88	59	123
88	59	124
88	60	116
88	60	117
88	60	118
88	60	119
88	60	120
88	60	121
88	60	122
88	60	123
88	61	117
88	61	118
88	61	119
88	61	120
88	61	121
88	61	122
88	61	123
88	62	117
88	62	118
88	62	119
88	62	120
88	62	121
88	62	122
88	62	123
88	63	118
88	63	119
88	63	120
88	63	121
88	63	122
88	64	117
88	65	117
88	66	117
89	32	112
89	32	113
89	33	111
89	33	112
89	33	113
89	33	114
89	33	115
89	34	110
89	34	111
89	34	112
89	34	113
89	34	114
89	34	115
89	34	116
89	34	117
89	35	109
89	35	110
89	35	111
89	35	112
89	35	113
89	35	114
89	35	115
89	35	116
89	35	117
89	35	118
89	35	119
89	36	108
89	36	109
89	36	110
89	36	111
89	36	112
89	36	113
89	36	114
89	36	115
89	36	116
89	36	117
89	36	118
89	36	119
89	36	120
89	36	121
89	37	108
89	37	109
89	37	110
89	37	111
89	37	112
89	37	113
89	37	114
89	37	115
89	37	116
89	37	117
89	37	118
89	37	119
89	37	120
89	37	121
89	37	122
89	38	108
89	38	109
89	38	110
89	38	111
89	38	112
89	38	113
89	38	114
89	38	115
89	38	116
89	38	117
89	38	118
89	38	119
89	38	120
89	38	121
89	38	122
89	38	123
89	39	107
89	39	108
89	39	109
89	39	110
89	39	111
89	39	112
89	39	113
89	39	114
89	39	115
89	39	116
89	39	117
89	39	118
89	39	119
89	39	120
89	39	121
89	39	122
89	39	123
89	40	107
89	40	108
89	40	109
89	40	110
89	40	111
89	40	112
89	40	113
89	40	114
89	40	115
89	40	116
89	40	117
89	40	118
89	40	119
89	40	120
89	40	121
89	40	122
89	40	123
89	40	124
89	41	107
89	41	108
89	41	109
89	41	110
89	41	111
89	41	112
89	41	113
89	41	114
89	41	115
89	41	116
89	41	117
89	41	118
89	41	119
89	41	120
89	41	121
89	41	122
89	41	123
89	41	124
89	42	107
89	42	108
89	42	109
89	42	110
89	42	111
89	42	112
89	42	113
89	42	114
89	42	115
89	42	116
89	42	117
89	42	118
89	42	119
89	42	120
89	42	121
89	42	122
89	42	123
89	42	124
89	43	107
89	43	108
89	43	109
89	43	110
89	43	111
89	43	112
89	43	113
89	43	114
89	43	115
89	43	116
89	43	117
89	43	118
89	43	119
89	43	120
89	43	121
89	43	122
89	43	123
89	43	124
89	44	107
89	44	108
89	44	109
89	44	110
89	44	111
89	44	112
89	44	113
89	44	114
89	44	115
89	44	116
89	44	117
89	44	118
89	44	119
89	44	120
89	44	121
89	44	122
89	44	123
89	44	124
89	45	108
89	45	109
89	45	110
89	45	111
89	45	112
89	45	113
89	45	114
89	45	115
89	45	116
89	45	117
89	45	118
89	45	119
89	45	120
89	45	121
89	45	122
89	45	123
89	45	124
89	46	109
89	46	110
89	46	111
89	46	112
89	46	113
89	46	114
89	46	115
89	46	116
89	46	117
89	46	118
89	46	119
89	46	120
89	46	121
89	46	122
89	46	123
89	46	124
89	47	109
89	47	110
89	47	111
89	47	112
89	47	113
89	47	114
89	47	115
89	47	116
89	47	117
89	47	118
89	47	119
89	47	120
89	47	121
89	47	122
89	47	123
89	47	124
89	48	110
89	48	111
89	48	112
89	48	113
89	48	114
89	48	115
89	48	116
89	48	117
89	48	118
89	48	119
89	48	120
89	48	121
89	48	122
89	48	123
89	48	124
89	49	110
89	49	111
89	49	112
89	49	113
89	49	114
89	49	115
89	49	116
89	49	117
89	49	118
89	49	119
89	49	120
89	49	121
89	49	122
89	49	123
89	49	124
89	50	110
89	50	111
89	50	112
89	50	113
89	50	114
89	50	115
89	50	116
89	50	117
89	50	118
89	50	119
89	50	120
89	50	121
89	50	122
89	50	123
89	50	124
89	51	110
89	51	111
89	51	112
89	51	113
89	51	114
89	51	115
89	51	116
89	51	117
89	51	118
89	51	119
89	51	120
89	51	121
89	51	122
89	51	123
89	51	124
89	52	110
89	52	111
89	52	112
89	52	113
89	52	114
89	52	115
89	52	116
89	52	117
89	52	118
89	52	119
89	52	120
89	52	121
89	52	122
89	52	123
89	52	124
89	53	113
89	53	114
89	53	115
89	53	116
89	53	117
89	53	118
89	53	119
89	53	120
89	53	121
89	53	122
89	53	123
89	53	124
89	54	113
89	54	114
89	54	115
89	54	116
89	54	117
89	54	118
89	54	119
89	54	120
89	54	121
89	54	122
89	54	123
89	54	124
89	55	114
89	55	115
89	55	116
89	55	117
89	55	118
89	55	119
89	55	120
89	55	121
89	55	122
89	55	123
89	55	124
89	56	114
89	56	115
89	56	116
89	56	117
89	56	118
89	56	119
89	56	120
89	56	121
89	56	122
89	56	123
89	56	124
89	57	115
89	57	116
89	57	117
89	57	118
89	57	119
89	57	120
89	57	121
89	57	122
89	57	123
89	57	124
89	58	115
89	58	116
89	58	117
89	58	118
89	58	119
89	58	120
89	58	121
89	58	122
89	58	123
89	58	124
89	59	116
89	59	117
89	59	118
89	59	119
89	59	120
89	59	121
89	59	122
89	59	123
89	60	117
89	60	118
89	60	119
89	60	120
89	60	121
89	60	122
89	60	123
89	61	117
89	61	118
89	61	119
89	61	120
89	61	121
89	61	122
89	61	123
89	62	117
89	62	118
89	62	119
89	62	120
89	62	121
89	62	122
89	63	117
89	63	118
89	63	119
89	63	120
89	63	121
89	63	122
89	64	117
89	64	118
89	64	119
89	64	120
89	64	121
89	65	116
89	65	117
89	65	118
89	66	116
89	66	117
89	66	118
89	67	117
89	67	118
90	33	110
90	33	111
90	33	112
90	33	113
90	34	109
90	34	110
90	34	111
90	34	112
90	34	113
90	34	114
90	34	115
90	34	116
90	35	109
90	35	110
90	35	111
90	35	112
90	35	113
90	35	114
90	35	115
90	35	116
90	35	117
90	35	118
90	35	119
90	35	120
90	35	121
90	36	108
90	36	109
90	36	110
90	36	111
90	36	112
90	36	113
90	36	114
90	36	115
90	36	116
90	36	117
90	36	118
90	36	119
90	36	120
90	36	121
90	36	122
90	37	108
90	37	109
90	37	110
90	37	111
90	37	112
90	37	113
90	37	114
90	37	115
90	37	116
90	37	117
90	37	118
90	37	119
90	37	120
90	37	121
90	37	122
90	37	123
90	38	108
90	38	109
90	38	110
90	38	111
90	38	112
90	38	113
90	38	114
90	38	115
90	38	116
90	38	117
90	38	118
90	38	119
90	38	120
90	38	121
90	38	122
90	38	123
90	39	107
90	39	108
90	39	109
90	39	110
90	39	111
90	39	112
90	39	113
90	39	114
90	39	115
90	39	116
90	39	117
90	39	118
90	39	119
90	39	120
90	39	121
90	39	122
90	39	123
90	39	124
90	40	107
90	40	108
90	40	109
90	40	110
90	40	111
90	40	112
90	40	113
90	40	114
90	40	115
90	40	116
90	40	117
90	40	118
90	40	119
90	40	120
90	40	121
90	40	122
90	40	123
90	40	124
90	41	107
90	41	108
90	41	109
90	41	110
90	41	111
90	41	112
90	41	113
90	41	114
90	41	115
90	41	116
90	41	117
90	41	118
90	41	119
90	41	120
90	41	121
90	41	122
90	41	123
90	41	124
90	42	107
90	42	108
90	42	109
90	42	110
90	42	111
90	42	112
90	42	113
90	42	114
90	42	115
90	42	116
90	42	117
90	42	118
90	42	119
90	42	120
90	42	121
90	42	122
90	42	123
90	42	124
90	43	107
90	43	108
90	43	109
90	43	110
90	43	111
90	43	112
90	43	113
90	43	114
90	43	115
90	43	116
90	43	117
90	43	118
90	43	119
90	43	120
90	43	121
90	43	122
90	43	123
90	43	124
90	44	107
90	44	108
90	44	109
90	44	110
90	44	111
90	44	112
90	44	113
90	44	114
90	44	115
90	44	116
90	44	117
90	44	118
90	44	119
90	44	120
90	44	121
90	44	122
90	44	123
90	44	124
90	45	108
90	45	109
90	45	110
90	45	111
90	45	112
90	45	113
90	45	114
90	45	115
90	45	116
90	45	117
90	45	118
90	45	119
90	45	120
90	45	121
90	45	122
90	45	123
90	45	124
90	46	108
90	46	109
90	46	110
90	46	111
90	46	112
90	46	113
90	46	114
90	46	115
90	46	116
90	46	117
90	46	118
90	46	119
90	46	120
90	46	121
90	46	122
90	46	123
90	46	124
90	47	109
90	47	110
90	47	111
90	47	112
90	47	113
90	47	114
90	47	115
90	47	116
90	47	117
90	47	118
90	47	119
90	47	120
90	47	121
90	47	122
90	47	123
90	47	124
90	48	110
90	48	111
90	48	112
90	48	113
90	48	114
90	48	115
90	48	116
90	48	117
90	48	118
90	48	119
90	48	120
90	48	121
90	48	122
90	48	123
90	48	124
90	49	110
90	49	111
90	49	112
90	49	113
90	49	114
90	49	115
90	49	116
90	49	117
90	49	118
90	49	119
90	49	120
90	49	121
90	49	122
90	49	123
90	49	124
90	50	110
90	50	111
90	50	112
90	50	113
90	50	114
90	50	115
90	50	116
90	50	117
90	50	118
90	50	119
90	50	120
90	50	121
90	50	122
90	50	123
90	50	124
90	51	112
90	51	113
90	51	114
90	51	115
90	51	116
90	51	117
90	51	118
90	51	119
90	51	120
90	51	121
90	51	122
90	51	123
90	51	124
90	52	113
90	52	114
90	52	115
90	52	116
90	52	117
90	52	118
90	52	119
90	52	120
90	52	121
90	52	122
90	52	123
90	53	114
90	53	115
90	53	116
90	53	117
90	53	118
90	53	119
90	53	120
90	53	121
90	53	122
90	53	123
90	54	115
90	54	116
90	54	117
90	54	118
90	54	119
90	54	120
90	54	121
90	54	122
90	54	123
90	54	124
90	55	115
90	55	116
90	55	117
90	55	118
90	55	119
90	55	120
90	55	121
90	55	122
90	55	123
90	55	124
90	56	115
90	56	116
90	56	117
90	56	118
90	56	119
90	56	120
90	56	121
90	56	122
90	56	123
90	56	124
90	57	115
90	57	116
90	57	117
90	57	118
90	57	119
90	57	120
90	57	121
90	57	122
90	57	123
90	57	124
90	58	116
90	58	117
90	58	118
90	58	119
90	58	120
90	58	121
90	58	122
90	58	123
90	59	116
90	59	117
90	59	118
90	59	119
90	59	120
90	59	121
90	59	122
90	59	123
90	60	117
90	60	118
90	60	119
90	60	120
90	60	121
90	60	122
90	60	123
90	61	117
90	61	118
90	61	119
90	61	120
90	61	121
90	61	122
90	61	123
90	62	117
90	62	118
90	62	119
90	62	120
90	62	121
90	62	122
90	63	117
90	63	118
90	63	119
90	63	120
90	63	121
90	63	122
90	64	117
90	64	118
90	64	119
90	64	120
90	64	121
90	65	116
90	65	117
90	65	118
90	65	119
90	65	120
90	66	115
90	66	116
90	66	117
90	66	118
90	66	119
90	66	120
90	67	115
90	67	116
90	67	117
90	67	118
90	67	119
90	67	120
90	68	115
90	68	116
90	68	117
90	68	118
90	68	119
90	73	118
90	73	119
90	74	117
90	74	118
90	74	119
90	74	120
91	34	109
91	34	110
91	34	111
91	34	112
91	35	109
91	35	110
91	35	111
91	35	112
91	35	113
91	35	114
91	35	115
91	35	116
91	35	117
91	35	118
91	35	119
91	35	120
91	35	121
91	36	108
91	36	109
91	36	110
91	36	111
91	36	112
91	36	113
91	36	114
91	36	115
91	36	116
91	36	117
91	36	118
91	36	119
91	36	120
91	36	121
91	36	122
91	37	108
91	37	109
91	37	110
91	37	111
91	37	112
91	37	113
91	37	114
91	37	115
91	37	116
91	37	117
91	37	118
91	37	119
91	37	120
91	37	121
91	37	122
91	37	123
91	38	108
91	38	109
91	38	110
91	38	111
91	38	112
91	38	113
91	38	114
91	38	115
91	38	116
91	38	117
91	38	118
91	38	119
91	38	120
91	38	121
91	38	122
91	38	123
91	39	107
91	39	108
91	39	109
91	39	110
91	39	111
91	39	112
91	39	113
91	39	114
91	39	115
91	39	116
91	39	117
91	39	118
91	39	119
91	39	120
91	39	121
91	39	122
91	39	123
91	39	124
91	40	107
91	40	108
91	40	109
91	40	110
91	40	111
91	40	112
91	40	113
91	40	114
91	40	115
91	40	116
91	40	117
91	40	118
91	40	119
91	40	120
91	40	121
91	40	122
91	40	123
91	40	124
91	41	107
91	41	108
91	41	109
91	41	110
91	41	111
91	41	112
91	41	113
91	41	114
91	41	115
91	41	116
91	41	117
91	41	118
91	41	119
91	41	120
91	41	121
91	41	122
91	41	123
91	41	124
91	42	106
91	42	107
91	42	108
91	42	109
91	42	110
91	42	111
91	42	112
91	42	113
91	42	114
91	42	115
91	42	116
91	42	117
91	42	118
91	42	119
91	42	120
91	42	121
91	42	122
91	42	123
91	42	124
91	43	107
91	43	108
91	43	109
91	43	110
91	43	111
91	43	112
91	43	113
91	43	114
91	43	115
91	43	116
91	43	117
91	43	118
91	43	119
91	43	120
91	43	121
91	43	122
91	43	123
91	43	124
91	44	107
91	44	108
91	44	109
91	44	110
91	44	111
91	44	112
91	44	113
91	44	114
91	44	115
91	44	116
91	44	117
91	44	118
91	44	119
91	44	120
91	44	121
91	44	122
91	44	123
91	44	124
91	45	107
91	45	108
91	45	109
91	45	110
91	45	111
91	45	112
91	45	113
91	45	114
91	45	115
91	45	116
91	45	117
91	45	118
91	45	119
91	45	120
91	45	121
91	45	122
91	45	123
91	45	124
91	46	109
91	46	110
91	46	111
91	46	112
91	46	113
91	46	114
91	46	115
91	46	116
91	46	117
91	46	118
91	46	119
91	46	120
91	46	121
91	46	122
91	46	123
91	46	124
91	47	110
91	47	111
91	47	112
91	47	113
91	47	114
91	47	115
91	47	116
91	47	117
91	47	118
91	47	119
91	47	120
91	47	121
91	47	122
91	47	123
91	47	124
91	48	111
91	48	112
91	48	113
91	48	114
91	48	115
91	48	116
91	48	117
91	48	118
91	48	119
91	48	120
91	48	121
91	48	122
91	48	123
91	48	124
91	49	111
91	49	112
91	49	113
91	49	114
91	49	115
91	49	116
91	49	117
91	49	118
91	49	119
91	49	120
91	49	121
91	49	122
91	49	123
91	50	112
91	50	113
91	50	114
91	50	115
91	50	116
91	50	117
91	50	118
91	50	119
91	50	120
91	50	121
91	50	122
91	50	123
91	51	113
91	51	114
91	51	115
91	51	116
91	51	117
91	51	118
91	51	119
91	51	120
91	51	121
91	51	122
91	51	123
91	52	114
91	52	115
91	52	116
91	52	117
91	52	118
91	52	119
91	52	120
91	52	121
91	52	122
91	52	123
91	53	115
91	53	116
91	53	117
91	53	118
91	53	119
91	53	120
91	53	121
91	53	122
91	53	123
91	54	115
91	54	116
91	54	117
91	54	118
91	54	119
91	54	120
91	54	121
91	54	122
91	54	123
91	55	116
91	55	117
91	55	118
91	55	119
91	55	120
91	55	121
91	55	122
91	55	123
91	56	116
91	56	117
91	56	118
91	56	119
91	56	120
91	56	121
91	56	122
91	56	123
91	57	116
91	57	117
91	57	118
91	57	119
91	57	120
91	57	121
91	57	122
91	57	123
91	58	116
91	58	117
91	58	118
91	58	119
91	58	120
91	58	121
91	58	122
91	58	123
91	59	117
91	59	118
91	59	119
91	59	120
91	59	121
91	59	122
91	59	123
91	60	117
91	60	118
91	60	119
91	60	120
91	60	121
91	60	122
91	61	117
91	61	118
91	61	119
91	61	120
91	61	121
91	61	122
91	62	117
91	62	118
91	62	119
91	62	120
91	62	121
91	63	117
91	63	118
91	63	119
91	63	120
91	63	121
91	64	116
91	64	117
91	64	118
91	64	119
91	64	120
91	64	121
91	65	114
91	65	115
91	65	116
91	65	117
91	65	118
91	65	119
91	65	120
91	65	121
91	66	113
91	66	114
91	66	115
91	66	116
91	66	117
91	66	118
91	66	119
91	66	120
91	66	121
91	67	113
91	67	114
91	67	115
91	67	116
91	67	117
91	67	118
91	67	119
91	67	120
91	67	121
91	68	112
91	68	113
91	68	114
91	68	115
91	68	116
91	68	117
91	68	118
91	68	119
91	68	120
91	69	111
91	69	112
91	69	113
91	69	114
91	69	115
91	69	116
91	69	117
91	69	118
91	69	119
91	70	111
91	70	112
91	70	113
91	70	114
91	70	115
91	70	116
91	70	117
91	70	118
91	70	119
91	71	111
91	71	112
91	71	113
91	71	114
91	71	115
91	71	116
91	71	117
91	71	118
91	71	119
91	72	111
91	72	112
91	72	113
91	72	114
91	72	115
91	72	116
91	72	117
91	72	118
91	72	119
91	72	120
91	73	113
91	73	114
91	73	115
91	73	116
91	73	117
91	73	118
91	73	119
91	74	114
91	74	115
91	74	116
91	75	119
91	75	120
91	75	121
91	76	118
91	76	119
91	76	120
91	76	121
91	77	118
91	77	122
92	35	109
92	35	110
92	35	111
92	35	112
92	35	113
92	35	114
92	35	119
92	35	120
92	36	108
92	36	109
92	36	110
92	36	111
92	36	112
92	36	113
92	36	114
92	36	115
92	36	116
92	36	117
92	36	118
92	36	119
92	36	120
92	36	121
92	36	122
92	37	108
92	37	109
92	37	110
92	37	111
92	37	112
92	37	113
92	37	114
92	37	115
92	37	116
92	37	117
92	37	118
92	37	119
92	37	120
92	37	121
92	37	122
92	38	108
92	38	109
92	38	110
92	38	111
92	38	112
92	38	113
92	38	114
92	38	115
92	38	116
92	38	117
92	38	118
92	38	119
92	38	120
92	38	121
92	38	122
92	38	123
92	39	107
92	39	108
92	39	109
92	39	110
92	39	111
92	39	112
92	39	113
92	39	114
92	39	115
92	39	116
92	39	117
92	39	118
92	39	119
92	39	120
92	39	121
92	39	122
92	39	123
92	40	107
92	40	108
92	40	109
92	40	110
92	40	111
92	40	112
92	40	113
92	40	114
92	40	115
92	40	116
92	40	117
92	40	118
92	40	119
92	40	120
92	40	121
92	40	122
92	40	123
92	41	107
92	41	108
92	41	109
92	41	110
92	41	111
92	41	112
92	41	113
92	41	114
92	41	115
92	41	116
92	41	117
92	41	118
92	41	119
92	41	120
92	41	121
92	41	122
92	41	123
92	42	107
92	42	108
92	42	109
92	42	110
92	42	111
92	42	112
92	42	113
92	42	114
92	42	115
92	42	116
92	42	117
92	42	118
92	42	119
92	42	120
92	42	121
92	42	122
92	42	123
92	42	124
92	43	107
92	43	108
92	43	109
92	43	110
92	43	111
92	43	112
92	43	113
92	43	114
92	43	115
92	43	116
92	43	117
92	43	118
92	43	119
92	43	120
92	43	121
92	43	122
92	43	123
92	44	108
92	44	109
92	44	110
92	44	111
92	44	112
92	44	113
92	44	114
92	44	115
92	44	116
92	44	117
92	44	118
92	44	119
92	44	120
92	44	121
92	44	122
92	44	123
92	45	108
92	45	109
92	45	110
92	45	111
92	45	112
92	45	113
92	45	114
92	45	115
92	45	116
92	45	117
92	45	118
92	45	119
92	45	120
92	45	121
92	45	122
92	45	123
92	46	110
92	46	111
92	46	112
92	46	113
92	46	114
92	46	115
92	46	116
92	46	117
92	46	118
92	46	119
92	46	120
92	46	121
92	46	122
92	46	123
92	47	111
92	47	112
92	47	113
92	47	114
92	47	115
92	47	116
92	47	117
92	47	118
92	47	119
92	47	120
92	47	121
92	47	122
92	47	123
92	48	111
92	48	112
92	48	113
92	48	114
92	48	115
92	48	116
92	48	117
92	48	118
92	48	119
92	48	120
92	48	121
92	48	122
92	48	123
92	49	111
92	49	112
92	49	113
92	49	114
92	49	115
92	49	116
92	49	117
92	49	118
92	49	119
92	49	120
92	49	121
92	49	122
92	49	123
92	50	112
92	50	113
92	50	114
92	50	115
92	50	116
92	50	117
92	50	118
92	50	119
92	50	120
92	50	121
92	50	122
92	50	123
92	51	113
92	51	114
92	51	115
92	51	116
92	51	117
92	51	118
92	51	119
92	51	120
92	51	121
92	51	122
92	51	123
92	52	115
92	52	116
92	52	117
92	52	118
92	52	119
92	52	120
92	52	121
92	52	122
92	52	123
92	53	115
92	53	116
92	53	117
92	53	118
92	53	119
92	53	120
92	53	121
92	53	122
92	53	123
92	54	116
92	54	117
92	54	118
92	54	119
92	54	120
92	54	121
92	54	122
92	54	123
92	55	116
92	55	117
92	55	118
92	55	119
92	55	120
92	55	121
92	55	122
92	55	123
92	56	116
92	56	117
92	56	118
92	56	119
92	56	120
92	56	121
92	56	122
92	56	123
92	57	116
92	57	117
92	57	118
92	57	119
92	57	120
92	57	121
92	57	122
92	57	123
92	58	117
92	58	118
92	58	119
92	58	120
92	58	121
92	58	122
92	59	117
92	59	118
92	59	119
92	59	120
92	59	121
92	59	122
92	60	117
92	60	118
92	60	119
92	60	120
92	60	121
92	60	122
92	61	118
92	61	119
92	61	120
92	61	121
92	62	117
92	62	118
92	62	119
92	62	120
92	62	121
92	63	116
92	63	117
92	63	118
92	63	119
92	63	120
92	64	114
92	64	115
92	64	116
92	64	117
92	64	118
92	64	119
92	64	120
92	64	121
92	65	113
92	65	114
92	65	115
92	65	116
92	65	117
92	65	118
92	65	119
92	65	120
92	65	121
92	66	112
92	66	113
92	66	114
92	66	115
92	66	116
92	66	117
92	66	118
92	66	119
92	66	120
92	66	121
92	67	111
92	67	112
92	67	113
92	67	114
92	67	115
92	67	116
92	67	117
92	67	118
92	67	119
92	67	120
92	67	121
92	68	110
92	68	111
92	68	112
92	68	113
92	68	114
92	68	115
92	68	116
92	68	117
92	68	118
92	68	119
92	68	120
92	69	110
92	69	111
92	69	112
92	69	113
92	69	114
92	69	115
92	69	116
92	69	117
92	69	118
92	69	119
92	69	120
92	70	110
92	70	111
92	70	112
92	70	113
92	70	114
92	70	115
92	70	116
92	70	117
92	70	118
92	70	119
92	70	120
92	70	121
92	71	110
92	71	111
92	71	112
92	71	113
92	71	114
92	71	115
92	71	116
92	71	117
92	71	118
92	71	119
92	71	120
92	71	121
92	72	110
92	72	111
92	72	112
92	72	113
92	72	114
92	72	115
92	72	116
92	72	117
92	72	118
92	72	119
92	72	120
92	72	121
92	72	122
92	73	111
92	73	112
92	73	113
92	73	114
92	73	115
92	73	116
92	73	117
92	73	118
92	73	119
92	73	120
92	73	121
92	73	122
92	74	113
92	74	114
92	74	115
92	74	116
92	74	117
92	74	118
92	74	119
92	74	120
92	74	121
92	75	115
92	75	116
92	75	117
92	75	118
92	76	116
92	76	117
92	77	117
92	78	117
93	36	109
93	36	110
93	36	111
93	36	112
93	36	113
93	36	114
93	36	115
93	36	116
93	36	117
93	36	118
93	36	119
93	36	120
93	36	121
93	37	108
93	37	109
93	37	110
93	37	111
93	37	112
93	37	113
93	37	114
93	37	115
93	37	116
93	37	117
93	37	118
93	37	119
93	37	120
93	37	121
93	37	122
93	38	108
93	38	109
93	38	110
93	38	111
93	38	112
93	38	113
93	38	114
93	38	115
93	38	116
93	38	117
93	38	118
93	38	119
93	38	120
93	38	121
93	38	122
93	39	108
93	39	109
93	39	110
93	39	111
93	39	112
93	39	113
93	39	114
93	39	115
93	39	116
93	39	117
93	39	118
93	39	119
93	39	120
93	39	121
93	39	122
93	39	123
93	40	108
93	40	109
93	40	110
93	40	111
93	40	112
93	40	113
93	40	114
93	40	115
93	40	116
93	40	117
93	40	118
93	40	119
93	40	120
93	40	121
93	40	122
93	40	123
93	41	108
93	41	109
93	41	110
93	41	111
93	41	112
93	41	113
93	41	114
93	41	115
93	41	116
93	41	117
93	41	118
93	41	119
93	41	120
93	41	121
93	41	122
93	41	123
93	42	108
93	42	109
93	42	110
93	42	111
93	42	112
93	42	113
93	42	114
93	42	115
93	42	116
93	42	117
93	42	118
93	42	119
93	42	120
93	42	121
93	42	122
93	42	123
93	43	108
93	43	109
93	43	110
93	43	111
93	43	112
93	43	113
93	43	114
93	43	115
93	43	116
93	43	117
93	43	118
93	43	119
93	43	120
93	43	121
93	43	122
93	43	123
93	44	108
93	44	109
93	44	110
93	44	111
93	44	112
93	44	113
93	44	114
93	44	115
93	44	116
93	44	117
93	44	118
93	44	119
93	44	120
93	44	121
93	44	122
93	44	123
93	45	109
93	45	110
93	45	111
93	45	112
93	45	113
93	45	114
93	45	115
93	45	116
93	45	117
93	45	118
93	45	119
93	45	120
93	45	121
93	45	122
93	45	123
93	46	111
93	46	112
93	46	113
93	46	114
93	46	115
93	46	116
93	46	117
93	46	118
93	46	119
93	46	120
93	46	121
93	46	122
93	46	123
93	47	112
93	47	113
93	47	114
93	47	115
93	47	116
93	47	117
93	47	118
93	47	119
93	47	120
93	47	121
93	47	122
93	47	123
93	48	112
93	48	113
93	48	114
93	48	115
93	48	116
93	48	117
93	48	118
93	48	119
93	48	120
93	48	121
93	48	122
93	48	123
93	49	113
93	49	114
93	49	115
93	49	116
93	49	117
93	49	118
93	49	119
93	49	120
93	49	121
93	49	122
93	49	123
93	50	113
93	50	114
93	50	115
93	50	116
93	50	117
93	50	118
93	50	119
93	50	120
93	50	121
93	50	122
93	50	123
93	51	113
93	51	114
93	51	115
93	51	116
93	51	117
93	51	118
93	51	119
93	51	120
93	51	121
93	52	115
93	52	116
93	52	117
93	52	118
93	52	119
93	52	120
93	53	115
93	53	116
93	53	117
93	53	118
93	53	119
93	53	120
93	54	116
93	54	117
93	54	118
93	54	119
93	54	120
93	54	121
93	55	116
93	55	117
93	55	118
93	55	119
93	55	120
93	55	121
93	55	122
93	56	116
93	56	117
93	56	118
93	56	119
93	56	120
93	56	121
93	56	122
93	57	117
93	57	118
93	57	119
93	57	120
93	57	121
93	57	122
93	58	117
93	58	118
93	58	119
93	58	120
93	58	121
93	58	122
93	59	117
93	59	118
93	59	119
93	59	120
93	59	121
93	59	122
93	60	117
93	60	118
93	60	119
93	60	120
93	60	121
93	61	118
93	61	119
93	61	120
93	62	119
93	62	120
93	63	113
93	63	114
93	63	115
93	63	116
93	63	117
93	63	118
93	63	119
93	63	120
93	64	113
93	64	114
93	64	115
93	64	116
93	64	117
93	64	118
93	64	119
93	64	120
93	65	112
93	65	113
93	65	114
93	65	115
93	65	116
93	65	117
93	65	118
93	65	119
93	65	120
93	66	112
93	66	113
93	66	114
93	66	115
93	66	116
93	66	117
93	66	118
93	66	119
93	66	120
93	66	121
93	67	111
93	67	112
93	67	113
93	67	114
93	67	115
93	67	116
93	67	117
93	67	118
93	67	119
93	67	120
93	67	121
93	68	110
93	68	111
93	68	112
93	68	113
93	68	114
93	68	115
93	68	116
93	68	117
93	68	118
93	68	119
93	68	120
93	68	121
93	69	110
93	69	111
93	69	112
93	69	113
93	69	114
93	69	115
93	69	116
93	69	117
93	69	118
93	69	119
93	69	120
93	69	121
93	70	110
93	70	111
93	70	112
93	70	113
93	70	114
93	70	115
93	70	116
93	70	117
93	70	118
93	70	119
93	70	120
93	70	121
93	70	122
93	71	110
93	71	111
93	71	112
93	71	113
93	71	114
93	71	115
93	71	116
93	71	117
93	71	118
93	71	119
93	71	120
93	71	121
93	71	122
93	71	123
93	72	111
93	72	112
93	72	113
93	72	114
93	72	115
93	72	116
93	72	117
93	72	118
93	72	119
93	72	120
93	72	121
93	72	122
93	72	123
93	72	124
93	73	111
93	73	112
93	73	113
93	73	114
93	73	115
93	73	116
93	73	117
93	73	118
93	73	119
93	73	120
93	73	121
93	73	122
93	73	123
93	74	112
93	74	113
93	74	114
93	74	115
93	74	116
93	74	117
93	74	118
93	74	119
93	74	120
93	74	121
93	74	122
93	74	123
93	75	115
93	75	116
93	75	117
93	75	118
93	75	119
93	75	120
93	75	121
93	75	122
93	75	123
93	76	116
93	76	117
93	76	118
93	76	119
93	76	120
93	76	121
93	76	122
93	77	116
93	77	117
93	77	118
93	78	117
93	78	118
93	79	118
94	37	108
94	37	109
94	37	110
94	37	111
94	37	112
94	37	113
94	37	114
94	37	115
94	37	116
94	37	117
94	37	118
94	37	119
94	37	120
94	38	108
94	38	109
94	38	110
94	38	111
94	38	112
94	38	113
94	38	114
94	38	115
94	38	116
94	38	117
94	38	118
94	38	119
94	38	120
94	38	121
94	39	108
94	39	109
94	39	110
94	39	111
94	39	112
94	39	113
94	39	114
94	39	115
94	39	116
94	39	117
94	39	118
94	39	119
94	39	120
94	39	121
94	39	122
94	40	108
94	40	109
94	40	110
94	40	111
94	40	112
94	40	113
94	40	114
94	40	115
94	40	116
94	40	117
94	40	118
94	40	119
94	40	120
94	40	121
94	40	122
94	41	108
94	41	109
94	41	110
94	41	111
94	41	112
94	41	113
94	41	114
94	41	115
94	41	116
94	41	117
94	41	118
94	41	119
94	41	120
94	41	121
94	41	122
94	42	108
94	42	109
94	42	110
94	42	111
94	42	112
94	42	113
94	42	114
94	42	115
94	42	116
94	42	117
94	42	118
94	42	119
94	42	120
94	42	121
94	42	122
94	43	108
94	43	109
94	43	110
94	43	111
94	43	112
94	43	113
94	43	114
94	43	115
94	43	116
94	43	117
94	43	118
94	43	119
94	43	120
94	43	121
94	43	122
94	44	109
94	44	110
94	44	111
94	44	112
94	44	113
94	44	114
94	44	115
94	44	116
94	44	117
94	44	118
94	44	119
94	44	120
94	44	121
94	44	122
94	45	112
94	45	113
94	45	114
94	45	115
94	45	116
94	45	117
94	45	118
94	45	119
94	45	120
94	45	121
94	45	122
94	46	113
94	46	114
94	46	115
94	46	116
94	46	117
94	46	118
94	46	119
94	46	120
94	46	121
94	46	122
94	47	113
94	47	114
94	47	115
94	47	116
94	47	117
94	47	118
94	47	119
94	47	120
94	47	121
94	47	122
94	48	114
94	48	115
94	48	116
94	48	117
94	48	118
94	48	119
94	48	120
94	48	121
94	48	122
94	49	114
94	49	115
94	49	116
94	49	117
94	49	118
94	49	119
94	49	120
94	49	121
94	50	114
94	50	115
94	50	116
94	50	117
94	50	118
94	50	119
94	51	114
94	51	115
94	51	116
94	51	117
94	51	118
94	51	119
94	52	115
94	52	116
94	52	117
94	52	118
94	53	115
94	53	116
94	53	117
94	53	118
94	54	116
94	54	117
94	54	118
94	54	119
94	55	117
94	55	118
94	55	119
94	56	117
94	56	118
94	56	119
94	56	120
94	57	117
94	57	118
94	57	119
94	57	120
94	58	117
94	58	118
94	58	119
94	58	120
94	59	118
94	59	119
94	59	120
94	60	118
94	60	119
94	63	118
94	63	119
94	64	114
94	64	115
94	64	116
94	64	117
94	64	118
94	64	119
94	65	113
94	65	114
94	65	115
94	65	116
94	65	117
94	65	118
94	65	119
94	65	120
94	66	112
94	66	113
94	66	114
94	66	115
94	66	116
94	66	117
94	66	118
94	66	119
94	66	120
94	67	111
94	67	112
94	67	113
94	67	114
94	67	115
94	67	116
94	67	117
94	67	118
94	67	119
94	67	120
94	67	121
94	68	110
94	68	111
94	68	112
94	68	113
94	68	114
94	68	115
94	68	116
94	68	117
94	68	118
94	68	119
94	68	120
94	68	121
94	69	110
94	69	111
94	69	112
94	69	113
94	69	114
94	69	115
94	69	116
94	69	117
94	69	118
94	69	119
94	69	120
94	69	121
94	69	122
94	70	110
94	70	111
94	70	112
94	70	113
94	70	114
94	70	115
94	70	116
94	70	117
94	70	118
94	70	119
94	70	120
94	70	121
94	70	122
94	71	111
94	71	112
94	71	113
94	71	114
94	71	115
94	71	116
94	71	117
94	71	118
94	71	119
94	71	120
94	71	121
94	71	122
94	71	123
94	72	111
94	72	112
94	72	113
94	72	114
94	72	115
94	72	116
94	72	117
94	72	118
94	72	119
94	72	120
94	72	121
94	72	122
94	72	123
94	72	124
94	73	112
94	73	113
94	73	114
94	73	115
94	73	116
94	73	117
94	73	118
94	73	119
94	73	120
94	73	121
94	73	122
94	73	123
94	73	124
94	74	112
94	74	113
94	74	114
94	74	115
94	74	116
94	74	117
94	74	118
94	74	119
94	74	120
94	74	121
94	74	122
94	74	123
94	75	115
94	75	116
94	75	117
94	75	118
94	75	119
94	75	120
94	75	121
94	75	122
94	75	123
94	76	115
94	76	116
94	76	117
94	76	118
94	76	119
94	76	120
94	76	121
94	76	122
94	76	123
94	77	116
94	77	117
94	77	118
94	77	119
94	77	120
94	77	121
94	77	122
94	78	117
94	78	118
94	78	119
94	78	120
94	78	121
94	79	118
94	79	119
94	80	119
95	38	108
95	38	109
95	38	110
95	38	111
95	38	112
95	38	113
95	38	114
95	38	115
95	38	116
95	38	117
95	38	118
95	38	119
95	38	120
95	39	108
95	39	109
95	39	110
95	39	111
95	39	112
95	39	113
95	39	114
95	39	115
95	39	116
95	39	117
95	39	118
95	39	119
95	39	120
95	39	121
95	40	108
95	40	109
95	40	110
95	40	111
95	40	112
95	40	113
95	40	114
95	40	115
95	40	116
95	40	117
95	40	118
95	40	119
95	40	120
95	40	121
95	41	109
95	41	110
95	41	111
95	41	112
95	41	113
95	41	114
95	41	115
95	41	116
95	41	117
95	41	118
95	41	119
95	41	120
95	41	121
95	42	111
95	42	112
95	42	113
95	42	114
95	42	115
95	42	116
95	42	117
95	42	118
95	42	119
95	42	120
95	42	121
95	43	112
95	43	113
95	43	114
95	43	115
95	43	116
95	43	117
95	43	118
95	43	119
95	43	120
95	43	121
95	44	113
95	44	114
95	44	115
95	44	116
95	44	117
95	44	118
95	44	119
95	44	120
95	44	121
95	45	114
95	45	115
95	45	116
95	45	117
95	45	118
95	45	119
95	45	120
95	45	121
95	46	114
95	46	115
95	46	116
95	46	117
95	46	118
95	46	119
95	46	120
95	46	121
95	47	115
95	47	116
95	47	117
95	47	118
95	47	119
95	47	120
95	47	121
95	48	116
95	48	117
95	48	118
95	48	119
95	48	120
95	49	116
95	49	117
95	49	118
95	49	119
95	50	116
95	50	117
95	50	118
95	51	116
95	51	117
95	52	117
95	63	118
95	64	117
95	64	118
95	64	119
95	65	113
95	65	114
95	65	115
95	65	116
95	65	117
95	65	118
95	65	119
95	66	112
95	66	113
95	66	114
95	66	115
95	66	116
95	66	117
95	66	118
95	66	119
95	66	120
95	67	111
95	67	112
95	67	113
95	67	114
95	67	115
95	67	116
95	67	117
95	67	118
95	67	119
95	67	120
95	67	121
95	68	110
95	68	111
95	68	112
95	68	113
95	68	114
95	68	115
95	68	116
95	68	117
95	68	118
95	68	119
95	68	120
95	68	121
95	69	110
95	69	111
95	69	112
95	69	113
95	69	114
95	69	115
95	69	116
95	69	117
95	69	118
95	69	119
95	69	120
95	69	121
95	70	110
95	70	111
95	70	112
95	70	113
95	70	114
95	70	115
95	70	116
95	70	117
95	70	118
95	70	119
95	70	120
95	70	121
95	70	122
95	71	111
95	71	112
95	71	113
95	71	114
95	71	115
95	71	116
95	71	117
95	71	118
95	71	119
95	71	120
95	71	121
95	71	122
95	71	123
95	72	111
95	72	112
95	72	113
95	72	114
95	72	115
95	72	116
95	72	117
95	72	118
95	72	119
95	72	120
95	72	121
95	72	122
95	72	123
95	72	124
95	73	112
95	73	113
95	73	114
95	73	115
95	73	116
95	73	117
95	73	118
95	73	119
95	73	120
95	73	121
95	73	122
95	73	123
95	73	124
95	74	113
95	74	114
95	74	115
95	74	116
95	74	117
95	74	118
95	74	119
95	74	120
95	74	121
95	74	122
95	74	123
95	75	114
95	75	115
95	75	116
95	75	117
95	75	118
95	75	119
95	75	120
95	75	121
95	75	122
95	75	123
95	76	115
95	76	116
95	76	117
95	76	118
95	76	119
95	76	120
95	76	121
95	76	122
95	76	123
95	77	116
95	77	117
95	77	118
95	77	119
95	77	120
95	77	121
95	77	122
95	78	117
95	78	118
95	78	119
95	78	120
95	78	121
95	78	122
95	79	118
95	79	119
95	79	120
95	79	121
95	80	119
95	80	120
95	80	121
95	81	120
95	81	121
95	82	121
96	39	109
96	39	110
96	39	111
96	39	117
96	39	118
96	39	119
96	40	109
96	40	110
96	40	111
96	40	112
96	40	113
96	40	115
96	40	116
96	40	117
96	40	118
96	40	119
96	40	120
96	41	113
96	41	114
96	41	115
96	41	116
96	41	117
96	41	118
96	41	119
96	41	120
96	42	113
96	42	114
96	42	115
96	42	116
96	42	117
96	42	118
96	42	119
96	42	120
96	43	114
96	43	115
96	43	116
96	43	117
96	43	118
96	43	119
96	43	120
96	44	114
96	44	115
96	44	116
96	44	117
96	44	118
96	44	119
96	44	120
96	45	115
96	45	116
96	45	117
96	45	118
96	45	119
96	45	120
96	46	116
96	46	117
96	46	118
96	46	119
96	46	120
96	47	117
96	47	118
96	47	119
96	47	120
96	48	117
96	48	118
96	48	119
96	49	117
96	49	118
96	50	117
96	51	117
96	63	118
96	64	117
96	64	118
96	64	119
96	65	114
96	65	115
96	65	116
96	65	117
96	65	118
96	65	119
96	66	112
96	66	113
96	66	114
96	66	115
96	66	116
96	66	117
96	66	118
96	66	119
96	66	120
96	67	111
96	67	112
96	67	113
96	67	114
96	67	115
96	67	116
96	67	117
96	67	118
96	67	119
96	67	120
96	68	110
96	68	111
96	68	112
96	68	113
96	68	114
96	68	115
96	68	116
96	68	117
96	68	118
96	68	119
96	68	120
96	68	121
96	69	110
96	69	111
96	69	112
96	69	113
96	69	114
96	69	115
96	69	116
96	69	117
96	69	118
96	69	119
96	69	120
96	69	121
96	70	110
96	70	111
96	70	112
96	70	113
96	70	114
96	70	115
96	70	116
96	70	117
96	70	118
96	70	119
96	70	120
96	70	121
96	70	122
96	71	111
96	71	112
96	71	113
96	71	114
96	71	115
96	71	116
96	71	117
96	71	118
96	71	119
96	71	120
96	71	121
96	71	122
96	71	123
96	72	111
96	72	112
96	72	113
96	72	114
96	72	115
96	72	116
96	72	117
96	72	118
96	72	119
96	72	120
96	72	121
96	72	122
96	72	123
96	72	124
96	73	111
96	73	112
96	73	113
96	73	114
96	73	115
96	73	116
96	73	117
96	73	118
96	73	119
96	73	120
96	73	121
96	73	122
96	73	123
96	73	124
96	74	113
96	74	114
96	74	115
96	74	116
96	74	117
96	74	118
96	74	119
96	74	120
96	74	121
96	74	122
96	74	123
96	75	114
96	75	115
96	75	116
96	75	117
96	75	118
96	75	119
96	75	120
96	75	121
96	75	122
96	75	123
96	76	115
96	76	116
96	76	117
96	76	118
96	76	119
96	76	120
96	76	121
96	76	122
96	76	123
96	77	116
96	77	117
96	77	118
96	77	119
96	77	120
96	77	121
96	77	122
96	77	123
96	78	117
96	78	118
96	78	119
96	78	120
96	78	121
96	78	122
96	79	118
96	79	119
96	79	120
96	79	121
96	79	122
96	80	119
96	80	120
96	80	121
96	80	122
96	81	120
96	81	121
96	82	121
97	40	117
97	40	118
97	40	119
97	41	114
97	41	115
97	41	116
97	41	117
97	41	118
97	41	119
97	42	114
97	42	115
97	42	116
97	42	117
97	42	118
97	42	119
97	42	120
97	43	115
97	43	116
97	43	117
97	43	118
97	43	119
97	43	120
97	44	115
97	44	116
97	44	117
97	44	118
97	44	119
97	44	120
97	45	117
97	45	118
97	45	119
97	45	120
97	46	118
97	46	119
97	46	120
97	47	118
97	47	119
97	48	118
97	63	118
97	64	117
97	64	118
97	64	119
97	65	114
97	65	115
97	65	116
97	65	117
97	65	118
97	65	119
97	66	112
97	66	113
97	66	114
97	66	115
97	66	116
97	66	117
97	66	118
97	66	119
97	67	112
97	67	113
97	67	114
97	67	115
97	67	116
97	67	117
97	67	118
97	67	119
97	67	120
97	68	111
97	68	112
97	68	113
97	68	114
97	68	115
97	68	116
97	68	117
97	68	118
97	68	119
97	68	120
97	68	121
97	69	110
97	69	111
97	69	112
97	69	113
97	69	114
97	69	115
97	69	116
97	69	117
97	69	118
97	69	119
97	69	120
97	69	121
97	70	110
97	70	111
97	70	112
97	70	113
97	70	114
97	70	115
97	70	116
97	70	117
97	70	118
97	70	119
97	70	120
97	70	121
97	70	122
97	71	111
97	71	112
97	71	113
97	71	114
97	71	115
97	71	116
97	71	117
97	71	118
97	71	119
97	71	120
97	71	121
97	71	122
97	71	123
97	72	111
97	72	112
97	72	113
97	72	114
97	72	115
97	72	116
97	72	117
97	72	118
97	72	119
97	72	120
97	72	121
97	72	122
97	72	123
97	72	124
97	73	111
97	73	112
97	73	113
97	73	114
97	73	115
97	73	116
97	73	117
97	73	118
97	73	119
97	73	120
97	73	121
97	73	122
97	73	123
97	73	124
97	74	112
97	74	113
97	74	114
97	74	115
97	74	116
97	74	117
97	74	118
97	74	119
97	74	120
97	74	121
97	74	122
97	74	123
97	75	114
97	75	115
97	75	116
97	75	117
97	75	118
97	75	119
97	75	120
97	75	121
97	75	122
97	75	123
97	76	115
97	76	116
97	76	117
97	76	118
97	76	119
97	76	120
97	76	121
97	76	122
97	76	123
97	77	116
97	77	117
97	77	118
97	77	119
97	77	120
97	77	121
97	77	122
97	77	123
97	78	117
97	78	118
97	78	119
97	78	120
97	78	121
97	78	122
97	79	118
97	79	119
97	79	120
97	79	121
97	79	122
97	80	119
97	80	120
97	80	121
97	80	122
97	81	120
97	81	121
97	82	121
98	41	116
98	41	117
98	42	115
98	42	116
98	42	117
98	42	118
98	43	116
98	43	117
98	43	118
98	44	118
98	44	119
98	45	119
98	46	119
98	64	117
98	64	118
98	65	116
98	65	117
98	65	118
98	65	119
98	66	113
98	66	114
98	66	115
98	66	116
98	66	117
98	66	118
98	66	119
98	67	112
98	67	113
98	67	114
98	67	115
98	67	116
98	67	117
98	67	118
98	67	119
98	67	120
98	68	111
98	68	112
98	68	113
98	68	114
98	68	115
98	68	116
98	68	117
98	68	118
98	68	119
98	68	120
98	69	110
98	69	111
98	69	112
98	69	113
98	69	114
98	69	115
98	69	116
98	69	117
98	69	118
98	69	119
98	69	120
98	69	121
98	70	111
98	70	112
98	70	113
98	70	114
98	70	115
98	70	116
98	70	117
98	70	118
98	70	119
98	70	120
98	70	121
98	70	122
98	71	111
98	71	112
98	71	113
98	71	114
98	71	115
98	71	116
98	71	117
98	71	118
98	71	119
98	71	120
98	71	121
98	71	122
98	71	123
98	72	111
98	72	112
98	72	113
98	72	114
98	72	115
98	72	116
98	72	117
98	72	118
98	72	119
98	72	120
98	72	121
98	72	122
98	72	123
98	72	124
98	72	125
98	73	111
98	73	112
98	73	113
98	73	114
98	73	115
98	73	116
98	73	117
98	73	118
98	73	119
98	73	120
98	73	121
98	73	122
98	73	123
98	73	124
98	74	112
98	74	113
98	74	114
98	74	115
98	74	116
98	74	117
98	74	118
98	74	119
98	74	120
98	74	121
98	74	122
98	74	123
98	75	114
98	75	115
98	75	116
98	75	117
98	75	118
98	75	119
98	75	120
98	75	121
98	75	122
98	75	123
98	76	115
98	76	116
98	76	117
98	76	118
98	76	119
98	76	120
98	76	121
98	76	122
98	76	123
98	77	116
98	77	117
98	77	118
98	77	119
98	77	120
98	77	121
98	77	122
98	77	123
98	78	117
98	78	118
98	78	119
98	78	120
98	78	121
98	78	122
98	79	118
98	79	119
98	79	120
98	79	121
98	79	122
98	80	119
98	80	120
98	80	121
98	80	122
98	81	120
98	81	121
98	81	122
98	82	121
99	42	117
99	64	118
99	65	116
99	65	117
99	65	118
99	65	119
99	66	113
99	66	114
99	66	115
99	66	116
99	66	117
99	66	118
99	66	119
99	67	112
99	67	113
99	67	114
99	67	115
99	67	116
99	67	117
99	67	118
99	67	119
99	68	111
99	68	112
99	68	113
99	68	114
99	68	115
99	68	116
99	68	117
99	68	118
99	68	119
99	68	120
99	69	110
99	69	111
99	69	112
99	69	113
99	69	114
99	69	115
99	69	116
99	69	117
99	69	118
99	69	119
99	69	120
99	69	121
99	70	110
99	70	111
99	70	112
99	70	113
99	70	114
99	70	115
99	70	116
99	70	117
99	70	118
99	70	119
99	70	120
99	70	121
99	70	122
99	71	111
99	71	112
99	71	113
99	71	114
99	71	115
99	71	116
99	71	117
99	71	118
99	71	119
99	71	120
99	71	121
99	71	122
99	71	123
99	72	111
99	72	112
99	72	113
99	72	114
99	72	115
99	72	116
99	72	117
99	72	118
99	72	119
99	72	120
99	72	121
99	72	122
99	72	123
99	72	124
99	72	125
99	73	111
99	73	112
99	73	113
99	73	114
99	73	115
99	73	116
99	73	117
99	73	118
99	73	119
99	73	120
99	73	121
99	73	122
99	73	123
99	73	124
99	74	112
99	74	113
99	74	114
99	74	115
99	74	116
99	74	117
99	74	118
99	74	119
99	74	120
99	74	121
99	74	122
99	74	123
99	75	114
99	75	115
99	75	116
99	75	117
99	75	118
99	75	119
99	75	120
99	75	121
99	75	122
99	75	123
99	76	115
99	76	116
99	76	117
99	76	118
99	76	119
99	76	120
99	76	121
99	76	122
99	76	123
99	77	116
99	77	117
99	77	118
99	77	119
99	77	120
99	77	121
99	77	122
99	77	123
99	78	117
99	78	118
99	78	119
99	78	120
99	78	121
99	78	122
99	79	118
99	79	119
99	79	120
99	79	121
99	79	122
99	80	119
99	80	120
99	80	121
99	80	122
99	81	120
99	81	121
99	82	121
100	65	117
100	65	118
100	66	114
100	66	115
100	66	116
100	66	117
100	66	118
100	66	119
100	67	112
100	67	113
100	67	114
100	67	115
100	67	116
100	67	117
100	67	118
100	67	119
100	68	111
100	68	112
100	68	113
100	68	114
100	68	115
100	68	116
100	68	117
100	68	118
100	68	119
100	68	120
100	69	111
100	69	112
100	69	113
100	69	114
100	69	115
100	69	116
100	69	117
100	69	118
100	69	119
100	69	120
100	69	121
100	70	110
100	70	111
100	70	112
100	70	113
100	70	114
100	70	115
100	70	116
100	70	117
100	70	118
100	70	119
100	70	120
100	70	121
100	70	122
100	71	111
100	71	112
100	71	113
100	71	114
100	71	115
100	71	116
100	71	117
100	71	118
100	71	119
100	71	120
100	71	121
100	71	122
100	71	123
100	72	111
100	72	112
100	72	113
100	72	114
100	72	115
100	72	116
100	72	117
100	72	118
100	72	119
100	72	120
100	72	121
100	72	122
100	72	123
100	72	124
100	72	125
100	73	111
100	73	112
100	73	113
100	73	114
100	73	115
100	73	116
100	73	117
100	73	118
100	73	119
100	73	120
100	73	121
100	73	122
100	73	123
100	73	124
100	74	112
100	74	113
100	74	114
100	74	115
100	74	116
100	74	117
100	74	118
100	74	119
100	74	120
100	74	121
100	74	122
100	74	123
100	75	112
100	75	113
100	75	114
100	75	115
100	75	116
100	75	117
100	75	118
100	75	119
100	75	120
100	75	121
100	75	122
100	75	123
100	76	115
100	76	116
100	76	117
100	76	118
100	76	119
100	76	120
100	76	121
100	76	122
100	76	123
100	77	116
100	77	117
100	77	118
100	77	119
100	77	120
100	77	121
100	77	122
100	78	117
100	78	118
100	78	119
100	78	120
100	78	121
100	78	122
100	79	118
100	79	119
100	79	120
100	79	121
100	79	122
100	80	119
100	80	120
100	80	121
100	80	122
100	81	120
100	81	121
100	82	121
101	65	118
101	66	117
101	66	118
101	66	119
101	67	113
101	67	114
101	67	115
101	67	116
101	67	117
101	67	118
101	67	119
101	68	112
101	68	113
101	68	114
101	68	115
101	68	116
101	68	117
101	68	118
101	68	119
101	68	120
101	69	112
101	69	113
101	69	114
101	69	115
101	69	116
101	69	117
101	69	118
101	69	119
101	69	120
101	70	111
101	70	112
101	70	113
101	70	114
101	70	115
101	70	116
101	70	117
101	70	118
101	70	119
101	70	120
101	70	121
101	71	111
101	71	112
101	71	113
101	71	114
101	71	115
101	71	116
101	71	117
101	71	118
101	71	119
101	71	120
101	71	121
101	71	122
101	71	123
101	72	111
101	72	112
101	72	113
101	72	114
101	72	115
101	72	116
101	72	117
101	72	118
101	72	119
101	72	120
101	72	121
101	72	122
101	72	123
101	72	124
101	73	111
101	73	112
101	73	113
101	73	114
101	73	115
101	73	116
101	73	117
101	73	118
101	73	119
101	73	120
101	73	121
101	73	122
101	73	123
101	73	124
101	74	112
101	74	113
101	74	114
101	74	115
101	74	116
101	74	117
101	74	118
101	74	119
101	74	120
101	74	121
101	74	122
101	74	123
101	75	112
101	75	113
101	75	114
101	75	115
101	75	116
101	75	117
101	75	118
101	75	119
101	75	120
101	75	121
101	75	122
101	75	123
101	76	112
101	76	113
101	76	114
101	76	115
101	76	116
101	76	117
101	76	118
101	76	119
101	76	120
101	76	121
101	76	122
101	77	116
101	77	117
101	77	118
101	77	119
101	77	120
101	77	121
101	77	122
101	78	117
101	78	118
101	78	119
101	78	120
101	78	121
101	78	122
101	79	118
101	79	119
101	79	120
101	79	121
101	79	122
101	80	119
101	80	120
101	80	121
101	80	122
101	81	120
101	81	121
101	82	121
102	65	118
102	66	118
102	67	116
102	67	117
102	67	118
102	67	119
102	68	112
102	68	113
102	68	114
102	68	115
102	68	116
102	68	117
102	68	118
102	68	119
102	69	112
102	69	113
102	69	114
102	69	115
102	69	116
102	69	117
102	69	118
102	69	119
102	69	120
102	70	112
102	70	113
102	70	114
102	70	115
102	70	116
102	70	117
102	70	118
102	70	119
102	70	120
102	70	121
102	71	112
102	71	113
102	71	114
102	71	115
102	71	116
102	71	117
102	71	118
102	71	119
102	71	120
102	71	121
102	71	122
102	72	111
102	72	112
102	72	113
102	72	114
102	72	115
102	72	116
102	72	117
102	72	118
102	72	119
102	72	120
102	72	121
102	72	122
102	72	123
102	72	124
102	73	111
102	73	112
102	73	113
102	73	114
102	73	115
102	73	116
102	73	117
102	73	118
102	73	119
102	73	120
102	73	121
102	73	122
102	73	123
102	74	111
102	74	112
102	74	113
102	74	114
102	74	115
102	74	116
102	74	117
102	74	118
102	74	119
102	74	120
102	74	121
102	74	122
102	74	123
102	75	112
102	75	113
102	75	114
102	75	115
102	75	116
102	75	117
102	75	118
102	75	119
102	75	120
102	75	121
102	75	122
102	76	112
102	76	113
102	76	114
102	76	115
102	76	116
102	76	117
102	76	118
102	76	119
102	76	120
102	76	121
102	76	122
102	77	113
102	77	114
102	77	115
102	77	116
102	77	117
102	77	118
102	77	119
102	77	120
102	77	121
102	77	122
102	78	117
102	78	118
102	78	119
102	78	120
102	78	121
102	78	122
102	79	118
102	79	119
102	79	120
102	79	121
102	79	122
102	80	119
102	80	120
102	80	121
102	81	120
102	81	121
102	82	121
103	66	118
103	67	118
103	68	117
103	68	118
103	69	113
103	69	114
103	69	115
103	69	116
103	69	117
103	69	118
103	69	119
103	70	113
103	70	114
103	70	115
103	70	116
103	70	117
103	70	118
103	70	119
103	71	113
103	71	114
103	71	115
103	71	116
103	71	117
103	71	118
103	71	119
103	71	120
103	71	121
103	72	112
103	72	113
103	72	114
103	72	115
103	72	116
103	72	117
103	72	118
103	72	119
103	72	120
103	72	121
103	72	122
103	72	123
103	72	124
103	73	111
103	73	112
103	73	113
103	73	114
103	73	115
103	73	116
103	73	117
103	73	118
103	73	119
103	73	120
103	73	121
103	73	122
103	73	123
103	74	111
103	74	112
103	74	113
103	74	114
103	74	115
103	74	116
103	74	117
103	74	118
103	74	119
103	74	120
103	74	121
103	74	122
103	74	123
103	75	112
103	75	113
103	75	114
103	75	115
103	75	116
103	75	117
103	75	118
103	75	119
103	75	120
103	75	121
103	75	122
103	76	112
103	76	113
103	76	114
103	76	115
103	76	116
103	76	117
103	76	118
103	76	119
103	76	120
103	76	121
103	76	122
103	77	114
103	77	115
103	77	116
103	77	117
103	77	118
103	77	119
103	77	120
103	77	121
103	77	122
103	78	114
103	78	115
103	78	116
103	78	117
103	78	118
103	78	119
103	78	120
103	78	121
103	78	122
103	79	118
103	79	119
103	79	120
103	79	121
103	80	119
103	80	120
103	80	121
103	81	120
103	81	121
103	82	121
104	69	118
104	70	114
104	70	115
104	70	116
104	70	117
104	70	118
104	71	114
104	71	115
104	71	116
104	71	117
104	71	118
104	71	119
104	72	113
104	72	114
104	72	115
104	72	116
104	72	117
104	72	118
104	72	119
104	72	120
104	72	121
104	72	122
104	72	123
104	72	124
104	73	111
104	73	112
104	73	113
104	73	114
104	73	115
104	73	116
104	73	117
104	73	118
104	73	119
104	73	120
104	73	121
104	73	122
104	73	123
104	74	111
104	74	112
104	74	113
104	74	114
104	74	115
104	74	116
104	74	117
104	74	118
104	74	119
104	74	120
104	74	121
104	74	122
104	75	111
104	75	112
104	75	113
104	75	114
104	75	115
104	75	116
104	75	117
104	75	118
104	75	119
104	75	120
104	75	121
104	75	122
104	76	114
104	76	115
104	76	116
104	76	117
104	76	118
104	76	119
104	76	120
104	76	121
104	77	114
104	77	115
104	77	116
104	77	117
104	77	118
104	77	119
104	77	120
104	77	121
104	78	115
104	78	116
104	78	117
104	78	118
104	78	119
104	78	120
104	78	121
104	79	115
104	79	116
104	79	117
104	79	118
104	79	119
104	79	120
104	79	121
104	80	119
104	80	120
104	80	121
104	81	120
104	81	121
104	82	121
105	71	114
105	71	115
105	71	116
105	71	117
105	72	114
105	72	115
105	72	116
105	72	117
105	73	113
105	73	114
105	73	115
105	73	116
105	73	117
105	73	118
105	73	119
105	73	120
105	73	121
105	73	122
105	74	111
105	74	112
105	74	113
105	74	114
105	74	115
105	74	116
105	74	117
105	74	118
105	74	119
105	74	120
105	74	121
105	75	115
105	75	116
105	75	117
105	75	118
105	75	119
105	75	120
105	75	121
105	76	115
105	76	116
105	76	117
105	76	118
105	76	119
105	76	120
105	76	121
105	77	116
105	77	117
105	77	118
105	77	119
105	77	120
105	77	121
105	78	116
105	78	117
105	78	118
105	78	119
105	78	120
105	78	121
105	79	117
105	79	118
105	79	119
105	79	120
105	79	121
105	80	117
105	80	118
105	80	119
105	80	120
105	81	120
106	72	115
106	72	116
106	73	114
106	73	115
106	73	116
106	74	116
106	74	117
106	74	118
106	74	119
106	74	120
106	75	116
106	75	117
106	75	118
106	75	119
106	75	120
106	76	117
106	76	118
106	76	119
106	76	120
106	77	117
106	77	118
106	77	119
106	77	120
106	78	118
106	78	119
106	78	120
106	79	118
106	79	119
106	79	120
106	80	118
106	80	119
106	80	120
106	81	118
106	81	119
107	76	118
