#i	j	k
97	13	29
97	13	30
97	13	31
97	13	32
97	13	33
97	14	26
97	14	27
97	14	28
97	14	29
97	14	30
97	14	31
97	14	32
97	14	33
97	15	24
97	15	25
97	16	24
97	16	25
98	13	27
98	13	28
98	13	29
98	13	30
98	13	31
98	13	32
98	13	33
98	13	34
98	14	25
98	14	26
98	14	27
98	14	28
98	14	29
98	14	30
98	14	31
98	14	32
98	14	33
98	15	22
98	15	23
98	15	24
98	15	25
98	15	26
98	15	27
98	15	28
98	15	29
98	15	30
98	15	31
98	15	32
98	16	23
98	16	24
98	16	25
98	16	26
98	17	25
98	17	26
99	13	26
99	13	27
99	13	28
99	13	29
99	13	30
99	13	31
99	13	32
99	13	33
99	14	24
99	14	25
99	14	26
99	14	27
99	14	28
99	14	29
99	14	30
99	14	31
99	14	32
99	14	33
99	15	22
99	15	23
99	15	24
99	15	25
99	15	26
99	15	27
99	15	28
99	15	29
99	15	30
99	15	31
99	15	32
99	16	23
99	16	24
99	16	25
99	16	26
99	16	27
99	16	28
99	16	29
99	16	30
99	16	31
99	17	24
99	17	25
99	17	26
99	17	27
99	18	26
99	18	27
100	13	25
100	13	26
100	13	27
100	13	28
100	13	29
100	13	30
100	13	31
100	13	32
100	13	33
100	14	22
100	14	23
100	14	24
100	14	25
100	14	26
100	14	27
100	14	28
100	14	29
100	14	30
100	14	31
100	14	32
100	14	33
100	15	22
100	15	23
100	15	24
100	15	25
100	15	26
100	15	27
100	15	28
100	15	29
100	15	30
100	15	31
100	15	32
100	16	23
100	16	24
100	16	25
100	16	26
100	16	27
100	16	28
100	16	29
100	16	30
100	16	31
100	17	24
100	17	25
100	17	26
100	17	27
100	17	28
100	17	29
100	17	30
100	18	25
100	18	26
100	18	27
100	18	28
100	19	27
101	12	27
101	12	28
101	12	29
101	12	33
101	13	23
101	13	24
101	13	25
101	13	26
101	13	27
101	13	28
101	13	29
101	13	30
101	13	31
101	13	32
101	13	33
101	14	21
101	14	22
101	14	23
101	14	24
101	14	25
101	14	26
101	14	27
101	14	28
101	14	29
101	14	30
101	14	31
101	14	32
101	14	33
101	15	22
101	15	23
101	15	24
101	15	25
101	15	26
101	15	27
101	15	28
101	15	29
101	15	30
101	15	31
101	15	32
101	16	23
101	16	24
101	16	25
101	16	26
101	16	27
101	16	28
101	16	29
101	16	30
101	16	31
101	17	24
101	17	25
101	17	26
101	17	27
101	17	28
101	17	29
101	17	30
101	18	25
101	18	26
101	18	27
101	18	28
101	18	29
101	18	30
101	19	26
101	19	27
102	12	26
102	12	27
102	12	28
102	12	29
102	12	30
102	12	31
102	12	32
102	12	33
102	13	22
102	13	23
102	13	24
102	13	25
102	13	26
102	13	27
102	13	28
102	13	29
102	13	30
102	13	31
102	13	32
102	13	33
102	14	21
102	14	22
102	14	23
102	14	24
102	14	25
102	14	26
102	14	27
102	14	28
102	14	29
102	14	30
102	14	31
102	14	32
102	14	33
102	15	22
102	15	23
102	15	24
102	15	25
102	15	26
102	15	27
102	15	28
102	15	29
102	15	30
102	15	31
102	15	32
102	16	23
102	16	24
102	16	25
102	16	26
102	16	27
102	16	28
102	16	29
102	16	30
102	16	31
102	17	24
102	17	25
102	17	26
102	17	27
102	17	28
102	17	29
102	17	30
102	17	31
102	18	25
102	18	26
102	18	27
102	18	28
102	18	29
102	18	30
102	18	31
102	19	26
102	19	27
102	19	28
102	19	29
102	19	30
102	19	31
102	20	26
103	12	24
103	12	25
103	12	26
103	12	27
103	12	28
103	12	29
103	12	30
103	12	31
103	12	32
103	12	33
103	13	20
103	13	21
103	13	22
103	13	23
103	13	24
103	13	25
103	13	26
103	13	27
103	13	28
103	13	29
103	13	30
103	13	31
103	13	32
103	13	33
103	13	34
103	14	21
103	14	22
103	14	23
103	14	24
103	14	25
103	14	26
103	14	27
103	14	28
103	14	29
103	14	30
103	14	31
103	14	32
103	14	33
103	15	22
103	15	23
103	15	24
103	15	25
103	15	26
103	15	27
103	15	28
103	15	29
103	15	30
103	15	31
103	15	32
103	16	23
103	16	24
103	16	25
103	16	26
103	16	27
103	16	28
103	16	29
103	16	30
103	16	31
103	16	32
103	17	24
103	17	25
103	17	26
103	17	27
103	17	28
103	17	29
103	17	30
103	17	31
103	17	32
103	18	25
103	18	26
103	18	27
103	18	28
103	18	29
103	18	30
103	18	31
103	18	32
103	19	25
103	19	26
103	19	27
103	19	28
103	19	29
103	19	30
103	19	31
103	20	25
103	20	26
103	20	27
103	20	28
103	20	29
103	20	30
103	20	31
103	21	25
104	11	27
104	11	28
104	12	23
104	12	24
104	12	25
104	12	26
104	12	27
104	12	28
104	12	29
104	12	30
104	12	31
104	12	32
104	12	33
104	13	20
104	13	21
104	13	22
104	13	23
104	13	24
104	13	25
104	13	26
104	13	27
104	13	28
104	13	29
104	13	30
104	13	31
104	13	32
104	13	33
104	13	34
104	14	21
104	14	22
104	14	23
104	14	24
104	14	25
104	14	26
104	14	27
104	14	28
104	14	29
104	14	30
104	14	31
104	14	32
104	14	33
104	14	34
104	15	22
104	15	23
104	15	24
104	15	25
104	15	26
104	15	27
104	15	28
104	15	29
104	15	30
104	15	31
104	15	32
104	15	33
104	16	23
104	16	24
104	16	25
104	16	26
104	16	27
104	16	28
104	16	29
104	16	30
104	16	31
104	16	32
104	16	33
104	17	24
104	17	25
104	17	26
104	17	27
104	17	28
104	17	29
104	17	30
104	17	31
104	17	32
104	17	33
104	18	24
104	18	25
104	18	26
104	18	27
104	18	28
104	18	29
104	18	30
104	18	31
104	18	32
104	19	24
104	19	25
104	19	26
104	19	27
104	19	28
104	19	29
104	19	30
104	19	31
104	19	32
104	20	24
104	20	25
104	20	26
104	20	27
104	20	28
104	20	29
104	20	30
104	20	31
104	21	24
104	21	25
104	21	26
104	21	27
104	21	28
104	22	24
104	29	28
105	11	26
105	11	27
105	11	28
105	11	29
105	11	30
105	11	31
105	12	21
105	12	22
105	12	23
105	12	24
105	12	25
105	12	26
105	12	27
105	12	28
105	12	29
105	12	30
105	12	31
105	12	32
105	12	33
105	12	34
105	13	20
105	13	21
105	13	22
105	13	23
105	13	24
105	13	25
105	13	26
105	13	27
105	13	28
105	13	29
105	13	30
105	13	31
105	13	32
105	13	33
105	13	34
105	14	21
105	14	22
105	14	23
105	14	24
105	14	25
105	14	26
105	14	27
105	14	28
105	14	29
105	14	30
105	14	31
105	14	32
105	14	33
105	14	34
105	14	35
105	15	22
105	15	23
105	15	24
105	15	25
105	15	26
105	15	27
105	15	28
105	15	29
105	15	30
105	15	31
105	15	32
105	15	33
105	15	34
105	15	35
105	16	23
105	16	24
105	16	25
105	16	26
105	16	27
105	16	28
105	16	29
105	16	30
105	16	31
105	16	32
105	16	33
105	16	34
105	17	23
105	17	24
105	17	25
105	17	26
105	17	27
105	17	28
105	17	29
105	17	30
105	17	31
105	17	32
105	17	33
105	18	23
105	18	24
105	18	25
105	18	26
105	18	27
105	18	28
105	18	29
105	18	30
105	18	31
105	18	32
105	18	33
105	19	23
105	19	24
105	19	25
105	19	26
105	19	27
105	19	28
105	19	29
105	19	30
105	19	31
105	19	32
105	20	23
105	20	24
105	20	25
105	20	26
105	20	27
105	20	28
105	21	23
105	21	24
105	21	25
105	21	26
105	21	27
105	21	28
105	22	23
105	22	24
105	22	25
105	22	26
105	22	27
105	28	27
105	29	28
105	29	29
105	30	29
105	30	30
105	30	31
106	11	25
106	11	26
106	11	27
106	11	28
106	11	29
106	11	30
106	11	31
106	12	21
106	12	22
106	12	23
106	12	24
106	12	25
106	12	26
106	12	27
106	12	28
106	12	29
106	12	30
106	12	31
106	12	32
106	12	33
106	12	34
106	13	20
106	13	21
106	13	22
106	13	23
106	13	24
106	13	25
106	13	26
106	13	27
106	13	28
106	13	29
106	13	30
106	13	31
106	13	32
106	13	33
106	13	34
106	14	21
106	14	22
106	14	23
106	14	24
106	14	25
106	14	26
106	14	27
106	14	28
106	14	29
106	14	30
106	14	31
106	14	32
106	14	33
106	14	34
106	14	35
106	15	22
106	15	23
106	15	24
106	15	25
106	15	26
106	15	27
106	15	28
106	15	29
106	15	30
106	15	31
106	15	32
106	15	33
106	15	34
106	16	22
106	16	23
106	16	24
106	16	25
106	16	26
106	16	27
106	16	28
106	16	29
106	16	30
106	16	31
106	16	32
106	16	33
106	16	34
106	17	22
106	17	23
106	17	24
106	17	25
106	17	26
106	17	27
106	17	28
106	17	29
106	17	30
106	17	31
106	17	32
106	17	33
106	17	34
106	18	22
106	18	23
106	18	24
106	18	25
106	18	26
106	18	27
106	18	28
106	18	29
106	18	30
106	18	31
106	18	32
106	18	33
106	19	22
106	19	23
106	19	24
106	19	25
106	19	26
106	19	27
106	19	28
106	20	22
106	20	23
106	20	24
106	20	25
106	20	26
106	20	27
106	21	22
106	21	23
106	21	24
106	21	25
106	21	26
106	21	27
106	22	23
106	22	24
106	22	25
106	22	26
106	22	27
106	23	24
106	23	25
106	23	26
106	27	26
106	28	27
106	28	28
106	28	29
106	29	28
106	29	29
106	29	30
106	29	31
106	30	29
106	30	30
106	30	31
106	30	32
106	30	33
106	30	34
106	30	35
106	31	30
106	31	31
106	31	32
106	31	33
106	31	34
106	31	35
106	31	36
107	11	26
107	11	27
107	11	28
107	11	29
107	11	30
107	12	21
107	12	22
107	12	23
107	12	24
107	12	25
107	12	26
107	12	27
107	12	28
107	12	29
107	12	30
107	12	31
107	12	32
107	12	33
107	12	34
107	13	20
107	13	21
107	13	22
107	13	23
107	13	24
107	13	25
107	13	26
107	13	27
107	13	28
107	13	29
107	13	30
107	13	31
107	13	32
107	13	33
107	13	34
107	14	21
107	14	22
107	14	23
107	14	24
107	14	25
107	14	26
107	14	27
107	14	28
107	14	29
107	14	30
107	14	31
107	14	32
107	14	33
107	14	34
107	15	21
107	15	22
107	15	23
107	15	24
107	15	25
107	15	26
107	15	27
107	15	28
107	15	29
107	15	30
107	15	31
107	15	32
107	15	33
107	15	34
107	16	21
107	16	22
107	16	23
107	16	24
107	16	25
107	16	26
107	16	27
107	16	28
107	16	29
107	16	30
107	16	31
107	16	32
107	16	33
107	17	21
107	17	22
107	17	23
107	17	24
107	17	25
107	17	26
107	17	27
107	17	28
107	17	29
107	17	30
107	17	31
107	17	32
107	17	33
107	18	21
107	18	22
107	18	23
107	18	24
107	18	25
107	18	26
107	18	27
107	19	21
107	19	22
107	19	23
107	19	24
107	19	25
107	19	26
107	20	21
107	20	22
107	20	23
107	20	24
107	20	25
107	20	26
107	21	22
107	21	23
107	21	24
107	21	25
107	21	26
107	22	23
107	22	24
107	22	25
107	22	26
107	23	24
107	23	25
107	23	26
107	26	25
107	27	26
107	27	27
107	27	28
107	28	27
107	28	28
107	28	29
107	28	30
107	28	31
107	29	28
107	29	29
107	29	30
107	29	31
107	29	32
107	29	33
107	29	34
107	29	35
107	29	36
107	30	29
107	30	30
107	30	31
107	30	32
107	30	33
107	30	34
107	30	35
107	30	36
107	30	37
107	30	38
107	31	30
107	31	31
107	31	32
107	31	33
107	31	34
107	31	35
107	31	36
107	31	37
107	31	38
107	32	31
107	32	32
107	32	33
107	32	34
107	32	35
107	32	36
108	11	26
108	11	27
108	11	28
108	11	29
108	12	21
108	12	22
108	12	23
108	12	24
108	12	25
108	12	26
108	12	27
108	12	28
108	12	29
108	12	30
108	12	31
108	12	32
108	12	33
108	12	34
108	13	20
108	13	21
108	13	22
108	13	23
108	13	24
108	13	25
108	13	26
108	13	27
108	13	28
108	13	29
108	13	30
108	13	31
108	13	32
108	13	33
108	13	34
108	14	20
108	14	21
108	14	22
108	14	23
108	14	24
108	14	25
108	14	26
108	14	27
108	14	28
108	14	29
108	14	30
108	14	31
108	14	32
108	14	33
108	14	34
108	15	20
108	15	21
108	15	22
108	15	23
108	15	24
108	15	25
108	15	26
108	15	27
108	15	28
108	15	29
108	15	30
108	15	31
108	15	32
108	15	33
108	15	34
108	16	20
108	16	21
108	16	22
108	16	23
108	16	24
108	16	25
108	16	26
108	16	27
108	16	28
108	16	29
108	16	30
108	16	31
108	16	32
108	16	33
108	17	20
108	17	21
108	17	22
108	17	23
108	17	24
108	17	25
108	17	26
108	18	20
108	18	21
108	18	22
108	18	23
108	18	24
108	18	25
108	19	20
108	19	21
108	19	22
108	19	23
108	19	24
108	19	25
108	20	21
108	20	22
108	20	23
108	20	24
108	20	25
108	21	22
108	21	23
108	21	24
108	21	25
108	22	23
108	22	24
108	22	25
108	23	25
108	25	24
108	26	25
108	26	26
108	26	27
108	27	26
108	27	27
108	27	28
108	27	29
108	27	30
108	28	27
108	28	28
108	28	29
108	28	30
108	28	31
108	28	32
108	28	33
108	28	34
108	28	35
108	28	36
108	28	37
108	29	28
108	29	29
108	29	30
108	29	31
108	29	32
108	29	33
108	29	34
108	29	35
108	29	36
108	29	37
108	29	38
108	29	39
108	30	29
108	30	30
108	30	31
108	30	32
108	30	33
108	30	34
108	30	35
108	30	36
108	30	37
108	30	38
108	30	39
108	30	40
108	31	30
108	31	31
108	31	32
108	31	33
108	31	34
108	31	35
108	31	36
108	31	37
108	31	38
108	31	39
108	31	40
108	32	31
108	32	32
108	32	33
108	32	34
108	32	35
108	32	36
108	32	37
108	32	38
108	33	32
108	33	33
108	33	34
108	33	35
108	33	36
109	11	24
109	11	25
109	11	26
109	11	27
109	11	28
109	11	29
109	12	21
109	12	22
109	12	23
109	12	24
109	12	25
109	12	26
109	12	27
109	12	28
109	12	29
109	12	30
109	12	31
109	12	32
109	12	33
109	12	34
109	13	20
109	13	21
109	13	22
109	13	23
109	13	24
109	13	25
109	13	26
109	13	27
109	13	28
109	13	29
109	13	30
109	13	31
109	13	32
109	13	33
109	13	34
109	14	20
109	14	21
109	14	22
109	14	23
109	14	24
109	14	25
109	14	26
109	14	27
109	14	28
109	14	29
109	14	30
109	14	31
109	14	32
109	14	33
109	14	34
109	15	19
109	15	20
109	15	21
109	15	22
109	15	23
109	15	24
109	15	25
109	15	26
109	15	27
109	15	28
109	15	29
109	15	30
109	15	31
109	15	32
109	15	33
109	15	34
109	16	19
109	16	20
109	16	21
109	16	22
109	16	23
109	16	24
109	16	25
109	17	19
109	17	20
109	17	21
109	17	22
109	17	23
109	17	24
109	18	19
109	18	20
109	18	21
109	18	22
109	18	23
109	18	24
109	19	20
109	19	21
109	19	22
109	19	23
109	19	24
109	20	21
109	20	22
109	20	23
109	20	24
109	21	22
109	21	23
109	21	24
109	22	24
109	24	23
109	25	24
109	25	25
109	25	26
109	26	25
109	26	26
109	26	27
109	26	28
109	26	29
109	27	26
109	27	27
109	27	28
109	27	29
109	27	30
109	27	31
109	27	32
109	27	33
109	27	34
109	27	35
109	27	36
109	28	27
109	28	28
109	28	29
109	28	30
109	28	31
109	28	32
109	28	33
109	28	34
109	28	35
109	28	36
109	28	37
109	28	38
109	29	28
109	29	29
109	29	30
109	29	31
109	29	32
109	29	33
109	29	34
109	29	35
109	29	36
109	29	37
109	29	38
109	29	39
109	30	29
109	30	30
109	30	31
109	30	32
109	30	33
109	30	34
109	30	35
109	30	36
109	30	37
109	30	38
109	30	39
109	30	40
109	31	30
109	31	31
109	31	32
109	31	33
109	31	34
109	31	35
109	31	36
109	31	37
109	31	38
109	31	39
109	31	40
109	31	41
109	32	31
109	32	32
109	32	33
109	32	34
109	32	35
109	32	36
109	32	37
109	32	38
109	32	39
109	33	32
109	33	33
109	33	34
109	33	35
109	33	36
109	33	37
109	34	33
109	34	34
109	34	35
109	34	36
110	11	23
110	11	24
110	11	25
110	11	26
110	11	27
110	11	28
110	11	29
110	12	21
110	12	22
110	12	23
110	12	24
110	12	25
110	12	26
110	12	27
110	12	28
110	12	29
110	12	30
110	12	31
110	12	32
110	12	33
110	12	34
110	13	21
110	13	22
110	13	23
110	13	24
110	13	25
110	13	26
110	13	27
110	13	28
110	13	29
110	13	30
110	13	31
110	13	32
110	13	33
110	13	34
110	14	20
110	14	21
110	14	22
110	14	23
110	14	24
110	14	25
110	14	26
110	14	27
110	14	28
110	14	29
110	14	30
110	14	31
110	14	32
110	14	33
110	14	34
110	15	19
110	15	20
110	15	21
110	15	22
110	15	23
110	15	24
110	16	18
110	16	19
110	16	20
110	16	21
110	16	22
110	16	23
110	17	18
110	17	19
110	17	20
110	17	21
110	17	22
110	17	23
110	18	19
110	18	20
110	18	21
110	18	22
110	18	23
110	19	20
110	19	21
110	19	22
110	19	23
110	20	21
110	20	22
110	20	23
110	21	23
110	23	22
110	24	23
110	24	24
110	24	25
110	25	24
110	25	25
110	25	26
110	25	27
110	25	28
110	26	25
110	26	26
110	26	27
110	26	28
110	26	29
110	26	30
110	26	31
110	26	32
110	26	33
110	26	34
110	26	35
110	27	26
110	27	27
110	27	28
110	27	29
110	27	30
110	27	31
110	27	32
110	27	33
110	27	34
110	27	35
110	27	36
110	27	37
110	27	38
110	28	27
110	28	28
110	28	29
110	28	30
110	28	31
110	28	32
110	28	33
110	28	34
110	28	35
110	28	36
110	28	37
110	28	38
110	28	39
110	29	28
110	29	29
110	29	30
110	29	31
110	29	32
110	29	33
110	29	34
110	29	35
110	29	36
110	29	37
110	29	38
110	29	39
110	30	29
110	30	30
110	30	31
110	30	32
110	30	33
110	30	34
110	30	35
110	30	36
110	30	37
110	30	38
110	30	39
110	30	40
110	31	30
110	31	31
110	31	32
110	31	33
110	31	34
110	31	35
110	31	36
110	31	37
110	31	38
110	31	39
110	31	40
110	31	41
110	31	42
110	32	31
110	32	32
110	32	33
110	32	34
110	32	35
110	32	36
110	32	37
110	32	38
110	32	39
110	32	40
110	33	32
110	33	33
110	33	34
110	33	35
110	33	36
110	33	37
110	33	38
110	34	33
110	34	34
110	34	35
110	34	36
110	34	37
110	35	33
110	35	34
110	35	35
110	35	36
110	35	37
110	36	33
110	36	34
110	36	35
110	36	36
111	11	22
111	11	23
111	11	24
111	11	25
111	11	26
111	11	27
111	11	28
111	11	29
111	11	30
111	12	22
111	12	23
111	12	24
111	12	25
111	12	26
111	12	27
111	12	28
111	12	29
111	12	30
111	12	31
111	12	32
111	12	33
111	12	34
111	12	35
111	13	21
111	13	22
111	13	23
111	13	24
111	13	25
111	13	26
111	13	27
111	13	28
111	13	29
111	13	30
111	13	31
111	13	32
111	13	33
111	14	20
111	14	21
111	14	22
111	14	23
111	14	25
111	15	19
111	15	20
111	15	21
111	15	22
111	16	18
111	16	19
111	16	20
111	16	21
111	16	22
111	17	18
111	17	19
111	17	20
111	17	21
111	17	22
111	18	19
111	18	20
111	18	21
111	18	22
111	19	20
111	19	21
111	19	22
111	20	22
111	22	21
111	23	22
111	23	23
111	23	24
111	24	23
111	24	24
111	24	25
111	24	26
111	24	27
111	25	24
111	25	25
111	25	26
111	25	27
111	25	28
111	25	29
111	25	30
111	25	31
111	25	32
111	25	33
111	25	34
111	25	35
111	26	25
111	26	26
111	26	27
111	26	28
111	26	29
111	26	30
111	26	31
111	26	32
111	26	33
111	26	34
111	26	35
111	26	36
111	26	37
111	26	38
111	27	26
111	27	27
111	27	28
111	27	29
111	27	30
111	27	31
111	27	32
111	27	33
111	27	34
111	27	35
111	27	36
111	27	37
111	27	38
111	27	39
111	28	27
111	28	28
111	28	29
111	28	30
111	28	31
111	28	32
111	28	33
111	28	34
111	28	35
111	28	36
111	28	37
111	28	38
111	28	39
111	29	28
111	29	29
111	29	30
111	29	31
111	29	32
111	29	33
111	29	34
111	29	35
111	29	36
111	29	37
111	29	38
111	29	39
111	29	40
111	30	29
111	30	30
111	30	31
111	30	32
111	30	33
111	30	34
111	30	35
111	30	36
111	30	37
111	30	38
111	30	39
111	30	40
111	31	30
111	31	31
111	31	32
111	31	33
111	31	34
111	31	35
111	31	36
111	31	37
111	31	38
111	31	39
111	31	40
111	31	41
111	32	31
111	32	32
111	32	33
111	32	34
111	32	35
111	32	36
111	32	37
111	32	38
111	32	39
111	32	40
111	32	41
111	33	32
111	33	33
111	33	34
111	33	35
111	33	36
111	33	37
111	33	38
111	33	39
111	33	40
111	34	32
111	34	33
111	34	34
111	34	35
111	34	36
111	34	37
111	34	38
111	35	32
111	35	33
111	35	34
111	35	35
111	35	36
111	35	37
111	35	38
111	36	32
111	36	33
111	36	34
111	36	35
111	36	36
111	36	37
111	36	38
111	37	32
111	37	33
111	37	34
111	37	35
111	37	36
111	37	37
112	9	24
112	10	23
112	10	24
112	10	25
112	10	26
112	10	27
112	11	22
112	11	23
112	11	24
112	11	25
112	11	26
112	11	27
112	12	22
112	12	23
112	12	24
112	12	25
112	12	26
112	12	27
112	12	28
112	12	29
112	12	30
112	12	31
112	12	32
112	12	33
112	13	22
112	13	24
112	14	21
112	15	19
112	15	20
112	15	21
112	16	18
112	16	19
112	16	20
112	16	21
112	17	18
112	17	19
112	17	20
112	17	21
112	18	19
112	18	20
112	18	21
112	19	21
112	21	20
112	22	21
112	22	22
112	23	22
112	23	23
112	23	24
112	23	25
112	23	26
112	24	23
112	24	24
112	24	25
112	24	26
112	24	27
112	24	28
112	24	29
112	24	30
112	24	31
112	24	32
112	24	33
112	24	34
112	24	35
112	25	24
112	25	25
112	25	26
112	25	27
112	25	28
112	25	29
112	25	30
112	25	31
112	25	32
112	25	33
112	25	34
112	25	35
112	25	36
112	25	37
112	26	25
112	26	26
112	26	27
112	26	28
112	26	29
112	26	30
112	26	31
112	26	32
112	26	33
112	26	34
112	26	35
112	26	36
112	26	37
112	26	38
112	26	39
112	27	26
112	27	27
112	27	28
112	27	29
112	27	30
112	27	31
112	27	32
112	27	33
112	27	34
112	27	35
112	27	36
112	27	37
112	27	38
112	27	39
112	28	27
112	28	28
112	28	29
112	28	30
112	28	31
112	28	32
112	28	33
112	28	34
112	28	35
112	28	36
112	28	37
112	28	38
112	28	39
112	29	28
112	29	29
112	29	30
112	29	31
112	29	32
112	29	33
112	29	34
112	29	35
112	29	36
112	29	37
112	29	38
112	29	39
112	29	40
112	30	29
112	30	30
112	30	31
112	30	32
112	30	33
112	30	34
112	30	35
112	30	36
112	30	37
112	30	38
112	30	39
112	30	40
112	31	30
112	31	31
112	31	32
112	31	33
112	31	34
112	31	35
112	31	36
112	31	37
112	31	38
112	31	39
112	31	40
112	31	41
112	32	31
112	32	32
112	32	33
112	32	34
112	32	35
112	32	36
112	32	37
112	32	38
112	32	39
112	32	40
112	32	41
112	33	31
112	33	32
112	33	33
112	33	34
112	33	35
112	33	36
112	33	37
112	33	38
112	33	39
112	33	40
112	33	41
112	34	31
112	34	32
112	34	33
112	34	34
112	34	35
112	34	36
112	34	37
112	34	38
112	34	39
112	34	40
112	35	31
112	35	32
112	35	33
112	35	34
112	35	35
112	35	36
112	35	37
112	35	38
112	35	39
112	36	31
112	36	32
112	36	33
112	36	34
112	36	35
112	36	36
112	36	37
112	36	38
112	36	39
112	37	31
112	37	32
112	37	33
112	37	34
112	37	35
112	37	36
112	37	37
112	37	38
112	37	39
112	38	31
112	38	32
112	38	33
112	38	34
112	38	35
112	38	36
112	38	37
112	38	38
113	8	23
113	8	24
113	9	22
113	9	23
113	9	24
113	9	25
113	9	26
113	10	22
113	10	23
113	10	24
113	10	25
113	10	26
113	10	27
113	10	28
113	11	22
113	11	23
113	11	24
113	11	25
113	11	26
113	11	27
113	12	22
113	12	23
113	12	24
113	15	20
113	16	19
113	16	20
113	17	18
113	17	19
113	17	20
113	18	17
113	18	20
113	20	19
113	21	20
113	22	20
113	23	20
113	23	21
113	23	22
113	23	23
113	23	24
113	23	25
113	23	26
113	23	27
113	23	28
113	23	29
113	23	30
113	23	31
113	23	32
113	23	33
113	23	34
113	24	23
113	24	24
113	24	25
113	24	26
113	24	27
113	24	28
113	24	29
113	24	30
113	24	31
113	24	32
113	24	33
113	24	34
113	24	35
113	24	36
113	25	24
113	25	25
113	25	26
113	25	27
113	25	28
113	25	29
113	25	30
113	25	31
113	25	32
113	25	33
113	25	34
113	25	35
113	25	36
113	25	37
113	25	38
113	26	25
113	26	26
113	26	27
113	26	28
113	26	29
113	26	30
113	26	31
113	26	32
113	26	33
113	26	34
113	26	35
113	26	36
113	26	37
113	26	38
113	26	39
113	27	26
113	27	27
113	27	28
113	27	29
113	27	30
113	27	31
113	27	32
113	27	33
113	27	34
113	27	35
113	27	36
113	27	37
113	27	38
113	27	39
113	28	27
113	28	28
113	28	29
113	28	30
113	28	31
113	28	32
113	28	33
113	28	34
113	28	35
113	28	36
113	28	37
113	28	38
113	28	39
113	29	28
113	29	29
113	29	30
113	29	31
113	29	32
113	29	33
113	29	34
113	29	35
113	29	36
113	29	37
113	29	38
113	29	39
113	29	40
113	30	29
113	30	30
113	30	31
113	30	32
113	30	33
113	30	34
113	30	35
113	30	36
113	30	37
113	30	38
113	30	39
113	30	40
113	31	30
113	31	31
113	31	32
113	31	33
113	31	34
113	31	35
113	31	36
113	31	37
113	31	38
113	31	39
113	31	40
113	31	41
113	32	30
113	32	31
113	32	32
113	32	33
113	32	34
113	32	35
113	32	36
113	32	37
113	32	38
113	32	39
113	32	40
113	32	41
113	32	42
113	33	30
113	33	31
113	33	32
113	33	33
113	33	34
113	33	35
113	33	36
113	33	37
113	33	38
113	33	39
113	33	40
113	33	41
113	34	30
113	34	31
113	34	32
113	34	33
113	34	34
113	34	35
113	34	36
113	34	37
113	34	38
113	34	39
113	34	40
113	34	41
113	35	30
113	35	31
113	35	32
113	35	33
113	35	34
113	35	35
113	35	36
113	35	37
113	35	38
113	35	39
113	35	40
113	35	41
113	36	30
113	36	31
113	36	32
113	36	33
113	36	34
113	36	35
113	36	36
113	36	37
113	36	38
113	36	39
113	36	40
113	36	41
113	37	30
113	37	31
113	37	32
113	37	33
113	37	34
113	37	35
113	37	36
113	37	37
113	37	38
113	37	39
113	37	40
113	38	30
113	38	31
113	38	32
113	38	33
113	38	34
113	38	35
113	38	36
113	38	37
113	38	38
113	38	39
113	39	30
113	39	31
113	39	32
113	39	33
113	39	34
113	39	35
113	39	36
113	39	37
113	39	38
113	39	39
113	41	31
113	42	32
114	8	22
114	8	23
114	8	24
114	8	25
114	8	26
114	9	22
114	9	23
114	9	24
114	9	25
114	9	26
114	9	27
114	9	28
114	10	22
114	10	23
114	10	24
114	10	25
114	10	26
114	10	27
114	10	28
114	11	22
114	11	23
114	11	24
114	11	25
114	11	26
114	11	27
114	12	22
114	12	23
114	12	24
114	12	25
114	12	26
114	13	23
114	16	19
114	17	19
114	18	17
114	19	18
114	20	19
114	21	19
114	22	19
114	22	26
114	22	27
114	22	28
114	22	29
114	22	30
114	22	31
114	22	32
114	22	33
114	23	19
114	23	23
114	23	24
114	23	25
114	23	26
114	23	27
114	23	28
114	23	29
114	23	30
114	23	31
114	23	32
114	23	33
114	23	34
114	23	35
114	24	19
114	24	20
114	24	21
114	24	23
114	24	24
114	24	25
114	24	26
114	24	27
114	24	28
114	24	29
114	24	30
114	24	31
114	24	32
114	24	33
114	24	34
114	24	35
114	24	36
114	24	37
114	25	24
114	25	25
114	25	26
114	25	27
114	25	28
114	25	29
114	25	30
114	25	31
114	25	32
114	25	33
114	25	34
114	25	35
114	25	36
114	25	37
114	25	38
114	25	39
114	26	25
114	26	26
114	26	27
114	26	28
114	26	29
114	26	30
114	26	31
114	26	32
114	26	33
114	26	34
114	26	35
114	26	36
114	26	37
114	26	38
114	26	39
114	27	26
114	27	27
114	27	28
114	27	29
114	27	30
114	27	31
114	27	32
114	27	33
114	27	34
114	27	35
114	27	36
114	27	37
114	27	38
114	27	39
114	28	27
114	28	28
114	28	29
114	28	30
114	28	31
114	28	32
114	28	33
114	28	34
114	28	35
114	28	36
114	28	37
114	28	38
114	28	39
114	28	40
114	29	28
114	29	29
114	29	30
114	29	31
114	29	32
114	29	33
114	29	34
114	29	35
114	29	36
114	29	37
114	29	38
114	29	39
114	29	40
114	30	29
114	30	30
114	30	31
114	30	32
114	30	33
114	30	34
114	30	35
114	30	36
114	30	37
114	30	38
114	30	39
114	30	40
114	31	29
114	31	30
114	31	31
114	31	32
114	31	33
114	31	34
114	31	35
114	31	36
114	31	37
114	31	38
114	31	39
114	31	40
114	31	41
114	32	29
114	32	30
114	32	31
114	32	32
114	32	33
114	32	34
114	32	35
114	32	36
114	32	37
114	32	38
114	32	39
114	32	40
114	32	41
114	33	29
114	33	30
114	33	31
114	33	32
114	33	33
114	33	34
114	33	35
114	33	36
114	33	37
114	33	38
114	33	39
114	33	40
114	33	41
114	33	42
114	34	29
114	34	30
114	34	31
114	34	32
114	34	33
114	34	34
114	34	35
114	34	36
114	34	37
114	34	38
114	34	39
114	34	40
114	34	41
114	34	42
114	35	29
114	35	30
114	35	31
114	35	32
114	35	33
114	35	34
114	35	35
114	35	36
114	35	37
114	35	38
114	35	39
114	35	40
114	35	41
114	35	42
114	36	29
114	36	30
114	36	31
114	36	32
114	36	33
114	36	34
114	36	35
114	36	36
114	36	37
114	36	38
114	36	39
114	36	40
114	36	41
114	36	42
114	37	29
114	37	30
114	37	31
114	37	32
114	37	33
114	37	34
114	37	35
114	37	36
114	37	37
114	37	38
114	37	39
114	37	40
114	37	41
114	37	42
114	38	29
114	38	30
114	38	31
114	38	32
114	38	33
114	38	34
114	38	35
114	38	36
114	38	37
114	38	38
114	38	39
114	38	40
114	38	41
114	39	29
114	39	30
114	39	31
114	39	32
114	39	33
114	39	34
114	39	35
114	39	36
114	39	37
114	39	38
114	39	39
114	39	40
114	40	30
114	40	31
114	40	32
114	40	33
114	40	34
114	40	35
114	40	36
114	40	37
114	40	38
114	40	39
114	40	40
114	41	31
114	42	32
114	43	33
115	7	23
115	7	24
115	7	25
115	8	23
115	8	24
115	8	25
115	8	26
115	8	27
115	9	23
115	9	24
115	9	25
115	9	26
115	9	27
115	9	28
115	9	29
115	10	23
115	10	24
115	10	25
115	10	26
115	10	27
115	10	28
115	11	23
115	11	24
115	11	25
115	11	26
115	11	27
115	12	23
115	12	24
115	12	25
115	12	26
115	12	27
115	13	23
115	13	24
115	13	25
115	19	18
115	20	18
115	21	18
115	21	27
115	21	28
115	21	29
115	21	30
115	21	31
115	21	32
115	22	18
115	22	26
115	22	27
115	22	28
115	22	29
115	22	30
115	22	31
115	22	32
115	22	33
115	22	34
115	22	35
115	23	18
115	23	23
115	23	24
115	23	25
115	23	26
115	23	27
115	23	28
115	23	29
115	23	30
115	23	31
115	23	32
115	23	33
115	23	34
115	23	35
115	23	36
115	24	23
115	24	24
115	24	25
115	24	26
115	24	27
115	24	28
115	24	29
115	24	30
115	24	31
115	24	32
115	24	33
115	24	34
115	24	35
115	24	36
115	24	37
115	24	38
115	25	24
115	25	25
115	25	26
115	25	27
115	25	28
115	25	29
115	25	30
115	25	31
115	25	32
115	25	33
115	25	34
115	25	35
115	25	36
115	25	37
115	25	38
115	25	39
115	26	25
115	26	26
115	26	27
115	26	28
115	26	29
115	26	30
115	26	31
115	26	32
115	26	33
115	26	34
115	26	35
115	26	36
115	26	37
115	26	38
115	26	39
115	26	40
115	27	26
115	27	27
115	27	28
115	27	29
115	27	30
115	27	31
115	27	32
115	27	33
115	27	34
115	27	35
115	27	36
115	27	37
115	27	38
115	27	39
115	27	40
115	28	27
115	28	28
115	28	29
115	28	30
115	28	31
115	28	32
115	28	33
115	28	34
115	28	35
115	28	36
115	28	37
115	28	38
115	28	39
115	28	40
115	29	28
115	29	29
115	29	30
115	29	31
115	29	32
115	29	33
115	29	34
115	29	35
115	29	36
115	29	37
115	29	38
115	29	39
115	29	40
115	30	28
115	30	29
115	30	30
115	30	31
115	30	32
115	30	33
115	30	34
115	30	35
115	30	36
115	30	37
115	30	38
115	30	39
115	30	40
115	30	41
115	31	28
115	31	29
115	31	30
115	31	31
115	31	32
115	31	33
115	31	34
115	31	35
115	31	36
115	31	37
115	31	38
115	31	39
115	31	40
115	31	41
115	32	28
115	32	29
115	32	30
115	32	31
115	32	32
115	32	33
115	32	34
115	32	35
115	32	36
115	32	37
115	32	38
115	32	39
115	32	40
115	32	41
115	33	28
115	33	29
115	33	30
115	33	31
115	33	32
115	33	33
115	33	34
115	33	35
115	33	36
115	33	37
115	33	38
115	33	39
115	33	40
115	33	41
115	33	42
115	34	28
115	34	29
115	34	30
115	34	31
115	34	32
115	34	33
115	34	34
115	34	35
115	34	36
115	34	37
115	34	38
115	34	39
115	34	40
115	34	41
115	34	42
115	35	28
115	35	29
115	35	30
115	35	31
115	35	32
115	35	33
115	35	34
115	35	35
115	35	36
115	35	37
115	35	38
115	35	39
115	35	40
115	35	41
115	35	42
115	36	28
115	36	29
115	36	30
115	36	31
115	36	32
115	36	33
115	36	34
115	36	35
115	36	36
115	36	37
115	36	38
115	36	39
115	36	40
115	36	41
115	36	42
115	37	28
115	37	29
115	37	30
115	37	31
115	37	32
115	37	33
115	37	34
115	37	35
115	37	36
115	37	37
115	37	38
115	37	39
115	37	40
115	37	41
115	37	42
115	38	28
115	38	29
115	38	30
115	38	31
115	38	32
115	38	33
115	38	34
115	38	35
115	38	36
115	38	37
115	38	38
115	38	39
115	38	40
115	38	41
115	38	42
115	39	28
115	39	29
115	39	30
115	39	31
115	39	32
115	39	33
115	39	34
115	39	35
115	39	36
115	39	37
115	39	38
115	39	39
115	39	40
115	39	41
115	40	29
115	40	30
115	40	31
115	40	32
115	40	33
115	40	34
115	40	35
115	40	36
115	40	37
115	40	38
115	40	39
115	40	40
115	40	41
115	41	31
115	41	32
115	41	33
115	41	34
115	41	35
115	41	36
115	41	37
115	41	38
115	41	39
115	41	40
115	41	41
115	42	32
115	43	33
115	44	34
116	7	25
116	8	24
116	8	25
116	8	26
116	8	27
116	9	24
116	9	25
116	9	26
116	9	27
116	9	28
116	9	29
116	10	24
116	10	25
116	10	26
116	10	27
116	10	28
116	11	24
116	11	25
116	11	26
116	11	27
116	11	28
116	12	24
116	12	25
116	12	26
116	12	27
116	12	28
116	13	24
116	13	25
116	13	26
116	13	27
116	20	28
116	20	29
116	20	30
116	20	31
116	21	27
116	21	28
116	21	29
116	21	30
116	21	31
116	21	32
116	21	33
116	21	34
116	21	35
116	21	36
116	22	25
116	22	26
116	22	27
116	22	28
116	22	29
116	22	30
116	22	31
116	22	32
116	22	33
116	22	34
116	22	35
116	22	36
116	23	23
116	23	24
116	23	25
116	23	26
116	23	27
116	23	28
116	23	29
116	23	30
116	23	31
116	23	32
116	23	33
116	23	34
116	23	35
116	23	36
116	23	37
116	24	23
116	24	24
116	24	25
116	24	26
116	24	27
116	24	28
116	24	29
116	24	30
116	24	31
116	24	32
116	24	33
116	24	34
116	24	35
116	24	36
116	24	37
116	24	38
116	24	39
116	25	24
116	25	25
116	25	26
116	25	27
116	25	28
116	25	29
116	25	30
116	25	31
116	25	32
116	25	33
116	25	34
116	25	35
116	25	36
116	25	37
116	25	38
116	25	39
116	25	40
116	26	25
116	26	26
116	26	27
116	26	28
116	26	29
116	26	30
116	26	31
116	26	32
116	26	33
116	26	34
116	26	35
116	26	36
116	26	37
116	26	38
116	26	39
116	26	40
116	27	26
116	27	27
116	27	28
116	27	29
116	27	30
116	27	31
116	27	32
116	27	33
116	27	34
116	27	35
116	27	36
116	27	37
116	27	38
116	27	39
116	27	40
116	28	27
116	28	28
116	28	29
116	28	30
116	28	31
116	28	32
116	28	33
116	28	34
116	28	35
116	28	36
116	28	37
116	28	38
116	28	39
116	28	40
116	28	41
116	29	27
116	29	28
116	29	29
116	29	30
116	29	31
116	29	32
116	29	33
116	29	34
116	29	35
116	29	36
116	29	37
116	29	38
116	29	39
116	29	40
116	29	41
116	30	27
116	30	28
116	30	29
116	30	30
116	30	31
116	30	32
116	30	33
116	30	34
116	30	35
116	30	36
116	30	37
116	30	38
116	30	39
116	30	40
116	30	41
116	31	27
116	31	28
116	31	29
116	31	30
116	31	31
116	31	32
116	31	33
116	31	34
116	31	35
116	31	36
116	31	37
116	31	38
116	31	39
116	31	40
116	31	41
116	32	27
116	32	28
116	32	29
116	32	30
116	32	31
116	32	32
116	32	33
116	32	34
116	32	35
116	32	36
116	32	37
116	32	38
116	32	39
116	32	40
116	32	41
116	32	42
116	33	27
116	33	28
116	33	29
116	33	30
116	33	31
116	33	32
116	33	33
116	33	34
116	33	35
116	33	36
116	33	37
116	33	38
116	33	39
116	33	40
116	33	41
116	33	42
116	34	27
116	34	28
116	34	29
116	34	30
116	34	31
116	34	32
116	34	33
116	34	34
116	34	35
116	34	36
116	34	37
116	34	38
116	34	39
116	34	40
116	34	41
116	34	42
116	35	27
116	35	28
116	35	29
116	35	30
116	35	31
116	35	32
116	35	33
116	35	34
116	35	35
116	35	36
116	35	37
116	35	38
116	35	39
116	35	40
116	35	41
116	35	42
116	36	27
116	36	28
116	36	29
116	36	30
116	36	31
116	36	32
116	36	33
116	36	34
116	36	35
116	36	36
116	36	37
116	36	38
116	36	39
116	36	40
116	36	41
116	36	42
116	37	27
116	37	28
116	37	29
116	37	30
116	37	31
116	37	32
116	37	33
116	37	34
116	37	35
116	37	36
116	37	37
116	37	38
116	37	39
116	37	40
116	37	41
116	37	42
116	38	27
116	38	28
116	38	29
116	38	30
116	38	31
116	38	32
116	38	33
116	38	34
116	38	35
116	38	36
116	38	37
116	38	38
116	38	39
116	38	40
116	38	41
116	38	42
116	39	28
116	39	29
116	39	30
116	39	31
116	39	32
116	39	33
116	39	34
116	39	35
116	39	36
116	39	37
116	39	38
116	39	39
116	39	40
116	39	41
116	39	42
116	40	28
116	40	29
116	40	30
116	40	31
116	40	32
116	40	33
116	40	34
116	40	35
116	40	36
116	40	37
116	40	38
116	40	39
116	40	40
116	40	41
116	40	42
116	41	28
116	41	29
116	41	30
116	41	31
116	41	32
116	41	33
116	41	34
116	41	35
116	41	36
116	41	37
116	41	38
116	41	39
116	41	40
116	41	41
116	41	42
116	42	32
116	42	33
116	42	34
116	42	35
116	42	36
116	42	37
116	42	38
116	42	39
116	42	40
116	42	41
116	42	42
116	43	33
116	44	34
117	9	26
117	9	27
117	9	28
117	9	29
117	10	26
117	10	27
117	10	28
117	10	29
117	11	26
117	11	27
117	11	28
117	11	29
117	12	26
117	12	27
117	12	28
117	19	29
117	19	30
117	20	29
117	20	30
117	20	31
117	20	32
117	20	33
117	20	34
117	20	35
117	20	36
117	20	37
117	21	24
117	21	27
117	21	28
117	21	29
117	21	30
117	21	31
117	21	32
117	21	33
117	21	34
117	21	35
117	21	36
117	21	37
117	22	23
117	22	24
117	22	25
117	22	26
117	22	27
117	22	28
117	22	29
117	22	30
117	22	31
117	22	32
117	22	33
117	22	34
117	22	35
117	22	36
117	22	37
117	23	23
117	23	24
117	23	25
117	23	26
117	23	27
117	23	28
117	23	29
117	23	30
117	23	31
117	23	32
117	23	33
117	23	34
117	23	35
117	23	36
117	23	37
117	23	38
117	24	23
117	24	24
117	24	25
117	24	26
117	24	27
117	24	28
117	24	29
117	24	30
117	24	31
117	24	32
117	24	33
117	24	34
117	24	35
117	24	36
117	24	37
117	24	38
117	24	39
117	25	24
117	25	25
117	25	26
117	25	27
117	25	28
117	25	29
117	25	30
117	25	31
117	25	32
117	25	33
117	25	34
117	25	35
117	25	36
117	25	37
117	25	38
117	25	39
117	25	40
117	25	41
117	26	25
117	26	26
117	26	27
117	26	28
117	26	29
117	26	30
117	26	31
117	26	32
117	26	33
117	26	34
117	26	35
117	26	36
117	26	37
117	26	38
117	26	39
117	26	40
117	26	41
117	27	26
117	27	27
117	27	28
117	27	29
117	27	30
117	27	31
117	27	32
117	27	33
117	27	34
117	27	35
117	27	36
117	27	37
117	27	38
117	27	39
117	27	40
117	27	41
117	28	26
117	28	27
117	28	28
117	28	29
117	28	30
117	28	31
117	28	32
117	28	33
117	28	34
117	28	35
117	28	36
117	28	37
117	28	38
117	28	39
117	28	40
117	28	41
117	29	26
117	29	27
117	29	28
117	29	29
117	29	30
117	29	31
117	29	32
117	29	33
117	29	34
117	29	35
117	29	36
117	29	37
117	29	38
117	29	39
117	29	40
117	29	41
117	30	26
117	30	27
117	30	28
117	30	29
117	30	30
117	30	31
117	30	32
117	30	33
117	30	34
117	30	35
117	30	36
117	30	37
117	30	38
117	30	39
117	30	40
117	30	41
117	31	26
117	31	27
117	31	28
117	31	29
117	31	30
117	31	31
117	31	32
117	31	33
117	31	34
117	31	35
117	31	36
117	31	37
117	31	38
117	31	39
117	31	40
117	31	41
117	32	26
117	32	27
117	32	28
117	32	29
117	32	30
117	32	31
117	32	32
117	32	33
117	32	34
117	32	35
117	32	36
117	32	37
117	32	38
117	32	39
117	32	40
117	32	41
117	32	42
117	33	26
117	33	27
117	33	28
117	33	29
117	33	30
117	33	31
117	33	32
117	33	33
117	33	34
117	33	35
117	33	36
117	33	37
117	33	38
117	33	39
117	33	40
117	33	41
117	33	42
117	34	26
117	34	27
117	34	28
117	34	29
117	34	30
117	34	31
117	34	32
117	34	33
117	34	34
117	34	35
117	34	36
117	34	37
117	34	38
117	34	39
117	34	40
117	34	41
117	34	42
117	35	26
117	35	27
117	35	28
117	35	29
117	35	30
117	35	31
117	35	32
117	35	33
117	35	34
117	35	35
117	35	36
117	35	37
117	35	38
117	35	39
117	35	40
117	35	41
117	35	42
117	36	26
117	36	27
117	36	28
117	36	29
117	36	30
117	36	31
117	36	32
117	36	33
117	36	34
117	36	35
117	36	36
117	36	37
117	36	38
117	36	39
117	36	40
117	36	41
117	36	42
117	37	26
117	37	27
117	37	28
117	37	29
117	37	30
117	37	31
117	37	32
117	37	33
117	37	34
117	37	35
117	37	36
117	37	37
117	37	38
117	37	39
117	37	40
117	37	41
117	37	42
117	38	27
117	38	28
117	38	29
117	38	30
117	38	31
117	38	32
117	38	33
117	38	34
117	38	35
117	38	36
117	38	37
117	38	38
117	38	39
117	38	40
117	38	41
117	39	27
117	39	28
117	39	29
117	39	30
117	39	31
117	39	32
117	39	33
117	39	34
117	39	35
117	39	36
117	39	37
117	39	38
117	39	39
117	39	40
117	39	41
117	40	27
117	40	28
117	40	29
117	40	30
117	40	31
117	40	32
117	40	33
117	40	34
117	40	35
117	40	36
117	40	37
117	40	38
117	40	39
117	40	40
117	40	41
117	41	28
117	41	29
117	41	30
117	41	31
117	41	32
117	41	33
117	41	34
117	41	35
117	41	36
117	41	37
117	41	38
117	41	39
117	41	40
117	41	41
117	42	28
117	42	29
117	42	30
117	42	31
117	42	32
117	42	33
117	42	34
117	42	35
117	42	36
117	42	37
117	42	38
117	42	39
117	42	40
117	42	41
117	43	33
117	43	34
117	43	35
117	43	36
117	43	37
117	43	38
117	43	39
117	43	40
117	43	41
117	44	34
118	10	30
118	18	28
118	18	29
118	19	28
118	19	29
118	19	30
118	19	31
118	19	32
118	19	33
118	19	34
118	19	35
118	19	36
118	20	23
118	20	28
118	20	29
118	20	30
118	20	31
118	20	32
118	20	33
118	20	34
118	20	35
118	20	36
118	20	37
118	20	38
118	21	22
118	21	23
118	21	24
118	21	25
118	21	27
118	21	28
118	21	29
118	21	30
118	21	31
118	21	32
118	21	33
118	21	34
118	21	35
118	21	36
118	21	37
118	21	38
118	22	22
118	22	23
118	22	24
118	22	25
118	22	26
118	22	27
118	22	28
118	22	29
118	22	30
118	22	31
118	22	32
118	22	33
118	22	34
118	22	35
118	22	36
118	22	37
118	22	38
118	23	22
118	23	23
118	23	24
118	23	25
118	23	26
118	23	27
118	23	28
118	23	29
118	23	30
118	23	31
118	23	32
118	23	33
118	23	34
118	23	35
118	23	36
118	23	37
118	23	38
118	23	39
118	24	23
118	24	24
118	24	25
118	24	26
118	24	27
118	24	28
118	24	29
118	24	30
118	24	31
118	24	32
118	24	33
118	24	34
118	24	35
118	24	36
118	24	37
118	24	38
118	24	39
118	24	40
118	25	24
118	25	25
118	25	26
118	25	27
118	25	28
118	25	29
118	25	30
118	25	31
118	25	32
118	25	33
118	25	34
118	25	35
118	25	36
118	25	37
118	25	38
118	25	39
118	25	40
118	25	41
118	26	25
118	26	26
118	26	27
118	26	28
118	26	29
118	26	30
118	26	31
118	26	32
118	26	33
118	26	34
118	26	35
118	26	36
118	26	37
118	26	38
118	26	39
118	26	40
118	26	41
118	27	25
118	27	26
118	27	27
118	27	28
118	27	29
118	27	30
118	27	31
118	27	32
118	27	33
118	27	34
118	27	35
118	27	36
118	27	37
118	27	38
118	27	39
118	27	40
118	27	41
118	28	25
118	28	26
118	28	27
118	28	28
118	28	29
118	28	30
118	28	31
118	28	32
118	28	33
118	28	34
118	28	35
118	28	36
118	28	37
118	28	38
118	28	39
118	28	40
118	28	41
118	29	25
118	29	26
118	29	27
118	29	28
118	29	29
118	29	30
118	29	31
118	29	32
118	29	33
118	29	34
118	29	35
118	29	36
118	29	37
118	29	38
118	29	39
118	29	40
118	29	41
118	30	25
118	30	26
118	30	27
118	30	28
118	30	29
118	30	30
118	30	31
118	30	32
118	30	33
118	30	34
118	30	35
118	30	36
118	30	37
118	30	38
118	30	39
118	30	40
118	30	41
118	30	42
118	31	25
118	31	26
118	31	27
118	31	28
118	31	29
118	31	30
118	31	31
118	31	32
118	31	33
118	31	34
118	31	35
118	31	36
118	31	37
118	31	38
118	31	39
118	31	40
118	31	41
118	31	42
118	32	25
118	32	26
118	32	27
118	32	28
118	32	29
118	32	30
118	32	31
118	32	32
118	32	33
118	32	34
118	32	35
118	32	36
118	32	37
118	32	38
118	32	39
118	32	40
118	32	41
118	32	42
118	33	25
118	33	26
118	33	27
118	33	28
118	33	29
118	33	30
118	33	31
118	33	32
118	33	33
118	33	34
118	33	35
118	33	36
118	33	37
118	33	38
118	33	39
118	33	40
118	33	41
118	33	42
118	34	25
118	34	26
118	34	27
118	34	28
118	34	29
118	34	30
118	34	31
118	34	32
118	34	33
118	34	34
118	34	35
118	34	36
118	34	37
118	34	38
118	34	39
118	34	40
118	34	41
118	35	25
118	35	26
118	35	27
118	35	28
118	35	29
118	35	30
118	35	31
118	35	32
118	35	33
118	35	34
118	35	35
118	35	36
118	35	37
118	35	38
118	35	39
118	35	40
118	35	41
118	36	25
118	36	26
118	36	27
118	36	28
118	36	29
118	36	30
118	36	31
118	36	32
118	36	33
118	36	34
118	36	35
118	36	36
118	36	37
118	36	38
118	36	39
118	36	40
118	36	41
118	37	25
118	37	26
118	37	27
118	37	28
118	37	29
118	37	30
118	37	31
118	37	32
118	37	33
118	37	34
118	37	35
118	37	36
118	37	37
118	37	38
118	37	39
118	37	40
118	37	41
118	38	25
118	38	26
118	38	27
118	38	28
118	38	29
118	38	30
118	38	31
118	38	32
118	38	33
118	38	34
118	38	35
118	38	36
118	38	37
118	38	38
118	38	39
118	38	40
118	38	41
118	39	28
118	39	29
118	39	30
118	39	31
118	39	32
118	39	33
118	39	34
118	39	35
118	39	36
118	39	37
118	39	38
118	39	39
118	39	40
118	40	29
118	40	30
118	40	31
118	40	32
118	40	33
118	40	34
118	40	35
118	40	36
118	40	37
118	40	38
118	40	39
118	40	40
118	41	28
118	41	29
118	41	30
118	41	31
118	41	32
118	41	33
118	41	34
118	41	35
118	41	36
118	41	37
118	41	38
118	41	39
118	41	40
118	42	29
118	42	30
118	42	31
118	42	32
118	42	33
118	42	34
118	42	35
118	42	36
118	42	37
118	42	38
118	42	39
118	42	40
118	43	30
118	43	31
118	43	32
118	43	33
118	43	34
118	43	35
118	44	34
119	18	34
119	18	35
119	19	33
119	19	34
119	19	35
119	19	36
119	19	37
119	20	33
119	20	34
119	20	35
119	20	36
119	20	37
119	20	38
119	21	32
119	21	33
119	21	34
119	21	35
119	21	36
119	21	37
119	21	38
119	22	32
119	22	33
119	22	34
119	22	35
119	22	36
119	22	37
119	22	38
119	22	39
119	23	31
119	23	32
119	23	33
119	23	34
119	23	35
119	23	36
119	23	37
119	23	38
119	23	39
119	24	23
119	24	24
119	24	25
119	24	26
119	24	27
119	24	29
119	24	30
119	24	31
119	24	32
119	24	33
119	24	34
119	24	35
119	24	36
119	24	37
119	24	38
119	24	39
119	24	40
119	25	24
119	25	25
119	25	26
119	25	27
119	25	28
119	25	29
119	25	30
119	25	31
119	25	32
119	25	33
119	25	34
119	25	35
119	25	36
119	25	37
119	25	38
119	25	39
119	25	40
119	25	41
119	25	42
119	26	24
119	26	25
119	26	26
119	26	27
119	26	28
119	26	29
119	26	30
119	26	31
119	26	32
119	26	33
119	26	34
119	26	35
119	26	36
119	26	37
119	26	38
119	26	39
119	26	40
119	26	41
119	26	42
119	27	24
119	27	25
119	27	26
119	27	27
119	27	28
119	27	29
119	27	30
119	27	31
119	27	32
119	27	33
119	27	34
119	27	35
119	27	36
119	27	37
119	27	38
119	27	39
119	27	40
119	27	41
119	27	42
119	28	24
119	28	25
119	28	26
119	28	27
119	28	28
119	28	29
119	28	30
119	28	31
119	28	32
119	28	33
119	28	34
119	28	35
119	28	36
119	28	37
119	28	38
119	28	39
119	28	40
119	28	41
119	28	42
119	29	24
119	29	25
119	29	26
119	29	27
119	29	28
119	29	29
119	29	30
119	29	31
119	29	32
119	29	33
119	29	34
119	29	35
119	29	36
119	29	37
119	29	38
119	29	39
119	29	40
119	29	41
119	29	42
119	30	24
119	30	25
119	30	26
119	30	27
119	30	28
119	30	29
119	30	30
119	30	31
119	30	32
119	30	33
119	30	34
119	30	35
119	30	36
119	30	37
119	30	38
119	30	39
119	30	40
119	30	41
119	30	42
119	31	24
119	31	25
119	31	26
119	31	27
119	31	28
119	31	29
119	31	30
119	31	31
119	31	32
119	31	33
119	31	34
119	31	35
119	31	36
119	31	37
119	31	38
119	31	39
119	31	40
119	31	41
119	31	42
119	32	24
119	32	25
119	32	26
119	32	27
119	32	28
119	32	29
119	32	30
119	32	31
119	32	32
119	32	33
119	32	34
119	32	35
119	32	36
119	32	37
119	32	38
119	32	39
119	32	40
119	32	41
119	32	42
119	33	24
119	33	25
119	33	26
119	33	27
119	33	28
119	33	29
119	33	30
119	33	31
119	33	32
119	33	33
119	33	34
119	33	35
119	33	36
119	33	37
119	33	38
119	33	39
119	33	40
119	33	41
119	34	24
119	34	25
119	34	26
119	34	27
119	34	28
119	34	29
119	34	30
119	34	31
119	34	32
119	34	33
119	34	34
119	34	35
119	34	36
119	34	37
119	34	38
119	34	39
119	34	40
119	34	41
119	35	25
119	35	26
119	35	27
119	35	28
119	35	29
119	35	30
119	35	31
119	35	32
119	35	33
119	35	34
119	35	35
119	35	36
119	35	37
119	35	38
119	35	39
119	35	40
119	35	41
119	36	28
119	36	29
119	36	30
119	36	31
119	36	32
119	36	33
119	36	34
119	36	35
119	36	36
119	36	37
119	36	38
119	36	39
119	36	40
119	36	41
119	37	30
119	37	31
119	37	32
119	37	33
119	37	34
119	37	35
119	37	36
119	37	37
119	37	38
119	37	39
119	37	40
119	38	31
119	38	32
119	38	33
119	38	34
119	38	35
119	38	36
119	38	37
119	38	38
119	38	39
119	38	40
119	39	31
119	39	32
119	39	33
119	39	34
119	39	35
119	39	36
119	39	37
119	39	38
119	39	39
119	39	40
119	40	32
119	40	33
119	40	34
119	40	35
119	40	36
119	40	37
119	40	38
119	40	39
119	41	32
119	41	33
119	41	34
119	41	35
119	41	36
119	41	37
119	41	39
119	42	32
119	42	33
119	42	34
119	43	33
120	19	37
120	20	36
120	20	37
120	20	38
120	21	35
120	21	36
120	21	37
120	21	38
120	21	39
120	22	34
120	22	35
120	22	36
120	22	37
120	22	38
120	22	39
120	23	33
120	23	34
120	23	35
120	23	36
120	23	37
120	23	38
120	23	39
120	23	40
120	24	32
120	24	33
120	24	34
120	24	35
120	24	36
120	24	37
120	24	38
120	24	39
120	24	40
120	24	41
120	25	31
120	25	32
120	25	33
120	25	34
120	25	35
120	25	36
120	25	37
120	25	38
120	25	39
120	25	40
120	25	41
120	26	24
120	26	25
120	26	26
120	26	27
120	26	28
120	26	29
120	26	30
120	26	31
120	26	32
120	26	33
120	26	34
120	26	35
120	26	36
120	26	37
120	26	38
120	26	39
120	26	40
120	26	41
120	26	42
120	27	23
120	27	24
120	27	25
120	27	26
120	27	27
120	27	28
120	27	29
120	27	30
120	27	31
120	27	32
120	27	33
120	27	34
120	27	35
120	27	36
120	27	37
120	27	38
120	27	39
120	27	40
120	27	41
120	27	42
120	28	23
120	28	24
120	28	25
120	28	26
120	28	27
120	28	28
120	28	29
120	28	30
120	28	31
120	28	32
120	28	33
120	28	34
120	28	35
120	28	36
120	28	37
120	28	38
120	28	39
120	28	40
120	28	41
120	28	42
120	29	24
120	29	25
120	29	26
120	29	27
120	29	28
120	29	29
120	29	30
120	29	31
120	29	32
120	29	33
120	29	34
120	29	35
120	29	36
120	29	37
120	29	38
120	29	39
120	29	40
120	29	41
120	29	42
120	30	24
120	30	25
120	30	26
120	30	27
120	30	28
120	30	29
120	30	30
120	30	31
120	30	32
120	30	33
120	30	34
120	30	35
120	30	36
120	30	37
120	30	38
120	30	39
120	30	40
120	30	41
120	30	42
120	31	24
120	31	25
120	31	26
120	31	27
120	31	28
120	31	29
120	31	30
120	31	31
120	31	32
120	31	33
120	31	34
120	31	35
120	31	36
120	31	37
120	31	38
120	31	39
120	31	40
120	31	41
120	31	42
120	32	25
120	32	26
120	32	27
120	32	28
120	32	29
120	32	30
120	32	31
120	32	32
120	32	33
120	32	34
120	32	35
120	32	36
120	32	37
120	32	38
120	32	39
120	32	40
120	32	41
120	32	42
120	33	26
120	33	27
120	33	28
120	33	29
120	33	30
120	33	31
120	33	32
120	33	33
120	33	34
120	33	35
120	33	36
120	33	37
120	33	38
120	33	39
120	33	40
120	33	41
120	34	27
120	34	28
120	34	29
120	34	30
120	34	31
120	34	32
120	34	33
120	34	34
120	34	35
120	34	36
120	34	37
120	34	38
120	34	39
120	34	40
120	34	41
120	35	29
120	35	30
120	35	31
120	35	32
120	35	33
120	35	34
120	35	35
120	35	36
120	35	37
120	35	38
120	35	39
120	35	40
120	35	41
120	36	30
120	36	31
120	36	32
120	36	33
120	36	34
120	36	35
120	36	36
120	36	37
120	36	38
120	36	39
120	36	40
120	37	31
120	37	32
120	37	33
120	37	34
120	37	35
120	37	36
120	37	37
120	37	38
120	37	39
120	37	40
120	38	32
120	38	33
120	38	34
120	38	35
120	38	36
120	38	37
120	38	38
120	38	39
120	39	33
120	39	34
120	39	35
120	39	36
120	39	37
120	39	38
120	39	39
120	40	34
120	40	35
120	40	36
121	22	37
121	22	38
121	22	39
121	23	35
121	23	36
121	23	37
121	23	38
121	23	39
121	24	34
121	24	35
121	24	36
121	24	37
121	24	38
121	24	39
121	25	33
121	25	34
121	25	35
121	25	36
121	25	37
121	25	38
121	25	39
121	25	40
121	26	32
121	26	33
121	26	34
121	26	35
121	26	36
121	26	37
121	26	38
121	26	39
121	26	40
121	26	41
121	27	31
121	27	32
121	27	33
121	27	34
121	27	35
121	27	36
121	27	37
121	27	38
121	27	39
121	27	40
121	27	41
121	27	42
121	27	43
121	28	29
121	28	30
121	28	31
121	28	32
121	28	33
121	28	34
121	28	35
121	28	36
121	28	37
121	28	38
121	28	39
121	28	40
121	28	41
121	28	42
121	28	43
121	29	27
121	29	28
121	29	29
121	29	30
121	29	31
121	29	32
121	29	33
121	29	34
121	29	35
121	29	36
121	29	37
121	29	38
121	29	39
121	29	40
121	29	41
121	29	42
121	29	43
121	30	28
121	30	29
121	30	30
121	30	31
121	30	32
121	30	33
121	30	34
121	30	35
121	30	36
121	30	37
121	30	38
121	30	39
121	30	40
121	30	41
121	30	42
121	31	28
121	31	29
121	31	30
121	31	31
121	31	32
121	31	33
121	31	34
121	31	35
121	31	36
121	31	37
121	31	38
121	31	39
121	31	40
121	31	41
121	31	42
121	32	28
121	32	29
121	32	30
121	32	31
121	32	32
121	32	33
121	32	34
121	32	35
121	32	36
121	32	37
121	32	38
121	32	39
121	32	40
121	32	41
121	33	29
121	33	30
121	33	31
121	33	32
121	33	33
121	33	34
121	33	35
121	33	36
121	33	37
121	33	38
121	33	39
121	33	40
121	33	41
121	34	30
121	34	31
121	34	32
121	34	33
121	34	34
121	34	35
121	34	36
121	34	37
121	34	38
121	34	39
121	34	40
121	34	41
121	35	31
121	35	32
121	35	33
121	35	34
121	35	35
121	35	36
121	35	37
121	35	38
121	35	39
121	35	40
121	35	41
121	36	32
121	36	33
121	36	34
121	36	35
121	36	36
121	36	37
121	36	38
121	36	39
121	36	40
121	37	33
121	37	34
121	37	35
121	37	36
121	37	37
121	37	38
121	37	39
121	38	34
121	38	35
121	38	36
121	38	37
121	38	38
121	39	35
122	25	36
122	25	37
122	25	38
122	26	35
122	26	36
122	26	37
122	26	38
122	26	39
122	26	40
122	27	34
122	27	35
122	27	36
122	27	37
122	27	38
122	27	39
122	27	40
122	27	41
122	28	33
122	28	34
122	28	35
122	28	36
122	28	37
122	28	38
122	28	39
122	28	40
122	28	41
122	28	42
122	28	43
122	29	33
122	29	34
122	29	35
122	29	36
122	29	37
122	29	38
122	29	39
122	29	40
122	29	41
122	29	42
122	29	43
122	30	33
122	30	34
122	30	35
122	30	36
122	30	37
122	30	38
122	30	39
122	30	40
122	30	41
122	30	42
122	31	33
122	31	34
122	31	35
122	31	36
122	31	37
122	31	38
122	31	39
122	31	40
122	31	41
122	31	42
122	32	34
122	32	35
122	32	36
122	32	37
122	32	38
122	32	39
122	32	40
122	32	41
122	32	42
122	33	34
122	33	35
122	33	36
122	33	37
122	33	38
122	33	39
122	33	40
122	33	41
122	34	35
122	34	36
122	34	37
122	34	38
122	34	39
122	34	40
122	34	41
122	35	36
122	35	37
122	35	38
122	35	39
122	35	40
123	27	37
123	27	38
123	27	39
123	27	40
123	28	36
123	28	37
123	28	38
123	28	39
123	28	40
123	28	41
123	29	36
123	29	37
123	29	38
123	29	39
123	29	40
123	29	41
123	29	42
123	29	43
123	30	37
123	30	38
123	30	39
123	30	40
123	30	41
123	30	42
123	31	38
123	31	39
123	31	40
123	31	41
123	31	42
123	32	41
123	32	42
