#i	j	k
18	98	100
19	93	101
19	93	102
19	94	100
19	94	101
19	94	102
19	94	103
19	95	99
19	95	100
19	95	101
19	95	102
19	95	103
19	96	99
19	96	100
19	96	101
19	96	102
19	96	103
19	97	98
19	97	99
19	97	100
19	97	101
19	97	102
19	98	97
19	98	98
19	98	99
19	98	100
19	98	101
19	98	102
19	99	97
19	99	98
19	99	99
19	99	100
19	99	101
19	100	97
19	100	98
19	100	99
19	101	96
19	101	97
19	101	98
19	102	97
19	102	98
19	103	97
19	103	98
19	104	97
19	104	98
19	105	97
19	105	98
19	106	98
20	89	101
20	89	102
20	89	103
20	90	100
20	90	101
20	90	102
20	90	103
20	90	104
20	91	100
20	91	101
20	91	102
20	91	103
20	91	104
20	92	100
20	92	101
20	92	102
20	92	103
20	92	104
20	93	99
20	93	100
20	93	101
20	93	102
20	93	103
20	93	104
20	93	105
20	94	98
20	94	99
20	94	100
20	94	101
20	94	102
20	94	103
20	94	104
20	94	105
20	95	97
20	95	98
20	95	99
20	95	100
20	95	101
20	95	102
20	95	103
20	95	104
20	96	97
20	96	98
20	96	99
20	96	100
20	96	101
20	96	102
20	96	103
20	96	104
20	97	97
20	97	98
20	97	99
20	97	100
20	97	101
20	97	102
20	97	103
20	97	104
20	98	96
20	98	97
20	98	98
20	98	99
20	98	100
20	98	101
20	98	102
20	98	103
20	98	104
20	99	96
20	99	97
20	99	98
20	99	99
20	99	100
20	99	101
20	99	102
20	100	96
20	100	97
20	100	98
20	100	99
20	100	100
20	100	101
20	101	94
20	101	95
20	101	96
20	101	97
20	101	98
20	101	99
20	101	100
20	102	96
20	102	97
20	102	98
20	102	99
20	102	100
20	103	96
20	103	97
20	103	98
20	103	99
20	103	100
20	104	96
20	104	97
20	104	98
20	104	99
20	104	100
20	105	96
20	105	97
20	105	98
20	105	99
20	105	100
20	106	97
20	106	98
21	84	99
21	84	100
21	85	98
21	85	99
21	85	100
21	85	101
21	86	98
21	86	99
21	86	100
21	86	101
21	86	102
21	87	98
21	87	99
21	87	100
21	87	101
21	87	102
21	87	103
21	87	104
21	88	99
21	88	100
21	88	101
21	88	102
21	88	103
21	88	104
21	88	105
21	89	99
21	89	100
21	89	101
21	89	102
21	89	103
21	89	104
21	89	105
21	89	106
21	90	99
21	90	100
21	90	101
21	90	102
21	90	103
21	90	104
21	90	105
21	90	106
21	90	107
21	91	99
21	91	100
21	91	101
21	91	102
21	91	103
21	91	104
21	91	105
21	91	106
21	91	107
21	92	98
21	92	99
21	92	100
21	92	101
21	92	102
21	92	103
21	92	104
21	92	105
21	92	106
21	93	97
21	93	98
21	93	99
21	93	100
21	93	101
21	93	102
21	93	103
21	93	104
21	93	105
21	94	96
21	94	97
21	94	98
21	94	99
21	94	100
21	94	101
21	94	102
21	94	103
21	94	104
21	95	96
21	95	97
21	95	98
21	95	99
21	95	100
21	95	101
21	95	102
21	95	103
21	95	104
21	96	96
21	96	97
21	96	98
21	96	99
21	96	100
21	96	101
21	96	102
21	96	103
21	97	96
21	97	97
21	97	98
21	97	99
21	97	100
21	97	101
21	97	102
21	97	103
21	98	96
21	98	97
21	98	98
21	98	99
21	98	100
21	98	101
21	98	102
21	98	103
21	98	104
21	99	95
21	99	96
21	99	97
21	99	98
21	99	99
21	99	100
21	99	101
21	99	102
21	100	95
21	100	96
21	100	97
21	100	98
21	100	99
21	100	100
21	101	94
21	101	95
21	101	96
21	101	97
21	101	98
21	101	99
21	102	95
21	102	96
21	102	97
21	102	98
21	102	99
21	103	95
21	103	96
21	103	97
21	103	98
21	103	99
21	104	95
21	104	96
21	104	97
21	104	98
21	104	99
21	105	96
21	105	97
21	105	98
21	105	99
22	84	96
22	84	97
22	84	98
22	84	99
22	84	100
22	84	101
22	85	96
22	85	97
22	85	98
22	85	99
22	85	100
22	85	101
22	85	102
22	86	96
22	86	97
22	86	98
22	86	99
22	86	100
22	86	101
22	86	102
22	86	103
22	87	96
22	87	97
22	87	98
22	87	99
22	87	100
22	87	101
22	87	102
22	87	103
22	87	104
22	87	105
22	88	97
22	88	98
22	88	99
22	88	100
22	88	101
22	88	102
22	88	103
22	88	104
22	88	105
22	88	106
22	89	98
22	89	99
22	89	100
22	89	101
22	89	102
22	89	103
22	89	104
22	89	105
22	89	106
22	89	107
22	89	108
22	90	98
22	90	99
22	90	100
22	90	101
22	90	102
22	90	103
22	90	104
22	90	105
22	90	106
22	90	107
22	90	108
22	90	109
22	91	97
22	91	98
22	91	99
22	91	100
22	91	101
22	91	102
22	91	103
22	91	104
22	91	105
22	91	106
22	91	107
22	92	95
22	92	96
22	92	97
22	92	98
22	92	99
22	92	100
22	92	101
22	92	102
22	92	103
22	92	104
22	92	105
22	92	106
22	93	95
22	93	96
22	93	97
22	93	98
22	93	99
22	93	100
22	93	101
22	93	102
22	93	103
22	93	104
22	93	105
22	94	96
22	94	97
22	94	98
22	94	99
22	94	100
22	94	101
22	94	102
22	94	103
22	94	104
22	95	96
22	95	97
22	95	98
22	95	99
22	95	100
22	95	101
22	95	102
22	95	103
22	96	96
22	96	97
22	96	98
22	96	99
22	96	100
22	96	101
22	96	102
22	96	103
22	97	96
22	97	97
22	97	98
22	97	99
22	97	100
22	97	101
22	97	102
22	97	103
22	98	95
22	98	96
22	98	97
22	98	98
22	98	99
22	98	100
22	98	101
22	98	102
22	99	95
22	99	96
22	99	97
22	99	98
22	99	99
22	99	100
22	99	101
22	100	94
22	100	95
22	100	96
22	100	97
22	100	98
22	100	99
22	100	100
22	100	101
22	101	94
22	101	95
22	101	96
22	101	97
22	101	98
22	101	99
22	102	95
22	102	96
22	102	97
22	102	98
22	103	95
22	103	96
22	103	97
22	103	98
22	104	95
22	104	96
22	104	97
22	104	98
22	105	96
23	83	97
23	83	98
23	84	94
23	84	95
23	84	96
23	84	97
23	84	98
23	84	99
23	84	100
23	84	101
23	85	94
23	85	95
23	85	96
23	85	97
23	85	98
23	85	99
23	85	100
23	85	101
23	85	102
23	86	93
23	86	94
23	86	95
23	86	96
23	86	97
23	86	98
23	86	99
23	86	100
23	86	101
23	86	102
23	86	103
23	86	104
23	87	92
23	87	93
23	87	94
23	87	95
23	87	96
23	87	97
23	87	98
23	87	99
23	87	100
23	87	101
23	87	102
23	87	103
23	87	104
23	87	105
23	88	92
23	88	93
23	88	94
23	88	95
23	88	96
23	88	97
23	88	98
23	88	99
23	88	100
23	88	101
23	88	102
23	88	103
23	88	104
23	88	105
23	88	106
23	88	107
23	89	92
23	89	93
23	89	94
23	89	95
23	89	96
23	89	97
23	89	98
23	89	99
23	89	100
23	89	101
23	89	102
23	89	103
23	89	104
23	89	105
23	89	106
23	89	107
23	89	108
23	89	109
23	90	92
23	90	93
23	90	94
23	90	95
23	90	96
23	90	97
23	90	98
23	90	99
23	90	100
23	90	101
23	90	102
23	90	103
23	90	104
23	90	105
23	90	106
23	90	107
23	90	108
23	91	93
23	91	94
23	91	95
23	91	96
23	91	97
23	91	98
23	91	99
23	91	100
23	91	101
23	91	102
23	91	103
23	91	104
23	91	105
23	91	106
23	91	107
23	91	108
23	92	93
23	92	94
23	92	95
23	92	96
23	92	97
23	92	98
23	92	99
23	92	100
23	92	101
23	92	102
23	92	103
23	92	104
23	92	105
23	92	106
23	93	94
23	93	95
23	93	96
23	93	97
23	93	98
23	93	99
23	93	100
23	93	101
23	93	102
23	93	103
23	93	104
23	93	105
23	94	95
23	94	96
23	94	97
23	94	98
23	94	99
23	94	100
23	94	101
23	94	102
23	94	103
23	94	104
23	95	95
23	95	96
23	95	97
23	95	98
23	95	99
23	95	100
23	95	101
23	95	102
23	95	103
23	96	95
23	96	96
23	96	97
23	96	98
23	96	99
23	96	100
23	96	101
23	96	102
23	96	103
23	97	95
23	97	96
23	97	97
23	97	98
23	97	99
23	97	100
23	97	101
23	98	95
23	98	96
23	98	97
23	98	98
23	98	99
23	98	100
23	98	101
23	99	94
23	99	95
23	99	96
23	99	97
23	99	98
23	99	99
23	99	100
23	99	101
23	100	94
23	100	95
23	100	96
23	100	97
23	100	98
23	100	99
23	100	100
23	100	101
23	101	95
23	101	96
23	101	97
23	101	98
23	101	99
23	101	100
23	102	95
23	102	96
23	102	97
23	102	98
23	103	95
23	103	96
23	103	97
23	104	95
23	104	96
23	104	97
24	83	95
24	83	96
24	83	97
24	83	98
24	83	99
24	84	92
24	84	93
24	84	94
24	84	95
24	84	96
24	84	97
24	84	98
24	84	99
24	84	100
24	84	101
24	85	91
24	85	92
24	85	93
24	85	94
24	85	95
24	85	96
24	85	97
24	85	98
24	85	99
24	85	100
24	85	101
24	85	102
24	86	90
24	86	91
24	86	92
24	86	93
24	86	94
24	86	95
24	86	96
24	86	97
24	86	98
24	86	99
24	86	100
24	86	101
24	86	102
24	86	103
24	86	104
24	87	90
24	87	91
24	87	92
24	87	93
24	87	94
24	87	95
24	87	96
24	87	97
24	87	98
24	87	99
24	87	100
24	87	101
24	87	102
24	87	103
24	87	104
24	87	105
24	87	106
24	88	90
24	88	91
24	88	92
24	88	93
24	88	94
24	88	95
24	88	96
24	88	97
24	88	98
24	88	99
24	88	100
24	88	101
24	88	102
24	88	103
24	88	104
24	88	105
24	88	106
24	88	107
24	88	108
24	89	90
24	89	91
24	89	92
24	89	93
24	89	94
24	89	95
24	89	96
24	89	97
24	89	98
24	89	99
24	89	100
24	89	101
24	89	102
24	89	103
24	89	104
24	89	105
24	89	106
24	89	107
24	89	108
24	90	91
24	90	92
24	90	93
24	90	94
24	90	95
24	90	96
24	90	97
24	90	98
24	90	99
24	90	100
24	90	101
24	90	102
24	90	103
24	90	104
24	90	105
24	90	106
24	90	107
24	90	108
24	91	91
24	91	92
24	91	93
24	91	94
24	91	95
24	91	96
24	91	97
24	91	98
24	91	99
24	91	100
24	91	101
24	91	102
24	91	103
24	91	104
24	91	105
24	91	106
24	91	107
24	92	92
24	92	93
24	92	94
24	92	95
24	92	96
24	92	97
24	92	98
24	92	99
24	92	100
24	92	101
24	92	102
24	92	103
24	92	104
24	92	105
24	92	106
24	92	107
24	93	93
24	93	94
24	93	95
24	93	96
24	93	97
24	93	98
24	93	99
24	93	100
24	93	101
24	93	102
24	93	103
24	93	104
24	93	105
24	94	94
24	94	95
24	94	96
24	94	97
24	94	98
24	94	99
24	94	100
24	94	101
24	94	102
24	94	103
24	95	95
24	95	96
24	95	97
24	95	98
24	95	99
24	95	100
24	95	101
24	95	102
24	95	103
24	96	95
24	96	96
24	96	97
24	96	98
24	96	99
24	96	100
24	96	101
24	97	87
24	97	88
24	97	95
24	97	96
24	97	97
24	97	98
24	97	99
24	97	100
24	97	101
24	98	94
24	98	95
24	98	96
24	98	97
24	98	98
24	98	99
24	98	100
24	98	101
24	99	93
24	99	94
24	99	95
24	99	96
24	99	97
24	99	98
24	99	99
24	99	100
24	99	101
24	100	94
24	100	95
24	100	96
24	100	97
24	100	98
24	100	99
24	100	100
24	100	101
24	101	95
24	101	96
24	101	97
24	101	98
24	101	99
24	101	100
24	102	95
24	102	96
24	102	97
24	102	98
24	102	99
24	103	95
24	103	96
24	103	97
24	104	95
24	104	96
24	105	95
24	105	96
25	83	92
25	83	93
25	83	94
25	83	95
25	83	96
25	83	97
25	83	98
25	83	99
25	84	90
25	84	91
25	84	92
25	84	93
25	84	94
25	84	95
25	84	96
25	84	97
25	84	98
25	84	99
25	84	100
25	84	101
25	85	89
25	85	90
25	85	91
25	85	92
25	85	93
25	85	94
25	85	95
25	85	96
25	85	97
25	85	98
25	85	99
25	85	100
25	85	101
25	85	102
25	86	88
25	86	89
25	86	90
25	86	91
25	86	92
25	86	93
25	86	94
25	86	95
25	86	96
25	86	97
25	86	98
25	86	99
25	86	100
25	86	101
25	86	102
25	86	103
25	86	104
25	87	88
25	87	89
25	87	90
25	87	91
25	87	92
25	87	93
25	87	94
25	87	95
25	87	96
25	87	97
25	87	98
25	87	99
25	87	100
25	87	101
25	87	102
25	87	103
25	87	104
25	87	105
25	87	106
25	88	89
25	88	90
25	88	91
25	88	92
25	88	93
25	88	94
25	88	95
25	88	96
25	88	97
25	88	98
25	88	99
25	88	100
25	88	101
25	88	102
25	88	103
25	88	104
25	88	105
25	88	106
25	88	107
25	88	108
25	89	89
25	89	90
25	89	91
25	89	92
25	89	93
25	89	94
25	89	95
25	89	96
25	89	97
25	89	98
25	89	99
25	89	100
25	89	101
25	89	102
25	89	103
25	89	104
25	89	105
25	89	106
25	89	107
25	89	108
25	90	90
25	90	91
25	90	92
25	90	93
25	90	94
25	90	95
25	90	96
25	90	97
25	90	98
25	90	99
25	90	100
25	90	101
25	90	102
25	90	103
25	90	104
25	90	105
25	90	106
25	90	107
25	91	91
25	91	92
25	91	93
25	91	94
25	91	95
25	91	96
25	91	97
25	91	98
25	91	99
25	91	100
25	91	101
25	91	102
25	91	103
25	91	104
25	91	105
25	91	106
25	91	107
25	92	92
25	92	93
25	92	94
25	92	95
25	92	96
25	92	97
25	92	98
25	92	99
25	92	100
25	92	101
25	92	102
25	92	103
25	92	104
25	92	105
25	92	106
25	93	92
25	93	93
25	93	94
25	93	95
25	93	96
25	93	97
25	93	98
25	93	99
25	93	100
25	93	101
25	93	102
25	93	103
25	93	104
25	94	93
25	94	94
25	94	95
25	94	96
25	94	97
25	94	98
25	94	99
25	94	100
25	94	101
25	94	102
25	94	103
25	95	94
25	95	95
25	95	96
25	95	97
25	95	98
25	95	99
25	96	86
25	96	87
25	96	88
25	96	89
25	96	90
25	96	94
25	96	95
25	96	96
25	96	97
25	96	98
25	96	99
25	96	100
25	97	87
25	97	88
25	97	89
25	97	90
25	97	91
25	97	92
25	97	93
25	97	94
25	97	95
25	97	96
25	97	97
25	97	98
25	97	99
25	97	100
25	98	88
25	98	89
25	98	90
25	98	91
25	98	92
25	98	93
25	98	94
25	98	95
25	98	96
25	98	97
25	98	98
25	98	99
25	98	100
25	98	101
25	99	92
25	99	93
25	99	94
25	99	95
25	99	96
25	99	97
25	99	98
25	99	99
25	99	100
25	99	101
25	99	102
25	100	93
25	100	94
25	100	95
25	100	96
25	100	97
25	100	98
25	100	99
25	100	100
25	100	101
25	101	94
25	101	95
25	101	96
25	101	97
25	101	98
25	101	99
25	101	100
25	102	94
25	102	95
25	102	96
25	102	97
25	102	98
25	102	99
25	103	94
25	103	95
25	103	96
25	103	97
25	103	98
25	104	94
25	104	95
25	104	96
25	104	97
25	105	95
25	105	96
25	106	96
26	83	89
26	83	90
26	83	91
26	83	92
26	83	93
26	83	94
26	83	95
26	83	96
26	83	97
26	83	98
26	83	99
26	83	100
26	84	87
26	84	88
26	84	89
26	84	90
26	84	91
26	84	92
26	84	93
26	84	94
26	84	95
26	84	96
26	84	97
26	84	98
26	84	99
26	84	100
26	84	101
26	85	87
26	85	88
26	85	89
26	85	90
26	85	91
26	85	92
26	85	93
26	85	94
26	85	95
26	85	96
26	85	97
26	85	98
26	85	99
26	85	100
26	85	101
26	85	102
26	86	87
26	86	88
26	86	89
26	86	90
26	86	91
26	86	92
26	86	93
26	86	94
26	86	95
26	86	96
26	86	97
26	86	98
26	86	99
26	86	100
26	86	101
26	86	102
26	86	103
26	86	104
26	87	87
26	87	88
26	87	89
26	87	90
26	87	91
26	87	92
26	87	93
26	87	94
26	87	95
26	87	96
26	87	97
26	87	98
26	87	99
26	87	100
26	87	101
26	87	102
26	87	103
26	87	104
26	87	105
26	87	106
26	88	88
26	88	89
26	88	90
26	88	91
26	88	92
26	88	93
26	88	94
26	88	95
26	88	96
26	88	97
26	88	98
26	88	99
26	88	100
26	88	101
26	88	102
26	88	103
26	88	104
26	88	105
26	88	106
26	88	107
26	88	108
26	89	89
26	89	90
26	89	91
26	89	92
26	89	93
26	89	94
26	89	95
26	89	96
26	89	97
26	89	98
26	89	99
26	89	100
26	89	101
26	89	102
26	89	103
26	89	104
26	89	105
26	89	106
26	89	107
26	89	108
26	90	90
26	90	91
26	90	92
26	90	93
26	90	94
26	90	95
26	90	96
26	90	97
26	90	98
26	90	99
26	90	100
26	90	101
26	90	102
26	90	103
26	90	104
26	90	105
26	90	106
26	90	107
26	91	91
26	91	92
26	91	93
26	91	94
26	91	95
26	91	96
26	91	97
26	91	98
26	91	99
26	91	100
26	91	101
26	91	102
26	91	103
26	91	104
26	91	105
26	91	106
26	92	91
26	92	92
26	92	93
26	92	94
26	92	95
26	92	96
26	92	97
26	92	98
26	92	100
26	92	101
26	92	102
26	92	103
26	92	104
26	92	105
26	92	106
26	93	92
26	93	93
26	93	94
26	93	95
26	93	96
26	93	97
26	93	102
26	93	103
26	93	104
26	94	86
26	94	87
26	94	88
26	94	89
26	94	90
26	94	91
26	94	92
26	94	93
26	94	94
26	94	95
26	94	96
26	94	103
26	95	85
26	95	86
26	95	87
26	95	88
26	95	89
26	95	90
26	95	91
26	95	92
26	95	93
26	95	94
26	95	95
26	95	96
26	95	97
26	96	86
26	96	87
26	96	88
26	96	89
26	96	90
26	96	91
26	96	92
26	96	93
26	96	94
26	96	95
26	96	96
26	96	97
26	96	98
26	97	87
26	97	88
26	97	89
26	97	90
26	97	91
26	97	92
26	97	93
26	97	94
26	97	95
26	97	96
26	97	97
26	97	98
26	97	99
26	97	100
26	98	88
26	98	89
26	98	90
26	98	91
26	98	92
26	98	93
26	98	94
26	98	95
26	98	96
26	98	97
26	98	98
26	98	99
26	98	100
26	98	101
26	99	89
26	99	90
26	99	91
26	99	92
26	99	93
26	99	94
26	99	95
26	99	96
26	99	97
26	99	98
26	99	99
26	99	100
26	99	101
26	99	102
26	100	91
26	100	92
26	100	93
26	100	94
26	100	95
26	100	96
26	100	97
26	100	98
26	100	99
26	100	100
26	100	101
26	101	92
26	101	93
26	101	94
26	101	95
26	101	96
26	101	97
26	101	98
26	101	99
26	101	100
26	102	93
26	102	94
26	102	95
26	102	96
26	102	97
26	102	98
26	102	99
26	103	93
26	103	94
26	103	95
26	103	96
26	103	97
26	103	98
26	104	94
26	104	95
26	104	96
26	104	97
26	105	97
26	106	96
27	82	84
27	82	85
27	82	86
27	82	87
27	82	88
27	82	89
27	82	90
27	82	91
27	82	92
27	82	93
27	83	84
27	83	85
27	83	86
27	83	87
27	83	88
27	83	89
27	83	90
27	83	91
27	83	92
27	83	93
27	83	94
27	83	95
27	83	96
27	83	97
27	83	98
27	83	99
27	83	100
27	84	84
27	84	85
27	84	86
27	84	87
27	84	88
27	84	89
27	84	90
27	84	91
27	84	92
27	84	93
27	84	94
27	84	95
27	84	96
27	84	97
27	84	98
27	84	99
27	84	100
27	84	101
27	85	85
27	85	86
27	85	87
27	85	88
27	85	89
27	85	90
27	85	91
27	85	92
27	85	93
27	85	94
27	85	95
27	85	96
27	85	97
27	85	98
27	85	99
27	85	100
27	85	101
27	85	102
27	85	103
27	86	86
27	86	87
27	86	88
27	86	89
27	86	90
27	86	91
27	86	92
27	86	93
27	86	94
27	86	95
27	86	96
27	86	97
27	86	98
27	86	99
27	86	100
27	86	101
27	86	102
27	86	103
27	86	104
27	87	86
27	87	87
27	87	88
27	87	89
27	87	90
27	87	91
27	87	92
27	87	93
27	87	94
27	87	95
27	87	96
27	87	97
27	87	98
27	87	99
27	87	100
27	87	101
27	87	102
27	87	103
27	87	104
27	87	105
27	87	106
27	88	87
27	88	88
27	88	89
27	88	90
27	88	91
27	88	92
27	88	93
27	88	94
27	88	95
27	88	96
27	88	97
27	88	98
27	88	99
27	88	100
27	88	101
27	88	102
27	88	103
27	88	104
27	88	105
27	88	106
27	88	107
27	88	108
27	89	89
27	89	90
27	89	91
27	89	92
27	89	93
27	89	94
27	89	95
27	89	96
27	89	97
27	89	98
27	89	99
27	89	100
27	89	101
27	89	102
27	89	103
27	89	104
27	89	105
27	89	106
27	89	107
27	89	108
27	90	90
27	90	91
27	90	92
27	90	93
27	90	94
27	90	95
27	90	96
27	90	97
27	90	98
27	90	99
27	90	100
27	90	101
27	90	102
27	90	103
27	90	104
27	90	105
27	90	106
27	90	107
27	91	91
27	91	92
27	91	93
27	91	94
27	91	95
27	91	96
27	91	97
27	91	98
27	91	101
27	91	102
27	91	103
27	91	104
27	91	105
27	91	106
27	92	85
27	92	86
27	92	87
27	92	92
27	92	93
27	92	94
27	92	95
27	92	96
27	92	103
27	92	104
27	92	105
27	93	85
27	93	86
27	93	87
27	93	88
27	93	89
27	93	92
27	93	93
27	93	94
27	93	95
27	93	104
27	94	84
27	94	85
27	94	86
27	94	87
27	94	88
27	94	89
27	94	90
27	94	91
27	94	92
27	94	93
27	94	94
27	95	85
27	95	86
27	95	87
27	95	88
27	95	89
27	95	90
27	95	91
27	95	92
27	95	93
27	95	94
27	96	86
27	96	87
27	96	88
27	96	89
27	96	90
27	96	91
27	96	92
27	96	93
27	96	94
27	96	95
27	96	96
27	97	87
27	97	88
27	97	89
27	97	90
27	97	91
27	97	92
27	97	93
27	97	94
27	97	95
27	97	96
27	97	97
27	97	98
27	97	99
27	98	88
27	98	89
27	98	90
27	98	91
27	98	92
27	98	93
27	98	94
27	98	95
27	98	96
27	98	97
27	98	98
27	98	99
27	98	100
27	98	101
27	99	89
27	99	90
27	99	91
27	99	92
27	99	93
27	99	94
27	99	95
27	99	96
27	99	97
27	99	98
27	99	99
27	99	100
27	99	101
27	99	102
27	100	90
27	100	91
27	100	92
27	100	93
27	100	94
27	100	95
27	100	96
27	100	97
27	100	98
27	100	99
27	100	100
27	100	101
27	101	91
27	101	92
27	101	93
27	101	94
27	101	95
27	101	96
27	101	97
27	101	98
27	101	99
27	101	100
27	102	92
27	102	93
27	102	94
27	102	95
27	102	96
27	102	97
27	102	98
27	102	99
27	103	93
27	103	94
27	103	95
27	103	96
27	103	97
27	103	98
27	104	96
27	104	97
27	105	97
28	82	84
28	82	85
28	82	86
28	82	87
28	82	88
28	82	89
28	82	90
28	82	91
28	82	92
28	82	93
28	82	94
28	83	84
28	83	85
28	83	86
28	83	87
28	83	88
28	83	89
28	83	90
28	83	91
28	83	92
28	83	93
28	83	94
28	83	95
28	83	96
28	83	97
28	83	98
28	83	99
28	83	100
28	84	84
28	84	85
28	84	86
28	84	87
28	84	88
28	84	89
28	84	90
28	84	91
28	84	92
28	84	93
28	84	94
28	84	95
28	84	96
28	84	97
28	84	98
28	84	99
28	84	100
28	84	101
28	84	102
28	85	85
28	85	86
28	85	87
28	85	88
28	85	89
28	85	90
28	85	91
28	85	92
28	85	93
28	85	94
28	85	95
28	85	96
28	85	97
28	85	98
28	85	99
28	85	100
28	85	101
28	85	102
28	85	103
28	86	86
28	86	87
28	86	88
28	86	89
28	86	90
28	86	91
28	86	92
28	86	93
28	86	94
28	86	95
28	86	96
28	86	97
28	86	98
28	86	99
28	86	100
28	86	101
28	86	102
28	86	103
28	86	104
28	87	87
28	87	88
28	87	89
28	87	90
28	87	91
28	87	92
28	87	93
28	87	94
28	87	95
28	87	96
28	87	97
28	87	98
28	87	99
28	87	100
28	87	101
28	87	102
28	87	103
28	87	104
28	87	105
28	87	106
28	88	88
28	88	89
28	88	90
28	88	91
28	88	92
28	88	93
28	88	94
28	88	95
28	88	96
28	88	97
28	88	98
28	88	99
28	88	100
28	88	101
28	88	102
28	88	103
28	88	104
28	88	105
28	88	106
28	88	107
28	89	89
28	89	90
28	89	91
28	89	92
28	89	93
28	89	94
28	89	95
28	89	96
28	89	97
28	89	98
28	89	99
28	89	100
28	89	101
28	89	102
28	89	103
28	89	104
28	89	105
28	89	106
28	89	107
28	89	108
28	90	91
28	90	92
28	90	93
28	90	94
28	90	95
28	90	96
28	90	97
28	90	98
28	90	99
28	90	100
28	90	101
28	90	102
28	90	103
28	90	104
28	90	105
28	90	106
28	90	107
28	91	92
28	91	93
28	91	94
28	91	95
28	91	96
28	91	103
28	91	104
28	91	105
28	91	106
28	92	85
28	92	86
28	92	87
28	92	88
28	92	98
28	92	99
28	92	100
28	92	104
28	93	85
28	93	86
28	93	87
28	93	88
28	93	89
28	93	90
28	93	104
28	94	85
28	94	86
28	94	87
28	94	88
28	94	89
28	94	90
28	94	91
28	94	92
28	94	93
28	95	85
28	95	86
28	95	87
28	95	88
28	95	89
28	95	90
28	95	91
28	95	92
28	95	93
28	95	94
28	96	86
28	96	87
28	96	88
28	96	89
28	96	90
28	96	91
28	96	92
28	96	93
28	96	94
28	97	87
28	97	88
28	97	89
28	97	90
28	97	91
28	97	92
28	97	93
28	97	94
28	97	95
28	97	96
28	98	88
28	98	89
28	98	90
28	98	91
28	98	92
28	98	93
28	98	94
28	98	95
28	98	96
28	98	97
28	98	98
28	98	99
28	98	100
28	99	89
28	99	90
28	99	91
28	99	92
28	99	93
28	99	94
28	99	95
28	99	96
28	99	97
28	99	98
28	99	99
28	99	100
28	99	101
28	100	90
28	100	91
28	100	92
28	100	93
28	100	94
28	100	95
28	100	96
28	100	97
28	100	98
28	100	99
28	100	100
28	100	101
28	101	90
28	101	91
28	101	92
28	101	93
28	101	94
28	101	95
28	101	96
28	101	97
28	101	98
28	101	99
28	101	100
28	102	91
28	102	92
28	102	93
28	102	94
28	102	95
28	102	96
28	102	97
28	102	98
28	102	99
28	103	95
28	103	96
28	103	97
28	103	98
28	104	96
28	104	97
28	104	98
28	105	97
28	105	98
29	81	88
29	81	89
29	81	90
29	81	91
29	82	84
29	82	85
29	82	86
29	82	87
29	82	88
29	82	89
29	82	90
29	82	91
29	82	92
29	82	93
29	82	94
29	82	95
29	83	85
29	83	86
29	83	87
29	83	88
29	83	89
29	83	90
29	83	91
29	83	92
29	83	93
29	83	94
29	83	95
29	83	96
29	83	97
29	83	98
29	83	99
29	83	100
29	84	85
29	84	86
29	84	87
29	84	88
29	84	89
29	84	90
29	84	91
29	84	92
29	84	93
29	84	94
29	84	95
29	84	96
29	84	97
29	84	98
29	84	99
29	84	100
29	84	101
29	84	102
29	85	86
29	85	87
29	85	88
29	85	89
29	85	90
29	85	91
29	85	92
29	85	93
29	85	94
29	85	95
29	85	96
29	85	97
29	85	98
29	85	99
29	85	100
29	85	101
29	85	102
29	85	103
29	86	87
29	86	88
29	86	89
29	86	90
29	86	91
29	86	92
29	86	93
29	86	94
29	86	95
29	86	96
29	86	97
29	86	98
29	86	99
29	86	100
29	86	101
29	86	102
29	86	103
29	86	104
29	87	87
29	87	88
29	87	89
29	87	90
29	87	91
29	87	92
29	87	93
29	87	94
29	87	95
29	87	96
29	87	97
29	87	98
29	87	99
29	87	100
29	87	101
29	87	102
29	87	103
29	87	104
29	87	105
29	88	88
29	88	89
29	88	90
29	88	91
29	88	92
29	88	93
29	88	94
29	88	95
29	88	96
29	88	97
29	88	98
29	88	99
29	88	100
29	88	101
29	88	102
29	88	103
29	88	104
29	88	105
29	88	106
29	88	107
29	89	89
29	89	90
29	89	91
29	89	92
29	89	93
29	89	94
29	89	95
29	89	96
29	89	97
29	89	98
29	89	99
29	89	100
29	89	101
29	89	102
29	89	103
29	89	104
29	89	105
29	89	106
29	89	107
29	89	108
29	90	92
29	90	93
29	90	94
29	90	95
29	90	96
29	90	97
29	90	104
29	90	105
29	90	106
29	90	107
29	91	98
29	91	99
29	91	100
29	91	101
29	92	97
29	93	86
29	93	87
29	93	88
29	93	89
29	93	90
29	94	86
29	94	87
29	94	88
29	94	89
29	94	90
29	94	91
29	94	92
29	95	86
29	95	87
29	95	88
29	95	89
29	95	90
29	95	91
29	95	92
29	95	93
29	96	86
29	96	87
29	96	88
29	96	89
29	96	90
29	96	91
29	96	92
29	96	93
29	96	94
29	97	87
29	97	88
29	97	89
29	97	90
29	97	91
29	97	92
29	97	93
29	97	94
29	97	95
29	98	88
29	98	89
29	98	90
29	98	91
29	98	92
29	98	93
29	98	94
29	98	95
29	98	96
29	99	89
29	99	90
29	99	91
29	99	92
29	99	93
29	99	94
29	99	95
29	99	96
29	99	97
29	99	98
29	99	99
29	99	100
29	100	89
29	100	90
29	100	91
29	100	92
29	100	93
29	100	94
29	100	95
29	100	96
29	100	97
29	100	98
29	100	99
29	100	100
29	100	101
29	101	90
29	101	91
29	101	92
29	101	93
29	101	94
29	101	95
29	101	96
29	101	97
29	101	98
29	101	99
29	101	100
29	102	94
29	102	95
29	102	96
29	102	97
29	102	98
29	102	99
29	103	95
29	103	96
29	103	97
29	103	98
29	103	99
29	104	96
29	104	97
29	104	98
29	104	99
29	105	97
29	105	98
29	105	99
29	106	97
29	106	98
29	106	99
29	110	105
30	81	87
30	81	88
30	81	89
30	81	90
30	81	91
30	81	92
30	82	84
30	82	85
30	82	86
30	82	87
30	82	88
30	82	89
30	82	90
30	82	91
30	82	92
30	82	93
30	82	94
30	82	95
30	82	96
30	82	97
30	83	85
30	83	86
30	83	87
30	83	88
30	83	89
30	83	90
30	83	91
30	83	92
30	83	93
30	83	94
30	83	95
30	83	96
30	83	97
30	83	98
30	83	99
30	83	100
30	84	86
30	84	87
30	84	88
30	84	89
30	84	90
30	84	91
30	84	92
30	84	93
30	84	94
30	84	95
30	84	96
30	84	97
30	84	98
30	84	99
30	84	100
30	84	101
30	84	102
30	85	86
30	85	87
30	85	88
30	85	89
30	85	90
30	85	91
30	85	92
30	85	93
30	85	94
30	85	95
30	85	96
30	85	97
30	85	98
30	85	99
30	85	100
30	85	101
30	85	102
30	85	103
30	86	87
30	86	88
30	86	89
30	86	90
30	86	91
30	86	92
30	86	93
30	86	94
30	86	95
30	86	96
30	86	97
30	86	98
30	86	99
30	86	100
30	86	101
30	86	102
30	86	103
30	86	104
30	87	88
30	87	89
30	87	90
30	87	91
30	87	92
30	87	93
30	87	94
30	87	95
30	87	96
30	87	97
30	87	98
30	87	99
30	87	100
30	87	101
30	87	102
30	87	103
30	87	104
30	87	105
30	88	89
30	88	90
30	88	91
30	88	92
30	88	93
30	88	94
30	88	95
30	88	96
30	88	97
30	88	98
30	88	99
30	88	100
30	88	101
30	88	102
30	88	103
30	88	104
30	88	105
30	88	106
30	89	90
30	89	91
30	89	92
30	89	93
30	89	94
30	89	95
30	89	96
30	89	97
30	89	98
30	89	99
30	89	103
30	89	104
30	89	105
30	89	106
30	89	107
30	90	93
30	90	94
30	92	90
30	93	89
30	93	90
30	93	91
30	94	87
30	94	88
30	94	89
30	94	90
30	94	91
30	94	92
30	95	86
30	95	87
30	95	88
30	95	89
30	95	90
30	95	91
30	95	92
30	95	93
30	96	86
30	96	87
30	96	88
30	96	89
30	96	90
30	96	91
30	96	92
30	96	93
30	97	87
30	97	88
30	97	89
30	97	90
30	97	91
30	97	92
30	97	93
30	97	94
30	98	88
30	98	89
30	98	90
30	98	91
30	98	92
30	98	93
30	98	94
30	98	95
30	99	88
30	99	89
30	99	90
30	99	91
30	99	92
30	99	93
30	99	94
30	99	95
30	99	96
30	99	100
30	100	89
30	100	90
30	100	91
30	100	92
30	100	93
30	100	94
30	100	95
30	100	96
30	100	97
30	100	98
30	100	99
30	100	100
30	101	90
30	101	91
30	101	92
30	101	93
30	101	94
30	101	95
30	101	96
30	101	97
30	101	98
30	101	99
30	101	100
30	102	94
30	102	95
30	102	96
30	102	97
30	102	98
30	102	99
30	102	100
30	103	95
30	103	96
30	103	97
30	103	98
30	103	99
30	103	100
30	104	96
30	104	97
30	104	98
30	104	99
30	104	100
30	105	97
30	105	98
30	105	99
30	105	100
30	106	98
30	106	99
30	106	100
30	107	98
30	107	99
30	107	100
30	110	104
30	111	104
30	111	105
30	112	105
31	81	87
31	81	88
31	81	89
31	81	90
31	81	91
31	81	92
31	81	93
31	82	84
31	82	85
31	82	86
31	82	87
31	82	88
31	82	89
31	82	90
31	82	91
31	82	92
31	82	93
31	82	94
31	82	95
31	82	96
31	82	97
31	83	85
31	83	86
31	83	87
31	83	88
31	83	89
31	83	90
31	83	91
31	83	92
31	83	93
31	83	94
31	83	95
31	83	96
31	83	97
31	83	98
31	83	99
31	83	100
31	84	86
31	84	87
31	84	88
31	84	89
31	84	90
31	84	91
31	84	92
31	84	93
31	84	94
31	84	95
31	84	96
31	84	97
31	84	98
31	84	99
31	84	100
31	84	101
31	84	102
31	85	87
31	85	88
31	85	89
31	85	90
31	85	91
31	85	92
31	85	93
31	85	94
31	85	95
31	85	96
31	85	97
31	85	98
31	85	99
31	85	100
31	85	101
31	85	102
31	85	103
31	85	104
31	86	87
31	86	88
31	86	89
31	86	90
31	86	91
31	86	92
31	86	93
31	86	94
31	86	95
31	86	96
31	86	97
31	86	98
31	86	99
31	86	100
31	86	101
31	86	102
31	86	103
31	86	104
31	87	88
31	87	89
31	87	90
31	87	91
31	87	92
31	87	93
31	87	94
31	87	95
31	87	96
31	87	97
31	87	98
31	87	99
31	87	100
31	87	101
31	87	102
31	87	103
31	87	104
31	87	105
31	88	89
31	88	90
31	88	91
31	88	92
31	88	93
31	88	94
31	88	95
31	88	96
31	88	97
31	88	98
31	88	99
31	88	100
31	88	101
31	88	102
31	88	103
31	88	104
31	88	105
31	89	91
31	89	92
31	89	93
31	89	94
31	89	95
31	89	96
31	89	97
31	92	90
31	92	91
31	93	89
31	93	90
31	93	91
31	94	87
31	94	88
31	94	89
31	94	90
31	94	91
31	94	92
31	95	86
31	95	87
31	95	88
31	95	89
31	95	90
31	95	91
31	95	92
31	95	93
31	96	86
31	96	87
31	96	88
31	96	89
31	96	90
31	96	91
31	96	92
31	96	93
31	97	87
31	97	88
31	97	89
31	97	90
31	97	91
31	97	92
31	97	93
31	97	94
31	98	87
31	98	88
31	98	89
31	98	90
31	98	91
31	98	92
31	98	93
31	98	94
31	99	88
31	99	89
31	99	90
31	99	91
31	99	92
31	99	93
31	99	94
31	99	95
31	100	89
31	100	90
31	100	91
31	100	92
31	100	93
31	100	94
31	100	95
31	100	96
31	100	99
31	101	95
31	101	96
31	101	97
31	101	98
31	101	99
31	102	95
31	102	96
31	102	97
31	102	98
31	102	99
31	102	100
31	103	95
31	103	96
31	103	97
31	103	98
31	103	99
31	104	96
31	104	97
31	104	98
31	104	99
31	105	97
31	105	98
31	105	99
31	106	98
31	106	99
31	107	98
31	107	99
31	107	100
31	107	101
31	108	99
31	108	100
31	108	101
31	109	103
31	110	103
31	110	104
31	111	104
31	111	105
31	112	105
32	81	86
32	81	87
32	81	88
32	81	89
32	81	90
32	81	91
32	81	92
32	81	93
32	82	84
32	82	85
32	82	86
32	82	87
32	82	88
32	82	89
32	82	90
32	82	91
32	82	92
32	82	93
32	82	94
32	82	95
32	82	96
32	83	85
32	83	86
32	83	87
32	83	88
32	83	89
32	83	90
32	83	91
32	83	92
32	83	93
32	83	94
32	83	95
32	83	96
32	83	97
32	83	98
32	84	87
32	84	88
32	84	89
32	84	90
32	84	91
32	84	92
32	84	93
32	84	94
32	84	95
32	84	96
32	84	97
32	84	98
32	84	99
32	84	100
32	84	101
32	84	102
32	85	87
32	85	88
32	85	89
32	85	90
32	85	91
32	85	92
32	85	93
32	85	94
32	85	95
32	85	96
32	85	97
32	85	98
32	85	99
32	85	100
32	85	101
32	85	102
32	85	103
32	85	104
32	86	88
32	86	89
32	86	90
32	86	91
32	86	92
32	86	93
32	86	94
32	86	95
32	86	96
32	86	97
32	86	98
32	86	99
32	86	100
32	86	101
32	86	102
32	86	103
32	86	104
32	87	93
32	87	94
32	87	95
32	87	96
32	87	97
32	87	98
32	87	99
32	87	100
32	87	101
32	87	102
32	87	103
32	87	104
32	87	105
32	88	94
32	88	95
32	88	96
32	88	97
32	88	98
32	88	99
32	88	100
32	88	101
32	88	102
32	88	103
32	88	104
32	88	105
32	91	91
32	92	90
32	92	91
32	93	89
32	93	90
32	93	91
32	93	92
32	94	89
32	94	90
32	94	91
32	94	92
32	95	86
32	95	87
32	95	88
32	95	89
32	95	90
32	95	91
32	95	92
32	95	93
32	96	85
32	96	86
32	96	87
32	96	88
32	96	89
32	96	90
32	96	91
32	96	92
32	96	93
32	97	86
32	97	87
32	97	88
32	97	89
32	97	90
32	97	91
32	97	92
32	97	93
32	98	87
32	98	88
32	98	89
32	98	90
32	98	91
32	98	92
32	98	93
32	99	88
32	99	89
32	99	90
32	99	91
32	99	92
32	99	93
32	101	96
32	101	98
32	101	99
32	102	96
32	102	97
32	102	98
32	102	99
32	102	100
32	103	96
32	103	97
32	104	96
32	107	97
32	108	98
32	108	99
32	108	100
32	108	101
32	108	102
32	109	100
32	109	101
32	109	102
32	109	103
32	110	103
32	110	104
32	111	104
33	81	86
33	81	87
33	81	88
33	81	89
33	81	90
33	81	91
33	82	85
33	82	86
33	82	87
33	82	88
33	82	89
33	82	90
33	82	91
33	82	92
33	82	93
33	82	94
33	83	87
33	83	88
33	83	89
33	83	90
33	83	91
33	83	92
33	83	93
33	83	94
33	83	95
33	83	96
33	84	87
33	84	88
33	84	89
33	84	90
33	84	91
33	84	92
33	84	93
33	84	94
33	84	95
33	84	96
33	84	97
33	84	98
33	85	93
33	85	94
33	85	95
33	85	96
33	85	97
33	85	98
33	85	99
33	85	100
33	85	101
33	85	102
33	85	103
33	86	95
33	86	96
33	86	97
33	86	98
33	86	99
33	86	100
33	86	101
33	86	102
33	86	103
33	86	104
33	87	96
33	87	97
33	87	98
33	87	99
33	87	100
33	87	101
33	87	102
33	87	103
33	87	104
33	88	97
33	88	98
33	88	99
33	88	100
33	88	101
33	88	102
33	88	103
33	88	104
33	92	90
33	93	90
33	94	90
33	94	91
33	95	90
33	95	91
33	95	92
33	96	85
33	96	86
33	96	87
33	96	88
33	96	89
33	96	90
33	96	91
33	96	92
33	96	93
33	97	85
33	97	86
33	97	87
33	97	88
33	97	89
33	97	90
33	97	91
33	97	92
33	97	93
33	98	85
33	98	86
33	98	87
33	98	88
33	98	89
33	98	90
33	98	91
33	98	92
33	98	93
33	99	86
33	99	87
33	100	87
33	109	99
33	109	100
33	109	101
33	109	102
33	109	103
33	110	101
33	110	102
33	110	103
33	111	104
34	82	88
34	86	102
34	86	103
34	86	104
34	87	97
34	87	98
34	87	99
34	87	100
34	87	101
34	87	102
34	87	103
34	87	104
34	88	101
34	88	102
34	88	103
34	88	104
34	96	91
34	97	86
34	97	87
34	97	88
34	97	89
34	97	90
34	97	91
34	97	92
34	98	87
34	98	88
34	98	89
34	98	90
34	98	91
34	98	92
34	99	88
34	99	89
34	99	90
34	99	91
34	110	100
34	110	101
34	110	102
34	110	103
34	111	102
34	111	103
34	111	104
35	98	88
35	99	90
35	99	91
35	111	101
35	111	102
