#i	j	k
1	36	1
1	37	0
1	37	1
1	37	2
1	38	0
1	38	1
1	38	2
1	39	2
2	35	0
2	36	0
2	36	1
2	37	0
2	37	1
2	37	2
2	38	0
2	38	1
2	38	2
2	38	3
2	39	0
2	39	1
2	39	2
2	39	3
2	40	0
2	40	2
2	40	3
2	41	3
2	41	4
2	42	4
2	42	5
2	43	5
2	46	8
2	46	9
2	46	10
2	46	11
2	47	9
2	47	10
2	47	11
3	35	0
3	36	0
3	36	1
3	36	127
3	37	0
3	37	1
3	37	2
3	37	127
3	38	0
3	38	1
3	38	2
3	38	3
3	38	127
3	39	0
3	39	1
3	39	2
3	39	3
3	39	4
3	39	127
3	40	0
3	40	1
3	40	2
3	40	3
3	40	4
3	40	5
3	41	0
3	41	1
3	41	2
3	41	3
3	41	4
3	41	5
3	41	6
3	42	0
3	42	1
3	42	2
3	42	3
3	42	4
3	42	5
3	42	6
3	43	2
3	43	3
3	43	4
3	43	5
3	43	6
3	44	3
3	44	4
3	44	5
3	44	6
3	44	7
3	45	4
3	45	5
3	45	6
3	45	7
3	45	8
3	45	9
3	45	10
3	45	11
3	45	12
3	46	5
3	46	6
3	46	7
3	46	8
3	46	9
3	46	10
3	46	11
3	46	12
3	47	7
3	47	8
3	47	9
3	47	10
3	47	11
4	35	0
4	36	0
4	36	1
4	36	127
4	37	0
4	37	1
4	37	2
4	37	127
4	38	0
4	38	1
4	38	2
4	38	3
4	38	127
4	39	0
4	39	1
4	39	2
4	39	3
4	39	4
4	39	5
4	39	127
4	40	0
4	40	1
4	40	2
4	40	3
4	40	4
4	40	5
4	40	6
4	40	127
4	41	0
4	41	1
4	41	2
4	41	3
4	41	4
4	41	5
4	41	6
4	41	7
4	41	127
4	42	0
4	42	1
4	42	2
4	42	3
4	42	4
4	42	5
4	42	6
4	42	7
4	43	0
4	43	1
4	43	2
4	43	3
4	43	4
4	43	5
4	43	6
4	43	7
4	43	8
4	44	0
4	44	1
4	44	2
4	44	3
4	44	4
4	44	5
4	44	6
4	44	7
4	44	8
4	44	9
4	44	10
4	44	11
4	45	1
4	45	2
4	45	3
4	45	4
4	45	5
4	45	6
4	45	7
4	45	8
4	45	9
4	45	10
4	45	11
4	45	12
4	45	13
4	45	14
4	46	2
4	46	3
4	46	4
4	46	5
4	46	6
4	46	7
4	46	8
4	46	9
4	46	10
4	46	11
4	46	12
4	47	2
4	47	3
4	47	4
4	47	5
4	47	6
4	47	7
4	47	8
4	47	9
4	47	10
4	47	11
4	48	3
4	48	4
4	48	5
4	48	6
4	48	7
4	48	8
4	48	9
4	48	10
5	36	0
5	36	1
5	37	0
5	37	1
5	37	2
5	37	127
5	38	0
5	38	1
5	38	2
5	38	3
5	38	4
5	38	127
5	39	0
5	39	1
5	39	2
5	39	3
5	39	4
5	39	5
5	39	127
5	40	0
5	40	1
5	40	2
5	40	3
5	40	4
5	40	5
5	40	6
5	40	127
5	41	0
5	41	1
5	41	2
5	41	3
5	41	4
5	41	5
5	41	6
5	41	7
5	41	8
5	41	127
5	42	0
5	42	1
5	42	2
5	42	3
5	42	4
5	42	5
5	42	6
5	42	7
5	42	8
5	42	9
5	42	10
5	42	127
5	43	0
5	43	1
5	43	2
5	43	3
5	43	4
5	43	5
5	43	6
5	43	7
5	43	8
5	43	9
5	43	10
5	43	11
5	44	0
5	44	1
5	44	2
5	44	3
5	44	4
5	44	5
5	44	6
5	44	7
5	44	8
5	44	9
5	44	10
5	44	11
5	44	12
5	44	13
5	44	14
5	44	15
5	45	0
5	45	1
5	45	2
5	45	3
5	45	4
5	45	5
5	45	6
5	45	7
5	45	8
5	45	9
5	45	10
5	45	11
5	45	12
5	45	13
5	45	14
5	46	0
5	46	1
5	46	2
5	46	3
5	46	4
5	46	5
5	46	6
5	46	7
5	46	8
5	46	9
5	46	10
5	46	11
5	46	12
5	46	13
5	47	1
5	47	2
5	47	3
5	47	4
5	47	5
5	47	6
5	47	7
5	47	8
5	47	9
5	47	10
5	47	11
5	47	12
5	48	2
5	48	3
5	48	4
5	48	5
5	48	6
5	48	7
5	48	8
5	48	9
5	48	10
5	48	11
5	49	2
5	49	3
5	49	4
5	49	5
5	49	6
5	49	7
5	49	8
5	49	9
5	49	10
5	49	11
5	50	3
5	50	4
5	50	5
5	50	6
5	50	7
5	50	8
5	50	9
6	35	1
6	35	2
6	36	1
6	36	2
6	36	3
6	37	0
6	37	1
6	37	2
6	37	3
6	37	127
6	38	0
6	38	1
6	38	2
6	38	3
6	38	4
6	38	127
6	39	0
6	39	1
6	39	2
6	39	3
6	39	4
6	39	5
6	39	127
6	40	0
6	40	1
6	40	2
6	40	3
6	40	4
6	40	5
6	40	6
6	40	7
6	40	127
6	41	0
6	41	1
6	41	2
6	41	3
6	41	4
6	41	5
6	41	6
6	41	7
6	41	8
6	41	9
6	41	10
6	41	11
6	41	127
6	42	0
6	42	1
6	42	2
6	42	3
6	42	4
6	42	5
6	42	6
6	42	7
6	42	8
6	42	9
6	42	10
6	42	11
6	42	12
6	42	13
6	42	14
6	42	127
6	43	0
6	43	1
6	43	2
6	43	3
6	43	4
6	43	5
6	43	6
6	43	7
6	43	8
6	43	9
6	43	10
6	43	11
6	43	12
6	43	13
6	43	14
6	43	15
6	43	127
6	44	0
6	44	1
6	44	2
6	44	3
6	44	4
6	44	5
6	44	6
6	44	7
6	44	8
6	44	9
6	44	10
6	44	11
6	44	12
6	44	13
6	44	14
6	44	15
6	44	16
6	44	127
6	45	0
6	45	1
6	45	2
6	45	3
6	45	4
6	45	5
6	45	6
6	45	7
6	45	8
6	45	9
6	45	10
6	45	11
6	45	12
6	45	13
6	45	14
6	45	15
6	46	0
6	46	1
6	46	2
6	46	3
6	46	4
6	46	5
6	46	6
6	46	7
6	46	8
6	46	9
6	46	10
6	46	11
6	46	12
6	46	13
6	46	14
6	47	0
6	47	1
6	47	2
6	47	3
6	47	4
6	47	5
6	47	6
6	47	7
6	47	8
6	47	9
6	47	10
6	47	11
6	47	12
6	47	13
6	48	0
6	48	1
6	48	2
6	48	3
6	48	4
6	48	5
6	48	6
6	48	7
6	48	8
6	48	9
6	48	10
6	48	11
6	48	12
6	48	15
6	49	1
6	49	2
6	49	3
6	49	4
6	49	5
6	49	6
6	49	7
6	49	8
6	49	9
6	49	10
6	49	11
6	49	12
6	50	1
6	50	2
6	50	3
6	50	4
6	50	5
6	50	6
6	50	7
6	50	8
6	50	9
6	50	10
6	50	11
6	50	12
6	51	2
6	51	3
6	51	4
6	51	5
6	51	6
6	51	7
6	51	8
6	51	9
6	51	10
6	51	11
6	52	6
6	52	7
6	52	8
6	52	9
7	35	2
7	35	3
7	35	4
7	36	1
7	36	2
7	36	3
7	36	4
7	37	1
7	37	2
7	37	3
7	37	4
7	38	0
7	38	1
7	38	2
7	38	3
7	38	4
7	38	127
7	39	0
7	39	1
7	39	2
7	39	3
7	39	4
7	39	5
7	39	6
7	39	127
7	40	0
7	40	1
7	40	2
7	40	3
7	40	4
7	40	5
7	40	6
7	40	7
7	40	8
7	40	9
7	40	10
7	40	11
7	40	12
7	40	127
7	41	0
7	41	1
7	41	2
7	41	3
7	41	4
7	41	5
7	41	6
7	41	7
7	41	8
7	41	9
7	41	10
7	41	11
7	41	12
7	41	13
7	41	14
7	41	15
7	41	127
7	42	0
7	42	1
7	42	2
7	42	3
7	42	4
7	42	5
7	42	6
7	42	7
7	42	8
7	42	9
7	42	10
7	42	11
7	42	12
7	42	13
7	42	14
7	42	15
7	42	16
7	42	127
7	43	0
7	43	1
7	43	2
7	43	3
7	43	4
7	43	5
7	43	6
7	43	7
7	43	8
7	43	9
7	43	10
7	43	11
7	43	12
7	43	13
7	43	14
7	43	15
7	43	16
7	43	17
7	43	127
7	44	0
7	44	1
7	44	2
7	44	3
7	44	4
7	44	5
7	44	6
7	44	7
7	44	8
7	44	9
7	44	10
7	44	11
7	44	12
7	44	13
7	44	14
7	44	15
7	44	16
7	44	17
7	44	127
7	45	0
7	45	1
7	45	2
7	45	3
7	45	4
7	45	5
7	45	6
7	45	7
7	45	8
7	45	9
7	45	10
7	45	11
7	45	12
7	45	13
7	45	14
7	45	15
7	45	16
7	45	127
7	46	0
7	46	1
7	46	2
7	46	3
7	46	4
7	46	5
7	46	6
7	46	7
7	46	8
7	46	9
7	46	10
7	46	11
7	46	12
7	46	13
7	46	14
7	46	15
7	46	16
7	46	127
7	47	0
7	47	1
7	47	2
7	47	3
7	47	4
7	47	5
7	47	6
7	47	7
7	47	8
7	47	9
7	47	10
7	47	11
7	47	12
7	47	13
7	47	14
7	47	15
7	48	0
7	48	1
7	48	2
7	48	3
7	48	4
7	48	5
7	48	6
7	48	7
7	48	8
7	48	9
7	48	10
7	48	11
7	48	12
7	48	13
7	48	14
7	49	0
7	49	1
7	49	2
7	49	3
7	49	4
7	49	5
7	49	6
7	49	7
7	49	8
7	49	9
7	49	10
7	49	11
7	49	12
7	49	13
7	49	14
7	50	0
7	50	1
7	50	2
7	50	3
7	50	4
7	50	5
7	50	6
7	50	7
7	50	8
7	50	9
7	50	10
7	50	11
7	50	12
7	50	13
7	51	0
7	51	1
7	51	2
7	51	3
7	51	4
7	51	5
7	51	6
7	51	7
7	51	8
7	51	9
7	51	10
7	51	11
7	51	12
7	51	13
7	52	0
7	52	1
7	52	2
7	52	3
7	52	4
7	52	5
7	52	6
7	52	7
7	52	8
7	52	9
7	52	10
7	52	11
7	52	12
7	52	13
7	53	1
7	53	2
7	53	3
7	53	4
7	53	5
7	53	6
7	53	7
7	53	8
7	53	9
7	53	10
7	53	11
7	54	4
7	54	5
7	54	6
7	54	7
7	54	8
7	54	9
8	35	2
8	35	3
8	35	4
8	36	1
8	36	2
8	36	3
8	36	4
8	36	5
8	36	6
8	37	1
8	37	2
8	37	3
8	37	4
8	37	5
8	38	0
8	38	1
8	38	2
8	38	3
8	38	4
8	38	5
8	39	0
8	39	1
8	39	2
8	39	3
8	39	4
8	39	5
8	39	6
8	39	7
8	39	8
8	39	9
8	39	10
8	39	11
8	39	12
8	39	13
8	39	127
8	40	0
8	40	1
8	40	2
8	40	3
8	40	4
8	40	5
8	40	6
8	40	7
8	40	8
8	40	9
8	40	10
8	40	11
8	40	12
8	40	13
8	40	14
8	40	15
8	40	127
8	41	0
8	41	1
8	41	2
8	41	3
8	41	4
8	41	5
8	41	6
8	41	7
8	41	8
8	41	9
8	41	10
8	41	11
8	41	12
8	41	13
8	41	14
8	41	15
8	41	16
8	41	127
8	42	0
8	42	1
8	42	2
8	42	3
8	42	4
8	42	5
8	42	6
8	42	7
8	42	8
8	42	9
8	42	10
8	42	11
8	42	12
8	42	13
8	42	14
8	42	15
8	42	16
8	42	127
8	43	0
8	43	1
8	43	2
8	43	3
8	43	4
8	43	5
8	43	6
8	43	7
8	43	8
8	43	9
8	43	10
8	43	11
8	43	12
8	43	13
8	43	14
8	43	15
8	43	16
8	43	17
8	43	127
8	44	0
8	44	1
8	44	2
8	44	3
8	44	4
8	44	5
8	44	6
8	44	7
8	44	8
8	44	9
8	44	10
8	44	11
8	44	12
8	44	13
8	44	14
8	44	15
8	44	16
8	44	17
8	44	127
8	45	0
8	45	1
8	45	2
8	45	3
8	45	4
8	45	5
8	45	6
8	45	7
8	45	8
8	45	9
8	45	10
8	45	11
8	45	12
8	45	13
8	45	14
8	45	15
8	45	16
8	45	17
8	45	127
8	46	0
8	46	1
8	46	2
8	46	3
8	46	4
8	46	5
8	46	6
8	46	7
8	46	8
8	46	9
8	46	10
8	46	11
8	46	12
8	46	13
8	46	14
8	46	15
8	46	16
8	46	17
8	46	127
8	47	0
8	47	1
8	47	2
8	47	3
8	47	4
8	47	5
8	47	6
8	47	7
8	47	8
8	47	9
8	47	10
8	47	11
8	47	12
8	47	13
8	47	14
8	47	15
8	47	16
8	47	17
8	47	127
8	48	0
8	48	1
8	48	2
8	48	3
8	48	4
8	48	5
8	48	6
8	48	7
8	48	8
8	48	9
8	48	10
8	48	11
8	48	12
8	48	13
8	48	14
8	48	15
8	48	16
8	48	127
8	49	0
8	49	1
8	49	2
8	49	3
8	49	4
8	49	5
8	49	6
8	49	7
8	49	8
8	49	9
8	49	10
8	49	11
8	49	12
8	49	13
8	49	14
8	49	15
8	49	16
8	49	127
8	50	0
8	50	1
8	50	2
8	50	3
8	50	4
8	50	5
8	50	6
8	50	7
8	50	8
8	50	9
8	50	10
8	50	11
8	50	12
8	50	13
8	50	14
8	50	15
8	50	16
8	50	127
8	51	0
8	51	1
8	51	2
8	51	3
8	51	4
8	51	5
8	51	6
8	51	7
8	51	8
8	51	9
8	51	10
8	51	11
8	51	12
8	51	13
8	51	14
8	51	15
8	51	127
8	52	0
8	52	1
8	52	2
8	52	3
8	52	4
8	52	5
8	52	6
8	52	7
8	52	8
8	52	9
8	52	10
8	52	11
8	52	12
8	52	13
8	52	14
8	52	15
8	52	127
8	53	0
8	53	1
8	53	2
8	53	3
8	53	4
8	53	5
8	53	6
8	53	7
8	53	8
8	53	9
8	53	10
8	53	11
8	53	12
8	53	13
8	53	14
8	53	15
8	53	16
8	53	127
8	54	0
8	54	1
8	54	2
8	54	3
8	54	4
8	54	5
8	54	6
8	54	7
8	54	8
8	54	9
8	54	10
8	54	11
8	54	12
8	54	13
8	54	14
8	54	15
8	54	127
8	55	0
8	55	1
8	55	2
8	55	3
8	55	4
8	55	5
8	55	6
8	55	7
8	55	8
8	55	9
8	55	10
8	56	0
8	56	1
8	56	2
8	56	3
8	56	4
8	56	5
8	56	6
8	56	7
8	56	8
8	56	9
8	56	16
8	57	0
8	57	1
8	57	2
8	57	3
8	57	4
8	57	5
8	57	6
8	57	7
8	57	8
8	57	9
8	57	16
8	58	0
8	58	1
8	58	2
8	58	3
8	58	4
8	58	5
8	58	6
8	58	7
8	58	8
8	58	9
8	59	1
8	59	2
8	59	3
8	59	4
8	59	5
8	59	6
8	59	7
8	59	8
8	59	9
8	60	1
8	60	2
8	60	3
8	60	4
8	60	5
8	60	6
8	60	7
8	60	8
8	60	9
8	60	10
8	61	1
8	61	2
8	61	3
8	62	1
8	62	2
9	35	1
9	35	2
9	35	3
9	36	1
9	36	2
9	36	3
9	36	4
9	36	5
9	37	0
9	37	1
9	37	2
9	37	3
9	37	4
9	37	5
9	37	6
9	38	0
9	38	1
9	38	2
9	38	3
9	38	4
9	38	5
9	38	6
9	38	7
9	38	8
9	38	9
9	38	10
9	39	0
9	39	1
9	39	2
9	39	3
9	39	4
9	39	5
9	39	6
9	39	7
9	39	8
9	39	9
9	39	10
9	39	11
9	39	12
9	40	0
9	40	1
9	40	2
9	40	3
9	40	4
9	40	5
9	40	6
9	40	7
9	40	8
9	40	9
9	40	10
9	40	11
9	40	12
9	40	13
9	40	14
9	40	127
9	41	0
9	41	1
9	41	2
9	41	3
9	41	4
9	41	5
9	41	6
9	41	7
9	41	8
9	41	9
9	41	10
9	41	11
9	41	12
9	41	13
9	41	14
9	41	15
9	41	127
9	42	0
9	42	1
9	42	2
9	42	3
9	42	4
9	42	5
9	42	6
9	42	7
9	42	8
9	42	9
9	42	10
9	42	11
9	42	12
9	42	13
9	42	14
9	42	15
9	42	16
9	42	127
9	43	0
9	43	1
9	43	2
9	43	3
9	43	4
9	43	5
9	43	6
9	43	7
9	43	8
9	43	9
9	43	10
9	43	11
9	43	12
9	43	13
9	43	14
9	43	15
9	43	16
9	43	17
9	43	127
9	44	0
9	44	1
9	44	2
9	44	3
9	44	4
9	44	5
9	44	6
9	44	7
9	44	8
9	44	9
9	44	10
9	44	11
9	44	12
9	44	13
9	44	14
9	44	15
9	44	16
9	44	17
9	44	127
9	45	0
9	45	1
9	45	2
9	45	3
9	45	4
9	45	5
9	45	6
9	45	7
9	45	8
9	45	9
9	45	10
9	45	11
9	45	12
9	45	13
9	45	14
9	45	15
9	45	16
9	45	17
9	45	127
9	46	0
9	46	1
9	46	2
9	46	3
9	46	4
9	46	5
9	46	6
9	46	7
9	46	8
9	46	9
9	46	10
9	46	11
9	46	12
9	46	13
9	46	14
9	46	15
9	46	16
9	46	17
9	46	127
9	47	0
9	47	1
9	47	2
9	47	3
9	47	4
9	47	5
9	47	6
9	47	7
9	47	8
9	47	9
9	47	10
9	47	11
9	47	12
9	47	13
9	47	14
9	47	15
9	47	16
9	47	17
9	47	18
9	47	126
9	47	127
9	48	0
9	48	1
9	48	2
9	48	3
9	48	4
9	48	5
9	48	6
9	48	7
9	48	8
9	48	9
9	48	10
9	48	11
9	48	12
9	48	13
9	48	14
9	48	15
9	48	16
9	48	17
9	48	18
9	48	126
9	48	127
9	49	0
9	49	1
9	49	2
9	49	3
9	49	4
9	49	5
9	49	6
9	49	7
9	49	8
9	49	9
9	49	10
9	49	11
9	49	12
9	49	13
9	49	14
9	49	15
9	49	16
9	49	17
9	49	18
9	49	126
9	49	127
9	50	0
9	50	1
9	50	2
9	50	3
9	50	4
9	50	5
9	50	6
9	50	7
9	50	8
9	50	9
9	50	10
9	50	11
9	50	12
9	50	13
9	50	14
9	50	15
9	50	16
9	50	17
9	50	18
9	50	126
9	50	127
9	51	0
9	51	1
9	51	2
9	51	3
9	51	4
9	51	5
9	51	6
9	51	7
9	51	8
9	51	9
9	51	10
9	51	11
9	51	12
9	51	13
9	51	14
9	51	15
9	51	16
9	51	17
9	51	18
9	51	126
9	51	127
9	52	0
9	52	1
9	52	2
9	52	3
9	52	4
9	52	5
9	52	6
9	52	7
9	52	8
9	52	9
9	52	10
9	52	11
9	52	12
9	52	13
9	52	14
9	52	15
9	52	16
9	52	17
9	52	18
9	52	126
9	52	127
9	53	0
9	53	1
9	53	2
9	53	3
9	53	4
9	53	5
9	53	6
9	53	7
9	53	8
9	53	9
9	53	10
9	53	11
9	53	12
9	53	13
9	53	14
9	53	15
9	53	16
9	53	17
9	53	18
9	53	19
9	53	20
9	53	21
9	53	126
9	53	127
9	54	0
9	54	1
9	54	2
9	54	3
9	54	4
9	54	5
9	54	6
9	54	7
9	54	8
9	54	9
9	54	10
9	54	11
9	54	12
9	54	13
9	54	14
9	54	15
9	54	16
9	54	17
9	54	18
9	54	19
9	54	20
9	54	126
9	54	127
9	55	0
9	55	1
9	55	2
9	55	3
9	55	4
9	55	5
9	55	6
9	55	7
9	55	8
9	55	9
9	55	10
9	55	11
9	55	12
9	55	13
9	55	14
9	55	15
9	55	16
9	55	17
9	55	18
9	55	127
9	56	0
9	56	1
9	56	2
9	56	3
9	56	4
9	56	5
9	56	6
9	56	7
9	56	8
9	56	9
9	56	10
9	56	11
9	56	12
9	56	13
9	56	14
9	56	15
9	56	16
9	56	17
9	56	127
9	57	0
9	57	1
9	57	2
9	57	3
9	57	4
9	57	5
9	57	6
9	57	7
9	57	8
9	57	9
9	57	10
9	57	11
9	57	14
9	57	15
9	57	16
9	57	127
9	58	0
9	58	1
9	58	2
9	58	3
9	58	4
9	58	5
9	58	6
9	58	7
9	58	8
9	58	9
9	58	10
9	58	11
9	58	15
9	58	127
9	59	0
9	59	1
9	59	2
9	59	3
9	59	4
9	59	5
9	59	6
9	59	7
9	59	8
9	59	9
9	59	10
9	59	11
9	59	127
9	60	0
9	60	1
9	60	2
9	60	3
9	60	4
9	60	5
9	60	6
9	60	7
9	60	8
9	60	9
9	60	10
9	60	11
9	60	12
9	60	127
9	61	0
9	61	1
9	61	2
9	61	3
9	61	4
9	61	5
9	61	6
9	61	7
9	61	8
9	61	9
9	61	10
9	62	0
9	62	1
9	62	2
9	62	3
9	62	4
9	63	127
10	35	1
10	35	2
10	36	1
10	36	2
10	36	3
10	36	4
10	37	0
10	37	1
10	37	2
10	37	3
10	37	4
10	37	5
10	37	6
10	38	0
10	38	1
10	38	2
10	38	3
10	38	4
10	38	5
10	38	6
10	38	7
10	38	8
10	39	0
10	39	1
10	39	2
10	39	3
10	39	4
10	39	5
10	39	6
10	39	7
10	39	8
10	39	9
10	39	10
10	40	0
10	40	1
10	40	2
10	40	3
10	40	4
10	40	5
10	40	6
10	40	7
10	40	8
10	40	9
10	40	10
10	40	11
10	40	12
10	40	13
10	41	0
10	41	1
10	41	2
10	41	3
10	41	4
10	41	5
10	41	6
10	41	7
10	41	8
10	41	9
10	41	10
10	41	11
10	41	12
10	41	13
10	41	14
10	42	0
10	42	1
10	42	2
10	42	3
10	42	4
10	42	5
10	42	6
10	42	7
10	42	8
10	42	9
10	42	10
10	42	11
10	42	12
10	42	13
10	42	14
10	42	15
10	43	0
10	43	1
10	43	2
10	43	3
10	43	4
10	43	5
10	43	6
10	43	7
10	43	8
10	43	9
10	43	10
10	43	11
10	43	12
10	43	13
10	43	14
10	43	15
10	43	16
10	43	127
10	44	0
10	44	1
10	44	2
10	44	3
10	44	4
10	44	5
10	44	6
10	44	7
10	44	8
10	44	9
10	44	10
10	44	11
10	44	12
10	44	13
10	44	14
10	44	15
10	44	16
10	44	17
10	44	127
10	45	0
10	45	1
10	45	2
10	45	3
10	45	4
10	45	5
10	45	6
10	45	7
10	45	8
10	45	9
10	45	10
10	45	11
10	45	12
10	45	13
10	45	14
10	45	15
10	45	16
10	45	17
10	45	127
10	46	0
10	46	1
10	46	2
10	46	3
10	46	4
10	46	5
10	46	6
10	46	7
10	46	8
10	46	9
10	46	10
10	46	11
10	46	12
10	46	13
10	46	14
10	46	15
10	46	16
10	46	17
10	46	18
10	46	127
10	47	0
10	47	1
10	47	2
10	47	3
10	47	4
10	47	5
10	47	6
10	47	7
10	47	8
10	47	9
10	47	10
10	47	11
10	47	12
10	47	13
10	47	14
10	47	15
10	47	16
10	47	17
10	47	18
10	47	126
10	47	127
10	48	0
10	48	1
10	48	2
10	48	3
10	48	4
10	48	5
10	48	6
10	48	7
10	48	8
10	48	9
10	48	10
10	48	11
10	48	12
10	48	13
10	48	14
10	48	15
10	48	16
10	48	17
10	48	18
10	48	126
10	48	127
10	49	0
10	49	1
10	49	2
10	49	3
10	49	4
10	49	5
10	49	6
10	49	7
10	49	8
10	49	9
10	49	10
10	49	11
10	49	12
10	49	13
10	49	14
10	49	15
10	49	16
10	49	17
10	49	18
10	49	19
10	49	126
10	49	127
10	50	0
10	50	1
10	50	2
10	50	3
10	50	4
10	50	5
10	50	6
10	50	7
10	50	8
10	50	9
10	50	10
10	50	11
10	50	12
10	50	13
10	50	14
10	50	15
10	50	16
10	50	17
10	50	18
10	50	19
10	50	125
10	50	126
10	50	127
10	51	0
10	51	1
10	51	2
10	51	3
10	51	4
10	51	5
10	51	6
10	51	7
10	51	8
10	51	9
10	51	10
10	51	11
10	51	12
10	51	13
10	51	14
10	51	15
10	51	16
10	51	17
10	51	18
10	51	19
10	51	125
10	51	126
10	51	127
10	52	0
10	52	1
10	52	2
10	52	3
10	52	4
10	52	5
10	52	6
10	52	7
10	52	8
10	52	9
10	52	10
10	52	11
10	52	12
10	52	13
10	52	14
10	52	15
10	52	16
10	52	17
10	52	18
10	52	19
10	52	20
10	52	125
10	52	126
10	52	127
10	53	0
10	53	1
10	53	2
10	53	3
10	53	4
10	53	5
10	53	6
10	53	7
10	53	8
10	53	9
10	53	10
10	53	11
10	53	12
10	53	13
10	53	14
10	53	15
10	53	16
10	53	17
10	53	18
10	53	19
10	53	20
10	53	21
10	53	126
10	53	127
10	54	0
10	54	1
10	54	2
10	54	3
10	54	4
10	54	5
10	54	6
10	54	7
10	54	8
10	54	9
10	54	10
10	54	11
10	54	12
10	54	13
10	54	14
10	54	15
10	54	16
10	54	17
10	54	18
10	54	19
10	54	20
10	54	126
10	54	127
10	55	0
10	55	1
10	55	2
10	55	3
10	55	4
10	55	5
10	55	6
10	55	7
10	55	8
10	55	9
10	55	10
10	55	11
10	55	12
10	55	13
10	55	14
10	55	15
10	55	16
10	55	17
10	55	18
10	55	19
10	55	126
10	55	127
10	56	0
10	56	1
10	56	2
10	56	3
10	56	4
10	56	5
10	56	6
10	56	7
10	56	8
10	56	9
10	56	10
10	56	11
10	56	12
10	56	13
10	56	14
10	56	15
10	56	16
10	56	17
10	56	126
10	56	127
10	57	0
10	57	1
10	57	2
10	57	3
10	57	4
10	57	5
10	57	6
10	57	7
10	57	8
10	57	9
10	57	10
10	57	11
10	57	12
10	57	13
10	57	14
10	57	15
10	57	16
10	57	126
10	57	127
10	58	0
10	58	1
10	58	2
10	58	3
10	58	4
10	58	5
10	58	6
10	58	7
10	58	8
10	58	9
10	58	10
10	58	11
10	58	12
10	58	13
10	58	14
10	58	15
10	58	126
10	58	127
10	59	0
10	59	1
10	59	2
10	59	3
10	59	4
10	59	5
10	59	6
10	59	7
10	59	8
10	59	9
10	59	10
10	59	11
10	59	12
10	59	13
10	59	14
10	59	127
10	60	0
10	60	1
10	60	2
10	60	3
10	60	4
10	60	5
10	60	6
10	60	7
10	60	8
10	60	9
10	60	10
10	60	11
10	60	12
10	60	13
10	60	127
10	61	0
10	61	1
10	61	2
10	61	3
10	61	4
10	61	5
10	61	6
10	61	7
10	61	8
10	61	9
10	61	10
10	61	11
10	61	12
10	61	127
10	62	0
10	62	1
10	62	2
10	62	3
10	62	4
10	62	5
10	62	6
10	62	7
10	62	8
10	62	9
10	62	127
10	63	0
10	63	1
10	63	2
10	63	3
10	63	4
10	63	127
11	36	1
11	36	2
11	36	3
11	37	0
11	37	1
11	37	2
11	37	3
11	37	4
11	37	5
11	38	1
11	38	2
11	38	3
11	38	4
11	38	5
11	38	6
11	39	1
11	39	2
11	39	3
11	39	4
11	39	5
11	39	6
11	39	7
11	39	8
11	40	0
11	40	1
11	40	2
11	40	3
11	40	4
11	40	5
11	40	6
11	40	7
11	40	8
11	40	9
11	40	10
11	40	11
11	41	0
11	41	1
11	41	2
11	41	3
11	41	4
11	41	5
11	41	6
11	41	7
11	41	8
11	41	9
11	41	10
11	41	11
11	41	12
11	41	13
11	42	0
11	42	1
11	42	2
11	42	3
11	42	4
11	42	5
11	42	6
11	42	7
11	42	8
11	42	9
11	42	10
11	42	11
11	42	12
11	42	13
11	42	14
11	42	15
11	43	0
11	43	1
11	43	2
11	43	3
11	43	4
11	43	5
11	43	6
11	43	7
11	43	8
11	43	9
11	43	10
11	43	11
11	43	12
11	43	13
11	43	14
11	43	15
11	43	16
11	44	0
11	44	1
11	44	2
11	44	3
11	44	4
11	44	5
11	44	6
11	44	7
11	44	8
11	44	9
11	44	10
11	44	11
11	44	12
11	44	13
11	44	14
11	44	15
11	44	16
11	44	17
11	45	0
11	45	1
11	45	2
11	45	3
11	45	4
11	45	5
11	45	6
11	45	7
11	45	8
11	45	9
11	45	10
11	45	11
11	45	12
11	45	13
11	45	14
11	45	15
11	45	16
11	45	17
11	45	127
11	46	0
11	46	1
11	46	2
11	46	3
11	46	4
11	46	5
11	46	6
11	46	7
11	46	8
11	46	9
11	46	10
11	46	11
11	46	12
11	46	13
11	46	14
11	46	15
11	46	16
11	46	17
11	46	18
11	46	127
11	47	0
11	47	1
11	47	2
11	47	3
11	47	4
11	47	5
11	47	6
11	47	7
11	47	8
11	47	9
11	47	10
11	47	11
11	47	12
11	47	13
11	47	14
11	47	15
11	47	16
11	47	17
11	47	18
11	47	126
11	47	127
11	48	0
11	48	1
11	48	2
11	48	3
11	48	4
11	48	5
11	48	6
11	48	7
11	48	8
11	48	9
11	48	10
11	48	11
11	48	12
11	48	13
11	48	14
11	48	15
11	48	16
11	48	17
11	48	18
11	48	19
11	48	126
11	48	127
11	49	0
11	49	1
11	49	2
11	49	3
11	49	4
11	49	5
11	49	6
11	49	7
11	49	8
11	49	9
11	49	10
11	49	11
11	49	12
11	49	13
11	49	14
11	49	15
11	49	16
11	49	17
11	49	18
11	49	19
11	49	125
11	49	126
11	49	127
11	50	0
11	50	1
11	50	2
11	50	3
11	50	4
11	50	5
11	50	6
11	50	7
11	50	8
11	50	9
11	50	10
11	50	11
11	50	12
11	50	13
11	50	14
11	50	15
11	50	16
11	50	17
11	50	18
11	50	19
11	50	125
11	50	126
11	50	127
11	51	0
11	51	1
11	51	2
11	51	3
11	51	4
11	51	5
11	51	6
11	51	7
11	51	8
11	51	9
11	51	10
11	51	11
11	51	12
11	51	13
11	51	14
11	51	15
11	51	16
11	51	17
11	51	18
11	51	19
11	51	125
11	51	126
11	51	127
11	52	0
11	52	1
11	52	2
11	52	3
11	52	4
11	52	5
11	52	6
11	52	7
11	52	8
11	52	9
11	52	10
11	52	11
11	52	12
11	52	13
11	52	14
11	52	15
11	52	16
11	52	17
11	52	18
11	52	19
11	52	20
11	52	125
11	52	126
11	52	127
11	53	0
11	53	1
11	53	2
11	53	3
11	53	4
11	53	5
11	53	6
11	53	7
11	53	8
11	53	9
11	53	10
11	53	11
11	53	12
11	53	13
11	53	14
11	53	15
11	53	16
11	53	17
11	53	18
11	53	19
11	53	20
11	53	125
11	53	126
11	53	127
11	54	0
11	54	1
11	54	2
11	54	3
11	54	4
11	54	5
11	54	6
11	54	7
11	54	8
11	54	9
11	54	10
11	54	11
11	54	12
11	54	13
11	54	14
11	54	15
11	54	16
11	54	17
11	54	18
11	54	19
11	54	20
11	54	126
11	54	127
11	55	0
11	55	1
11	55	2
11	55	3
11	55	4
11	55	5
11	55	6
11	55	7
11	55	8
11	55	9
11	55	10
11	55	11
11	55	12
11	55	13
11	55	14
11	55	15
11	55	16
11	55	17
11	55	18
11	55	19
11	55	126
11	55	127
11	56	0
11	56	1
11	56	2
11	56	3
11	56	4
11	56	5
11	56	6
11	56	7
11	56	8
11	56	9
11	56	10
11	56	11
11	56	12
11	56	13
11	56	14
11	56	15
11	56	16
11	56	17
11	56	126
11	56	127
11	57	0
11	57	1
11	57	2
11	57	3
11	57	4
11	57	5
11	57	6
11	57	7
11	57	8
11	57	9
11	57	10
11	57	11
11	57	12
11	57	13
11	57	14
11	57	15
11	57	16
11	57	126
11	57	127
11	58	0
11	58	1
11	58	2
11	58	3
11	58	4
11	58	5
11	58	6
11	58	7
11	58	8
11	58	9
11	58	10
11	58	11
11	58	12
11	58	13
11	58	14
11	58	15
11	58	126
11	58	127
11	59	0
11	59	1
11	59	2
11	59	3
11	59	4
11	59	5
11	59	6
11	59	7
11	59	8
11	59	9
11	59	10
11	59	11
11	59	12
11	59	13
11	59	14
11	59	125
11	59	126
11	59	127
11	60	0
11	60	1
11	60	2
11	60	3
11	60	4
11	60	5
11	60	6
11	60	7
11	60	8
11	60	9
11	60	10
11	60	11
11	60	12
11	60	13
11	60	14
11	60	126
11	60	127
11	61	0
11	61	1
11	61	2
11	61	3
11	61	4
11	61	5
11	61	6
11	61	7
11	61	8
11	61	9
11	61	10
11	61	11
11	61	12
11	61	13
11	61	14
11	61	126
11	61	127
11	62	0
11	62	1
11	62	2
11	62	3
11	62	4
11	62	5
11	62	6
11	62	7
11	62	8
11	62	9
11	62	10
11	62	11
11	62	127
11	63	0
11	63	1
11	63	2
11	63	3
11	63	4
11	63	5
11	63	6
11	63	7
11	63	8
11	63	9
11	63	127
11	64	0
11	64	1
11	64	2
11	64	3
11	64	4
11	64	5
11	64	6
11	64	127
12	37	2
12	37	3
12	38	2
12	38	3
12	38	4
12	38	5
12	39	1
12	39	2
12	39	3
12	39	4
12	39	5
12	39	6
12	40	1
12	40	2
12	40	3
12	40	4
12	40	5
12	40	6
12	40	7
12	40	8
12	41	1
12	41	2
12	41	3
12	41	4
12	41	5
12	41	6
12	41	7
12	41	8
12	41	9
12	41	10
12	41	11
12	41	12
12	42	1
12	42	2
12	42	3
12	42	4
12	42	5
12	42	6
12	42	7
12	42	8
12	42	9
12	42	10
12	42	11
12	42	12
12	42	13
12	42	14
12	43	1
12	43	2
12	43	3
12	43	4
12	43	5
12	43	6
12	43	7
12	43	8
12	43	9
12	43	10
12	43	11
12	43	12
12	43	13
12	43	14
12	43	15
12	43	16
12	44	0
12	44	1
12	44	2
12	44	3
12	44	4
12	44	5
12	44	6
12	44	7
12	44	8
12	44	9
12	44	10
12	44	11
12	44	12
12	44	13
12	44	14
12	44	15
12	44	16
12	44	17
12	45	0
12	45	1
12	45	2
12	45	3
12	45	4
12	45	5
12	45	6
12	45	7
12	45	8
12	45	9
12	45	10
12	45	11
12	45	12
12	45	13
12	45	14
12	45	15
12	45	16
12	45	17
12	46	0
12	46	1
12	46	2
12	46	3
12	46	4
12	46	5
12	46	6
12	46	7
12	46	8
12	46	9
12	46	10
12	46	11
12	46	12
12	46	13
12	46	14
12	46	15
12	46	16
12	46	17
12	46	18
12	46	127
12	47	0
12	47	1
12	47	2
12	47	3
12	47	4
12	47	5
12	47	6
12	47	7
12	47	8
12	47	9
12	47	10
12	47	11
12	47	12
12	47	13
12	47	14
12	47	15
12	47	16
12	47	17
12	47	18
12	47	127
12	48	0
12	48	1
12	48	2
12	48	3
12	48	4
12	48	5
12	48	6
12	48	7
12	48	8
12	48	9
12	48	10
12	48	11
12	48	12
12	48	13
12	48	14
12	48	15
12	48	16
12	48	17
12	48	18
12	48	19
12	48	126
12	48	127
12	49	0
12	49	1
12	49	2
12	49	3
12	49	4
12	49	5
12	49	6
12	49	7
12	49	8
12	49	9
12	49	10
12	49	11
12	49	12
12	49	13
12	49	14
12	49	15
12	49	16
12	49	17
12	49	18
12	49	19
12	49	126
12	49	127
12	50	0
12	50	1
12	50	2
12	50	3
12	50	4
12	50	5
12	50	6
12	50	7
12	50	8
12	50	9
12	50	10
12	50	11
12	50	12
12	50	13
12	50	14
12	50	15
12	50	16
12	50	17
12	50	18
12	50	19
12	50	125
12	50	126
12	50	127
12	51	0
12	51	1
12	51	2
12	51	3
12	51	4
12	51	5
12	51	6
12	51	7
12	51	8
12	51	9
12	51	10
12	51	11
12	51	12
12	51	13
12	51	14
12	51	15
12	51	16
12	51	17
12	51	18
12	51	19
12	51	125
12	51	126
12	51	127
12	52	0
12	52	1
12	52	2
12	52	3
12	52	4
12	52	5
12	52	6
12	52	7
12	52	8
12	52	9
12	52	10
12	52	11
12	52	12
12	52	13
12	52	14
12	52	15
12	52	16
12	52	17
12	52	18
12	52	19
12	52	125
12	52	126
12	52	127
12	53	0
12	53	1
12	53	2
12	53	3
12	53	4
12	53	5
12	53	6
12	53	7
12	53	8
12	53	9
12	53	10
12	53	11
12	53	12
12	53	13
12	53	14
12	53	15
12	53	16
12	53	17
12	53	18
12	53	19
12	53	125
12	53	126
12	53	127
12	54	0
12	54	1
12	54	2
12	54	3
12	54	4
12	54	5
12	54	6
12	54	7
12	54	8
12	54	9
12	54	10
12	54	11
12	54	12
12	54	13
12	54	14
12	54	15
12	54	16
12	54	17
12	54	18
12	54	19
12	54	126
12	54	127
12	55	0
12	55	1
12	55	2
12	55	3
12	55	4
12	55	5
12	55	6
12	55	7
12	55	8
12	55	9
12	55	10
12	55	11
12	55	12
12	55	13
12	55	14
12	55	15
12	55	16
12	55	17
12	55	18
12	55	19
12	55	126
12	55	127
12	56	0
12	56	1
12	56	2
12	56	3
12	56	4
12	56	5
12	56	6
12	56	7
12	56	8
12	56	9
12	56	10
12	56	11
12	56	12
12	56	13
12	56	14
12	56	15
12	56	16
12	56	17
12	56	18
12	56	19
12	56	20
12	56	126
12	56	127
12	57	0
12	57	1
12	57	2
12	57	3
12	57	4
12	57	5
12	57	6
12	57	7
12	57	8
12	57	9
12	57	10
12	57	11
12	57	12
12	57	13
12	57	14
12	57	15
12	57	16
12	57	125
12	57	126
12	57	127
12	58	0
12	58	1
12	58	2
12	58	3
12	58	4
12	58	5
12	58	6
12	58	7
12	58	8
12	58	9
12	58	10
12	58	11
12	58	12
12	58	13
12	58	14
12	58	15
12	58	125
12	58	126
12	58	127
12	59	0
12	59	1
12	59	2
12	59	3
12	59	4
12	59	5
12	59	6
12	59	7
12	59	8
12	59	9
12	59	10
12	59	11
12	59	12
12	59	13
12	59	14
12	59	125
12	59	126
12	59	127
12	60	0
12	60	1
12	60	2
12	60	3
12	60	4
12	60	5
12	60	6
12	60	7
12	60	8
12	60	9
12	60	10
12	60	11
12	60	12
12	60	13
12	60	14
12	60	126
12	60	127
12	61	0
12	61	1
12	61	2
12	61	3
12	61	4
12	61	5
12	61	6
12	61	7
12	61	8
12	61	9
12	61	10
12	61	11
12	61	12
12	61	13
12	61	126
12	61	127
12	62	0
12	62	1
12	62	2
12	62	3
12	62	4
12	62	5
12	62	6
12	62	7
12	62	8
12	62	9
12	62	10
12	62	11
12	62	12
12	62	13
12	62	126
12	62	127
12	63	0
12	63	1
12	63	2
12	63	3
12	63	4
12	63	5
12	63	6
12	63	7
12	63	8
12	63	9
12	63	10
12	63	11
12	63	127
12	64	0
12	64	1
12	64	2
12	64	3
12	64	4
12	64	5
12	64	6
12	64	7
12	64	8
12	64	9
12	64	10
12	64	127
12	65	0
12	65	1
12	65	2
12	65	3
12	65	4
12	65	5
12	65	6
12	65	7
12	65	8
12	65	9
12	65	127
12	66	1
12	66	2
12	66	3
12	66	4
12	66	5
12	66	6
12	67	3
12	67	4
13	40	3
13	40	4
13	40	5
13	41	2
13	41	3
13	41	4
13	41	5
13	41	6
13	41	7
13	41	8
13	42	2
13	42	3
13	42	4
13	42	5
13	42	6
13	42	7
13	42	8
13	42	9
13	42	10
13	42	11
13	42	12
13	42	13
13	43	1
13	43	2
13	43	3
13	43	4
13	43	5
13	43	6
13	43	7
13	43	8
13	43	9
13	43	10
13	43	11
13	43	12
13	43	13
13	43	14
13	43	15
13	44	1
13	44	2
13	44	3
13	44	4
13	44	5
13	44	6
13	44	7
13	44	8
13	44	9
13	44	10
13	44	11
13	44	12
13	44	13
13	44	14
13	44	15
13	44	16
13	44	17
13	45	1
13	45	2
13	45	3
13	45	4
13	45	5
13	45	6
13	45	7
13	45	8
13	45	9
13	45	10
13	45	11
13	45	12
13	45	13
13	45	14
13	45	15
13	45	16
13	45	17
13	45	18
13	46	0
13	46	1
13	46	2
13	46	3
13	46	4
13	46	5
13	46	6
13	46	7
13	46	8
13	46	9
13	46	10
13	46	11
13	46	12
13	46	13
13	46	14
13	46	15
13	46	16
13	46	17
13	46	18
13	47	0
13	47	1
13	47	2
13	47	3
13	47	4
13	47	5
13	47	6
13	47	7
13	47	8
13	47	9
13	47	10
13	47	11
13	47	12
13	47	13
13	47	14
13	47	15
13	47	16
13	47	17
13	47	18
13	48	0
13	48	1
13	48	2
13	48	3
13	48	4
13	48	5
13	48	6
13	48	7
13	48	8
13	48	9
13	48	10
13	48	11
13	48	12
13	48	13
13	48	14
13	48	15
13	48	16
13	48	17
13	48	18
13	48	19
13	48	127
13	49	0
13	49	1
13	49	2
13	49	3
13	49	4
13	49	5
13	49	6
13	49	7
13	49	8
13	49	9
13	49	10
13	49	11
13	49	12
13	49	13
13	49	14
13	49	15
13	49	16
13	49	17
13	49	18
13	49	19
13	49	126
13	49	127
13	50	0
13	50	1
13	50	2
13	50	3
13	50	4
13	50	5
13	50	6
13	50	7
13	50	8
13	50	9
13	50	10
13	50	11
13	50	12
13	50	13
13	50	14
13	50	15
13	50	16
13	50	17
13	50	18
13	50	19
13	50	126
13	50	127
13	51	0
13	51	1
13	51	2
13	51	3
13	51	4
13	51	5
13	51	6
13	51	7
13	51	8
13	51	9
13	51	10
13	51	11
13	51	12
13	51	13
13	51	14
13	51	15
13	51	16
13	51	17
13	51	18
13	51	19
13	51	125
13	51	126
13	51	127
13	52	0
13	52	1
13	52	2
13	52	3
13	52	4
13	52	5
13	52	6
13	52	7
13	52	8
13	52	9
13	52	10
13	52	11
13	52	12
13	52	13
13	52	14
13	52	15
13	52	16
13	52	17
13	52	18
13	52	19
13	52	125
13	52	126
13	52	127
13	53	0
13	53	1
13	53	2
13	53	3
13	53	4
13	53	5
13	53	6
13	53	7
13	53	8
13	53	9
13	53	10
13	53	11
13	53	12
13	53	13
13	53	14
13	53	15
13	53	16
13	53	17
13	53	18
13	53	125
13	53	126
13	53	127
13	54	0
13	54	1
13	54	2
13	54	3
13	54	4
13	54	5
13	54	6
13	54	7
13	54	8
13	54	9
13	54	10
13	54	11
13	54	12
13	54	13
13	54	14
13	54	15
13	54	16
13	54	17
13	54	18
13	54	126
13	54	127
13	55	0
13	55	1
13	55	2
13	55	3
13	55	4
13	55	5
13	55	6
13	55	7
13	55	8
13	55	9
13	55	10
13	55	11
13	55	12
13	55	13
13	55	14
13	55	15
13	55	16
13	55	17
13	55	18
13	55	126
13	55	127
13	56	0
13	56	1
13	56	2
13	56	3
13	56	4
13	56	5
13	56	6
13	56	7
13	56	8
13	56	9
13	56	10
13	56	11
13	56	12
13	56	13
13	56	14
13	56	15
13	56	16
13	56	17
13	56	125
13	56	126
13	56	127
13	57	0
13	57	1
13	57	2
13	57	3
13	57	4
13	57	5
13	57	6
13	57	7
13	57	8
13	57	9
13	57	10
13	57	11
13	57	12
13	57	13
13	57	14
13	57	124
13	57	125
13	57	126
13	57	127
13	58	0
13	58	1
13	58	2
13	58	3
13	58	4
13	58	5
13	58	6
13	58	7
13	58	8
13	58	9
13	58	10
13	58	11
13	58	12
13	58	13
13	58	14
13	58	124
13	58	125
13	58	126
13	58	127
13	59	0
13	59	1
13	59	2
13	59	3
13	59	4
13	59	5
13	59	6
13	59	7
13	59	8
13	59	9
13	59	10
13	59	11
13	59	12
13	59	13
13	59	14
13	59	125
13	59	126
13	59	127
13	60	0
13	60	1
13	60	2
13	60	3
13	60	4
13	60	5
13	60	6
13	60	7
13	60	8
13	60	9
13	60	10
13	60	11
13	60	12
13	60	13
13	60	14
13	60	126
13	60	127
13	61	0
13	61	1
13	61	2
13	61	3
13	61	4
13	61	5
13	61	6
13	61	7
13	61	8
13	61	9
13	61	10
13	61	11
13	61	12
13	61	13
13	61	126
13	61	127
13	62	0
13	62	1
13	62	2
13	62	3
13	62	4
13	62	5
13	62	6
13	62	7
13	62	8
13	62	9
13	62	10
13	62	11
13	62	12
13	62	13
13	62	126
13	62	127
13	63	0
13	63	1
13	63	2
13	63	3
13	63	4
13	63	5
13	63	6
13	63	7
13	63	8
13	63	9
13	63	10
13	63	11
13	63	12
13	63	13
13	63	126
13	63	127
13	64	0
13	64	1
13	64	2
13	64	3
13	64	4
13	64	5
13	64	6
13	64	7
13	64	8
13	64	9
13	64	10
13	64	11
13	64	12
13	64	13
13	64	127
13	65	0
13	65	1
13	65	2
13	65	3
13	65	4
13	65	5
13	65	6
13	65	7
13	65	8
13	65	9
13	65	10
13	65	11
13	65	12
13	65	127
13	66	0
13	66	1
13	66	2
13	66	3
13	66	4
13	66	5
13	66	6
13	66	7
13	66	8
13	66	9
13	66	10
13	66	11
13	67	1
13	67	2
13	67	3
13	67	4
13	67	5
13	67	6
13	67	7
13	67	8
13	67	9
13	68	2
13	68	3
13	68	4
13	68	5
13	68	6
13	68	7
14	42	3
14	42	4
14	42	5
14	42	6
14	42	7
14	43	2
14	43	3
14	43	4
14	43	5
14	43	6
14	43	7
14	43	8
14	43	9
14	43	10
14	43	11
14	43	12
14	43	13
14	43	14
14	43	15
14	44	2
14	44	3
14	44	4
14	44	5
14	44	6
14	44	7
14	44	8
14	44	9
14	44	10
14	44	11
14	44	12
14	44	13
14	44	14
14	44	15
14	44	16
14	44	17
14	45	1
14	45	2
14	45	3
14	45	4
14	45	5
14	45	6
14	45	7
14	45	8
14	45	9
14	45	10
14	45	11
14	45	12
14	45	13
14	45	14
14	45	15
14	45	16
14	45	17
14	45	18
14	46	1
14	46	2
14	46	3
14	46	4
14	46	5
14	46	6
14	46	7
14	46	8
14	46	9
14	46	10
14	46	11
14	46	12
14	46	13
14	46	14
14	46	15
14	46	16
14	46	17
14	46	18
14	46	19
14	47	1
14	47	2
14	47	3
14	47	4
14	47	5
14	47	6
14	47	7
14	47	8
14	47	9
14	47	10
14	47	11
14	47	12
14	47	13
14	47	14
14	47	15
14	47	16
14	47	17
14	47	18
14	47	19
14	48	1
14	48	2
14	48	3
14	48	4
14	48	5
14	48	6
14	48	7
14	48	8
14	48	9
14	48	10
14	48	11
14	48	12
14	48	13
14	48	14
14	48	15
14	48	16
14	48	17
14	48	18
14	48	19
14	49	0
14	49	1
14	49	2
14	49	3
14	49	4
14	49	5
14	49	6
14	49	7
14	49	8
14	49	9
14	49	10
14	49	11
14	49	12
14	49	13
14	49	14
14	49	15
14	49	16
14	49	17
14	49	18
14	49	19
14	50	0
14	50	1
14	50	2
14	50	3
14	50	4
14	50	5
14	50	6
14	50	7
14	50	8
14	50	9
14	50	10
14	50	11
14	50	12
14	50	13
14	50	14
14	50	15
14	50	16
14	50	17
14	50	18
14	50	19
14	50	127
14	51	0
14	51	1
14	51	2
14	51	3
14	51	4
14	51	5
14	51	6
14	51	7
14	51	8
14	51	9
14	51	10
14	51	11
14	51	12
14	51	13
14	51	14
14	51	15
14	51	16
14	51	17
14	51	18
14	51	126
14	51	127
14	52	0
14	52	1
14	52	2
14	52	3
14	52	4
14	52	5
14	52	6
14	52	7
14	52	8
14	52	9
14	52	10
14	52	11
14	52	12
14	52	13
14	52	14
14	52	15
14	52	16
14	52	17
14	52	18
14	52	126
14	52	127
14	53	0
14	53	1
14	53	2
14	53	3
14	53	4
14	53	5
14	53	6
14	53	7
14	53	8
14	53	9
14	53	10
14	53	11
14	53	12
14	53	13
14	53	14
14	53	15
14	53	16
14	53	17
14	53	18
14	53	126
14	53	127
14	54	0
14	54	1
14	54	2
14	54	3
14	54	4
14	54	5
14	54	6
14	54	7
14	54	8
14	54	9
14	54	10
14	54	11
14	54	12
14	54	13
14	54	14
14	54	15
14	54	16
14	54	17
14	54	126
14	54	127
14	55	0
14	55	1
14	55	2
14	55	3
14	55	4
14	55	5
14	55	6
14	55	7
14	55	8
14	55	9
14	55	10
14	55	11
14	55	12
14	55	13
14	55	14
14	55	15
14	55	126
14	55	127
14	56	0
14	56	1
14	56	2
14	56	3
14	56	4
14	56	5
14	56	6
14	56	7
14	56	8
14	56	9
14	56	10
14	56	11
14	56	12
14	56	13
14	56	14
14	56	125
14	56	126
14	56	127
14	57	0
14	57	1
14	57	2
14	57	3
14	57	4
14	57	5
14	57	6
14	57	7
14	57	8
14	57	9
14	57	10
14	57	11
14	57	12
14	57	13
14	57	14
14	57	124
14	57	125
14	57	126
14	57	127
14	58	0
14	58	1
14	58	2
14	58	3
14	58	4
14	58	5
14	58	6
14	58	7
14	58	8
14	58	9
14	58	10
14	58	11
14	58	12
14	58	13
14	58	14
14	58	124
14	58	125
14	58	126
14	58	127
14	59	0
14	59	1
14	59	2
14	59	3
14	59	4
14	59	5
14	59	6
14	59	7
14	59	8
14	59	9
14	59	10
14	59	11
14	59	12
14	59	13
14	59	14
14	59	125
14	59	126
14	59	127
14	60	0
14	60	1
14	60	2
14	60	3
14	60	4
14	60	5
14	60	6
14	60	7
14	60	8
14	60	9
14	60	10
14	60	11
14	60	12
14	60	13
14	60	14
14	60	126
14	60	127
14	61	0
14	61	1
14	61	2
14	61	3
14	61	4
14	61	5
14	61	6
14	61	7
14	61	8
14	61	9
14	61	10
14	61	11
14	61	12
14	61	13
14	61	126
14	61	127
14	62	0
14	62	1
14	62	2
14	62	3
14	62	4
14	62	5
14	62	6
14	62	7
14	62	8
14	62	9
14	62	10
14	62	11
14	62	12
14	62	13
14	62	126
14	62	127
14	63	0
14	63	1
14	63	2
14	63	3
14	63	4
14	63	5
14	63	6
14	63	7
14	63	8
14	63	9
14	63	10
14	63	11
14	63	12
14	63	13
14	63	126
14	63	127
14	64	0
14	64	1
14	64	2
14	64	3
14	64	4
14	64	5
14	64	6
14	64	7
14	64	8
14	64	9
14	64	10
14	64	11
14	64	12
14	64	13
14	64	127
14	65	0
14	65	1
14	65	2
14	65	3
14	65	4
14	65	5
14	65	6
14	65	7
14	65	8
14	65	9
14	65	10
14	65	11
14	65	12
14	65	127
14	66	0
14	66	1
14	66	2
14	66	3
14	66	4
14	66	5
14	66	6
14	66	7
14	66	8
14	66	9
14	66	10
14	66	11
14	66	12
14	67	0
14	67	1
14	67	2
14	67	3
14	67	4
14	67	5
14	67	6
14	67	7
14	67	8
14	67	9
14	67	10
14	67	11
14	67	12
14	68	1
14	68	2
14	68	3
14	68	4
14	68	5
14	68	6
14	68	7
14	68	8
14	68	9
14	68	10
14	69	1
14	69	2
14	69	3
14	69	4
14	69	5
14	69	6
14	69	7
14	69	8
15	43	13
15	43	14
15	43	15
15	43	16
15	44	4
15	44	5
15	44	6
15	44	7
15	44	8
15	44	9
15	44	10
15	44	11
15	44	12
15	44	13
15	44	14
15	44	15
15	44	16
15	44	17
15	45	3
15	45	4
15	45	5
15	45	6
15	45	7
15	45	8
15	45	9
15	45	10
15	45	11
15	45	12
15	45	13
15	45	14
15	45	15
15	45	16
15	45	17
15	46	2
15	46	3
15	46	4
15	46	5
15	46	6
15	46	7
15	46	8
15	46	9
15	46	10
15	46	11
15	46	12
15	46	13
15	46	14
15	46	15
15	46	16
15	46	17
15	46	18
15	47	2
15	47	3
15	47	4
15	47	5
15	47	6
15	47	7
15	47	8
15	47	9
15	47	10
15	47	11
15	47	12
15	47	13
15	47	14
15	47	15
15	47	16
15	47	17
15	47	18
15	48	1
15	48	2
15	48	3
15	48	4
15	48	5
15	48	6
15	48	7
15	48	8
15	48	9
15	48	10
15	48	11
15	48	12
15	48	13
15	48	14
15	48	15
15	48	16
15	48	17
15	48	18
15	49	1
15	49	2
15	49	3
15	49	4
15	49	5
15	49	6
15	49	7
15	49	8
15	49	9
15	49	10
15	49	11
15	49	12
15	49	13
15	49	14
15	49	15
15	49	16
15	49	17
15	49	18
15	50	1
15	50	2
15	50	3
15	50	4
15	50	5
15	50	6
15	50	7
15	50	8
15	50	9
15	50	10
15	50	11
15	50	12
15	50	13
15	50	14
15	50	15
15	50	16
15	50	17
15	50	18
15	51	0
15	51	1
15	51	2
15	51	3
15	51	4
15	51	5
15	51	6
15	51	7
15	51	8
15	51	9
15	51	10
15	51	11
15	51	12
15	51	13
15	51	14
15	51	15
15	51	16
15	51	17
15	51	18
15	52	0
15	52	1
15	52	2
15	52	3
15	52	4
15	52	5
15	52	6
15	52	7
15	52	8
15	52	9
15	52	10
15	52	11
15	52	12
15	52	13
15	52	14
15	52	15
15	52	16
15	52	17
15	52	18
15	52	127
15	53	0
15	53	1
15	53	2
15	53	3
15	53	4
15	53	5
15	53	6
15	53	7
15	53	8
15	53	9
15	53	10
15	53	11
15	53	12
15	53	13
15	53	14
15	53	15
15	53	16
15	53	17
15	53	127
15	54	0
15	54	1
15	54	2
15	54	3
15	54	4
15	54	5
15	54	6
15	54	7
15	54	8
15	54	9
15	54	10
15	54	11
15	54	12
15	54	13
15	54	14
15	54	15
15	54	127
15	55	0
15	55	1
15	55	2
15	55	3
15	55	4
15	55	5
15	55	6
15	55	7
15	55	8
15	55	9
15	55	10
15	55	11
15	55	12
15	55	13
15	55	126
15	55	127
15	56	0
15	56	1
15	56	2
15	56	3
15	56	4
15	56	5
15	56	6
15	56	7
15	56	8
15	56	9
15	56	10
15	56	11
15	56	12
15	56	13
15	56	126
15	56	127
15	57	0
15	57	1
15	57	2
15	57	3
15	57	4
15	57	5
15	57	6
15	57	7
15	57	8
15	57	9
15	57	10
15	57	11
15	57	12
15	57	13
15	57	125
15	57	126
15	57	127
15	58	0
15	58	1
15	58	2
15	58	3
15	58	4
15	58	5
15	58	6
15	58	7
15	58	8
15	58	9
15	58	10
15	58	11
15	58	12
15	58	13
15	58	124
15	58	125
15	58	126
15	58	127
15	59	0
15	59	1
15	59	2
15	59	3
15	59	4
15	59	5
15	59	6
15	59	7
15	59	8
15	59	9
15	59	10
15	59	11
15	59	12
15	59	13
15	59	14
15	59	125
15	59	126
15	59	127
15	60	0
15	60	1
15	60	2
15	60	3
15	60	4
15	60	5
15	60	6
15	60	7
15	60	8
15	60	9
15	60	10
15	60	11
15	60	12
15	60	13
15	60	14
15	60	125
15	60	126
15	60	127
15	61	0
15	61	1
15	61	2
15	61	3
15	61	4
15	61	5
15	61	6
15	61	7
15	61	8
15	61	9
15	61	10
15	61	11
15	61	12
15	61	13
15	61	125
15	61	126
15	61	127
15	62	0
15	62	1
15	62	2
15	62	3
15	62	4
15	62	5
15	62	6
15	62	7
15	62	8
15	62	9
15	62	10
15	62	11
15	62	12
15	62	13
15	62	125
15	62	126
15	62	127
15	63	0
15	63	1
15	63	2
15	63	3
15	63	4
15	63	5
15	63	6
15	63	7
15	63	8
15	63	9
15	63	10
15	63	11
15	63	12
15	63	13
15	63	126
15	63	127
15	64	0
15	64	1
15	64	2
15	64	3
15	64	4
15	64	5
15	64	6
15	64	7
15	64	8
15	64	9
15	64	10
15	64	11
15	64	12
15	64	13
15	64	127
15	65	0
15	65	1
15	65	2
15	65	3
15	65	4
15	65	5
15	65	6
15	65	7
15	65	8
15	65	9
15	65	10
15	65	11
15	65	12
15	65	127
15	66	2
15	66	3
15	66	4
15	66	5
15	66	6
15	66	7
15	66	8
15	66	9
15	66	10
15	66	11
15	66	12
15	67	3
15	67	4
15	67	5
15	67	6
15	67	7
15	67	8
15	67	9
15	67	10
15	67	11
15	68	3
15	68	4
15	68	5
15	68	6
15	68	7
15	68	8
15	68	9
15	68	10
15	68	11
15	69	3
15	69	4
15	69	5
15	69	6
15	69	7
15	69	8
15	69	9
15	69	10
15	69	11
15	70	4
15	70	5
15	70	6
15	70	7
15	70	8
15	70	9
16	44	14
16	45	13
16	45	14
16	45	15
16	46	13
16	46	14
16	46	15
16	46	16
16	47	4
16	47	5
16	47	6
16	47	7
16	47	8
16	47	13
16	47	14
16	47	15
16	47	16
16	47	17
16	48	3
16	48	4
16	48	5
16	48	6
16	48	7
16	48	8
16	48	9
16	48	12
16	48	13
16	48	14
16	48	15
16	48	16
16	48	17
16	49	3
16	49	4
16	49	5
16	49	6
16	49	7
16	49	8
16	49	9
16	49	10
16	49	11
16	49	12
16	49	13
16	49	14
16	49	15
16	49	16
16	49	17
16	50	2
16	50	3
16	50	4
16	50	5
16	50	6
16	50	7
16	50	8
16	50	9
16	50	10
16	50	11
16	50	12
16	50	13
16	50	14
16	50	15
16	50	16
16	50	17
16	51	2
16	51	3
16	51	4
16	51	5
16	51	6
16	51	7
16	51	8
16	51	9
16	51	10
16	51	11
16	51	12
16	51	13
16	51	14
16	51	15
16	51	16
16	51	17
16	52	1
16	52	2
16	52	3
16	52	4
16	52	5
16	52	6
16	52	7
16	52	8
16	52	9
16	52	10
16	52	11
16	52	12
16	52	13
16	52	14
16	52	15
16	52	16
16	52	17
16	53	1
16	53	2
16	53	3
16	53	4
16	53	5
16	53	6
16	53	7
16	53	8
16	53	9
16	53	10
16	53	11
16	53	12
16	53	13
16	53	14
16	53	15
16	53	16
16	53	17
16	54	1
16	54	2
16	54	3
16	54	4
16	54	5
16	54	6
16	54	7
16	54	8
16	54	9
16	54	10
16	54	11
16	54	12
16	54	13
16	55	0
16	55	1
16	55	2
16	55	3
16	55	4
16	55	5
16	55	6
16	55	7
16	55	8
16	55	9
16	55	10
16	55	11
16	55	12
16	56	0
16	56	1
16	56	2
16	56	3
16	56	4
16	56	5
16	56	6
16	56	7
16	56	8
16	56	9
16	56	10
16	56	11
16	56	12
16	56	127
16	57	0
16	57	1
16	57	2
16	57	3
16	57	4
16	57	5
16	57	6
16	57	7
16	57	8
16	57	9
16	57	10
16	57	11
16	57	12
16	57	126
16	57	127
16	58	0
16	58	1
16	58	2
16	58	3
16	58	4
16	58	5
16	58	6
16	58	7
16	58	8
16	58	9
16	58	10
16	58	11
16	58	12
16	58	13
16	58	126
16	58	127
16	59	0
16	59	1
16	59	2
16	59	3
16	59	4
16	59	5
16	59	6
16	59	7
16	59	8
16	59	9
16	59	10
16	59	11
16	59	12
16	59	13
16	59	125
16	59	126
16	59	127
16	60	0
16	60	1
16	60	2
16	60	3
16	60	4
16	60	5
16	60	6
16	60	7
16	60	8
16	60	9
16	60	10
16	60	11
16	60	12
16	60	13
16	60	125
16	60	126
16	60	127
16	61	0
16	61	1
16	61	2
16	61	3
16	61	4
16	61	5
16	61	6
16	61	7
16	61	8
16	61	9
16	61	10
16	61	11
16	61	12
16	61	13
16	61	14
16	61	125
16	61	126
16	61	127
16	62	0
16	62	1
16	62	2
16	62	3
16	62	4
16	62	5
16	62	6
16	62	7
16	62	8
16	62	9
16	62	10
16	62	11
16	62	12
16	62	13
16	62	14
16	62	125
16	62	126
16	62	127
16	63	0
16	63	1
16	63	2
16	63	3
16	63	4
16	63	5
16	63	6
16	63	7
16	63	8
16	63	9
16	63	10
16	63	11
16	63	12
16	63	13
16	63	125
16	63	126
16	63	127
16	64	0
16	64	1
16	64	2
16	64	3
16	64	4
16	64	5
16	64	6
16	64	7
16	64	8
16	64	9
16	64	10
16	64	11
16	64	12
16	64	13
16	64	125
16	64	126
16	64	127
16	65	0
16	65	3
16	65	4
16	65	5
16	65	6
16	65	7
16	65	8
16	65	9
16	65	10
16	65	11
16	65	12
16	65	13
16	66	3
16	66	4
16	66	5
16	66	6
16	66	7
16	66	8
16	66	9
16	66	10
16	66	11
16	66	12
16	67	4
16	67	5
16	67	6
16	67	7
16	67	8
16	67	9
16	67	10
16	67	11
16	67	12
16	68	4
16	68	5
16	68	6
16	68	7
16	68	8
16	68	9
16	68	10
16	68	11
16	69	4
16	69	5
16	69	6
16	69	7
16	69	8
16	69	9
16	69	10
16	70	3
16	70	4
16	70	5
16	70	6
16	70	7
16	70	8
16	70	9
16	70	10
16	71	0
16	71	5
16	71	6
16	71	7
16	71	8
17	45	14
17	46	14
17	47	14
17	47	15
17	48	14
17	48	15
17	49	13
17	49	14
17	49	15
17	50	7
17	50	12
17	50	13
17	50	14
17	50	15
17	51	6
17	51	7
17	51	11
17	51	12
17	51	13
17	51	14
17	51	15
17	52	6
17	52	7
17	52	8
17	52	9
17	52	10
17	52	11
17	52	12
17	52	13
17	52	14
17	53	5
17	53	6
17	53	7
17	53	8
17	53	9
17	53	10
17	53	11
17	53	12
17	53	13
17	54	3
17	54	4
17	54	5
17	54	6
17	54	7
17	54	8
17	54	9
17	54	10
17	55	1
17	55	2
17	55	3
17	55	4
17	55	5
17	55	6
17	55	7
17	55	8
17	55	9
17	55	10
17	56	1
17	56	2
17	56	3
17	56	4
17	56	5
17	56	6
17	56	7
17	56	8
17	56	9
17	56	10
17	56	11
17	57	0
17	57	1
17	57	2
17	57	3
17	57	4
17	57	5
17	57	6
17	57	7
17	57	8
17	57	9
17	57	10
17	57	11
17	57	127
17	58	0
17	58	1
17	58	2
17	58	3
17	58	4
17	58	5
17	58	6
17	58	7
17	58	8
17	58	9
17	58	10
17	58	11
17	58	12
17	58	127
17	59	0
17	59	1
17	59	2
17	59	3
17	59	4
17	59	5
17	59	6
17	59	7
17	59	8
17	59	9
17	59	10
17	59	11
17	59	12
17	59	13
17	59	126
17	59	127
17	60	0
17	60	1
17	60	2
17	60	3
17	60	4
17	60	5
17	60	6
17	60	7
17	60	8
17	60	9
17	60	10
17	60	11
17	60	12
17	60	13
17	60	126
17	60	127
17	61	0
17	61	1
17	61	2
17	61	3
17	61	4
17	61	5
17	61	6
17	61	7
17	61	8
17	61	9
17	61	10
17	61	11
17	61	12
17	61	13
17	61	126
17	61	127
17	62	0
17	62	1
17	62	2
17	62	3
17	62	4
17	62	5
17	62	6
17	62	7
17	62	8
17	62	9
17	62	10
17	62	11
17	62	12
17	62	13
17	62	14
17	62	126
17	62	127
17	63	0
17	63	1
17	63	2
17	63	3
17	63	4
17	63	5
17	63	6
17	63	7
17	63	8
17	63	9
17	63	10
17	63	11
17	63	12
17	63	13
17	63	14
17	63	126
17	63	127
17	64	0
17	64	2
17	64	3
17	64	4
17	64	5
17	64	6
17	64	7
17	64	8
17	64	9
17	64	10
17	64	11
17	64	12
17	64	13
17	65	3
17	65	4
17	65	5
17	65	6
17	65	7
17	65	8
17	65	9
17	65	10
17	65	11
17	65	12
17	65	13
17	66	4
17	66	5
17	66	6
17	66	7
17	66	8
17	66	9
17	66	10
17	66	11
17	66	12
17	66	13
17	67	5
17	67	6
17	67	7
17	67	8
17	67	9
17	67	10
17	67	11
17	67	12
17	68	5
17	68	6
17	68	7
17	68	8
17	68	9
17	68	10
17	68	11
17	69	5
17	69	6
17	69	7
17	69	8
17	69	9
17	69	10
17	69	11
17	70	4
17	70	5
17	70	6
17	70	7
17	70	8
17	70	9
17	71	1
17	71	2
17	71	3
17	71	4
17	71	5
17	71	6
18	48	14
18	49	14
18	50	13
18	50	14
18	51	12
18	51	13
18	51	14
18	52	12
18	52	13
18	53	12
18	54	6
18	54	7
18	54	8
18	55	4
18	55	5
18	55	6
18	55	7
18	55	8
18	55	9
18	56	2
18	56	3
18	56	4
18	56	5
18	56	6
18	56	7
18	56	8
18	56	9
18	56	10
18	57	1
18	57	2
18	57	3
18	57	4
18	57	5
18	57	6
18	57	7
18	57	8
18	57	9
18	57	10
18	57	11
18	58	1
18	58	2
18	58	3
18	58	4
18	58	5
18	58	6
18	58	7
18	58	8
18	58	9
18	58	10
18	58	11
18	58	12
18	59	0
18	59	1
18	59	2
18	59	3
18	59	4
18	59	5
18	59	6
18	59	7
18	59	8
18	59	9
18	59	10
18	59	11
18	59	12
18	59	13
18	59	127
18	60	0
18	60	1
18	60	2
18	60	3
18	60	4
18	60	5
18	60	6
18	60	7
18	60	8
18	60	9
18	60	10
18	60	11
18	60	12
18	60	13
18	60	127
18	61	0
18	61	1
18	61	2
18	61	3
18	61	4
18	61	5
18	61	6
18	61	7
18	61	8
18	61	9
18	61	10
18	61	11
18	61	12
18	61	13
18	61	14
18	61	127
18	62	0
18	62	1
18	62	2
18	62	3
18	62	4
18	62	5
18	62	6
18	62	7
18	62	8
18	62	9
18	62	10
18	62	11
18	62	12
18	62	13
18	62	14
18	62	127
18	63	0
18	63	1
18	63	2
18	63	3
18	63	4
18	63	5
18	63	6
18	63	7
18	63	8
18	63	9
18	63	10
18	63	11
18	63	12
18	63	13
18	63	14
18	64	3
18	64	4
18	64	5
18	64	6
18	64	7
18	64	8
18	64	9
18	64	10
18	64	11
18	64	12
18	64	13
18	64	14
18	65	4
18	65	5
18	65	6
18	65	7
18	65	8
18	65	9
18	65	10
18	65	11
18	65	12
18	65	13
18	66	5
18	66	6
18	66	7
18	66	8
18	66	9
18	66	10
18	66	11
18	66	12
18	66	13
18	67	5
18	67	6
18	67	7
18	67	8
18	67	9
18	67	10
18	67	11
18	67	12
18	68	6
18	68	7
18	68	8
18	68	9
18	68	10
18	68	11
18	69	6
18	69	7
18	69	8
18	69	9
18	69	10
19	50	13
19	52	12
19	52	13
19	53	12
19	53	13
19	54	12
19	54	13
19	54	14
19	55	13
19	55	14
19	55	15
19	56	4
19	56	5
19	56	6
19	56	7
19	56	8
19	56	9
19	57	3
19	57	4
19	57	5
19	57	6
19	57	7
19	57	8
19	57	9
19	57	10
19	57	11
19	57	12
19	58	2
19	58	3
19	58	4
19	58	5
19	58	6
19	58	7
19	58	8
19	58	9
19	58	10
19	58	11
19	58	12
19	58	13
19	59	1
19	59	2
19	59	3
19	59	4
19	59	5
19	59	6
19	59	7
19	59	8
19	59	9
19	59	10
19	59	11
19	59	12
19	59	13
19	60	1
19	60	2
19	60	3
19	60	4
19	60	5
19	60	6
19	60	7
19	60	8
19	60	9
19	60	10
19	60	11
19	60	12
19	60	13
19	61	2
19	61	3
19	61	4
19	61	5
19	61	6
19	61	7
19	61	8
19	61	9
19	61	10
19	61	11
19	61	12
19	61	13
19	61	14
19	62	4
19	62	5
19	62	6
19	62	7
19	62	8
19	62	9
19	62	10
19	62	11
19	62	12
19	62	13
19	62	14
19	63	5
19	63	6
19	63	7
19	63	8
19	63	9
19	63	10
19	63	11
19	63	12
19	63	13
19	63	14
19	64	6
19	64	7
19	64	8
19	64	9
19	64	10
19	64	11
19	64	12
19	64	13
19	64	14
19	65	7
19	65	8
19	65	9
19	65	10
19	65	11
19	65	12
19	65	13
19	65	14
19	66	7
19	66	8
19	66	9
19	66	10
19	66	11
19	66	12
19	66	13
19	67	8
19	67	9
19	67	10
19	67	11
19	67	12
19	68	9
19	68	10
19	68	11
20	53	12
20	53	13
20	53	14
20	54	12
20	54	13
20	54	14
20	54	15
20	54	16
20	55	11
20	55	12
20	55	13
20	55	14
20	55	15
20	55	16
20	55	17
20	55	18
20	56	11
20	56	12
20	56	13
20	56	14
20	56	15
20	56	16
20	56	17
20	56	18
20	57	3
20	57	4
20	57	5
20	57	11
20	57	12
20	57	13
20	57	14
20	57	15
20	57	16
20	57	17
20	58	3
20	58	4
20	58	5
20	58	6
20	58	7
20	58	8
20	58	9
20	58	10
20	58	11
20	58	12
20	58	13
20	58	14
20	58	15
20	58	16
20	59	3
20	59	4
20	59	5
20	59	6
20	59	7
20	59	8
20	59	9
20	59	10
20	59	11
20	59	12
20	59	13
20	59	14
20	59	15
20	60	5
20	60	6
20	60	7
20	60	8
20	60	9
20	60	10
20	60	11
20	60	12
20	60	13
20	60	14
20	60	15
20	61	7
20	61	8
20	61	9
20	61	10
20	61	11
20	61	12
20	61	13
20	61	14
20	61	15
20	62	8
20	62	9
20	62	10
20	62	11
20	62	12
20	62	13
20	62	14
20	63	9
20	63	10
20	63	11
20	63	12
20	63	13
20	63	14
20	64	9
20	64	10
20	64	11
20	64	12
20	64	13
20	64	14
20	65	10
20	65	11
20	65	12
20	65	13
20	65	14
20	66	12
21	53	14
21	53	15
21	54	13
21	54	14
21	54	15
21	54	16
21	55	12
21	55	13
21	55	14
21	55	15
21	55	16
21	55	17
21	55	18
21	56	12
21	56	13
21	56	14
21	56	15
21	56	16
21	56	17
21	56	18
21	56	19
21	57	11
21	57	12
21	57	13
21	57	14
21	57	15
21	57	16
21	57	17
21	57	18
21	57	19
21	58	10
21	58	11
21	58	12
21	58	13
21	58	14
21	58	15
21	58	16
21	58	17
21	58	18
21	58	19
21	59	4
21	59	5
21	59	6
21	59	7
21	59	8
21	59	9
21	59	10
21	59	11
21	59	12
21	59	13
21	59	14
21	59	15
21	59	16
21	59	17
21	59	18
21	59	19
21	60	7
21	60	8
21	60	9
21	60	10
21	60	11
21	60	12
21	60	13
21	60	14
21	60	15
21	60	16
21	60	17
21	60	18
21	61	9
21	61	10
21	61	11
21	61	12
21	61	13
21	61	14
21	61	15
21	61	16
21	61	17
21	61	18
21	62	13
21	62	14
21	62	15
21	62	16
21	62	17
22	53	14
22	54	13
22	54	14
22	54	15
22	54	16
22	54	17
22	55	12
22	55	13
22	55	14
22	55	15
22	55	16
22	55	17
22	55	18
22	56	12
22	56	13
22	56	14
22	56	15
22	56	16
22	56	17
22	56	18
22	57	11
22	57	12
22	57	13
22	57	14
22	57	15
22	57	16
22	57	17
22	57	18
22	58	10
22	58	11
22	58	12
22	58	13
22	58	14
22	58	15
22	58	16
22	58	17
22	58	18
22	59	9
22	59	10
22	59	11
22	59	12
22	59	13
22	59	14
22	59	15
22	59	16
22	59	17
22	59	18
22	60	12
22	60	13
22	60	14
22	60	15
22	60	16
22	60	17
22	60	18
22	61	14
22	61	15
22	61	16
22	61	17
22	62	15
22	62	16
23	54	13
23	54	14
23	55	12
23	55	13
23	55	14
23	55	15
23	55	16
23	55	17
23	55	18
23	56	12
23	56	13
23	56	14
23	56	15
23	56	16
23	56	17
23	56	18
23	57	11
23	57	12
23	57	13
23	57	14
23	57	15
23	57	16
23	57	17
23	57	18
23	58	11
23	58	12
23	58	13
23	58	14
23	58	15
23	58	16
23	58	17
23	58	18
23	59	13
23	59	14
23	59	15
23	59	16
23	59	17
23	59	18
23	60	14
23	60	15
23	60	16
23	60	17
23	60	18
23	61	15
23	61	16
23	61	17
23	62	16
24	54	13
24	55	13
24	55	14
24	55	15
24	56	13
24	56	14
24	56	15
24	56	16
24	56	17
24	57	13
24	57	14
24	57	15
24	57	16
24	57	17
24	58	12
24	58	13
24	58	14
24	58	15
24	58	16
24	58	17
24	59	15
24	59	16
24	59	17
24	60	16
24	60	17
24	61	17
25	55	14
25	56	14
