#i	j	k
0	28	4
0	28	11
0	28	12
0	28	13
0	28	14
0	28	15
0	28	16
0	28	17
0	29	2
0	29	3
0	29	4
0	29	5
0	29	6
0	29	7
0	29	8
0	29	9
0	29	10
0	29	11
0	29	12
0	29	13
0	29	14
0	29	15
0	29	16
0	29	17
0	29	18
0	29	19
0	30	2
0	30	3
0	30	4
0	30	5
0	30	6
0	30	7
0	30	8
0	30	9
0	30	10
0	30	11
0	30	12
0	30	13
0	30	14
0	30	15
0	30	16
0	30	17
0	30	18
0	30	19
0	30	20
0	31	1
0	31	2
0	31	3
0	31	4
0	31	5
0	31	6
0	31	7
0	31	8
0	31	9
0	31	10
0	31	11
0	31	12
0	31	13
0	31	14
0	31	15
0	31	16
0	31	17
0	31	18
0	31	19
0	31	20
0	32	1
0	32	2
0	32	3
0	32	4
0	32	5
0	32	6
0	32	7
0	32	8
0	32	9
0	32	10
0	32	11
0	32	12
0	32	13
0	32	14
0	32	15
0	32	16
0	32	17
0	32	18
0	32	19
0	32	20
0	33	1
0	33	2
0	33	3
0	33	4
0	33	5
0	33	6
0	33	7
0	33	8
0	33	9
0	33	10
0	33	11
0	33	12
0	33	13
0	33	14
0	33	15
0	33	16
0	33	17
0	33	18
0	33	19
0	33	20
0	33	21
0	34	1
0	34	2
0	34	3
0	34	4
0	34	5
0	34	6
0	34	7
0	34	8
0	34	9
0	34	10
0	34	11
0	34	12
0	34	13
0	34	14
0	34	15
0	34	16
0	34	17
0	34	18
0	34	19
0	34	20
0	34	21
0	34	22
0	35	1
0	35	2
0	35	3
0	35	4
0	35	5
0	35	6
0	35	7
0	35	8
0	35	9
0	35	10
0	35	11
0	35	12
0	35	13
0	35	14
0	35	15
0	35	16
0	35	17
0	35	18
0	35	19
0	35	20
0	35	21
0	35	22
0	35	23
0	35	24
0	36	1
0	36	2
0	36	3
0	36	4
0	36	5
0	36	6
0	36	7
0	36	8
0	36	9
0	36	10
0	36	11
0	36	12
0	36	13
0	36	14
0	36	15
0	36	16
0	36	17
0	36	18
0	36	19
0	36	20
0	36	21
0	36	22
0	36	23
0	36	24
0	36	25
0	37	2
0	37	3
0	37	4
0	37	5
0	37	6
0	37	7
0	37	8
0	37	9
0	37	10
0	37	11
0	37	12
0	37	13
0	37	14
0	37	15
0	37	16
0	37	17
0	37	18
0	37	19
0	37	20
0	37	21
0	37	22
0	37	23
0	37	24
0	37	25
0	38	2
0	38	3
0	38	4
0	38	5
0	38	6
0	38	7
0	38	8
0	38	9
0	38	10
0	38	11
0	38	12
0	38	13
0	38	14
0	38	15
0	38	16
0	38	17
0	38	18
0	38	19
0	38	20
0	38	21
0	38	22
0	38	23
0	38	24
0	38	25
0	39	3
0	39	4
0	39	5
0	39	6
0	39	7
0	39	8
0	39	9
0	39	10
0	39	11
0	39	12
0	39	13
0	39	14
0	39	15
0	39	16
0	39	17
0	39	18
0	39	19
0	39	20
0	39	21
0	39	22
0	39	23
0	39	24
0	39	25
0	40	4
0	40	5
0	40	6
0	40	7
0	40	8
0	40	9
0	40	10
0	40	11
0	40	12
0	40	13
0	40	14
0	40	15
0	40	16
0	40	17
0	40	18
0	40	19
0	40	20
0	40	21
0	40	22
0	40	23
0	40	24
0	41	5
0	41	6
0	41	7
0	41	8
0	41	9
0	41	10
0	41	11
0	41	12
0	41	13
0	41	14
0	41	15
0	41	16
0	41	17
0	41	18
0	41	19
0	41	20
0	41	21
0	41	22
0	41	23
0	41	24
0	42	6
0	42	7
0	42	8
0	42	9
0	42	10
0	42	11
0	42	12
0	42	13
0	42	14
0	42	15
0	42	16
0	42	17
0	43	6
0	43	7
0	43	8
0	43	9
0	43	10
0	43	11
0	43	12
0	43	13
0	43	14
0	43	15
0	43	16
0	44	7
0	44	8
0	44	9
0	44	10
0	44	11
0	44	12
0	44	13
0	44	14
0	44	15
0	45	8
0	45	9
0	45	10
0	45	11
0	45	12
0	45	13
0	45	14
0	46	8
0	46	9
0	46	10
0	46	11
0	46	12
0	46	13
0	47	8
0	47	9
0	47	10
0	47	11
0	47	12
0	48	9
0	48	10
0	48	11
0	48	12
0	49	9
0	49	10
0	49	11
0	49	12
0	49	13
0	50	6
0	50	7
0	50	8
0	50	9
0	50	10
0	50	11
0	50	12
0	50	13
0	50	14
0	51	4
0	51	5
0	51	6
0	51	7
0	51	8
0	51	9
0	51	10
0	51	11
0	51	12
0	51	13
0	51	14
0	51	15
0	51	16
0	51	17
0	51	18
0	52	1
0	52	2
0	52	3
0	52	4
0	52	5
0	52	6
0	52	7
0	52	8
0	52	9
0	52	10
0	52	11
0	52	12
0	52	13
0	52	14
0	52	15
0	52	16
0	52	17
0	53	1
0	53	2
0	53	3
0	53	4
0	53	5
0	53	6
0	53	7
0	53	8
0	53	9
0	53	10
0	53	11
0	53	12
0	53	13
0	53	14
0	53	15
0	53	16
0	53	17
0	54	0
0	54	1
0	54	2
0	54	3
0	54	4
0	54	5
0	54	6
0	54	7
0	54	8
0	54	9
0	54	10
0	54	11
0	54	12
0	54	13
0	54	14
0	54	15
0	54	16
0	54	126
0	54	127
0	55	0
0	55	1
0	55	2
0	55	3
0	55	4
0	55	5
0	55	6
0	55	7
0	55	8
0	55	9
0	55	10
0	55	11
0	55	12
0	55	13
0	55	14
0	55	15
0	55	16
0	55	126
0	55	127
0	56	0
0	56	1
0	56	2
0	56	3
0	56	4
0	56	5
0	56	6
0	56	7
0	56	8
0	56	9
0	56	10
0	56	11
0	56	12
0	56	13
0	56	14
0	56	15
0	56	16
0	56	126
0	56	127
0	57	0
0	57	1
0	57	2
0	57	3
0	57	4
0	57	5
0	57	6
0	57	7
0	57	8
0	57	9
0	57	10
0	57	11
0	57	12
0	57	13
0	57	14
0	57	15
0	57	16
0	57	126
0	57	127
0	58	0
0	58	1
0	58	2
0	58	3
0	58	4
0	58	5
0	58	6
0	58	7
0	58	8
0	58	9
0	58	10
0	58	11
0	58	12
0	58	13
0	58	14
0	58	15
0	58	16
0	58	126
0	58	127
0	59	0
0	59	1
0	59	2
0	59	3
0	59	4
0	59	5
0	59	6
0	59	7
0	59	8
0	59	9
0	59	10
0	59	11
0	59	12
0	59	13
0	59	14
0	59	15
0	59	16
0	59	126
0	59	127
0	60	0
0	60	1
0	60	2
0	60	3
0	60	4
0	60	5
0	60	6
0	60	7
0	60	8
0	60	9
0	60	10
0	60	11
0	60	12
0	60	13
0	60	14
0	60	15
0	60	16
0	60	126
0	60	127
0	61	0
0	61	1
0	61	2
0	61	3
0	61	4
0	61	5
0	61	6
0	61	7
0	61	8
0	61	9
0	61	10
0	61	11
0	61	12
0	61	13
0	61	14
0	61	15
0	61	16
0	61	127
0	62	0
0	62	1
0	62	2
0	62	3
0	62	4
0	62	5
0	62	6
0	62	7
0	62	8
0	62	9
0	62	10
0	62	11
0	62	12
0	62	13
0	62	14
0	62	15
0	62	16
0	62	127
0	63	0
0	63	1
0	63	2
0	63	3
0	63	4
0	63	5
0	63	6
0	63	7
0	63	8
0	63	9
0	63	10
0	63	11
0	63	12
0	63	13
0	63	14
0	63	15
0	63	16
0	63	127
0	64	0
0	64	1
0	64	2
0	64	3
0	64	4
0	64	5
0	64	6
0	64	7
0	64	8
0	64	9
0	64	10
0	64	11
0	64	12
0	64	13
0	64	14
0	64	15
0	64	16
0	65	0
0	65	1
0	65	2
0	65	3
0	65	4
0	65	5
0	65	6
0	65	7
0	65	8
0	65	9
0	65	10
0	65	11
0	65	12
0	65	13
0	65	14
0	65	15
0	65	16
0	66	2
0	66	3
0	66	4
0	66	5
0	66	6
0	66	7
0	66	8
0	66	9
0	66	10
0	66	11
0	66	12
0	66	13
0	66	14
0	66	15
0	66	16
0	67	2
0	67	3
0	67	4
0	67	5
0	67	6
0	67	7
0	67	8
0	67	9
0	67	10
0	67	11
0	67	12
0	67	13
0	67	14
0	67	15
0	67	16
0	68	3
0	68	4
0	68	5
0	68	6
0	68	7
0	68	8
0	68	9
0	68	10
0	68	11
0	68	12
0	68	13
0	68	14
0	68	15
0	68	16
0	69	4
0	69	5
0	69	6
0	69	7
0	69	8
0	69	9
0	69	10
0	69	11
0	69	12
0	69	13
0	69	14
0	69	15
0	69	16
0	70	5
0	70	6
0	70	7
0	70	8
0	70	9
0	70	10
0	70	11
0	70	12
0	70	13
0	70	14
0	70	15
0	70	16
0	71	6
0	71	7
0	71	8
0	71	9
0	71	10
0	71	11
0	71	12
0	71	13
0	71	14
0	71	15
0	72	7
0	72	8
0	72	9
0	72	10
0	72	11
0	72	12
0	72	13
0	72	14
0	72	15
0	73	8
0	73	9
0	73	10
0	73	11
0	73	12
0	73	13
0	73	14
0	74	9
0	74	10
0	74	11
0	74	12
0	74	13
0	74	14
0	75	10
0	75	11
0	75	12
0	75	13
0	76	12
1	28	16
1	28	17
1	28	18
1	29	3
1	29	4
1	29	5
1	29	6
1	29	12
1	29	13
1	29	14
1	29	15
1	29	16
1	29	17
1	29	18
1	29	19
1	30	2
1	30	3
1	30	4
1	30	5
1	30	6
1	30	7
1	30	8
1	30	9
1	30	10
1	30	11
1	30	12
1	30	13
1	30	14
1	30	15
1	30	16
1	30	17
1	30	18
1	30	19
1	30	20
1	31	1
1	31	2
1	31	3
1	31	4
1	31	5
1	31	6
1	31	7
1	31	8
1	31	9
1	31	10
1	31	11
1	31	12
1	31	13
1	31	14
1	31	15
1	31	16
1	31	17
1	31	18
1	31	19
1	31	20
1	32	1
1	32	2
1	32	3
1	32	4
1	32	5
1	32	6
1	32	7
1	32	8
1	32	9
1	32	10
1	32	11
1	32	12
1	32	13
1	32	14
1	32	15
1	32	16
1	32	17
1	32	18
1	32	19
1	32	20
1	33	1
1	33	2
1	33	3
1	33	4
1	33	5
1	33	6
1	33	7
1	33	8
1	33	9
1	33	10
1	33	11
1	33	12
1	33	13
1	33	14
1	33	15
1	33	16
1	33	17
1	33	18
1	33	19
1	33	20
1	33	21
1	34	1
1	34	2
1	34	3
1	34	4
1	34	5
1	34	6
1	34	7
1	34	8
1	34	9
1	34	10
1	34	11
1	34	12
1	34	13
1	34	14
1	34	15
1	34	16
1	34	17
1	34	18
1	34	19
1	34	20
1	34	21
1	34	22
1	35	0
1	35	1
1	35	2
1	35	3
1	35	4
1	35	5
1	35	6
1	35	7
1	35	8
1	35	9
1	35	10
1	35	11
1	35	12
1	35	13
1	35	14
1	35	15
1	35	16
1	35	17
1	35	18
1	35	19
1	35	20
1	35	21
1	35	22
1	35	23
1	35	24
1	36	0
1	36	2
1	36	3
1	36	4
1	36	5
1	36	6
1	36	7
1	36	8
1	36	9
1	36	10
1	36	11
1	36	12
1	36	13
1	36	14
1	36	15
1	36	16
1	36	17
1	36	18
1	36	19
1	36	20
1	36	21
1	36	22
1	36	23
1	36	24
1	36	25
1	37	3
1	37	4
1	37	5
1	37	6
1	37	7
1	37	8
1	37	9
1	37	10
1	37	11
1	37	12
1	37	13
1	37	14
1	37	15
1	37	16
1	37	17
1	37	18
1	37	19
1	37	20
1	37	21
1	37	22
1	37	23
1	37	24
1	37	25
1	38	3
1	38	4
1	38	5
1	38	6
1	38	7
1	38	8
1	38	9
1	38	10
1	38	11
1	38	12
1	38	13
1	38	14
1	38	15
1	38	16
1	38	17
1	38	18
1	38	19
1	38	20
1	38	21
1	38	22
1	38	23
1	38	24
1	38	25
1	39	3
1	39	4
1	39	5
1	39	6
1	39	7
1	39	8
1	39	9
1	39	10
1	39	11
1	39	12
1	39	13
1	39	14
1	39	15
1	39	16
1	39	17
1	39	18
1	39	19
1	39	20
1	39	21
1	39	22
1	39	23
1	39	24
1	39	25
1	39	26
1	40	3
1	40	4
1	40	5
1	40	6
1	40	7
1	40	8
1	40	9
1	40	10
1	40	11
1	40	12
1	40	13
1	40	14
1	40	15
1	40	16
1	40	17
1	40	18
1	40	19
1	40	20
1	40	21
1	40	22
1	40	23
1	40	24
1	40	25
1	41	4
1	41	5
1	41	6
1	41	7
1	41	8
1	41	9
1	41	10
1	41	11
1	41	12
1	41	13
1	41	14
1	41	15
1	41	16
1	41	17
1	41	18
1	41	19
1	41	20
1	41	21
1	41	22
1	41	23
1	41	24
1	41	25
1	42	5
1	42	6
1	42	7
1	42	8
1	42	9
1	42	10
1	42	11
1	42	12
1	42	13
1	42	14
1	42	15
1	42	16
1	42	17
1	42	18
1	42	19
1	42	20
1	42	21
1	42	22
1	42	23
1	42	24
1	42	25
1	43	6
1	43	7
1	43	8
1	43	9
1	43	10
1	43	11
1	43	12
1	43	13
1	43	14
1	43	15
1	43	16
1	43	17
1	43	18
1	44	7
1	44	8
1	44	9
1	44	10
1	44	11
1	44	12
1	44	13
1	44	14
1	44	15
1	44	16
1	45	7
1	45	8
1	45	9
1	45	10
1	45	11
1	45	12
1	45	13
1	45	14
1	46	8
1	46	9
1	46	10
1	46	11
1	46	12
1	46	13
1	47	9
1	47	10
1	47	11
1	47	12
1	51	10
1	51	11
1	51	12
1	52	9
1	52	10
1	52	11
1	52	12
1	52	13
1	52	14
1	52	15
1	52	17
1	53	7
1	53	8
1	53	9
1	53	10
1	53	11
1	53	12
1	53	13
1	53	14
1	53	15
1	53	16
1	53	17
1	53	125
1	53	126
1	53	127
1	54	0
1	54	6
1	54	7
1	54	8
1	54	9
1	54	10
1	54	11
1	54	12
1	54	13
1	54	14
1	54	15
1	54	16
1	54	17
1	54	125
1	54	126
1	54	127
1	55	0
1	55	1
1	55	6
1	55	7
1	55	8
1	55	9
1	55	10
1	55	11
1	55	12
1	55	13
1	55	14
1	55	15
1	55	16
1	55	17
1	55	125
1	55	126
1	55	127
1	56	0
1	56	1
1	56	5
1	56	6
1	56	7
1	56	8
1	56	9
1	56	10
1	56	11
1	56	12
1	56	13
1	56	14
1	56	15
1	56	16
1	56	17
1	56	125
1	56	126
1	56	127
1	57	0
1	57	1
1	57	2
1	57	3
1	57	4
1	57	5
1	57	6
1	57	7
1	57	8
1	57	9
1	57	10
1	57	11
1	57	12
1	57	13
1	57	14
1	57	15
1	57	16
1	57	17
1	57	125
1	57	126
1	57	127
1	58	0
1	58	1
1	58	2
1	58	3
1	58	4
1	58	5
1	58	6
1	58	7
1	58	8
1	58	9
1	58	10
1	58	11
1	58	12
1	58	13
1	58	14
1	58	15
1	58	16
1	58	125
1	58	126
1	58	127
1	59	0
1	59	1
1	59	2
1	59	3
1	59	4
1	59	5
1	59	6
1	59	7
1	59	8
1	59	9
1	59	10
1	59	11
1	59	12
1	59	13
1	59	14
1	59	15
1	59	16
1	59	125
1	59	126
1	59	127
1	60	0
1	60	1
1	60	2
1	60	3
1	60	4
1	60	5
1	60	6
1	60	7
1	60	8
1	60	9
1	60	10
1	60	11
1	60	12
1	60	13
1	60	14
1	60	15
1	60	16
1	60	125
1	60	126
1	60	127
1	61	0
1	61	1
1	61	2
1	61	3
1	61	4
1	61	5
1	61	6
1	61	7
1	61	8
1	61	9
1	61	10
1	61	11
1	61	12
1	61	13
1	61	14
1	61	15
1	61	16
1	61	125
1	61	127
1	62	0
1	62	1
1	62	2
1	62	3
1	62	4
1	62	5
1	62	6
1	62	7
1	62	8
1	62	9
1	62	10
1	62	11
1	62	12
1	62	13
1	62	14
1	62	15
1	62	16
1	63	1
1	63	2
1	63	3
1	63	4
1	63	5
1	63	6
1	63	7
1	63	8
1	63	9
1	63	10
1	63	11
1	63	12
1	63	13
1	63	14
1	63	15
1	63	16
1	64	1
1	64	2
1	64	3
1	64	4
1	64	5
1	64	6
1	64	7
1	64	8
1	64	9
1	64	10
1	64	11
1	64	12
1	64	13
1	64	14
1	64	15
1	64	16
1	65	2
1	65	3
1	65	4
1	65	5
1	65	6
1	65	7
1	65	8
1	65	9
1	65	10
1	65	11
1	65	12
1	65	13
1	65	14
1	65	15
1	65	16
1	66	2
1	66	3
1	66	4
1	66	5
1	66	6
1	66	7
1	66	8
1	66	9
1	66	10
1	66	11
1	66	12
1	66	13
1	66	14
1	66	15
1	66	16
1	67	3
1	67	4
1	67	5
1	67	6
1	67	7
1	67	8
1	67	9
1	67	10
1	67	11
1	67	12
1	67	13
1	67	14
1	67	15
1	67	16
1	68	4
1	68	5
1	68	6
1	68	7
1	68	8
1	68	9
1	68	10
1	68	11
1	68	12
1	68	13
1	68	14
1	68	15
1	68	16
1	69	5
1	69	6
1	69	7
1	69	8
1	69	9
1	69	10
1	69	11
1	69	12
1	69	13
1	69	14
1	69	15
1	69	16
1	70	6
1	70	7
1	70	8
1	70	9
1	70	10
1	70	11
1	70	12
1	70	13
1	70	14
1	70	15
1	70	16
1	71	6
1	71	7
1	71	8
1	71	9
1	71	10
1	71	11
1	71	12
1	71	13
1	71	14
1	71	15
1	72	7
1	72	8
1	72	9
1	72	10
1	72	11
1	72	12
1	72	13
1	72	14
1	73	8
1	73	9
1	73	10
1	73	11
1	73	12
1	73	13
1	73	14
1	74	10
1	74	11
1	74	12
1	74	13
1	75	11
1	75	12
2	29	16
2	29	17
2	29	18
2	29	19
2	30	3
2	30	4
2	30	5
2	30	6
2	30	7
2	30	14
2	30	15
2	30	16
2	30	17
2	30	18
2	30	19
2	30	20
2	31	2
2	31	3
2	31	4
2	31	5
2	31	6
2	31	7
2	31	8
2	31	9
2	31	10
2	31	11
2	31	12
2	31	13
2	31	14
2	31	15
2	31	16
2	31	17
2	31	18
2	31	19
2	31	20
2	32	1
2	32	2
2	32	3
2	32	4
2	32	5
2	32	6
2	32	7
2	32	8
2	32	9
2	32	10
2	32	11
2	32	12
2	32	13
2	32	14
2	32	15
2	32	16
2	32	17
2	32	18
2	32	19
2	32	20
2	33	1
2	33	2
2	33	3
2	33	4
2	33	5
2	33	6
2	33	7
2	33	8
2	33	9
2	33	10
2	33	11
2	33	12
2	33	13
2	33	14
2	33	15
2	33	16
2	33	17
2	33	18
2	33	19
2	33	20
2	33	21
2	34	0
2	34	1
2	34	2
2	34	3
2	34	4
2	34	5
2	34	6
2	34	7
2	34	8
2	34	9
2	34	10
2	34	11
2	34	12
2	34	13
2	34	14
2	34	15
2	34	16
2	34	17
2	34	18
2	34	19
2	34	20
2	34	21
2	34	22
2	35	1
2	35	2
2	35	3
2	35	4
2	35	5
2	35	6
2	35	7
2	35	8
2	35	9
2	35	10
2	35	11
2	35	12
2	35	13
2	35	14
2	35	15
2	35	16
2	35	17
2	35	18
2	35	19
2	35	20
2	35	21
2	35	22
2	35	23
2	35	24
2	36	2
2	36	3
2	36	4
2	36	5
2	36	6
2	36	7
2	36	8
2	36	9
2	36	10
2	36	11
2	36	12
2	36	13
2	36	14
2	36	15
2	36	16
2	36	17
2	36	18
2	36	19
2	36	20
2	36	21
2	36	22
2	36	23
2	36	24
2	36	25
2	37	3
2	37	4
2	37	5
2	37	6
2	37	7
2	37	8
2	37	9
2	37	10
2	37	11
2	37	12
2	37	13
2	37	14
2	37	15
2	37	16
2	37	17
2	37	18
2	37	19
2	37	20
2	37	21
2	37	22
2	37	23
2	37	24
2	37	25
2	38	4
2	38	5
2	38	6
2	38	7
2	38	8
2	38	9
2	38	10
2	38	11
2	38	12
2	38	13
2	38	14
2	38	15
2	38	16
2	38	17
2	38	18
2	38	19
2	38	20
2	38	21
2	38	22
2	38	23
2	38	24
2	38	25
2	39	4
2	39	5
2	39	6
2	39	7
2	39	8
2	39	9
2	39	10
2	39	11
2	39	12
2	39	13
2	39	14
2	39	15
2	39	16
2	39	17
2	39	18
2	39	19
2	39	20
2	39	21
2	39	22
2	39	23
2	39	24
2	39	25
2	39	26
2	40	4
2	40	5
2	40	6
2	40	7
2	40	8
2	40	9
2	40	10
2	40	11
2	40	12
2	40	13
2	40	14
2	40	15
2	40	16
2	40	17
2	40	18
2	40	19
2	40	20
2	40	21
2	40	22
2	40	23
2	40	24
2	40	25
2	40	26
2	41	5
2	41	6
2	41	7
2	41	8
2	41	9
2	41	10
2	41	11
2	41	12
2	41	13
2	41	14
2	41	15
2	41	16
2	41	17
2	41	18
2	41	19
2	41	20
2	41	21
2	41	22
2	41	23
2	41	24
2	41	25
2	42	6
2	42	7
2	42	8
2	42	9
2	42	10
2	42	11
2	42	12
2	42	13
2	42	14
2	42	15
2	42	16
2	42	17
2	42	18
2	42	19
2	42	20
2	42	21
2	42	22
2	42	23
2	42	24
2	42	25
2	43	6
2	43	7
2	43	8
2	43	9
2	43	10
2	43	11
2	43	12
2	43	13
2	43	14
2	43	15
2	43	16
2	43	17
2	43	18
2	43	19
2	43	20
2	43	21
2	43	22
2	43	23
2	43	24
2	44	6
2	44	7
2	44	8
2	44	9
2	44	10
2	44	11
2	44	12
2	44	13
2	44	14
2	44	15
2	44	16
2	45	7
2	45	8
2	45	9
2	45	10
2	45	11
2	45	12
2	45	13
2	45	14
2	46	12
2	53	10
2	53	11
2	53	12
2	53	13
2	54	9
2	54	10
2	54	11
2	54	12
2	54	13
2	54	14
2	54	15
2	54	16
2	54	17
2	54	124
2	54	125
2	54	126
2	55	8
2	55	9
2	55	10
2	55	11
2	55	12
2	55	13
2	55	14
2	55	15
2	55	16
2	55	17
2	55	124
2	55	125
2	55	126
2	56	7
2	56	8
2	56	9
2	56	10
2	56	11
2	56	12
2	56	13
2	56	14
2	56	15
2	56	16
2	56	17
2	56	124
2	56	125
2	56	126
2	57	7
2	57	8
2	57	9
2	57	10
2	57	11
2	57	12
2	57	13
2	57	14
2	57	15
2	57	16
2	57	17
2	57	124
2	57	125
2	57	126
2	58	6
2	58	7
2	58	8
2	58	9
2	58	10
2	58	11
2	58	12
2	58	13
2	58	14
2	58	15
2	58	16
2	58	17
2	58	124
2	58	125
2	58	126
2	59	4
2	59	5
2	59	6
2	59	7
2	59	8
2	59	9
2	59	10
2	59	11
2	59	12
2	59	13
2	59	14
2	59	15
2	59	16
2	59	17
2	59	124
2	59	125
2	60	3
2	60	4
2	60	5
2	60	6
2	60	7
2	60	8
2	60	9
2	60	10
2	60	11
2	60	12
2	60	13
2	60	14
2	60	15
2	60	16
2	61	3
2	61	4
2	61	5
2	61	6
2	61	7
2	61	8
2	61	9
2	61	10
2	61	11
2	61	12
2	61	13
2	61	14
2	61	15
2	61	16
2	62	2
2	62	3
2	62	4
2	62	5
2	62	6
2	62	7
2	62	8
2	62	9
2	62	10
2	62	11
2	62	12
2	62	13
2	62	14
2	62	15
2	62	16
2	63	2
2	63	3
2	63	4
2	63	5
2	63	6
2	63	7
2	63	8
2	63	9
2	63	10
2	63	11
2	63	12
2	63	13
2	63	14
2	63	15
2	63	16
2	64	2
2	64	3
2	64	4
2	64	5
2	64	6
2	64	7
2	64	8
2	64	9
2	64	10
2	64	11
2	64	12
2	64	13
2	64	14
2	64	15
2	64	16
2	65	2
2	65	3
2	65	4
2	65	5
2	65	6
2	65	7
2	65	8
2	65	9
2	65	10
2	65	11
2	65	12
2	65	13
2	65	14
2	65	15
2	65	16
2	66	3
2	66	4
2	66	5
2	66	6
2	66	7
2	66	8
2	66	9
2	66	10
2	66	11
2	66	12
2	66	13
2	66	14
2	66	15
2	66	16
2	67	4
2	67	5
2	67	6
2	67	7
2	67	8
2	67	9
2	67	10
2	67	11
2	67	12
2	67	13
2	67	14
2	67	15
2	67	16
2	68	5
2	68	6
2	68	7
2	68	8
2	68	9
2	68	10
2	68	11
2	68	12
2	68	13
2	68	14
2	68	15
2	68	16
2	69	5
2	69	6
2	69	7
2	69	8
2	69	9
2	69	10
2	69	11
2	69	12
2	69	13
2	69	14
2	69	15
2	69	16
2	70	6
2	70	7
2	70	8
2	70	9
2	70	10
2	70	11
2	70	12
2	70	13
2	70	14
2	70	15
2	71	7
2	71	8
2	71	9
2	71	10
2	71	11
2	71	12
2	71	13
2	71	14
2	72	8
2	72	9
2	72	10
2	72	11
2	72	12
2	72	13
2	73	9
2	73	10
2	73	11
2	73	12
2	73	13
2	74	11
2	74	12
3	30	17
3	30	18
3	30	19
3	30	20
3	31	3
3	31	4
3	31	5
3	31	6
3	31	7
3	31	16
3	31	17
3	31	18
3	31	19
3	31	20
3	32	1
3	32	2
3	32	3
3	32	4
3	32	5
3	32	6
3	32	7
3	32	8
3	32	9
3	32	10
3	32	11
3	32	12
3	32	13
3	32	14
3	32	15
3	32	16
3	32	17
3	32	18
3	32	19
3	32	20
3	32	21
3	33	1
3	33	2
3	33	3
3	33	4
3	33	5
3	33	6
3	33	7
3	33	8
3	33	9
3	33	10
3	33	11
3	33	12
3	33	13
3	33	14
3	33	15
3	33	16
3	33	17
3	33	18
3	33	19
3	33	20
3	33	21
3	33	22
3	33	23
3	34	1
3	34	2
3	34	3
3	34	4
3	34	5
3	34	6
3	34	7
3	34	8
3	34	9
3	34	10
3	34	11
3	34	12
3	34	13
3	34	14
3	34	15
3	34	16
3	34	17
3	34	18
3	34	19
3	34	20
3	34	21
3	34	22
3	34	23
3	34	24
3	35	1
3	35	2
3	35	3
3	35	4
3	35	5
3	35	6
3	35	7
3	35	8
3	35	9
3	35	10
3	35	11
3	35	12
3	35	13
3	35	14
3	35	15
3	35	16
3	35	17
3	35	18
3	35	19
3	35	20
3	35	21
3	35	22
3	35	23
3	35	24
3	36	2
3	36	3
3	36	4
3	36	5
3	36	6
3	36	7
3	36	8
3	36	9
3	36	10
3	36	11
3	36	12
3	36	13
3	36	14
3	36	15
3	36	16
3	36	17
3	36	18
3	36	19
3	36	20
3	36	21
3	36	22
3	36	23
3	36	24
3	36	25
3	37	3
3	37	4
3	37	5
3	37	6
3	37	7
3	37	8
3	37	9
3	37	10
3	37	11
3	37	12
3	37	13
3	37	14
3	37	15
3	37	16
3	37	17
3	37	18
3	37	19
3	37	20
3	37	21
3	37	22
3	37	23
3	37	24
3	37	25
3	38	4
3	38	5
3	38	6
3	38	7
3	38	8
3	38	9
3	38	10
3	38	11
3	38	12
3	38	13
3	38	14
3	38	15
3	38	16
3	38	17
3	38	18
3	38	19
3	38	20
3	38	21
3	38	22
3	38	23
3	38	24
3	38	25
3	39	5
3	39	6
3	39	7
3	39	8
3	39	9
3	39	10
3	39	11
3	39	12
3	39	13
3	39	14
3	39	15
3	39	16
3	39	17
3	39	18
3	39	19
3	39	20
3	39	21
3	39	22
3	39	23
3	39	24
3	39	25
3	39	26
3	40	6
3	40	7
3	40	8
3	40	9
3	40	10
3	40	11
3	40	12
3	40	13
3	40	14
3	40	15
3	40	16
3	40	17
3	40	18
3	40	19
3	40	20
3	40	21
3	40	22
3	40	23
3	40	24
3	40	25
3	40	26
3	41	7
3	41	8
3	41	9
3	41	10
3	41	11
3	41	12
3	41	13
3	41	14
3	41	15
3	41	16
3	41	17
3	41	18
3	41	19
3	41	20
3	41	21
3	41	22
3	41	23
3	41	24
3	41	25
3	42	7
3	42	8
3	42	9
3	42	10
3	42	11
3	42	12
3	42	13
3	42	14
3	42	15
3	42	16
3	42	17
3	42	18
3	42	19
3	42	20
3	42	21
3	42	22
3	42	23
3	42	24
3	42	25
3	43	7
3	43	8
3	43	9
3	43	10
3	43	11
3	43	12
3	43	13
3	43	14
3	43	15
3	43	16
3	43	17
3	43	18
3	43	19
3	43	20
3	43	21
3	43	22
3	43	23
3	43	24
3	43	25
3	44	8
3	44	9
3	44	10
3	44	11
3	44	12
3	44	13
3	44	14
3	44	15
3	44	16
3	45	13
3	45	14
3	55	11
3	55	12
3	55	13
3	56	9
3	56	10
3	56	11
3	56	12
3	56	13
3	56	14
3	56	15
3	56	16
3	56	17
3	57	8
3	57	9
3	57	10
3	57	11
3	57	12
3	57	13
3	57	14
3	57	15
3	57	16
3	57	17
3	58	7
3	58	8
3	58	9
3	58	10
3	58	11
3	58	12
3	58	13
3	58	14
3	58	15
3	58	16
3	58	17
3	59	6
3	59	7
3	59	8
3	59	9
3	59	10
3	59	11
3	59	12
3	59	13
3	59	14
3	59	15
3	59	16
3	59	17
3	60	5
3	60	6
3	60	7
3	60	8
3	60	9
3	60	10
3	60	11
3	60	12
3	60	13
3	60	14
3	60	15
3	60	16
3	61	4
3	61	5
3	61	6
3	61	7
3	61	8
3	61	9
3	61	10
3	61	11
3	61	12
3	61	13
3	61	14
3	61	15
3	61	16
3	62	4
3	62	5
3	62	6
3	62	7
3	62	8
3	62	9
3	62	10
3	62	11
3	62	12
3	62	13
3	62	14
3	62	15
3	62	16
3	63	3
3	63	4
3	63	5
3	63	6
3	63	7
3	63	8
3	63	9
3	63	10
3	63	11
3	63	12
3	63	13
3	63	14
3	63	15
3	63	16
3	64	3
3	64	4
3	64	5
3	64	6
3	64	7
3	64	8
3	64	9
3	64	10
3	64	11
3	64	12
3	64	13
3	64	14
3	64	15
3	64	16
3	65	4
3	65	5
3	65	6
3	65	7
3	65	8
3	65	9
3	65	10
3	65	11
3	65	12
3	65	13
3	65	14
3	65	15
3	65	16
3	66	4
3	66	5
3	66	6
3	66	7
3	66	8
3	66	9
3	66	10
3	66	11
3	66	12
3	66	13
3	66	14
3	66	15
3	66	16
3	67	5
3	67	6
3	67	7
3	67	8
3	67	9
3	67	10
3	67	11
3	67	12
3	67	13
3	67	14
3	67	15
3	67	16
3	68	5
3	68	6
3	68	7
3	68	8
3	68	9
3	68	10
3	68	11
3	68	12
3	68	13
3	68	14
3	68	15
3	68	16
3	69	6
3	69	7
3	69	8
3	69	9
3	69	10
3	69	11
3	69	12
3	69	13
3	69	14
3	70	7
3	70	8
3	70	9
3	70	10
3	70	11
3	70	12
3	70	13
3	70	14
3	71	8
3	71	9
3	71	10
3	71	11
3	71	12
3	71	13
3	72	9
3	72	10
3	72	11
3	72	12
4	31	18
4	31	19
4	31	20
4	32	3
4	32	4
4	32	5
4	32	6
4	32	7
4	32	8
4	32	17
4	32	18
4	32	19
4	32	20
4	32	21
4	33	1
4	33	2
4	33	3
4	33	4
4	33	5
4	33	6
4	33	7
4	33	8
4	33	9
4	33	10
4	33	11
4	33	16
4	33	17
4	33	18
4	33	19
4	33	20
4	33	21
4	34	1
4	34	2
4	34	3
4	34	4
4	34	5
4	34	6
4	34	7
4	34	8
4	34	9
4	34	10
4	34	11
4	34	12
4	34	13
4	34	14
4	34	15
4	34	16
4	34	17
4	34	18
4	34	19
4	34	20
4	34	21
4	34	22
4	35	1
4	35	2
4	35	3
4	35	4
4	35	5
4	35	6
4	35	7
4	35	8
4	35	9
4	35	10
4	35	11
4	35	12
4	35	13
4	35	14
4	35	15
4	35	16
4	35	17
4	35	18
4	35	19
4	35	20
4	35	21
4	35	22
4	35	23
4	36	2
4	36	3
4	36	4
4	36	5
4	36	6
4	36	7
4	36	8
4	36	9
4	36	10
4	36	11
4	36	12
4	36	13
4	36	14
4	36	15
4	36	16
4	36	17
4	36	18
4	36	19
4	36	20
4	36	21
4	36	22
4	36	23
4	36	24
4	37	3
4	37	4
4	37	5
4	37	6
4	37	7
4	37	8
4	37	9
4	37	10
4	37	11
4	37	12
4	37	13
4	37	14
4	37	15
4	37	16
4	37	17
4	37	18
4	37	19
4	37	20
4	37	21
4	37	22
4	37	23
4	37	24
4	37	25
4	38	4
4	38	5
4	38	6
4	38	7
4	38	8
4	38	9
4	38	10
4	38	11
4	38	12
4	38	13
4	38	14
4	38	15
4	38	16
4	38	17
4	38	18
4	38	19
4	38	20
4	38	21
4	38	22
4	38	23
4	38	24
4	38	25
4	39	6
4	39	7
4	39	8
4	39	9
4	39	10
4	39	11
4	39	12
4	39	13
4	39	14
4	39	15
4	39	16
4	39	17
4	39	18
4	39	19
4	39	20
4	39	21
4	39	22
4	39	23
4	39	24
4	39	25
4	39	26
4	40	7
4	40	8
4	40	9
4	40	10
4	40	11
4	40	12
4	40	13
4	40	14
4	40	15
4	40	16
4	40	17
4	40	18
4	40	19
4	40	20
4	40	21
4	40	22
4	40	23
4	40	24
4	40	25
4	41	8
4	41	9
4	41	10
4	41	11
4	41	12
4	41	13
4	41	14
4	41	15
4	41	16
4	41	17
4	41	18
4	41	19
4	41	20
4	41	21
4	41	22
4	41	23
4	41	24
4	41	25
4	42	8
4	42	9
4	42	10
4	42	11
4	42	12
4	42	13
4	42	14
4	42	15
4	42	16
4	42	17
4	42	18
4	42	19
4	42	20
4	42	21
4	42	22
4	42	23
4	42	24
4	42	25
4	43	9
4	43	10
4	43	11
4	43	12
4	43	13
4	43	14
4	43	15
4	43	16
4	43	17
4	43	18
4	43	19
4	43	20
4	43	21
4	43	22
4	43	23
4	43	24
4	43	25
4	44	12
4	44	13
4	44	14
4	44	15
4	44	16
4	44	21
4	44	22
4	44	23
4	58	9
4	58	10
4	58	11
4	58	12
4	58	13
4	58	14
4	58	15
4	58	16
4	59	8
4	59	9
4	59	10
4	59	11
4	59	12
4	59	13
4	59	14
4	59	15
4	59	16
4	60	7
4	60	8
4	60	9
4	60	10
4	60	11
4	60	12
4	60	13
4	60	14
4	60	15
4	60	16
4	61	6
4	61	7
4	61	8
4	61	9
4	61	10
4	61	11
4	61	12
4	61	13
4	61	14
4	62	5
4	62	6
4	62	7
4	62	8
4	62	9
4	62	10
4	62	11
4	62	12
4	62	13
4	62	14
4	63	4
4	63	5
4	63	6
4	63	7
4	63	8
4	63	9
4	63	10
4	63	11
4	63	12
4	63	13
4	63	14
4	64	4
4	64	5
4	64	6
4	64	7
4	64	8
4	64	9
4	64	10
4	64	11
4	64	12
4	64	13
4	64	14
4	64	15
4	64	16
4	65	5
4	65	6
4	65	7
4	65	8
4	65	9
4	65	10
4	65	11
4	65	12
4	65	13
4	65	14
4	65	15
4	65	16
4	66	5
4	66	6
4	66	7
4	66	8
4	66	9
4	66	10
4	66	11
4	66	12
4	66	13
4	66	14
4	66	15
4	66	16
4	67	6
4	67	7
4	67	8
4	67	9
4	67	10
4	67	11
4	67	12
4	67	13
4	67	14
4	67	15
4	68	6
4	68	7
4	68	8
4	68	9
4	68	10
4	68	11
4	68	12
4	68	13
4	68	14
4	69	7
4	69	8
4	69	9
4	69	10
4	69	11
4	69	12
4	69	13
4	70	8
4	70	9
4	70	10
4	70	11
4	70	12
4	70	13
4	71	9
4	71	10
4	71	11
4	71	12
4	72	10
4	72	11
5	32	19
5	32	20
5	33	3
5	33	4
5	33	5
5	33	6
5	33	7
5	33	18
5	33	19
5	33	20
5	33	21
5	34	1
5	34	2
5	34	3
5	34	4
5	34	5
5	34	6
5	34	7
5	34	8
5	34	9
5	34	10
5	34	18
5	34	19
5	34	20
5	34	21
5	35	1
5	35	2
5	35	3
5	35	4
5	35	5
5	35	6
5	35	7
5	35	8
5	35	9
5	35	10
5	35	11
5	35	12
5	35	13
5	35	14
5	35	16
5	35	17
5	35	18
5	35	19
5	35	20
5	35	21
5	35	22
5	36	2
5	36	3
5	36	4
5	36	5
5	36	6
5	36	7
5	36	8
5	36	9
5	36	10
5	36	11
5	36	12
5	36	13
5	36	14
5	36	15
5	36	16
5	36	17
5	36	18
5	36	19
5	36	20
5	36	21
5	36	22
5	36	23
5	37	3
5	37	4
5	37	5
5	37	6
5	37	7
5	37	8
5	37	9
5	37	10
5	37	11
5	37	12
5	37	13
5	37	14
5	37	15
5	37	16
5	37	17
5	37	18
5	37	19
5	37	20
5	37	21
5	37	22
5	37	23
5	37	24
5	37	25
5	38	5
5	38	6
5	38	7
5	38	8
5	38	9
5	38	10
5	38	11
5	38	12
5	38	13
5	38	14
5	38	15
5	38	16
5	38	17
5	38	18
5	38	19
5	38	20
5	38	21
5	38	22
5	38	23
5	38	24
5	38	25
5	38	26
5	39	6
5	39	7
5	39	8
5	39	9
5	39	10
5	39	11
5	39	12
5	39	13
5	39	14
5	39	15
5	39	16
5	39	17
5	39	18
5	39	19
5	39	20
5	39	21
5	39	22
5	39	23
5	39	24
5	39	25
5	39	26
5	40	7
5	40	8
5	40	9
5	40	10
5	40	11
5	40	12
5	40	13
5	40	14
5	40	15
5	40	16
5	40	17
5	40	18
5	40	19
5	40	20
5	40	21
5	40	22
5	40	23
5	40	24
5	40	25
5	41	9
5	41	10
5	41	11
5	41	12
5	41	13
5	41	14
5	41	15
5	41	16
5	41	17
5	41	18
5	41	19
5	41	20
5	41	21
5	41	22
5	41	23
5	41	24
5	41	25
5	42	11
5	42	12
5	42	13
5	42	14
5	42	15
5	42	16
5	42	17
5	42	18
5	42	19
5	42	20
5	42	21
5	42	22
5	42	23
5	42	24
5	42	25
5	43	12
5	43	13
5	43	14
5	43	15
5	43	16
5	43	17
5	43	18
5	43	19
5	43	20
5	43	21
5	43	22
5	43	23
5	43	24
5	43	25
5	44	16
5	44	21
5	44	22
5	44	23
5	44	24
5	44	25
5	60	9
5	60	10
5	60	11
5	61	7
5	61	8
5	61	9
5	61	10
5	61	11
5	61	12
5	62	6
5	62	7
5	62	8
5	62	9
5	62	10
5	62	11
5	62	12
5	62	13
5	63	5
5	63	6
5	63	7
5	63	8
5	63	9
5	63	10
5	63	11
5	63	12
5	63	13
5	64	5
5	64	6
5	64	7
5	64	8
5	64	9
5	64	10
5	64	11
5	64	12
5	64	13
5	65	5
5	65	6
5	65	7
5	65	8
5	65	9
5	65	10
5	65	11
5	65	12
5	65	13
5	65	14
5	66	5
5	66	6
5	66	7
5	66	8
5	66	9
5	66	10
5	66	11
5	66	12
5	66	13
5	66	14
5	67	6
5	67	7
5	67	8
5	67	9
5	67	10
5	67	11
5	67	12
5	67	13
5	67	14
5	68	6
5	68	7
5	68	8
5	68	9
5	68	10
5	68	11
5	68	12
5	68	13
5	69	7
5	69	8
5	69	9
5	69	10
5	69	11
5	69	12
5	69	13
5	70	8
5	70	9
5	70	10
5	70	11
5	70	12
5	71	9
5	71	10
5	71	11
5	71	12
6	33	20
6	34	3
6	34	4
6	34	5
6	34	20
6	34	21
6	35	3
6	35	4
6	35	5
6	35	6
6	35	7
6	35	8
6	35	19
6	35	20
6	35	21
6	36	4
6	36	5
6	36	6
6	36	7
6	36	8
6	36	9
6	36	10
6	36	11
6	36	12
6	36	19
6	36	20
6	36	21
6	36	22
6	37	4
6	37	5
6	37	6
6	37	7
6	37	8
6	37	9
6	37	10
6	37	11
6	37	12
6	37	13
6	37	14
6	37	15
6	37	19
6	37	20
6	37	21
6	37	22
6	37	23
6	38	5
6	38	6
6	38	7
6	38	8
6	38	9
6	38	10
6	38	11
6	38	12
6	38	13
6	38	14
6	38	15
6	38	16
6	38	17
6	38	18
6	38	19
6	38	20
6	38	21
6	38	22
6	38	23
6	38	24
6	38	25
6	39	6
6	39	7
6	39	8
6	39	9
6	39	10
6	39	11
6	39	12
6	39	13
6	39	14
6	39	15
6	39	16
6	39	17
6	39	18
6	39	19
6	39	20
6	39	21
6	39	22
6	39	23
6	39	24
6	39	25
6	40	8
6	40	9
6	40	10
6	40	11
6	40	12
6	40	13
6	40	14
6	40	15
6	40	16
6	40	17
6	40	18
6	40	19
6	40	20
6	40	21
6	40	22
6	40	23
6	40	24
6	40	25
6	41	12
6	41	13
6	41	14
6	41	15
6	41	16
6	41	17
6	41	18
6	41	19
6	41	20
6	41	21
6	41	22
6	41	23
6	41	24
6	41	25
6	41	26
6	42	15
6	42	16
6	42	17
6	42	18
6	42	19
6	42	20
6	42	21
6	42	22
6	42	23
6	42	24
6	42	25
6	42	26
6	43	16
6	43	17
6	43	18
6	43	19
6	43	20
6	43	21
6	43	22
6	43	23
6	43	24
6	43	25
6	43	26
6	44	17
6	44	22
6	44	23
6	44	24
6	44	25
6	44	26
6	45	24
6	45	25
6	45	26
6	45	27
6	61	6
6	61	7
6	61	8
6	61	9
6	61	10
6	61	11
6	62	5
6	62	6
6	62	7
6	62	8
6	62	9
6	62	10
6	62	11
6	63	3
6	63	4
6	63	5
6	63	6
6	63	7
6	63	8
6	63	9
6	63	10
6	63	11
6	63	12
6	64	3
6	64	4
6	64	5
6	64	6
6	64	7
6	64	8
6	64	9
6	64	10
6	64	11
6	64	12
6	65	3
6	65	4
6	65	5
6	65	6
6	65	7
6	65	8
6	65	9
6	65	10
6	65	11
6	65	12
6	65	13
6	66	4
6	66	5
6	66	6
6	66	7
6	66	8
6	66	9
6	66	10
6	66	11
6	66	12
6	66	13
6	67	5
6	67	6
6	67	7
6	67	8
6	67	9
6	67	10
6	67	11
6	67	12
6	67	13
6	68	5
6	68	6
6	68	7
6	68	8
6	68	9
6	68	10
6	68	11
6	68	12
6	68	13
6	69	6
6	69	7
6	69	8
6	69	9
6	69	10
6	69	11
6	69	12
6	69	13
6	70	7
6	70	8
6	70	9
6	70	10
6	70	11
6	70	12
6	70	13
6	71	8
6	71	9
6	71	10
6	71	11
6	71	12
6	72	10
6	72	11
6	72	12
7	35	5
7	36	5
7	36	6
7	36	7
7	37	5
7	37	6
7	37	7
7	37	8
7	37	9
7	37	10
7	37	11
7	38	5
7	38	6
7	38	7
7	38	8
7	38	9
7	38	10
7	38	11
7	38	12
7	38	13
7	38	14
7	39	7
7	39	8
7	39	9
7	39	10
7	39	11
7	39	12
7	39	13
7	39	14
7	39	15
7	39	21
7	39	22
7	39	23
7	39	24
7	40	13
7	40	14
7	40	15
7	40	16
7	40	21
7	40	22
7	40	23
7	40	24
7	40	25
7	41	16
7	41	21
7	41	22
7	41	23
7	41	24
7	41	25
7	41	26
7	42	17
7	42	21
7	42	22
7	42	23
7	42	24
7	42	25
7	42	26
7	43	22
7	43	23
7	43	24
7	43	25
7	43	26
7	44	24
7	44	25
7	44	26
7	44	27
7	45	25
7	45	26
7	45	27
7	60	5
7	60	6
7	60	7
7	60	8
7	61	3
7	61	4
7	61	5
7	61	6
7	61	7
7	61	8
7	61	9
7	61	10
7	61	11
7	62	2
7	62	3
7	62	4
7	62	5
7	62	6
7	62	7
7	62	8
7	62	9
7	62	10
7	62	11
7	62	12
7	63	2
7	63	3
7	63	4
7	63	5
7	63	6
7	63	7
7	63	8
7	63	9
7	63	10
7	63	11
7	63	12
7	64	1
7	64	2
7	64	3
7	64	4
7	64	5
7	64	6
7	64	7
7	64	8
7	64	9
7	64	10
7	64	11
7	64	12
7	64	13
7	65	1
7	65	2
7	65	3
7	65	4
7	65	5
7	65	6
7	65	7
7	65	8
7	65	9
7	65	10
7	65	11
7	65	12
7	65	13
7	66	1
7	66	2
7	66	3
7	66	4
7	66	5
7	66	6
7	66	7
7	66	8
7	66	9
7	66	10
7	66	11
7	66	12
7	66	13
7	67	1
7	67	2
7	67	3
7	67	4
7	67	5
7	67	6
7	67	7
7	67	8
7	67	9
7	67	10
7	67	11
7	67	12
7	67	13
7	68	4
7	68	5
7	68	6
7	68	7
7	68	8
7	68	9
7	68	10
7	68	11
7	68	12
7	68	13
7	69	5
7	69	6
7	69	7
7	69	8
7	69	9
7	69	10
7	69	11
7	69	12
7	69	13
7	70	6
7	70	7
7	70	8
7	70	9
7	70	10
7	70	11
7	70	12
7	70	13
7	71	7
7	71	8
7	71	9
7	71	10
7	71	11
7	71	12
7	71	13
7	72	8
7	72	9
7	72	10
7	72	11
7	72	12
7	72	13
7	73	10
7	73	11
7	73	12
8	37	6
8	37	7
8	37	8
8	38	6
8	38	7
8	38	8
8	38	9
8	38	10
8	38	11
8	39	14
8	42	25
8	42	26
8	43	25
8	43	26
8	43	27
8	44	26
8	44	27
8	44	28
8	45	26
8	45	27
8	61	4
8	61	5
8	61	6
8	61	7
8	61	8
8	61	9
8	61	10
8	61	11
8	62	3
8	62	4
8	62	5
8	62	6
8	62	7
8	62	8
8	62	9
8	62	10
8	62	11
8	62	12
8	63	0
8	63	1
8	63	2
8	63	3
8	63	4
8	63	5
8	63	6
8	63	7
8	63	8
8	63	9
8	63	10
8	63	11
8	63	12
8	63	13
8	64	0
8	64	1
8	64	2
8	64	3
8	64	4
8	64	5
8	64	6
8	64	7
8	64	8
8	64	9
8	64	10
8	64	11
8	64	12
8	64	13
8	64	14
8	65	0
8	65	1
8	65	2
8	65	3
8	65	4
8	65	5
8	65	6
8	65	7
8	65	8
8	65	9
8	65	10
8	65	11
8	65	12
8	65	13
8	65	14
8	65	127
8	66	0
8	66	1
8	66	2
8	66	3
8	66	4
8	66	5
8	66	6
8	66	7
8	66	8
8	66	9
8	66	10
8	66	11
8	66	12
8	66	13
8	66	14
8	66	127
8	67	0
8	67	1
8	67	2
8	67	3
8	67	4
8	67	5
8	67	6
8	67	7
8	67	8
8	67	9
8	67	10
8	67	11
8	67	12
8	67	13
8	67	14
8	67	127
8	68	0
8	68	1
8	68	2
8	68	3
8	68	4
8	68	5
8	68	6
8	68	7
8	68	8
8	68	9
8	68	10
8	68	11
8	68	12
8	68	13
8	68	14
8	68	126
8	68	127
8	69	0
8	69	1
8	69	2
8	69	3
8	69	4
8	69	5
8	69	6
8	69	7
8	69	8
8	69	9
8	69	10
8	69	11
8	69	12
8	69	13
8	69	14
8	69	126
8	69	127
8	70	0
8	70	3
8	70	4
8	70	5
8	70	6
8	70	7
8	70	8
8	70	9
8	70	10
8	70	11
8	70	12
8	70	13
8	70	14
8	70	126
8	70	127
8	71	0
8	71	4
8	71	5
8	71	6
8	71	7
8	71	8
8	71	9
8	71	10
8	71	11
8	71	12
8	71	13
8	71	14
8	71	126
8	71	127
8	72	6
8	72	7
8	72	8
8	72	9
8	72	10
8	72	11
8	72	12
8	72	13
8	73	9
8	73	10
8	73	11
8	73	12
8	73	13
9	37	7
9	61	11
9	61	12
9	62	5
9	62	6
9	62	7
9	62	8
9	62	9
9	62	10
9	62	11
9	62	12
9	62	13
9	63	0
9	63	1
9	63	2
9	63	3
9	63	4
9	63	5
9	63	6
9	63	7
9	63	8
9	63	9
9	63	10
9	63	11
9	63	12
9	63	13
9	63	14
9	64	0
9	64	1
9	64	2
9	64	3
9	64	4
9	64	5
9	64	6
9	64	7
9	64	8
9	64	9
9	64	10
9	64	11
9	64	12
9	64	13
9	64	14
9	64	127
9	65	0
9	65	1
9	65	2
9	65	3
9	65	4
9	65	5
9	65	6
9	65	7
9	65	8
9	65	9
9	65	10
9	65	11
9	65	12
9	65	13
9	65	14
9	65	126
9	65	127
9	66	0
9	66	1
9	66	2
9	66	3
9	66	4
9	66	5
9	66	6
9	66	7
9	66	8
9	66	9
9	66	10
9	66	11
9	66	12
9	66	13
9	66	14
9	66	125
9	66	126
9	66	127
9	67	0
9	67	1
9	67	2
9	67	3
9	67	4
9	67	5
9	67	6
9	67	7
9	67	8
9	67	9
9	67	10
9	67	11
9	67	12
9	67	13
9	67	14
9	67	124
9	67	125
9	67	126
9	67	127
9	68	0
9	68	1
9	68	2
9	68	3
9	68	4
9	68	5
9	68	6
9	68	7
9	68	8
9	68	9
9	68	10
9	68	11
9	68	12
9	68	13
9	68	14
9	68	124
9	68	125
9	68	126
9	68	127
9	69	0
9	69	1
9	69	2
9	69	3
9	69	4
9	69	5
9	69	6
9	69	7
9	69	8
9	69	9
9	69	10
9	69	11
9	69	12
9	69	13
9	69	14
9	69	124
9	69	125
9	69	126
9	69	127
9	70	0
9	70	1
9	70	2
9	70	3
9	70	4
9	70	5
9	70	6
9	70	7
9	70	8
9	70	9
9	70	10
9	70	11
9	70	12
9	70	13
9	70	14
9	70	124
9	70	125
9	70	126
9	70	127
9	71	0
9	71	1
9	71	2
9	71	3
9	71	4
9	71	5
9	71	6
9	71	7
9	71	8
9	71	9
9	71	10
9	71	11
9	71	12
9	71	13
9	71	14
9	71	125
9	71	126
9	71	127
9	72	0
9	72	3
9	72	4
9	72	5
9	72	6
9	72	7
9	72	8
9	72	9
9	72	10
9	72	11
9	72	12
9	72	13
9	72	14
9	73	4
9	73	5
9	73	6
9	73	7
9	73	8
9	73	9
9	73	10
9	73	11
9	73	12
9	73	13
9	74	6
9	74	7
10	61	13
10	62	10
10	62	11
10	62	12
10	62	13
10	62	14
10	63	5
10	63	6
10	63	7
10	63	8
10	63	9
10	63	10
10	63	11
10	63	12
10	63	13
10	63	14
10	63	125
10	63	126
10	64	0
10	64	1
10	64	2
10	64	3
10	64	4
10	64	5
10	64	6
10	64	7
10	64	8
10	64	9
10	64	10
10	64	11
10	64	12
10	64	13
10	64	14
10	64	124
10	64	125
10	64	126
10	64	127
10	65	0
10	65	1
10	65	2
10	65	3
10	65	4
10	65	5
10	65	6
10	65	7
10	65	8
10	65	9
10	65	10
10	65	11
10	65	12
10	65	13
10	65	14
10	65	123
10	65	124
10	65	125
10	65	126
10	65	127
10	66	0
10	66	1
10	66	2
10	66	3
10	66	4
10	66	5
10	66	6
10	66	7
10	66	8
10	66	9
10	66	10
10	66	11
10	66	12
10	66	13
10	66	14
10	66	15
10	66	123
10	66	124
10	66	125
10	66	126
10	66	127
10	67	0
10	67	1
10	67	2
10	67	3
10	67	4
10	67	5
10	67	6
10	67	7
10	67	8
10	67	9
10	67	10
10	67	11
10	67	12
10	67	13
10	67	14
10	67	15
10	67	123
10	67	124
10	67	125
10	67	126
10	67	127
10	68	0
10	68	1
10	68	2
10	68	3
10	68	4
10	68	5
10	68	6
10	68	7
10	68	8
10	68	9
10	68	10
10	68	11
10	68	12
10	68	13
10	68	14
10	68	15
10	68	123
10	68	124
10	68	125
10	68	126
10	68	127
10	69	0
10	69	1
10	69	2
10	69	3
10	69	4
10	69	5
10	69	6
10	69	7
10	69	8
10	69	9
10	69	10
10	69	11
10	69	12
10	69	13
10	69	14
10	69	15
10	69	124
10	69	125
10	69	126
10	69	127
10	70	0
10	70	1
10	70	2
10	70	3
10	70	4
10	70	5
10	70	6
10	70	7
10	70	8
10	70	9
10	70	10
10	70	11
10	70	12
10	70	13
10	70	14
10	70	124
10	70	125
10	70	126
10	70	127
10	71	0
10	71	2
10	71	3
10	71	4
10	71	5
10	71	6
10	71	7
10	71	8
10	71	9
10	71	10
10	71	11
10	71	12
10	71	13
10	71	14
10	71	126
10	71	127
10	72	0
10	72	3
10	72	4
10	72	5
10	72	6
10	72	7
10	72	8
10	72	9
10	72	10
10	72	11
10	72	12
10	72	13
10	72	14
10	73	4
10	73	5
10	73	6
10	73	7
10	73	8
10	73	9
10	73	10
10	73	11
10	73	12
10	73	13
10	74	5
10	74	6
10	74	7
10	74	8
10	74	9
10	74	10
10	74	11
10	75	6
10	75	7
10	75	8
11	60	124
11	60	125
11	61	123
11	61	124
11	61	125
11	62	12
11	62	13
11	62	14
11	62	122
11	62	123
11	62	124
11	62	125
11	62	126
11	63	10
11	63	11
11	63	12
11	63	13
11	63	14
11	63	122
11	63	123
11	63	124
11	63	125
11	63	126
11	64	7
11	64	8
11	64	9
11	64	10
11	64	11
11	64	12
11	64	13
11	64	14
11	64	122
11	64	123
11	64	124
11	64	125
11	64	126
11	65	0
11	65	1
11	65	2
11	65	3
11	65	4
11	65	5
11	65	6
11	65	7
11	65	8
11	65	9
11	65	10
11	65	11
11	65	12
11	65	13
11	65	14
11	65	122
11	65	123
11	65	124
11	65	125
11	65	126
11	65	127
11	66	0
11	66	1
11	66	2
11	66	3
11	66	4
11	66	5
11	66	6
11	66	7
11	66	8
11	66	9
11	66	10
11	66	11
11	66	12
11	66	13
11	66	14
11	66	122
11	66	123
11	66	124
11	66	125
11	66	126
11	66	127
11	67	0
11	67	1
11	67	2
11	67	3
11	67	4
11	67	5
11	67	6
11	67	7
11	67	8
11	67	9
11	67	10
11	67	11
11	67	12
11	67	13
11	67	14
11	67	122
11	67	123
11	67	124
11	67	125
11	67	126
11	67	127
11	68	0
11	68	1
11	68	2
11	68	3
11	68	4
11	68	5
11	68	6
11	68	7
11	68	8
11	68	9
11	68	10
11	68	11
11	68	12
11	68	13
11	68	14
11	68	123
11	68	124
11	68	125
11	68	126
11	68	127
11	69	0
11	69	1
11	69	2
11	69	3
11	69	4
11	69	5
11	69	6
11	69	7
11	69	8
11	69	9
11	69	10
11	69	11
11	69	12
11	69	13
11	69	14
11	69	124
11	69	125
11	69	126
11	69	127
11	70	0
11	70	1
11	70	2
11	70	3
11	70	4
11	70	5
11	70	6
11	70	7
11	70	8
11	70	9
11	70	10
11	70	11
11	70	12
11	70	13
11	70	14
11	70	125
11	70	126
11	70	127
11	71	0
11	71	3
11	71	4
11	71	5
11	71	6
11	71	7
11	71	8
11	71	9
11	71	10
11	71	11
11	71	12
11	71	13
11	71	14
11	72	4
11	72	5
11	72	6
11	72	7
11	72	8
11	72	9
11	72	10
11	72	11
11	72	12
11	72	13
11	73	5
11	73	6
11	73	7
11	73	8
11	73	9
11	73	10
11	73	11
11	73	12
11	73	13
11	74	5
11	74	6
11	74	7
11	74	8
11	74	9
11	74	10
11	74	11
11	75	6
11	75	7
11	75	8
11	75	9
11	75	10
11	76	8
12	58	122
12	58	123
12	58	124
12	59	121
12	59	122
12	59	123
12	59	124
12	60	121
12	60	122
12	60	123
12	60	124
12	60	125
12	61	121
12	61	122
12	61	123
12	61	124
12	61	125
12	62	121
12	62	122
12	62	123
12	62	124
12	62	125
12	63	12
12	63	13
12	63	121
12	63	122
12	63	123
12	63	124
12	63	125
12	63	126
12	64	11
12	64	12
12	64	13
12	64	121
12	64	122
12	64	123
12	64	124
12	64	125
12	64	126
12	65	10
12	65	11
12	65	12
12	65	13
12	65	122
12	65	123
12	65	124
12	65	125
12	65	126
12	66	0
12	66	7
12	66	8
12	66	9
12	66	10
12	66	11
12	66	12
12	66	13
12	66	122
12	66	123
12	66	124
12	66	125
12	66	126
12	66	127
12	67	0
12	67	1
12	67	2
12	67	5
12	67	6
12	67	7
12	67	8
12	67	9
12	67	10
12	67	11
12	67	12
12	67	13
12	67	122
12	67	123
12	67	124
12	67	125
12	67	126
12	67	127
12	68	0
12	68	1
12	68	2
12	68	3
12	68	4
12	68	5
12	68	6
12	68	7
12	68	8
12	68	9
12	68	10
12	68	11
12	68	12
12	68	13
12	68	14
12	68	123
12	68	124
12	68	125
12	68	126
12	68	127
12	69	0
12	69	1
12	69	2
12	69	3
12	69	4
12	69	5
12	69	6
12	69	7
12	69	8
12	69	9
12	69	10
12	69	11
12	69	12
12	69	13
12	69	14
12	69	124
12	69	125
12	69	126
12	69	127
12	70	0
12	70	1
12	70	2
12	70	3
12	70	4
12	70	5
12	70	6
12	70	7
12	70	8
12	70	9
12	70	10
12	70	11
12	70	12
12	70	13
12	70	14
12	71	4
12	71	5
12	71	6
12	71	7
12	71	8
12	71	9
12	71	10
12	71	11
12	71	12
12	71	13
12	72	5
12	72	6
12	72	7
12	72	8
12	72	9
12	72	10
12	72	11
12	72	12
12	72	13
12	73	6
12	73	7
12	73	8
12	73	9
12	73	10
12	73	11
12	73	12
12	74	6
12	74	7
12	74	8
12	74	9
12	74	10
12	74	11
12	74	12
12	75	7
12	75	8
12	75	9
12	75	10
12	75	11
12	76	7
12	76	8
12	76	9
12	76	10
13	57	121
13	57	122
13	57	123
13	58	121
13	58	122
13	58	123
13	59	121
13	59	122
13	59	123
13	59	124
13	60	121
13	60	122
13	60	123
13	60	124
13	60	125
13	61	121
13	61	122
13	61	123
13	61	124
13	61	125
13	62	121
13	62	122
13	62	123
13	62	124
13	62	125
13	63	121
13	63	122
13	63	123
13	63	124
13	63	125
13	64	122
13	64	123
13	64	124
13	64	125
13	64	126
13	65	122
13	65	123
13	65	124
13	65	125
13	65	126
13	66	12
13	66	122
13	66	123
13	66	124
13	66	125
13	66	126
13	66	127
13	67	0
13	67	10
13	67	11
13	67	12
13	67	123
13	67	124
13	67	125
13	67	126
13	67	127
13	68	0
13	68	1
13	68	8
13	68	9
13	68	10
13	68	11
13	68	12
13	68	124
13	68	125
13	68	126
13	68	127
13	69	0
13	69	1
13	69	2
13	69	3
13	69	4
13	69	5
13	69	6
13	69	7
13	69	8
13	69	9
13	69	10
13	69	11
13	69	12
13	69	13
13	69	125
13	69	126
13	69	127
13	70	0
13	70	3
13	70	4
13	70	5
13	70	6
13	70	7
13	70	8
13	70	9
13	70	10
13	70	11
13	70	12
13	70	13
13	71	5
13	71	6
13	71	7
13	71	8
13	71	9
13	71	10
13	71	11
13	71	12
13	71	13
13	72	6
13	72	7
13	72	8
13	72	9
13	72	10
13	72	11
13	72	12
13	72	13
13	73	6
13	73	7
13	73	8
13	73	9
13	73	10
13	73	11
13	73	12
13	74	7
13	74	8
13	74	9
13	74	10
13	74	11
13	74	12
13	75	7
13	75	8
13	75	9
13	75	10
13	75	11
13	75	12
13	76	7
13	76	8
13	76	9
13	76	10
13	76	11
13	76	12
13	77	8
13	77	9
13	77	10
13	77	11
14	57	123
14	58	122
14	58	123
14	59	122
14	59	123
14	59	124
14	60	122
14	60	123
14	60	124
14	60	125
14	61	122
14	61	123
14	61	124
14	61	125
14	62	122
14	62	123
14	62	124
14	62	125
14	63	122
14	63	123
14	63	124
14	63	125
14	64	123
14	64	124
14	64	125
14	64	126
14	65	123
14	65	124
14	65	125
14	65	126
14	66	124
14	66	125
14	66	126
14	66	127
14	67	124
14	67	125
14	67	126
14	67	127
14	68	0
14	68	11
14	68	125
14	68	126
14	68	127
14	69	0
14	69	9
14	69	10
14	69	11
14	69	12
14	69	126
14	69	127
14	70	0
14	70	4
14	70	5
14	70	6
14	70	7
14	70	8
14	70	9
14	70	10
14	70	11
14	70	12
14	71	6
14	71	7
14	71	8
14	71	9
14	71	10
14	71	11
14	71	12
14	72	7
14	72	8
14	72	9
14	72	10
14	72	11
14	72	12
14	73	7
14	73	8
14	73	9
14	73	10
14	73	11
14	73	12
14	73	13
14	74	7
14	74	8
14	74	9
14	74	10
14	74	11
14	74	12
14	74	13
14	75	7
14	75	8
14	75	9
14	75	10
14	75	11
14	75	12
14	75	13
14	76	7
14	76	8
14	76	9
14	76	10
14	76	11
14	76	12
14	76	13
14	77	7
14	77	8
14	77	9
14	77	10
14	77	11
14	77	12
14	78	9
14	78	10
14	78	11
15	59	123
15	59	124
15	60	123
15	60	124
15	61	124
15	62	124
15	63	124
15	63	125
15	64	124
15	64	125
15	64	126
15	65	124
15	65	125
15	65	126
15	66	125
15	66	126
15	67	126
15	70	10
15	70	11
15	71	6
15	71	7
15	71	8
15	71	9
15	71	10
15	71	11
15	71	12
15	72	7
15	72	8
15	72	9
15	72	10
15	72	11
15	72	12
15	73	7
15	73	8
15	73	9
15	73	10
15	73	11
15	73	12
15	73	13
15	74	7
15	74	8
15	74	9
15	74	10
15	74	11
15	74	12
15	74	13
15	75	7
15	75	8
15	75	9
15	75	10
15	75	11
15	75	12
15	75	13
15	76	7
15	76	8
15	76	9
15	76	10
15	76	11
15	76	12
15	76	13
15	77	8
15	77	9
15	77	10
15	77	11
15	77	12
15	77	13
15	78	9
15	78	10
15	78	11
15	78	12
16	73	9
16	73	10
16	73	11
16	73	12
16	73	13
16	74	8
16	74	9
16	74	10
16	74	11
16	74	12
16	74	13
16	74	14
16	75	8
16	75	9
16	75	10
16	75	11
16	75	12
16	75	13
16	75	14
16	76	8
16	76	9
16	76	10
16	76	11
16	76	12
16	76	13
16	76	14
16	77	8
16	77	9
16	77	10
16	77	11
16	77	12
16	77	13
16	77	14
16	78	9
16	78	10
16	78	11
16	78	12
16	78	13
17	73	13
17	74	11
17	74	12
17	74	13
17	74	14
17	75	9
17	75	10
17	75	11
17	75	12
17	75	13
17	75	14
17	76	9
17	76	10
17	76	11
17	76	12
17	76	13
17	76	14
17	76	15
17	77	9
17	77	10
17	77	11
17	77	12
17	77	13
17	77	14
17	77	15
17	78	10
17	78	11
17	78	12
17	78	13
17	78	14
18	74	13
18	74	14
18	75	11
18	75	12
18	75	13
18	75	14
18	75	15
18	76	11
18	76	12
18	76	13
18	76	14
18	76	15
18	77	11
18	77	12
18	77	13
18	77	14
18	77	15
18	78	12
18	78	13
18	78	14
18	78	15
19	75	13
19	75	14
19	75	15
19	76	12
19	76	13
19	76	14
19	76	15
19	76	16
19	77	12
19	77	13
19	77	14
19	77	15
19	77	16
19	78	13
19	78	14
19	78	15
20	75	14
20	76	13
20	76	14
20	76	15
20	77	13
20	77	14
20	77	15
20	78	14
20	78	15
20	78	16
21	75	14
21	76	14
21	77	14
120	54	8
120	55	7
120	55	8
120	55	9
120	55	10
120	56	7
120	56	8
120	56	9
120	56	10
120	57	10
120	57	11
120	58	11
121	43	6
121	44	5
121	44	6
121	44	7
121	45	5
121	45	6
121	45	7
121	46	5
121	46	6
121	46	7
121	47	6
121	47	7
121	52	9
121	53	6
121	53	8
121	53	9
121	53	10
121	54	6
121	54	7
121	54	8
121	54	9
121	54	10
121	54	11
121	55	6
121	55	7
121	55	8
121	55	9
121	55	10
121	55	11
121	56	6
121	56	7
121	56	8
121	56	9
121	56	10
121	56	11
121	57	6
121	57	7
121	57	8
121	57	9
121	57	10
121	57	11
121	58	7
121	58	8
121	58	9
121	58	10
121	58	11
121	58	12
121	59	10
121	59	11
121	59	12
121	60	11
121	60	12
121	61	11
121	61	12
121	62	12
122	33	6
122	34	5
122	34	6
122	34	7
122	35	5
122	35	6
122	35	7
122	36	5
122	36	6
122	36	7
122	37	5
122	37	6
122	37	7
122	38	6
122	44	6
122	44	7
122	45	5
122	45	6
122	45	7
122	46	5
122	46	6
122	46	7
122	46	8
122	47	5
122	47	6
122	47	7
122	47	8
122	48	5
122	48	6
122	48	7
122	48	8
122	48	9
122	49	5
122	49	6
122	49	7
122	49	8
122	49	9
122	50	5
122	50	6
122	50	7
122	50	8
122	50	9
122	50	10
122	51	5
122	51	6
122	51	7
122	51	8
122	51	9
122	51	10
122	51	11
122	52	5
122	52	6
122	52	7
122	52	8
122	52	9
122	52	10
122	52	11
122	52	12
122	53	5
122	53	6
122	53	7
122	53	8
122	53	9
122	53	10
122	53	11
122	53	12
122	54	5
122	54	6
122	54	7
122	54	8
122	54	9
122	54	10
122	54	11
122	54	12
122	54	13
122	55	5
122	55	6
122	55	7
122	55	8
122	55	9
122	55	10
122	55	11
122	55	12
122	55	13
122	55	14
122	55	15
122	56	5
122	56	6
122	56	7
122	56	8
122	56	9
122	56	10
122	56	11
122	56	12
122	56	13
122	56	14
122	56	15
122	57	5
122	57	6
122	57	7
122	57	8
122	57	9
122	57	10
122	57	11
122	57	12
122	57	13
122	57	14
122	58	6
122	58	7
122	58	8
122	58	9
122	58	10
122	58	11
122	58	12
122	58	13
122	59	6
122	59	7
122	59	8
122	59	9
122	59	10
122	59	11
122	59	12
122	59	13
122	60	7
122	60	8
122	60	9
122	60	10
122	60	11
122	60	12
122	60	13
122	61	8
122	61	9
122	61	10
122	61	11
122	61	12
122	61	13
122	62	10
122	62	11
122	62	12
122	63	11
122	63	12
122	64	11
122	64	12
122	65	11
122	65	12
122	66	11
122	67	11
122	68	11
122	71	11
122	72	11
122	73	11
123	31	6
123	32	5
123	32	6
123	32	7
123	33	4
123	33	5
123	33	6
123	33	7
123	33	8
123	34	4
123	34	5
123	34	6
123	34	7
123	34	8
123	35	4
123	35	5
123	35	6
123	35	7
123	35	8
123	35	9
123	36	4
123	36	5
123	36	6
123	36	7
123	36	8
123	36	9
123	37	5
123	37	6
123	37	7
123	37	8
123	37	9
123	38	5
123	38	6
123	38	7
123	38	8
123	39	6
123	39	7
123	39	8
123	44	7
123	45	6
123	45	7
123	45	8
123	46	5
123	46	6
123	46	7
123	46	8
123	46	9
123	47	5
123	47	6
123	47	7
123	47	8
123	47	9
123	48	5
123	48	6
123	48	7
123	48	8
123	48	9
123	48	10
123	49	5
123	49	6
123	49	7
123	49	8
123	49	9
123	49	10
123	50	4
123	50	5
123	50	6
123	50	7
123	50	8
123	50	9
123	50	10
123	50	11
123	51	4
123	51	5
123	51	6
123	51	7
123	51	8
123	51	9
123	51	10
123	51	11
123	51	12
123	51	13
123	52	4
123	52	5
123	52	6
123	52	7
123	52	8
123	52	9
123	52	10
123	52	11
123	52	12
123	52	13
123	52	14
123	52	15
123	53	4
123	53	5
123	53	6
123	53	7
123	53	8
123	53	9
123	53	10
123	53	11
123	53	12
123	53	13
123	53	14
123	53	15
123	54	4
123	54	5
123	54	6
123	54	7
123	54	8
123	54	9
123	54	10
123	54	11
123	54	12
123	54	13
123	54	14
123	54	15
123	55	4
123	55	5
123	55	6
123	55	7
123	55	8
123	55	9
123	55	10
123	55	11
123	55	12
123	55	13
123	55	14
123	55	15
123	56	4
123	56	5
123	56	6
123	56	7
123	56	8
123	56	9
123	56	10
123	56	11
123	56	12
123	56	13
123	56	14
123	56	15
123	57	4
123	57	5
123	57	6
123	57	7
123	57	8
123	57	9
123	57	10
123	57	11
123	57	12
123	57	13
123	57	14
123	57	15
123	58	4
123	58	5
123	58	6
123	58	7
123	58	8
123	58	9
123	58	10
123	58	11
123	58	12
123	58	13
123	58	14
123	58	15
123	59	4
123	59	5
123	59	6
123	59	7
123	59	8
123	59	9
123	59	10
123	59	11
123	59	12
123	59	13
123	59	14
123	59	15
123	60	5
123	60	6
123	60	7
123	60	8
123	60	9
123	60	10
123	60	11
123	60	12
123	60	13
123	60	14
123	60	15
123	61	5
123	61	6
123	61	7
123	61	8
123	61	9
123	61	10
123	61	11
123	61	12
123	61	13
123	61	14
123	61	15
123	62	7
123	62	8
123	62	9
123	62	10
123	62	11
123	62	12
123	62	13
123	62	14
123	62	15
123	63	8
123	63	9
123	63	10
123	63	11
123	63	12
123	63	13
123	63	14
123	64	8
123	64	9
123	64	10
123	64	11
123	64	12
123	64	13
123	65	8
123	65	9
123	65	10
123	65	11
123	65	12
123	65	13
123	66	8
123	66	9
123	66	10
123	66	11
123	66	12
123	67	8
123	67	9
123	67	10
123	67	11
123	67	12
123	68	8
123	68	9
123	68	10
123	68	11
123	68	12
123	69	8
123	69	9
123	69	10
123	69	11
123	70	9
123	70	10
123	70	11
123	71	10
123	71	11
123	72	10
123	72	11
123	73	10
123	73	11
124	31	4
124	31	5
124	31	6
124	31	7
124	31	8
124	32	4
124	32	5
124	32	6
124	32	7
124	32	8
124	32	9
124	33	3
124	33	4
124	33	5
124	33	6
124	33	7
124	33	8
124	33	9
124	34	3
124	34	4
124	34	5
124	34	6
124	34	7
124	34	8
124	34	9
124	34	10
124	35	4
124	35	5
124	35	6
124	35	7
124	35	8
124	35	9
124	35	10
124	36	4
124	36	5
124	36	6
124	36	7
124	36	8
124	36	9
124	36	10
124	37	4
124	37	5
124	37	6
124	37	7
124	37	8
124	37	9
124	37	10
124	38	5
124	38	6
124	38	7
124	38	8
124	38	9
124	38	10
124	39	5
124	39	6
124	39	7
124	39	8
124	39	9
124	39	10
124	40	6
124	40	7
124	40	8
124	40	9
124	41	8
124	45	6
124	45	7
124	45	8
124	46	5
124	46	6
124	46	7
124	46	8
124	46	9
124	47	5
124	47	6
124	47	7
124	47	8
124	47	9
124	47	10
124	48	5
124	48	6
124	48	7
124	48	8
124	48	9
124	48	10
124	49	4
124	49	5
124	49	6
124	49	7
124	49	8
124	49	9
124	49	10
124	49	11
124	50	4
124	50	5
124	50	6
124	50	7
124	50	8
124	50	9
124	50	10
124	50	11
124	50	12
124	50	13
124	50	14
124	51	3
124	51	4
124	51	5
124	51	6
124	51	7
124	51	8
124	51	9
124	51	10
124	51	11
124	51	12
124	51	13
124	51	14
124	51	15
124	52	3
124	52	4
124	52	5
124	52	6
124	52	7
124	52	8
124	52	9
124	52	10
124	52	11
124	52	12
124	52	13
124	52	14
124	52	15
124	52	16
124	53	3
124	53	4
124	53	5
124	53	6
124	53	7
124	53	8
124	53	9
124	53	10
124	53	11
124	53	12
124	53	13
124	53	14
124	53	15
124	53	16
124	54	3
124	54	4
124	54	5
124	54	6
124	54	7
124	54	8
124	54	9
124	54	10
124	54	11
124	54	12
124	54	13
124	54	14
124	54	15
124	54	16
124	55	3
124	55	4
124	55	5
124	55	6
124	55	7
124	55	8
124	55	9
124	55	10
124	55	11
124	55	12
124	55	13
124	55	14
124	55	15
124	55	16
124	56	3
124	56	4
124	56	5
124	56	6
124	56	7
124	56	8
124	56	9
124	56	10
124	56	11
124	56	12
124	56	13
124	56	14
124	56	15
124	56	16
124	57	3
124	57	4
124	57	5
124	57	6
124	57	7
124	57	8
124	57	9
124	57	10
124	57	11
124	57	12
124	57	13
124	57	14
124	57	15
124	57	16
124	58	3
124	58	4
124	58	5
124	58	6
124	58	7
124	58	8
124	58	9
124	58	10
124	58	11
124	58	12
124	58	13
124	58	14
124	58	15
124	58	16
124	59	3
124	59	4
124	59	5
124	59	6
124	59	7
124	59	8
124	59	9
124	59	10
124	59	11
124	59	12
124	59	13
124	59	14
124	59	15
124	59	16
124	60	3
124	60	4
124	60	5
124	60	6
124	60	7
124	60	8
124	60	9
124	60	10
124	60	11
124	60	12
124	60	13
124	60	14
124	60	15
124	60	16
124	61	3
124	61	4
124	61	5
124	61	6
124	61	7
124	61	8
124	61	9
124	61	10
124	61	11
124	61	12
124	61	13
124	61	14
124	61	15
124	61	16
124	62	4
124	62	5
124	62	6
124	62	7
124	62	8
124	62	9
124	62	10
124	62	11
124	62	12
124	62	13
124	62	14
124	62	15
124	62	16
124	63	4
124	63	5
124	63	6
124	63	7
124	63	8
124	63	9
124	63	10
124	63	11
124	63	12
124	63	13
124	63	14
124	63	15
124	63	16
124	64	4
124	64	5
124	64	6
124	64	7
124	64	8
124	64	9
124	64	10
124	64	11
124	64	12
124	64	13
124	64	14
124	64	15
124	64	16
124	65	4
124	65	5
124	65	6
124	65	7
124	65	8
124	65	9
124	65	10
124	65	11
124	65	12
124	65	13
124	65	14
124	65	15
124	66	4
124	66	5
124	66	6
124	66	7
124	66	8
124	66	9
124	66	10
124	66	11
124	66	12
124	66	13
124	66	14
124	67	5
124	67	6
124	67	7
124	67	8
124	67	9
124	67	10
124	67	11
124	67	12
124	67	13
124	68	6
124	68	7
124	68	8
124	68	9
124	68	10
124	68	11
124	68	12
124	68	13
124	69	6
124	69	7
124	69	8
124	69	9
124	69	10
124	69	11
124	69	12
124	69	13
124	70	6
124	70	7
124	70	8
124	70	9
124	70	10
124	70	11
124	70	12
124	70	13
124	71	6
124	71	7
124	71	8
124	71	9
124	71	10
124	71	11
124	71	12
124	72	7
124	72	8
124	72	9
124	72	10
124	72	11
124	72	12
124	73	8
124	73	9
124	73	10
124	73	11
124	73	12
124	74	10
124	74	11
125	29	9
125	29	10
125	29	11
125	30	4
125	30	5
125	30	6
125	30	7
125	30	8
125	30	9
125	30	10
125	30	11
125	30	12
125	31	3
125	31	4
125	31	5
125	31	6
125	31	7
125	31	8
125	31	9
125	31	10
125	31	11
125	32	3
125	32	4
125	32	5
125	32	6
125	32	7
125	32	8
125	32	9
125	32	10
125	32	11
125	33	3
125	33	4
125	33	5
125	33	6
125	33	7
125	33	8
125	33	9
125	33	10
125	33	11
125	34	3
125	34	4
125	34	5
125	34	6
125	34	7
125	34	8
125	34	9
125	34	10
125	34	11
125	35	3
125	35	4
125	35	5
125	35	6
125	35	7
125	35	8
125	35	9
125	35	10
125	35	11
125	36	3
125	36	4
125	36	5
125	36	6
125	36	7
125	36	8
125	36	9
125	36	10
125	36	11
125	37	4
125	37	5
125	37	6
125	37	7
125	37	8
125	37	9
125	37	10
125	37	11
125	38	4
125	38	5
125	38	6
125	38	7
125	38	8
125	38	9
125	38	10
125	38	11
125	39	5
125	39	6
125	39	7
125	39	8
125	39	9
125	39	10
125	39	11
125	40	6
125	40	7
125	40	8
125	40	9
125	40	10
125	40	11
125	41	6
125	41	7
125	41	8
125	41	9
125	41	10
125	41	11
125	42	7
125	42	8
125	42	9
125	42	10
125	43	8
125	43	9
125	43	10
125	44	8
125	44	9
125	45	7
125	45	8
125	45	9
125	45	10
125	46	6
125	46	7
125	46	8
125	46	9
125	46	10
125	47	5
125	47	6
125	47	7
125	47	8
125	47	9
125	47	10
125	48	5
125	48	6
125	48	7
125	48	8
125	48	9
125	48	10
125	48	11
125	49	4
125	49	5
125	49	6
125	49	7
125	49	8
125	49	9
125	49	10
125	49	11
125	49	12
125	49	13
125	50	3
125	50	4
125	50	5
125	50	6
125	50	7
125	50	8
125	50	9
125	50	10
125	50	11
125	50	12
125	50	13
125	50	14
125	50	15
125	50	16
125	51	3
125	51	4
125	51	5
125	51	6
125	51	7
125	51	8
125	51	9
125	51	10
125	51	11
125	51	12
125	51	13
125	51	14
125	51	15
125	51	16
125	52	3
125	52	4
125	52	5
125	52	6
125	52	7
125	52	8
125	52	9
125	52	10
125	52	11
125	52	12
125	52	13
125	52	14
125	52	15
125	52	16
125	53	3
125	53	4
125	53	5
125	53	6
125	53	7
125	53	8
125	53	9
125	53	10
125	53	11
125	53	12
125	53	13
125	53	14
125	53	15
125	53	16
125	54	2
125	54	3
125	54	4
125	54	5
125	54	6
125	54	7
125	54	8
125	54	9
125	54	10
125	54	11
125	54	12
125	54	13
125	54	14
125	54	15
125	54	16
125	55	1
125	55	2
125	55	3
125	55	4
125	55	5
125	55	6
125	55	7
125	55	8
125	55	9
125	55	10
125	55	11
125	55	12
125	55	13
125	55	14
125	55	15
125	55	16
125	56	1
125	56	2
125	56	3
125	56	4
125	56	5
125	56	6
125	56	7
125	56	8
125	56	9
125	56	10
125	56	11
125	56	12
125	56	13
125	56	14
125	56	15
125	56	16
125	57	1
125	57	2
125	57	3
125	57	4
125	57	5
125	57	6
125	57	7
125	57	8
125	57	9
125	57	10
125	57	11
125	57	12
125	57	13
125	57	14
125	57	15
125	57	16
125	58	1
125	58	2
125	58	3
125	58	4
125	58	5
125	58	6
125	58	7
125	58	8
125	58	9
125	58	10
125	58	11
125	58	12
125	58	13
125	58	14
125	58	15
125	58	16
125	59	1
125	59	2
125	59	3
125	59	4
125	59	5
125	59	6
125	59	7
125	59	8
125	59	9
125	59	10
125	59	11
125	59	12
125	59	13
125	59	14
125	59	15
125	59	16
125	60	2
125	60	3
125	60	4
125	60	5
125	60	6
125	60	7
125	60	8
125	60	9
125	60	10
125	60	11
125	60	12
125	60	13
125	60	14
125	60	15
125	60	16
125	61	2
125	61	3
125	61	4
125	61	5
125	61	6
125	61	7
125	61	8
125	61	9
125	61	10
125	61	11
125	61	12
125	61	13
125	61	14
125	61	15
125	61	16
125	62	2
125	62	3
125	62	4
125	62	5
125	62	6
125	62	7
125	62	8
125	62	9
125	62	10
125	62	11
125	62	12
125	62	13
125	62	14
125	62	15
125	62	16
125	63	2
125	63	3
125	63	4
125	63	5
125	63	6
125	63	7
125	63	8
125	63	9
125	63	10
125	63	11
125	63	12
125	63	13
125	63	14
125	63	15
125	63	16
125	64	2
125	64	3
125	64	4
125	64	5
125	64	6
125	64	7
125	64	8
125	64	9
125	64	10
125	64	11
125	64	12
125	64	13
125	64	14
125	64	15
125	64	16
125	65	2
125	65	3
125	65	4
125	65	5
125	65	6
125	65	7
125	65	8
125	65	9
125	65	10
125	65	11
125	65	12
125	65	13
125	65	14
125	65	15
125	65	16
125	66	3
125	66	4
125	66	5
125	66	6
125	66	7
125	66	8
125	66	9
125	66	10
125	66	11
125	66	12
125	66	13
125	66	14
125	66	15
125	66	16
125	67	3
125	67	4
125	67	5
125	67	6
125	67	7
125	67	8
125	67	9
125	67	10
125	67	11
125	67	12
125	67	13
125	67	14
125	67	15
125	67	16
125	68	3
125	68	4
125	68	5
125	68	6
125	68	7
125	68	8
125	68	9
125	68	10
125	68	11
125	68	12
125	68	13
125	68	14
125	68	15
125	69	4
125	69	5
125	69	6
125	69	7
125	69	8
125	69	9
125	69	10
125	69	11
125	69	12
125	69	13
125	69	14
125	69	15
125	70	4
125	70	5
125	70	6
125	70	7
125	70	8
125	70	9
125	70	10
125	70	11
125	70	12
125	70	13
125	70	14
125	71	5
125	71	6
125	71	7
125	71	8
125	71	9
125	71	10
125	71	11
125	71	12
125	71	13
125	71	14
125	72	7
125	72	8
125	72	9
125	72	10
125	72	11
125	72	12
125	72	13
125	72	14
125	73	8
125	73	9
125	73	10
125	73	11
125	73	12
125	73	13
125	74	9
125	74	10
125	74	11
125	74	12
125	75	11
126	28	9
126	28	10
126	28	11
126	28	12
126	29	4
126	29	5
126	29	6
126	29	7
126	29	8
126	29	9
126	29	10
126	29	11
126	29	12
126	29	13
126	30	2
126	30	3
126	30	4
126	30	5
126	30	6
126	30	7
126	30	8
126	30	9
126	30	10
126	30	11
126	30	12
126	30	13
126	30	14
126	31	2
126	31	3
126	31	4
126	31	5
126	31	6
126	31	7
126	31	8
126	31	9
126	31	10
126	31	11
126	31	12
126	31	13
126	31	14
126	31	15
126	32	2
126	32	3
126	32	4
126	32	5
126	32	6
126	32	7
126	32	8
126	32	9
126	32	10
126	32	11
126	32	12
126	32	13
126	32	14
126	32	15
126	32	16
126	32	17
126	33	2
126	33	3
126	33	4
126	33	5
126	33	6
126	33	7
126	33	8
126	33	9
126	33	10
126	33	11
126	33	12
126	33	13
126	33	14
126	33	15
126	33	18
126	33	19
126	33	20
126	34	2
126	34	3
126	34	4
126	34	5
126	34	6
126	34	7
126	34	8
126	34	9
126	34	10
126	34	11
126	34	12
126	34	13
126	34	14
126	34	19
126	34	20
126	35	2
126	35	3
126	35	4
126	35	5
126	35	6
126	35	7
126	35	8
126	35	9
126	35	10
126	35	11
126	35	12
126	35	13
126	35	19
126	35	20
126	35	21
126	36	3
126	36	4
126	36	5
126	36	6
126	36	7
126	36	8
126	36	9
126	36	10
126	36	11
126	36	12
126	36	13
126	36	20
126	36	21
126	37	3
126	37	4
126	37	5
126	37	6
126	37	7
126	37	8
126	37	9
126	37	10
126	37	11
126	37	12
126	37	13
126	38	4
126	38	5
126	38	6
126	38	7
126	38	8
126	38	9
126	38	10
126	38	11
126	38	12
126	38	13
126	39	5
126	39	6
126	39	7
126	39	8
126	39	9
126	39	10
126	39	11
126	39	12
126	39	13
126	40	5
126	40	6
126	40	7
126	40	8
126	40	9
126	40	10
126	40	11
126	40	12
126	40	13
126	41	6
126	41	7
126	41	8
126	41	9
126	41	10
126	41	11
126	41	12
126	41	13
126	42	7
126	42	8
126	42	9
126	42	10
126	42	11
126	42	12
126	42	13
126	43	7
126	43	8
126	43	9
126	43	10
126	43	11
126	43	12
126	44	7
126	44	8
126	44	9
126	44	10
126	44	11
126	44	12
126	45	7
126	45	8
126	45	9
126	45	10
126	45	11
126	46	6
126	46	7
126	46	8
126	46	9
126	46	10
126	46	11
126	47	6
126	47	7
126	47	8
126	47	9
126	47	10
126	47	11
126	47	12
126	48	5
126	48	6
126	48	7
126	48	8
126	48	9
126	48	10
126	48	11
126	48	12
126	48	13
126	49	5
126	49	6
126	49	7
126	49	8
126	49	9
126	49	10
126	49	11
126	49	12
126	49	13
126	49	14
126	49	15
126	49	16
126	50	3
126	50	4
126	50	5
126	50	6
126	50	7
126	50	8
126	50	9
126	50	10
126	50	11
126	50	12
126	50	13
126	50	14
126	50	15
126	50	16
126	50	17
126	51	3
126	51	4
126	51	5
126	51	6
126	51	7
126	51	8
126	51	9
126	51	10
126	51	11
126	51	12
126	51	13
126	51	14
126	51	15
126	51	16
126	51	17
126	52	3
126	52	4
126	52	5
126	52	6
126	52	7
126	52	8
126	52	9
126	52	10
126	52	11
126	52	12
126	52	13
126	52	14
126	52	15
126	52	16
126	52	17
126	53	3
126	53	4
126	53	5
126	53	6
126	53	7
126	53	8
126	53	9
126	53	10
126	53	11
126	53	12
126	53	13
126	53	14
126	53	15
126	53	16
126	54	1
126	54	2
126	54	3
126	54	4
126	54	5
126	54	6
126	54	7
126	54	8
126	54	9
126	54	10
126	54	11
126	54	12
126	54	13
126	54	14
126	54	15
126	54	16
126	55	0
126	55	1
126	55	2
126	55	3
126	55	4
126	55	5
126	55	6
126	55	7
126	55	8
126	55	9
126	55	10
126	55	11
126	55	12
126	55	13
126	55	14
126	55	15
126	55	16
126	56	0
126	56	1
126	56	2
126	56	3
126	56	4
126	56	5
126	56	6
126	56	7
126	56	8
126	56	9
126	56	10
126	56	11
126	56	12
126	56	13
126	56	14
126	56	15
126	56	16
126	57	0
126	57	1
126	57	2
126	57	3
126	57	4
126	57	5
126	57	6
126	57	7
126	57	8
126	57	9
126	57	10
126	57	11
126	57	12
126	57	13
126	57	14
126	57	15
126	57	16
126	58	0
126	58	1
126	58	2
126	58	3
126	58	4
126	58	5
126	58	6
126	58	7
126	58	8
126	58	9
126	58	10
126	58	11
126	58	12
126	58	13
126	58	14
126	58	15
126	58	16
126	59	1
126	59	2
126	59	3
126	59	4
126	59	5
126	59	6
126	59	7
126	59	8
126	59	9
126	59	10
126	59	11
126	59	12
126	59	13
126	59	14
126	59	15
126	59	16
126	60	1
126	60	2
126	60	3
126	60	4
126	60	5
126	60	6
126	60	7
126	60	8
126	60	9
126	60	10
126	60	11
126	60	12
126	60	13
126	60	14
126	60	15
126	60	16
126	61	1
126	61	2
126	61	3
126	61	4
126	61	5
126	61	6
126	61	7
126	61	8
126	61	9
126	61	10
126	61	11
126	61	12
126	61	13
126	61	14
126	61	15
126	61	16
126	62	1
126	62	2
126	62	3
126	62	4
126	62	5
126	62	6
126	62	7
126	62	8
126	62	9
126	62	10
126	62	11
126	62	12
126	62	13
126	62	14
126	62	15
126	62	16
126	63	1
126	63	2
126	63	3
126	63	4
126	63	5
126	63	6
126	63	7
126	63	8
126	63	9
126	63	10
126	63	11
126	63	12
126	63	13
126	63	14
126	63	15
126	63	16
126	64	1
126	64	2
126	64	3
126	64	4
126	64	5
126	64	6
126	64	7
126	64	8
126	64	9
126	64	10
126	64	11
126	64	12
126	64	13
126	64	14
126	64	15
126	64	16
126	65	1
126	65	2
126	65	3
126	65	4
126	65	5
126	65	6
126	65	7
126	65	8
126	65	9
126	65	10
126	65	11
126	65	12
126	65	13
126	65	14
126	65	15
126	65	16
126	66	1
126	66	2
126	66	3
126	66	4
126	66	5
126	66	6
126	66	7
126	66	8
126	66	9
126	66	10
126	66	11
126	66	12
126	66	13
126	66	14
126	66	15
126	66	16
126	67	2
126	67	3
126	67	4
126	67	5
126	67	6
126	67	7
126	67	8
126	67	9
126	67	10
126	67	11
126	67	12
126	67	13
126	67	14
126	67	15
126	67	16
126	68	2
126	68	3
126	68	4
126	68	5
126	68	6
126	68	7
126	68	8
126	68	9
126	68	10
126	68	11
126	68	12
126	68	13
126	68	14
126	68	15
126	68	16
126	69	2
126	69	3
126	69	4
126	69	5
126	69	6
126	69	7
126	69	8
126	69	9
126	69	10
126	69	11
126	69	12
126	69	13
126	69	14
126	69	15
126	69	16
126	70	4
126	70	5
126	70	6
126	70	7
126	70	8
126	70	9
126	70	10
126	70	11
126	70	12
126	70	13
126	70	14
126	70	15
126	70	16
126	71	6
126	71	7
126	71	8
126	71	9
126	71	10
126	71	11
126	71	12
126	71	13
126	71	14
126	71	15
126	72	7
126	72	8
126	72	9
126	72	10
126	72	11
126	72	12
126	72	13
126	72	14
126	72	15
126	73	8
126	73	9
126	73	10
126	73	11
126	73	12
126	73	13
126	73	14
126	74	9
126	74	10
126	74	11
126	74	12
126	74	13
126	75	10
126	75	11
126	75	12
127	27	11
127	27	12
127	28	3
127	28	4
127	28	5
127	28	9
127	28	10
127	28	11
127	28	12
127	28	13
127	28	14
127	29	2
127	29	3
127	29	4
127	29	5
127	29	6
127	29	7
127	29	8
127	29	9
127	29	10
127	29	11
127	29	12
127	29	13
127	29	14
127	29	15
127	29	16
127	30	2
127	30	3
127	30	4
127	30	5
127	30	6
127	30	7
127	30	8
127	30	9
127	30	10
127	30	11
127	30	12
127	30	13
127	30	14
127	30	15
127	30	16
127	30	17
127	30	18
127	30	19
127	31	2
127	31	3
127	31	4
127	31	5
127	31	6
127	31	7
127	31	8
127	31	9
127	31	10
127	31	11
127	31	12
127	31	13
127	31	14
127	31	15
127	31	16
127	31	17
127	31	18
127	31	19
127	32	1
127	32	2
127	32	3
127	32	4
127	32	5
127	32	6
127	32	7
127	32	8
127	32	9
127	32	10
127	32	11
127	32	12
127	32	13
127	32	14
127	32	15
127	32	16
127	32	17
127	32	18
127	32	19
127	32	20
127	33	1
127	33	2
127	33	3
127	33	4
127	33	5
127	33	6
127	33	7
127	33	8
127	33	9
127	33	10
127	33	11
127	33	12
127	33	13
127	33	14
127	33	15
127	33	16
127	33	17
127	33	18
127	33	19
127	33	20
127	33	21
127	34	1
127	34	2
127	34	3
127	34	4
127	34	5
127	34	6
127	34	7
127	34	8
127	34	9
127	34	10
127	34	11
127	34	12
127	34	13
127	34	14
127	34	15
127	34	16
127	34	17
127	34	18
127	34	19
127	34	20
127	34	21
127	34	22
127	35	2
127	35	3
127	35	4
127	35	5
127	35	6
127	35	7
127	35	8
127	35	9
127	35	10
127	35	11
127	35	12
127	35	13
127	35	14
127	35	15
127	35	16
127	35	17
127	35	18
127	35	19
127	35	20
127	35	21
127	35	22
127	35	23
127	36	2
127	36	3
127	36	4
127	36	5
127	36	6
127	36	7
127	36	8
127	36	9
127	36	10
127	36	11
127	36	12
127	36	13
127	36	14
127	36	15
127	36	16
127	36	17
127	36	18
127	36	19
127	36	20
127	36	21
127	36	22
127	36	23
127	37	3
127	37	4
127	37	5
127	37	6
127	37	7
127	37	8
127	37	9
127	37	10
127	37	11
127	37	12
127	37	13
127	37	14
127	37	15
127	37	18
127	37	19
127	37	20
127	37	21
127	37	22
127	37	23
127	38	3
127	38	4
127	38	5
127	38	6
127	38	7
127	38	8
127	38	9
127	38	10
127	38	11
127	38	12
127	38	13
127	38	14
127	38	15
127	38	19
127	38	20
127	38	21
127	38	22
127	38	23
127	39	4
127	39	5
127	39	6
127	39	7
127	39	8
127	39	9
127	39	10
127	39	11
127	39	12
127	39	13
127	39	14
127	39	15
127	39	19
127	39	20
127	39	21
127	39	22
127	39	23
127	40	5
127	40	6
127	40	7
127	40	8
127	40	9
127	40	10
127	40	11
127	40	12
127	40	13
127	40	14
127	40	15
127	40	21
127	40	22
127	41	5
127	41	6
127	41	7
127	41	8
127	41	9
127	41	10
127	41	11
127	41	12
127	41	13
127	41	14
127	41	15
127	42	6
127	42	7
127	42	8
127	42	9
127	42	10
127	42	11
127	42	12
127	42	13
127	42	14
127	42	15
127	42	22
127	43	7
127	43	8
127	43	9
127	43	10
127	43	11
127	43	12
127	43	13
127	43	14
127	44	7
127	44	8
127	44	9
127	44	10
127	44	11
127	44	12
127	44	13
127	45	7
127	45	8
127	45	9
127	45	10
127	45	11
127	45	12
127	45	13
127	46	7
127	46	8
127	46	9
127	46	10
127	46	11
127	46	12
127	47	7
127	47	8
127	47	9
127	47	10
127	47	11
127	47	12
127	48	6
127	48	7
127	48	8
127	48	9
127	48	10
127	48	11
127	48	12
127	48	13
127	49	5
127	49	6
127	49	7
127	49	8
127	49	9
127	49	10
127	49	11
127	49	12
127	49	13
127	49	14
127	49	15
127	50	4
127	50	5
127	50	6
127	50	7
127	50	8
127	50	9
127	50	10
127	50	11
127	50	12
127	50	13
127	50	14
127	50	15
127	50	16
127	50	17
127	51	3
127	51	4
127	51	5
127	51	6
127	51	7
127	51	8
127	51	9
127	51	10
127	51	11
127	51	12
127	51	13
127	51	14
127	51	15
127	51	16
127	51	17
127	52	3
127	52	4
127	52	5
127	52	6
127	52	7
127	52	8
127	52	9
127	52	10
127	52	11
127	52	12
127	52	13
127	52	14
127	52	15
127	52	16
127	52	17
127	53	1
127	53	2
127	53	3
127	53	4
127	53	5
127	53	6
127	53	7
127	53	8
127	53	9
127	53	10
127	53	11
127	53	12
127	53	13
127	53	14
127	53	15
127	53	16
127	54	0
127	54	1
127	54	2
127	54	3
127	54	4
127	54	5
127	54	6
127	54	7
127	54	8
127	54	9
127	54	10
127	54	11
127	54	12
127	54	13
127	54	14
127	54	15
127	54	16
127	55	0
127	55	1
127	55	2
127	55	3
127	55	4
127	55	5
127	55	6
127	55	7
127	55	8
127	55	9
127	55	10
127	55	11
127	55	12
127	55	13
127	55	14
127	55	15
127	55	16
127	55	127
127	56	0
127	56	1
127	56	2
127	56	3
127	56	4
127	56	5
127	56	6
127	56	7
127	56	8
127	56	9
127	56	10
127	56	11
127	56	12
127	56	13
127	56	14
127	56	15
127	56	16
127	56	127
127	57	0
127	57	1
127	57	2
127	57	3
127	57	4
127	57	5
127	57	6
127	57	7
127	57	8
127	57	9
127	57	10
127	57	11
127	57	12
127	57	13
127	57	14
127	57	15
127	57	16
127	57	127
127	58	0
127	58	1
127	58	2
127	58	3
127	58	4
127	58	5
127	58	6
127	58	7
127	58	8
127	58	9
127	58	10
127	58	11
127	58	12
127	58	13
127	58	14
127	58	15
127	58	16
127	58	127
127	59	0
127	59	1
127	59	2
127	59	3
127	59	4
127	59	5
127	59	6
127	59	7
127	59	8
127	59	9
127	59	10
127	59	11
127	59	12
127	59	13
127	59	14
127	59	15
127	59	16
127	59	127
127	60	0
127	60	1
127	60	2
127	60	3
127	60	4
127	60	5
127	60	6
127	60	7
127	60	8
127	60	9
127	60	10
127	60	11
127	60	12
127	60	13
127	60	14
127	60	15
127	60	16
127	61	0
127	61	1
127	61	2
127	61	3
127	61	4
127	61	5
127	61	6
127	61	7
127	61	8
127	61	9
127	61	10
127	61	11
127	61	12
127	61	13
127	61	14
127	61	15
127	61	16
127	62	0
127	62	1
127	62	2
127	62	3
127	62	4
127	62	5
127	62	6
127	62	7
127	62	8
127	62	9
127	62	10
127	62	11
127	62	12
127	62	13
127	62	14
127	62	15
127	62	16
127	63	0
127	63	1
127	63	2
127	63	3
127	63	4
127	63	5
127	63	6
127	63	7
127	63	8
127	63	9
127	63	10
127	63	11
127	63	12
127	63	13
127	63	14
127	63	15
127	63	16
127	64	0
127	64	1
127	64	2
127	64	3
127	64	4
127	64	5
127	64	6
127	64	7
127	64	8
127	64	9
127	64	10
127	64	11
127	64	12
127	64	13
127	64	14
127	64	15
127	64	16
127	65	0
127	65	1
127	65	2
127	65	3
127	65	4
127	65	5
127	65	6
127	65	7
127	65	8
127	65	9
127	65	10
127	65	11
127	65	12
127	65	13
127	65	14
127	65	15
127	65	16
127	66	0
127	66	1
127	66	2
127	66	3
127	66	4
127	66	5
127	66	6
127	66	7
127	66	8
127	66	9
127	66	10
127	66	11
127	66	12
127	66	13
127	66	14
127	66	15
127	66	16
127	67	1
127	67	2
127	67	3
127	67	4
127	67	5
127	67	6
127	67	7
127	67	8
127	67	9
127	67	10
127	67	11
127	67	12
127	67	13
127	67	14
127	67	15
127	67	16
127	68	2
127	68	3
127	68	4
127	68	5
127	68	6
127	68	7
127	68	8
127	68	9
127	68	10
127	68	11
127	68	12
127	68	13
127	68	14
127	68	15
127	68	16
127	69	3
127	69	4
127	69	5
127	69	6
127	69	7
127	69	8
127	69	9
127	69	10
127	69	11
127	69	12
127	69	13
127	69	14
127	69	15
127	69	16
127	70	5
127	70	6
127	70	7
127	70	8
127	70	9
127	70	10
127	70	11
127	70	12
127	70	13
127	70	14
127	70	15
127	70	16
127	71	6
127	71	7
127	71	8
127	71	9
127	71	10
127	71	11
127	71	12
127	71	13
127	71	14
127	71	15
127	72	7
127	72	8
127	72	9
127	72	10
127	72	11
127	72	12
127	72	13
127	72	14
127	72	15
127	73	8
127	73	9
127	73	10
127	73	11
127	73	12
127	73	13
127	73	14
127	74	9
127	74	10
127	74	11
127	74	12
127	74	13
127	74	14
127	75	10
127	75	11
127	75	12
127	75	13
127	76	11
127	76	12
