#i	j	k
88	3	46
88	4	46
88	5	46
88	6	46
88	7	46
88	8	46
89	0	47
89	1	46
89	1	47
89	2	46
89	2	47
89	3	46
89	3	47
89	4	45
89	4	46
89	4	47
89	5	45
89	5	46
89	5	47
89	6	45
89	6	46
89	6	47
89	7	45
89	7	46
89	7	47
89	8	46
89	8	47
89	9	46
89	9	47
90	0	47
90	0	48
90	1	46
90	1	47
90	1	48
90	2	46
90	2	47
90	2	48
90	3	45
90	3	46
90	3	47
90	3	48
90	4	45
90	4	46
90	4	47
90	4	48
90	5	45
90	5	46
90	5	47
90	5	48
90	6	45
90	6	46
90	6	47
90	6	48
90	7	45
90	7	46
90	7	47
90	7	48
90	8	45
90	8	46
90	8	47
90	8	48
90	9	45
90	9	46
90	9	47
90	10	46
90	10	47
90	127	47
90	127	48
91	0	47
91	0	48
91	0	49
91	1	46
91	1	47
91	1	48
91	1	49
91	2	46
91	2	47
91	2	48
91	2	49
91	3	45
91	3	46
91	3	47
91	3	48
91	3	49
91	4	45
91	4	46
91	4	47
91	4	48
91	4	49
91	5	45
91	5	46
91	5	47
91	5	48
91	5	49
91	6	45
91	6	46
91	6	47
91	6	48
91	6	49
91	7	46
91	7	47
91	7	48
91	7	49
91	8	46
91	8	47
91	8	48
91	8	49
91	9	46
91	9	47
91	9	48
91	10	47
91	10	48
91	11	48
91	12	48
91	13	48
91	126	48
91	126	49
91	126	50
91	126	51
91	127	47
91	127	48
91	127	49
92	0	47
92	0	48
92	0	49
92	0	50
92	1	46
92	1	47
92	1	48
92	1	49
92	1	50
92	2	46
92	2	47
92	2	48
92	2	49
92	2	50
92	3	46
92	3	47
92	3	48
92	3	49
92	3	50
92	4	45
92	4	46
92	4	47
92	4	48
92	4	49
92	4	50
92	5	45
92	5	46
92	5	47
92	5	48
92	5	49
92	5	50
92	6	45
92	6	46
92	6	47
92	6	48
92	6	49
92	6	50
92	7	46
92	7	47
92	7	48
92	7	49
92	7	50
92	8	46
92	8	47
92	8	48
92	8	49
92	8	50
92	9	47
92	9	48
92	9	49
92	10	47
92	10	48
92	10	49
92	11	48
92	11	49
92	12	48
92	12	49
92	13	49
92	125	48
92	125	49
92	125	50
92	125	51
92	126	47
92	126	48
92	126	49
92	126	50
92	126	51
92	126	52
92	127	47
92	127	48
92	127	49
92	127	50
92	127	51
93	0	47
93	0	48
93	0	49
93	0	50
93	0	51
93	1	46
93	1	47
93	1	48
93	1	49
93	1	50
93	1	51
93	2	46
93	2	47
93	2	48
93	2	49
93	2	50
93	2	51
93	3	45
93	3	46
93	3	47
93	3	48
93	3	49
93	3	50
93	3	51
93	4	45
93	4	46
93	4	47
93	4	48
93	4	49
93	4	50
93	4	51
93	5	46
93	5	47
93	5	48
93	5	49
93	5	50
93	5	51
93	6	46
93	6	47
93	6	48
93	6	49
93	6	50
93	6	51
93	7	46
93	7	47
93	7	48
93	7	49
93	7	50
93	7	51
93	8	47
93	8	48
93	8	49
93	8	50
93	8	51
93	9	47
93	9	48
93	9	49
93	9	50
93	9	51
93	10	47
93	10	48
93	10	49
93	10	50
93	10	51
93	11	47
93	11	48
93	11	49
93	11	50
93	11	51
93	12	48
93	12	49
93	12	50
93	12	51
93	13	49
93	13	50
93	13	51
93	14	49
93	14	50
93	14	51
93	15	50
93	15	51
93	121	48
93	122	47
93	122	48
93	122	49
93	123	47
93	123	48
93	123	49
93	123	50
93	124	47
93	124	48
93	124	49
93	124	50
93	124	51
93	125	47
93	125	48
93	125	49
93	125	50
93	125	51
93	125	52
93	125	53
93	125	54
93	126	47
93	126	48
93	126	49
93	126	50
93	126	51
93	126	52
93	126	53
93	127	47
93	127	48
93	127	49
93	127	50
93	127	51
93	127	52
93	127	53
94	0	46
94	0	47
94	0	48
94	0	49
94	0	50
94	0	51
94	0	52
94	0	53
94	1	46
94	1	47
94	1	48
94	1	49
94	1	50
94	1	51
94	1	52
94	2	46
94	2	47
94	2	48
94	2	49
94	2	50
94	2	51
94	2	52
94	3	46
94	3	47
94	3	48
94	3	49
94	3	50
94	3	51
94	3	52
94	4	46
94	4	47
94	4	48
94	4	49
94	4	50
94	4	51
94	4	52
94	5	46
94	5	47
94	5	48
94	5	49
94	5	50
94	5	51
94	5	52
94	6	46
94	6	47
94	6	48
94	6	49
94	6	50
94	6	51
94	6	52
94	7	47
94	7	48
94	7	49
94	7	50
94	7	51
94	7	52
94	8	47
94	8	48
94	8	49
94	8	50
94	8	51
94	8	52
94	9	47
94	9	48
94	9	49
94	9	50
94	9	51
94	9	52
94	10	47
94	10	48
94	10	49
94	10	50
94	10	51
94	10	52
94	11	47
94	11	48
94	11	49
94	11	50
94	11	51
94	11	52
94	12	48
94	12	49
94	12	50
94	12	51
94	12	52
94	13	48
94	13	49
94	13	50
94	13	51
94	13	52
94	14	49
94	14	50
94	14	51
94	14	52
94	15	50
94	15	51
94	15	52
94	16	50
94	120	48
94	120	49
94	121	47
94	121	48
94	121	49
94	121	50
94	121	51
94	122	47
94	122	48
94	122	49
94	122	50
94	122	51
94	123	47
94	123	48
94	123	49
94	123	50
94	123	51
94	123	52
94	124	47
94	124	48
94	124	49
94	124	50
94	124	51
94	124	52
94	124	53
94	125	47
94	125	48
94	125	49
94	125	50
94	125	51
94	125	52
94	125	53
94	125	54
94	125	55
94	126	47
94	126	48
94	126	49
94	126	50
94	126	51
94	126	52
94	126	53
94	126	54
94	126	55
94	127	47
94	127	48
94	127	49
94	127	50
94	127	51
94	127	52
94	127	53
94	127	54
94	127	55
95	0	46
95	0	47
95	0	48
95	0	49
95	0	50
95	0	51
95	0	52
95	0	53
95	0	54
95	1	46
95	1	47
95	1	48
95	1	49
95	1	50
95	1	51
95	1	52
95	1	53
95	2	46
95	2	47
95	2	48
95	2	49
95	2	50
95	2	51
95	2	52
95	2	53
95	3	46
95	3	47
95	3	48
95	3	49
95	3	50
95	3	51
95	3	52
95	3	53
95	4	46
95	4	47
95	4	48
95	4	49
95	4	50
95	4	51
95	4	52
95	4	53
95	5	46
95	5	47
95	5	48
95	5	49
95	5	50
95	5	51
95	5	52
95	5	53
95	6	47
95	6	48
95	6	49
95	6	50
95	6	51
95	6	52
95	6	53
95	7	47
95	7	48
95	7	49
95	7	50
95	7	51
95	7	52
95	7	53
95	7	54
95	8	47
95	8	48
95	8	49
95	8	50
95	8	51
95	8	52
95	8	53
95	8	54
95	9	47
95	9	48
95	9	49
95	9	50
95	9	51
95	9	52
95	9	53
95	9	54
95	10	47
95	10	48
95	10	49
95	10	50
95	10	51
95	10	52
95	10	53
95	10	54
95	11	48
95	11	49
95	11	50
95	11	51
95	11	52
95	11	53
95	11	54
95	12	48
95	12	49
95	12	50
95	12	51
95	12	52
95	12	53
95	12	54
95	13	48
95	13	49
95	13	50
95	13	51
95	13	52
95	13	53
95	13	54
95	14	49
95	14	50
95	14	51
95	14	52
95	14	53
95	14	54
95	15	49
95	15	50
95	15	51
95	15	52
95	15	53
95	16	50
95	16	51
95	120	48
95	120	49
95	120	50
95	120	51
95	121	47
95	121	48
95	121	49
95	121	50
95	121	51
95	121	52
95	122	47
95	122	48
95	122	49
95	122	50
95	122	51
95	122	52
95	122	53
95	123	47
95	123	48
95	123	49
95	123	50
95	123	51
95	123	52
95	123	53
95	124	47
95	124	48
95	124	49
95	124	50
95	124	51
95	124	52
95	124	53
95	124	54
95	124	55
95	125	47
95	125	48
95	125	49
95	125	50
95	125	51
95	125	52
95	125	53
95	125	54
95	125	55
95	125	56
95	125	57
95	126	47
95	126	48
95	126	49
95	126	50
95	126	51
95	126	52
95	126	53
95	126	54
95	126	55
95	126	56
95	127	47
95	127	48
95	127	49
95	127	50
95	127	51
95	127	52
95	127	53
95	127	54
95	127	55
95	127	56
96	0	46
96	0	47
96	0	48
96	0	49
96	0	50
96	0	51
96	0	52
96	0	53
96	0	54
96	0	55
96	1	47
96	1	48
96	1	49
96	1	50
96	1	51
96	1	52
96	1	53
96	1	54
96	2	47
96	2	48
96	2	49
96	2	50
96	2	51
96	2	52
96	2	53
96	2	54
96	3	47
96	3	48
96	3	49
96	3	50
96	3	51
96	3	52
96	3	53
96	3	54
96	4	47
96	4	48
96	4	49
96	4	50
96	4	51
96	4	52
96	4	53
96	4	54
96	5	47
96	5	48
96	5	49
96	5	50
96	5	51
96	5	52
96	5	53
96	5	54
96	6	47
96	6	48
96	6	49
96	6	50
96	6	51
96	6	52
96	6	53
96	6	54
96	7	47
96	7	48
96	7	49
96	7	50
96	7	51
96	7	52
96	7	53
96	7	54
96	8	47
96	8	48
96	8	49
96	8	50
96	8	51
96	8	52
96	8	53
96	8	54
96	8	55
96	9	47
96	9	48
96	9	49
96	9	50
96	9	51
96	9	52
96	9	53
96	9	54
96	9	55
96	10	47
96	10	48
96	10	49
96	10	50
96	10	51
96	10	52
96	10	53
96	10	54
96	10	55
96	11	48
96	11	49
96	11	50
96	11	51
96	11	52
96	11	53
96	11	54
96	11	55
96	12	48
96	12	49
96	12	50
96	12	51
96	12	52
96	12	53
96	12	54
96	12	55
96	13	48
96	13	49
96	13	50
96	13	51
96	13	52
96	13	53
96	13	54
96	13	55
96	14	48
96	14	49
96	14	50
96	14	51
96	14	52
96	14	53
96	14	54
96	15	49
96	15	50
96	15	51
96	15	52
96	15	53
96	15	54
96	16	50
96	16	51
96	16	52
96	16	53
96	17	50
96	17	51
96	17	52
96	18	51
96	18	52
96	19	51
96	19	52
96	19	53
96	20	51
96	20	52
96	20	53
96	20	54
96	20	55
96	21	52
96	21	53
96	21	54
96	21	55
96	21	56
96	119	49
96	119	50
96	119	51
96	119	52
96	120	47
96	120	48
96	120	49
96	120	50
96	120	51
96	120	52
96	120	53
96	121	46
96	121	47
96	121	48
96	121	49
96	121	50
96	121	51
96	121	52
96	121	53
96	122	46
96	122	47
96	122	48
96	122	49
96	122	50
96	122	51
96	122	52
96	122	53
96	122	54
96	123	46
96	123	47
96	123	48
96	123	49
96	123	50
96	123	51
96	123	52
96	123	53
96	123	54
96	124	46
96	124	47
96	124	48
96	124	49
96	124	50
96	124	51
96	124	52
96	124	53
96	124	54
96	124	55
96	124	56
96	125	47
96	125	48
96	125	49
96	125	50
96	125	51
96	125	52
96	125	53
96	125	54
96	125	55
96	125	56
96	125	57
96	125	58
96	126	47
96	126	48
96	126	49
96	126	50
96	126	51
96	126	52
96	126	53
96	126	54
96	126	55
96	126	56
96	126	57
96	127	47
96	127	48
96	127	49
96	127	50
96	127	51
96	127	52
96	127	53
96	127	54
96	127	55
96	127	56
97	0	47
97	0	48
97	0	49
97	0	50
97	0	51
97	0	52
97	0	53
97	0	54
97	0	55
97	1	47
97	1	48
97	1	49
97	1	50
97	1	51
97	1	52
97	1	53
97	1	54
97	1	55
97	2	47
97	2	48
97	2	49
97	2	50
97	2	51
97	2	52
97	2	53
97	2	54
97	2	55
97	3	47
97	3	48
97	3	49
97	3	50
97	3	51
97	3	52
97	3	53
97	3	54
97	3	55
97	4	47
97	4	48
97	4	49
97	4	50
97	4	51
97	4	52
97	4	53
97	4	54
97	4	55
97	5	47
97	5	48
97	5	49
97	5	50
97	5	51
97	5	52
97	5	53
97	5	54
97	5	55
97	6	47
97	6	48
97	6	49
97	6	50
97	6	51
97	6	52
97	6	53
97	6	54
97	6	55
97	7	47
97	7	48
97	7	49
97	7	50
97	7	51
97	7	52
97	7	53
97	7	54
97	7	55
97	8	47
97	8	48
97	8	49
97	8	50
97	8	51
97	8	52
97	8	53
97	8	54
97	8	55
97	9	47
97	9	48
97	9	49
97	9	50
97	9	51
97	9	52
97	9	53
97	9	54
97	9	55
97	9	56
97	10	47
97	10	48
97	10	49
97	10	50
97	10	51
97	10	52
97	10	53
97	10	54
97	10	55
97	10	56
97	11	48
97	11	49
97	11	50
97	11	51
97	11	52
97	11	53
97	11	54
97	11	55
97	11	56
97	12	48
97	12	49
97	12	50
97	12	51
97	12	52
97	12	53
97	12	54
97	12	55
97	12	56
97	13	48
97	13	49
97	13	50
97	13	51
97	13	52
97	13	53
97	13	54
97	13	55
97	14	48
97	14	49
97	14	50
97	14	51
97	14	52
97	14	53
97	14	54
97	15	49
97	15	50
97	15	51
97	15	52
97	15	53
97	15	54
97	16	49
97	16	50
97	16	51
97	16	52
97	16	53
97	16	54
97	17	50
97	17	51
97	17	52
97	17	53
97	17	54
97	18	50
97	18	51
97	18	52
97	18	53
97	18	54
97	19	50
97	19	51
97	19	52
97	19	53
97	19	54
97	19	55
97	20	51
97	20	52
97	20	53
97	20	54
97	20	55
97	20	56
97	21	52
97	21	53
97	21	54
97	21	55
97	21	56
97	22	53
97	22	54
97	22	55
97	119	47
97	119	48
97	119	49
97	119	50
97	119	51
97	119	52
97	119	53
97	120	47
97	120	48
97	120	49
97	120	50
97	120	51
97	120	52
97	120	53
97	120	54
97	121	47
97	121	48
97	121	49
97	121	50
97	121	51
97	121	52
97	121	53
97	121	54
97	122	46
97	122	47
97	122	48
97	122	49
97	122	50
97	122	51
97	122	52
97	122	53
97	122	54
97	122	55
97	123	46
97	123	47
97	123	48
97	123	49
97	123	50
97	123	51
97	123	52
97	123	53
97	123	54
97	123	55
97	123	56
97	124	46
97	124	47
97	124	48
97	124	49
97	124	50
97	124	51
97	124	52
97	124	53
97	124	54
97	124	55
97	124	56
97	124	57
97	125	46
97	125	47
97	125	48
97	125	49
97	125	50
97	125	51
97	125	52
97	125	53
97	125	54
97	125	55
97	125	56
97	125	57
97	125	58
97	126	46
97	126	47
97	126	48
97	126	49
97	126	50
97	126	51
97	126	52
97	126	53
97	126	54
97	126	55
97	126	56
97	126	57
97	127	47
97	127	48
97	127	49
97	127	50
97	127	51
97	127	52
97	127	53
97	127	54
97	127	55
97	127	56
98	0	47
98	0	48
98	0	49
98	0	50
98	0	51
98	0	52
98	0	53
98	0	54
98	0	55
98	1	47
98	1	48
98	1	49
98	1	50
98	1	51
98	1	52
98	1	53
98	1	54
98	1	55
98	2	47
98	2	48
98	2	49
98	2	50
98	2	51
98	2	52
98	2	53
98	2	54
98	2	55
98	3	48
98	3	49
98	3	50
98	3	51
98	3	52
98	3	53
98	3	54
98	3	55
98	4	48
98	4	49
98	4	50
98	4	51
98	4	52
98	4	53
98	4	54
98	4	55
98	5	48
98	5	49
98	5	50
98	5	51
98	5	52
98	5	53
98	5	54
98	5	55
98	6	48
98	6	49
98	6	50
98	6	51
98	6	52
98	6	53
98	6	54
98	6	55
98	7	48
98	7	49
98	7	50
98	7	51
98	7	52
98	7	53
98	7	54
98	7	55
98	7	56
98	8	48
98	8	49
98	8	50
98	8	51
98	8	52
98	8	53
98	8	54
98	8	55
98	8	56
98	9	47
98	9	48
98	9	49
98	9	50
98	9	51
98	9	52
98	9	53
98	9	54
98	9	55
98	9	56
98	10	48
98	10	49
98	10	50
98	10	51
98	10	52
98	10	53
98	10	54
98	10	55
98	10	56
98	10	57
98	11	48
98	11	49
98	11	50
98	11	51
98	11	52
98	11	53
98	11	54
98	11	55
98	11	56
98	11	57
98	12	48
98	12	49
98	12	50
98	12	51
98	12	52
98	12	53
98	12	54
98	12	55
98	12	56
98	13	48
98	13	49
98	13	50
98	13	51
98	13	52
98	13	53
98	13	54
98	13	55
98	14	48
98	14	49
98	14	50
98	14	51
98	14	52
98	14	53
98	14	54
98	14	55
98	15	49
98	15	50
98	15	51
98	15	52
98	15	53
98	15	54
98	15	55
98	16	49
98	16	50
98	16	51
98	16	52
98	16	53
98	16	54
98	16	55
98	17	49
98	17	50
98	17	51
98	17	52
98	17	53
98	17	54
98	17	55
98	18	49
98	18	50
98	18	51
98	18	52
98	18	53
98	18	54
98	18	55
98	19	50
98	19	51
98	19	52
98	19	53
98	19	54
98	19	55
98	20	51
98	20	52
98	20	53
98	20	54
98	20	55
98	20	56
98	21	52
98	21	53
98	21	54
98	21	55
98	21	56
98	22	52
98	22	53
98	22	54
98	22	55
98	22	56
98	23	52
98	23	53
98	119	47
98	119	48
98	119	49
98	119	50
98	119	51
98	119	52
98	119	53
98	119	54
98	119	55
98	120	47
98	120	48
98	120	49
98	120	50
98	120	51
98	120	52
98	120	53
98	120	54
98	120	55
98	121	47
98	121	48
98	121	49
98	121	50
98	121	51
98	121	52
98	121	53
98	121	54
98	121	55
98	121	56
98	122	46
98	122	47
98	122	48
98	122	49
98	122	50
98	122	51
98	122	52
98	122	53
98	122	54
98	122	55
98	122	56
98	123	46
98	123	47
98	123	48
98	123	49
98	123	50
98	123	51
98	123	52
98	123	53
98	123	54
98	123	55
98	123	56
98	123	57
98	124	46
98	124	47
98	124	48
98	124	49
98	124	50
98	124	51
98	124	52
98	124	53
98	124	54
98	124	55
98	124	56
98	124	57
98	124	58
98	125	47
98	125	48
98	125	49
98	125	50
98	125	51
98	125	52
98	125	53
98	125	54
98	125	55
98	125	56
98	125	57
98	126	47
98	126	48
98	126	49
98	126	50
98	126	51
98	126	52
98	126	53
98	126	54
98	126	55
98	126	56
98	126	57
98	127	47
98	127	48
98	127	49
98	127	50
98	127	51
98	127	52
98	127	53
98	127	54
98	127	55
98	127	56
99	0	48
99	0	49
99	0	50
99	0	51
99	0	52
99	0	53
99	0	54
99	0	55
99	0	56
99	1	48
99	1	49
99	1	50
99	1	51
99	1	52
99	1	53
99	1	54
99	1	55
99	2	48
99	2	49
99	2	50
99	2	51
99	2	52
99	2	53
99	2	54
99	2	55
99	3	48
99	3	49
99	3	50
99	3	51
99	3	52
99	3	53
99	3	54
99	3	55
99	4	48
99	4	49
99	4	50
99	4	51
99	4	52
99	4	53
99	4	54
99	4	55
99	5	48
99	5	49
99	5	50
99	5	51
99	5	52
99	5	53
99	5	54
99	5	55
99	6	48
99	6	49
99	6	50
99	6	51
99	6	52
99	6	53
99	6	54
99	6	55
99	6	56
99	7	48
99	7	49
99	7	50
99	7	51
99	7	52
99	7	53
99	7	54
99	7	55
99	7	56
99	8	48
99	8	49
99	8	50
99	8	51
99	8	52
99	8	53
99	8	54
99	8	55
99	8	56
99	8	57
99	9	48
99	9	49
99	9	50
99	9	51
99	9	52
99	9	53
99	9	54
99	9	55
99	9	56
99	9	57
99	10	48
99	10	49
99	10	50
99	10	51
99	10	52
99	10	53
99	10	54
99	10	55
99	10	56
99	10	57
99	11	48
99	11	49
99	11	50
99	11	51
99	11	52
99	11	53
99	11	54
99	11	55
99	11	56
99	11	57
99	11	58
99	12	48
99	12	49
99	12	50
99	12	51
99	12	52
99	12	53
99	12	54
99	12	55
99	12	56
99	12	57
99	13	48
99	13	49
99	13	50
99	13	51
99	13	52
99	13	53
99	13	54
99	13	55
99	13	56
99	14	48
99	14	49
99	14	50
99	14	51
99	14	52
99	14	53
99	14	54
99	14	55
99	14	56
99	15	49
99	15	50
99	15	51
99	15	52
99	15	53
99	15	54
99	15	55
99	16	49
99	16	50
99	16	51
99	16	52
99	16	53
99	16	54
99	16	55
99	17	49
99	17	50
99	17	51
99	17	52
99	17	53
99	17	54
99	17	55
99	18	49
99	18	50
99	18	51
99	18	52
99	18	53
99	18	54
99	18	55
99	18	56
99	19	50
99	19	51
99	19	52
99	19	53
99	19	54
99	19	55
99	19	56
99	20	51
99	20	52
99	20	53
99	20	54
99	20	55
99	20	56
99	21	52
99	21	53
99	21	54
99	21	55
99	21	56
99	22	52
99	22	53
99	22	54
99	22	55
99	22	56
99	22	57
99	23	52
99	23	53
99	23	54
99	23	55
99	23	56
99	118	49
99	118	50
99	118	51
99	118	52
99	118	53
99	118	54
99	119	47
99	119	48
99	119	49
99	119	50
99	119	51
99	119	52
99	119	53
99	119	54
99	119	55
99	120	47
99	120	48
99	120	49
99	120	50
99	120	51
99	120	52
99	120	53
99	120	54
99	120	55
99	120	56
99	121	47
99	121	48
99	121	49
99	121	50
99	121	51
99	121	52
99	121	53
99	121	54
99	121	55
99	121	56
99	121	57
99	122	47
99	122	48
99	122	49
99	122	50
99	122	51
99	122	52
99	122	53
99	122	54
99	122	55
99	122	56
99	122	57
99	122	58
99	123	47
99	123	48
99	123	49
99	123	50
99	123	51
99	123	52
99	123	53
99	123	54
99	123	55
99	123	56
99	123	57
99	123	58
99	123	59
99	124	47
99	124	48
99	124	49
99	124	50
99	124	51
99	124	52
99	124	53
99	124	54
99	124	55
99	124	56
99	124	57
99	124	58
99	125	47
99	125	48
99	125	49
99	125	50
99	125	51
99	125	52
99	125	53
99	125	54
99	125	55
99	125	56
99	125	57
99	126	47
99	126	48
99	126	49
99	126	50
99	126	51
99	126	52
99	126	53
99	126	54
99	126	55
99	126	56
99	127	47
99	127	48
99	127	49
99	127	50
99	127	51
99	127	52
99	127	53
99	127	54
99	127	55
99	127	56
100	0	48
100	0	49
100	0	50
100	0	51
100	0	52
100	0	53
100	0	54
100	0	55
100	0	56
100	1	48
100	1	49
100	1	50
100	1	51
100	1	52
100	1	53
100	1	54
100	1	55
100	1	56
100	2	48
100	2	49
100	2	50
100	2	51
100	2	52
100	2	53
100	2	54
100	2	55
100	3	48
100	3	49
100	3	50
100	3	51
100	3	52
100	3	53
100	3	54
100	3	55
100	4	48
100	4	49
100	4	50
100	4	51
100	4	52
100	4	53
100	4	54
100	4	55
100	5	48
100	5	49
100	5	50
100	5	51
100	5	52
100	5	53
100	5	54
100	5	55
100	5	56
100	6	48
100	6	49
100	6	50
100	6	51
100	6	52
100	6	53
100	6	54
100	6	55
100	6	56
100	7	48
100	7	49
100	7	50
100	7	51
100	7	52
100	7	53
100	7	54
100	7	55
100	7	56
100	7	57
100	8	48
100	8	49
100	8	50
100	8	51
100	8	52
100	8	53
100	8	54
100	8	55
100	8	56
100	8	57
100	9	48
100	9	49
100	9	50
100	9	51
100	9	52
100	9	53
100	9	54
100	9	55
100	9	56
100	9	57
100	9	58
100	10	48
100	10	49
100	10	50
100	10	51
100	10	52
100	10	53
100	10	54
100	10	55
100	10	56
100	10	57
100	10	58
100	11	48
100	11	49
100	11	50
100	11	51
100	11	52
100	11	53
100	11	54
100	11	55
100	11	56
100	11	57
100	11	58
100	12	48
100	12	49
100	12	50
100	12	51
100	12	52
100	12	53
100	12	54
100	12	55
100	12	56
100	12	57
100	12	58
100	13	48
100	13	49
100	13	50
100	13	51
100	13	52
100	13	53
100	13	54
100	13	55
100	13	56
100	13	57
100	14	49
100	14	50
100	14	51
100	14	52
100	14	53
100	14	54
100	14	55
100	14	56
100	15	49
100	15	50
100	15	51
100	15	52
100	15	53
100	15	54
100	15	55
100	15	56
100	16	49
100	16	50
100	16	51
100	16	52
100	16	53
100	16	54
100	16	55
100	16	56
100	17	49
100	17	50
100	17	51
100	17	52
100	17	53
100	17	54
100	17	55
100	17	56
100	18	49
100	18	50
100	18	51
100	18	52
100	18	53
100	18	54
100	18	55
100	18	56
100	19	50
100	19	51
100	19	52
100	19	53
100	19	54
100	19	55
100	19	56
100	19	57
100	20	51
100	20	52
100	20	53
100	20	54
100	20	55
100	20	56
100	20	57
100	21	52
100	21	53
100	21	54
100	21	55
100	21	56
100	21	57
100	22	52
100	22	53
100	22	54
100	22	55
100	22	56
100	22	57
100	23	52
100	23	53
100	23	54
100	23	55
100	23	56
100	23	57
100	24	54
100	24	55
100	24	56
100	24	57
100	118	51
100	118	52
100	118	53
100	118	54
100	119	48
100	119	49
100	119	50
100	119	51
100	119	52
100	119	53
100	119	54
100	119	55
100	119	56
100	120	48
100	120	49
100	120	50
100	120	51
100	120	52
100	120	53
100	120	54
100	120	55
100	120	56
100	120	57
100	121	47
100	121	48
100	121	49
100	121	50
100	121	51
100	121	52
100	121	53
100	121	54
100	121	55
100	121	56
100	121	57
100	121	58
100	121	59
100	122	47
100	122	48
100	122	49
100	122	50
100	122	51
100	122	52
100	122	53
100	122	54
100	122	55
100	122	56
100	122	57
100	122	58
100	122	59
100	122	60
100	123	47
100	123	48
100	123	49
100	123	50
100	123	51
100	123	52
100	123	53
100	123	54
100	123	55
100	123	56
100	123	57
100	123	58
100	123	59
100	124	47
100	124	48
100	124	49
100	124	50
100	124	51
100	124	52
100	124	53
100	124	54
100	124	55
100	124	56
100	124	57
100	124	58
100	125	47
100	125	48
100	125	49
100	125	50
100	125	51
100	125	52
100	125	53
100	125	54
100	125	55
100	125	56
100	125	57
100	126	47
100	126	48
100	126	49
100	126	50
100	126	51
100	126	52
100	126	53
100	126	54
100	126	55
100	126	56
100	127	48
100	127	49
100	127	50
100	127	51
100	127	52
100	127	53
100	127	54
100	127	55
100	127	56
101	0	48
101	0	49
101	0	50
101	0	51
101	0	52
101	0	53
101	0	54
101	0	55
101	0	56
101	1	48
101	1	49
101	1	50
101	1	51
101	1	52
101	1	53
101	1	54
101	1	55
101	1	56
101	2	48
101	2	49
101	2	50
101	2	51
101	2	52
101	2	53
101	2	54
101	2	55
101	2	56
101	3	48
101	3	49
101	3	50
101	3	51
101	3	52
101	3	53
101	3	54
101	3	55
101	3	56
101	4	48
101	4	49
101	4	50
101	4	51
101	4	52
101	4	53
101	4	54
101	4	55
101	4	56
101	5	48
101	5	49
101	5	50
101	5	51
101	5	52
101	5	53
101	5	54
101	5	55
101	5	56
101	6	48
101	6	49
101	6	50
101	6	51
101	6	52
101	6	53
101	6	54
101	6	55
101	6	56
101	6	57
101	7	48
101	7	49
101	7	50
101	7	51
101	7	52
101	7	53
101	7	54
101	7	55
101	7	56
101	7	57
101	8	48
101	8	49
101	8	50
101	8	51
101	8	52
101	8	53
101	8	54
101	8	55
101	8	56
101	8	57
101	8	58
101	9	48
101	9	49
101	9	50
101	9	51
101	9	52
101	9	53
101	9	54
101	9	55
101	9	56
101	9	57
101	9	58
101	10	48
101	10	49
101	10	50
101	10	51
101	10	52
101	10	53
101	10	54
101	10	55
101	10	56
101	10	57
101	10	58
101	10	59
101	11	48
101	11	49
101	11	50
101	11	51
101	11	52
101	11	53
101	11	54
101	11	55
101	11	56
101	11	57
101	11	58
101	11	59
101	12	49
101	12	50
101	12	51
101	12	52
101	12	53
101	12	54
101	12	55
101	12	56
101	12	57
101	12	58
101	12	59
101	13	49
101	13	50
101	13	51
101	13	52
101	13	53
101	13	54
101	13	55
101	13	56
101	13	57
101	13	58
101	14	49
101	14	50
101	14	51
101	14	52
101	14	53
101	14	54
101	14	55
101	14	56
101	14	57
101	14	58
101	15	49
101	15	50
101	15	51
101	15	52
101	15	53
101	15	54
101	15	55
101	15	56
101	15	57
101	16	49
101	16	50
101	16	51
101	16	52
101	16	53
101	16	54
101	16	55
101	16	56
101	16	57
101	17	49
101	17	50
101	17	51
101	17	52
101	17	53
101	17	54
101	17	55
101	17	56
101	17	57
101	17	58
101	18	49
101	18	50
101	18	51
101	18	52
101	18	53
101	18	54
101	18	55
101	18	56
101	18	57
101	18	58
101	19	50
101	19	51
101	19	52
101	19	53
101	19	54
101	19	55
101	19	56
101	19	57
101	20	50
101	20	51
101	20	52
101	20	53
101	20	54
101	20	55
101	20	56
101	20	57
101	21	51
101	21	52
101	21	53
101	21	54
101	21	55
101	21	56
101	21	57
101	22	52
101	22	53
101	22	54
101	22	55
101	22	56
101	22	57
101	23	52
101	23	53
101	23	54
101	23	55
101	23	56
101	23	57
101	24	55
101	24	56
101	24	57
101	118	55
101	119	50
101	119	51
101	119	52
101	119	53
101	119	54
101	119	55
101	119	56
101	119	57
101	120	48
101	120	49
101	120	50
101	120	51
101	120	52
101	120	53
101	120	54
101	120	55
101	120	56
101	120	57
101	120	58
101	121	48
101	121	49
101	121	50
101	121	51
101	121	52
101	121	53
101	121	54
101	121	55
101	121	56
101	121	57
101	121	58
101	121	59
101	121	60
101	122	47
101	122	48
101	122	49
101	122	50
101	122	51
101	122	52
101	122	53
101	122	54
101	122	55
101	122	56
101	122	57
101	122	58
101	122	59
101	122	60
101	123	47
101	123	48
101	123	49
101	123	50
101	123	51
101	123	52
101	123	53
101	123	54
101	123	55
101	123	56
101	123	57
101	123	58
101	123	59
101	124	47
101	124	48
101	124	49
101	124	50
101	124	51
101	124	52
101	124	53
101	124	54
101	124	55
101	124	56
101	124	57
101	124	58
101	125	48
101	125	49
101	125	50
101	125	51
101	125	52
101	125	53
101	125	54
101	125	55
101	125	56
101	125	57
101	126	48
101	126	49
101	126	50
101	126	51
101	126	52
101	126	53
101	126	54
101	126	55
101	126	56
101	127	48
101	127	49
101	127	50
101	127	51
101	127	52
101	127	53
101	127	54
101	127	55
101	127	56
102	0	48
102	0	49
102	0	50
102	0	51
102	0	52
102	0	53
102	0	54
102	0	55
102	0	56
102	1	49
102	1	50
102	1	51
102	1	52
102	1	53
102	1	54
102	1	55
102	1	56
102	2	49
102	2	50
102	2	51
102	2	52
102	2	53
102	2	54
102	2	55
102	2	56
102	3	49
102	3	50
102	3	51
102	3	52
102	3	53
102	3	54
102	3	55
102	3	56
102	4	48
102	4	49
102	4	50
102	4	51
102	4	52
102	4	53
102	4	54
102	4	55
102	4	56
102	5	48
102	5	49
102	5	50
102	5	51
102	5	52
102	5	53
102	5	54
102	5	55
102	5	56
102	5	57
102	6	49
102	6	50
102	6	51
102	6	52
102	6	53
102	6	54
102	6	55
102	6	56
102	6	57
102	7	49
102	7	50
102	7	51
102	7	52
102	7	53
102	7	54
102	7	55
102	7	56
102	7	57
102	7	58
102	8	49
102	8	50
102	8	51
102	8	52
102	8	53
102	8	54
102	8	55
102	8	56
102	8	57
102	8	58
102	9	49
102	9	50
102	9	51
102	9	52
102	9	53
102	9	54
102	9	55
102	9	56
102	9	57
102	9	58
102	9	59
102	9	60
102	10	49
102	10	50
102	10	51
102	10	52
102	10	53
102	10	54
102	10	55
102	10	56
102	10	57
102	10	58
102	10	59
102	10	60
102	11	49
102	11	50
102	11	51
102	11	52
102	11	53
102	11	54
102	11	55
102	11	56
102	11	57
102	11	58
102	11	59
102	12	49
102	12	50
102	12	51
102	12	52
102	12	53
102	12	54
102	12	55
102	12	56
102	12	57
102	12	58
102	12	59
102	13	49
102	13	50
102	13	51
102	13	52
102	13	53
102	13	54
102	13	55
102	13	56
102	13	57
102	13	58
102	13	59
102	14	49
102	14	50
102	14	51
102	14	52
102	14	53
102	14	54
102	14	55
102	14	56
102	14	57
102	14	58
102	14	59
102	15	49
102	15	50
102	15	51
102	15	52
102	15	53
102	15	54
102	15	55
102	15	56
102	15	57
102	15	58
102	15	59
102	16	50
102	16	51
102	16	52
102	16	53
102	16	54
102	16	55
102	16	56
102	16	57
102	16	58
102	16	59
102	17	50
102	17	51
102	17	52
102	17	53
102	17	54
102	17	55
102	17	56
102	17	57
102	17	58
102	17	59
102	18	50
102	18	51
102	18	52
102	18	53
102	18	54
102	18	55
102	18	56
102	18	57
102	18	58
102	18	59
102	19	50
102	19	51
102	19	52
102	19	53
102	19	54
102	19	55
102	19	56
102	19	57
102	19	58
102	20	51
102	20	52
102	20	53
102	20	54
102	20	55
102	20	56
102	20	57
102	21	51
102	21	52
102	21	53
102	21	54
102	21	55
102	21	56
102	21	57
102	22	52
102	22	53
102	22	54
102	22	55
102	22	56
102	22	57
102	23	54
102	23	55
102	23	56
102	118	55
102	119	54
102	119	55
102	119	56
102	119	57
102	120	49
102	120	50
102	120	51
102	120	52
102	120	53
102	120	54
102	120	55
102	120	56
102	120	57
102	120	58
102	120	59
102	121	48
102	121	49
102	121	50
102	121	51
102	121	52
102	121	53
102	121	54
102	121	55
102	121	56
102	121	57
102	121	58
102	121	59
102	121	60
102	122	48
102	122	49
102	122	50
102	122	51
102	122	52
102	122	53
102	122	54
102	122	55
102	122	56
102	122	57
102	122	58
102	122	59
102	122	60
102	123	47
102	123	48
102	123	49
102	123	50
102	123	51
102	123	52
102	123	53
102	123	54
102	123	55
102	123	56
102	123	57
102	123	58
102	123	59
102	124	47
102	124	48
102	124	49
102	124	50
102	124	51
102	124	52
102	124	53
102	124	54
102	124	55
102	124	56
102	124	57
102	124	58
102	125	48
102	125	49
102	125	50
102	125	51
102	125	52
102	125	53
102	125	54
102	125	55
102	125	56
102	125	57
102	126	48
102	126	49
102	126	50
102	126	51
102	126	52
102	126	53
102	126	54
102	126	55
102	126	56
102	127	48
102	127	49
102	127	50
102	127	51
102	127	52
102	127	53
102	127	54
102	127	55
102	127	56
103	0	49
103	0	50
103	0	51
103	0	52
103	0	53
103	0	54
103	0	55
103	0	56
103	1	49
103	1	50
103	1	51
103	1	52
103	1	53
103	1	54
103	1	55
103	1	56
103	2	49
103	2	50
103	2	51
103	2	52
103	2	53
103	2	54
103	2	55
103	2	56
103	3	49
103	3	50
103	3	51
103	3	52
103	3	53
103	3	54
103	3	55
103	3	56
103	4	49
103	4	50
103	4	51
103	4	52
103	4	53
103	4	54
103	4	55
103	4	56
103	5	49
103	5	50
103	5	51
103	5	52
103	5	53
103	5	54
103	5	55
103	5	56
103	5	57
103	6	49
103	6	50
103	6	51
103	6	52
103	6	53
103	6	54
103	6	55
103	6	56
103	6	57
103	6	58
103	7	49
103	7	50
103	7	51
103	7	52
103	7	53
103	7	54
103	7	55
103	7	56
103	7	57
103	7	58
103	8	49
103	8	50
103	8	51
103	8	52
103	8	53
103	8	54
103	8	55
103	8	56
103	8	57
103	8	58
103	8	59
103	8	60
103	9	49
103	9	50
103	9	51
103	9	52
103	9	53
103	9	54
103	9	55
103	9	56
103	9	57
103	9	58
103	9	59
103	9	60
103	10	49
103	10	50
103	10	51
103	10	52
103	10	53
103	10	54
103	10	55
103	10	56
103	10	57
103	10	58
103	10	59
103	10	60
103	10	61
103	11	49
103	11	50
103	11	51
103	11	52
103	11	53
103	11	54
103	11	55
103	11	56
103	11	57
103	11	58
103	11	59
103	11	60
103	11	61
103	12	49
103	12	50
103	12	51
103	12	52
103	12	53
103	12	54
103	12	55
103	12	56
103	12	57
103	12	58
103	12	59
103	12	60
103	13	49
103	13	50
103	13	51
103	13	52
103	13	53
103	13	54
103	13	55
103	13	56
103	13	57
103	13	58
103	13	59
103	13	60
103	14	49
103	14	50
103	14	51
103	14	52
103	14	53
103	14	54
103	14	55
103	14	56
103	14	57
103	14	58
103	14	59
103	14	60
103	15	49
103	15	50
103	15	51
103	15	52
103	15	53
103	15	54
103	15	55
103	15	56
103	15	57
103	15	58
103	15	59
103	15	60
103	16	50
103	16	51
103	16	52
103	16	53
103	16	54
103	16	55
103	16	56
103	16	57
103	16	58
103	16	59
103	17	50
103	17	51
103	17	52
103	17	53
103	17	54
103	17	55
103	17	56
103	17	57
103	17	58
103	17	59
103	18	50
103	18	51
103	18	52
103	18	53
103	18	54
103	18	55
103	18	56
103	18	57
103	18	58
103	18	59
103	19	50
103	19	51
103	19	52
103	19	53
103	19	54
103	19	55
103	19	56
103	19	57
103	19	58
103	20	51
103	20	52
103	20	53
103	20	54
103	20	55
103	20	56
103	20	57
103	21	51
103	21	52
103	21	53
103	21	54
103	21	55
103	21	56
103	21	57
103	22	52
103	22	53
103	22	54
103	22	55
103	22	56
103	118	53
103	119	54
103	119	55
103	119	56
103	119	57
103	120	53
103	120	54
103	120	55
103	120	56
103	120	57
103	120	58
103	120	59
103	121	49
103	121	50
103	121	51
103	121	52
103	121	53
103	121	54
103	121	55
103	121	56
103	121	57
103	121	58
103	121	59
103	121	60
103	121	61
103	122	48
103	122	49
103	122	50
103	122	51
103	122	52
103	122	53
103	122	54
103	122	55
103	122	56
103	122	57
103	122	58
103	122	59
103	122	60
103	123	47
103	123	48
103	123	49
103	123	50
103	123	51
103	123	52
103	123	53
103	123	54
103	123	55
103	123	56
103	123	57
103	123	58
103	123	59
103	124	48
103	124	49
103	124	50
103	124	51
103	124	52
103	124	53
103	124	54
103	124	55
103	124	56
103	124	57
103	124	58
103	125	48
103	125	49
103	125	50
103	125	51
103	125	52
103	125	53
103	125	54
103	125	55
103	125	56
103	125	57
103	126	48
103	126	49
103	126	50
103	126	51
103	126	52
103	126	53
103	126	54
103	126	55
103	126	56
103	127	49
103	127	50
103	127	51
103	127	52
103	127	53
103	127	54
103	127	55
103	127	56
104	0	49
104	0	50
104	0	51
104	0	52
104	0	53
104	0	54
104	0	55
104	0	56
104	0	57
104	1	49
104	1	50
104	1	51
104	1	52
104	1	53
104	1	54
104	1	55
104	1	56
104	1	57
104	2	50
104	2	51
104	2	52
104	2	53
104	2	54
104	2	55
104	2	56
104	2	57
104	3	50
104	3	51
104	3	52
104	3	53
104	3	54
104	3	55
104	3	56
104	3	57
104	4	50
104	4	51
104	4	52
104	4	53
104	4	54
104	4	55
104	4	56
104	4	57
104	5	50
104	5	51
104	5	52
104	5	53
104	5	54
104	5	55
104	5	56
104	5	57
104	6	49
104	6	50
104	6	51
104	6	52
104	6	53
104	6	54
104	6	55
104	6	56
104	6	57
104	6	58
104	7	49
104	7	50
104	7	51
104	7	52
104	7	53
104	7	54
104	7	55
104	7	56
104	7	57
104	7	58
104	7	59
104	8	49
104	8	50
104	8	51
104	8	52
104	8	53
104	8	54
104	8	55
104	8	56
104	8	57
104	8	58
104	8	59
104	8	60
104	9	49
104	9	50
104	9	51
104	9	52
104	9	53
104	9	54
104	9	55
104	9	56
104	9	57
104	9	58
104	9	59
104	9	60
104	10	49
104	10	50
104	10	51
104	10	52
104	10	53
104	10	54
104	10	55
104	10	56
104	10	57
104	10	58
104	10	59
104	10	60
104	10	61
104	11	49
104	11	50
104	11	51
104	11	52
104	11	53
104	11	54
104	11	55
104	11	56
104	11	57
104	11	58
104	11	59
104	11	60
104	11	61
104	11	62
104	12	49
104	12	50
104	12	51
104	12	52
104	12	53
104	12	54
104	12	55
104	12	56
104	12	57
104	12	58
104	12	59
104	12	60
104	12	61
104	12	62
104	13	49
104	13	50
104	13	51
104	13	52
104	13	53
104	13	54
104	13	55
104	13	56
104	13	57
104	13	58
104	13	59
104	13	60
104	13	61
104	14	49
104	14	50
104	14	51
104	14	52
104	14	53
104	14	54
104	14	55
104	14	56
104	14	57
104	14	58
104	14	59
104	14	60
104	14	61
104	15	50
104	15	51
104	15	52
104	15	53
104	15	54
104	15	55
104	15	56
104	15	57
104	15	58
104	15	59
104	15	60
104	16	50
104	16	51
104	16	52
104	16	53
104	16	54
104	16	55
104	16	56
104	16	57
104	16	58
104	16	59
104	17	50
104	17	51
104	17	52
104	17	53
104	17	54
104	17	55
104	17	56
104	17	57
104	17	58
104	17	59
104	18	50
104	18	51
104	18	52
104	18	53
104	18	54
104	18	55
104	18	56
104	18	57
104	18	58
104	19	51
104	19	52
104	19	53
104	19	54
104	19	55
104	19	56
104	19	57
104	20	51
104	20	52
104	20	53
104	20	54
104	20	55
104	20	56
104	20	57
104	21	51
104	21	52
104	21	53
104	21	54
104	21	55
104	21	56
104	118	52
104	118	53
104	119	52
104	119	54
104	119	55
104	119	56
104	120	52
104	120	53
104	120	54
104	120	55
104	120	56
104	120	57
104	120	58
104	120	59
104	121	52
104	121	53
104	121	54
104	121	55
104	121	56
104	121	57
104	121	58
104	121	59
104	121	60
104	121	61
104	122	48
104	122	49
104	122	50
104	122	51
104	122	52
104	122	53
104	122	54
104	122	55
104	122	56
104	122	57
104	122	58
104	122	59
104	122	60
104	123	48
104	123	49
104	123	50
104	123	51
104	123	52
104	123	53
104	123	54
104	123	55
104	123	56
104	123	57
104	123	58
104	123	59
104	124	48
104	124	49
104	124	50
104	124	51
104	124	52
104	124	53
104	124	54
104	124	55
104	124	56
104	124	57
104	124	58
104	125	48
104	125	49
104	125	50
104	125	51
104	125	52
104	125	53
104	125	54
104	125	55
104	125	56
104	125	57
104	126	49
104	126	50
104	126	51
104	126	52
104	126	53
104	126	54
104	126	55
104	126	56
104	126	57
104	127	49
104	127	50
104	127	51
104	127	52
104	127	53
104	127	54
104	127	55
104	127	56
104	127	57
105	0	50
105	0	51
105	0	52
105	0	53
105	0	54
105	0	55
105	0	56
105	0	57
105	1	50
105	1	51
105	1	52
105	1	53
105	1	54
105	1	55
105	1	56
105	1	57
105	2	50
105	2	51
105	2	52
105	2	53
105	2	54
105	2	55
105	2	56
105	2	57
105	3	50
105	3	51
105	3	52
105	3	53
105	3	54
105	3	55
105	4	50
105	4	51
105	4	52
105	4	53
105	4	54
105	4	55
105	4	56
105	4	57
105	5	50
105	5	51
105	5	52
105	5	53
105	5	54
105	5	55
105	5	56
105	5	57
105	5	58
105	6	50
105	6	51
105	6	52
105	6	53
105	6	54
105	6	55
105	6	56
105	6	57
105	6	58
105	6	59
105	7	50
105	7	51
105	7	52
105	7	53
105	7	54
105	7	55
105	7	56
105	7	57
105	7	58
105	7	59
105	8	50
105	8	51
105	8	52
105	8	53
105	8	54
105	8	55
105	8	56
105	8	57
105	8	58
105	8	59
105	9	50
105	9	51
105	9	52
105	9	53
105	9	54
105	9	55
105	9	56
105	9	57
105	9	58
105	9	59
105	9	60
105	10	50
105	10	51
105	10	52
105	10	53
105	10	54
105	10	55
105	10	56
105	10	57
105	10	58
105	10	59
105	10	60
105	11	50
105	11	51
105	11	52
105	11	53
105	11	54
105	11	55
105	11	56
105	11	57
105	11	58
105	11	59
105	11	60
105	11	61
105	12	49
105	12	50
105	12	51
105	12	52
105	12	53
105	12	54
105	12	55
105	12	56
105	12	57
105	12	58
105	12	59
105	12	60
105	12	61
105	12	62
105	13	49
105	13	50
105	13	51
105	13	52
105	13	53
105	13	54
105	13	55
105	13	56
105	13	57
105	13	58
105	13	59
105	13	60
105	13	61
105	13	62
105	14	50
105	14	51
105	14	52
105	14	53
105	14	54
105	14	55
105	14	56
105	14	57
105	14	58
105	14	59
105	14	60
105	14	61
105	15	50
105	15	51
105	15	52
105	15	53
105	15	54
105	15	55
105	15	56
105	15	57
105	15	58
105	15	59
105	15	60
105	16	50
105	16	51
105	16	52
105	16	53
105	16	54
105	16	55
105	16	56
105	16	57
105	16	58
105	16	59
105	17	50
105	17	51
105	17	52
105	17	53
105	17	54
105	17	55
105	17	56
105	17	57
105	17	58
105	17	59
105	18	50
105	18	51
105	18	52
105	18	53
105	18	54
105	18	55
105	18	56
105	18	57
105	18	58
105	19	51
105	19	52
105	19	53
105	19	54
105	19	55
105	19	56
105	19	57
105	20	51
105	20	52
105	20	53
105	20	54
105	20	55
105	20	56
105	21	52
105	21	53
105	21	54
105	21	55
105	118	52
105	118	53
105	119	51
105	119	52
105	119	53
105	119	54
105	119	55
105	120	51
105	120	52
105	120	53
105	120	54
105	120	55
105	120	56
105	120	57
105	120	58
105	121	51
105	121	52
105	121	53
105	121	54
105	121	55
105	121	56
105	121	57
105	121	58
105	121	59
105	121	60
105	121	61
105	122	51
105	122	52
105	122	53
105	122	54
105	122	55
105	122	56
105	122	57
105	122	58
105	122	59
105	122	60
105	123	48
105	123	49
105	123	50
105	123	51
105	123	52
105	123	53
105	123	54
105	123	55
105	123	56
105	123	57
105	123	58
105	123	59
105	124	49
105	124	50
105	124	51
105	124	52
105	124	53
105	124	54
105	124	55
105	124	56
105	124	57
105	125	49
105	125	50
105	125	51
105	125	52
105	125	53
105	125	54
105	125	55
105	125	56
105	125	57
105	126	49
105	126	50
105	126	51
105	126	52
105	126	53
105	126	54
105	126	55
105	126	56
105	126	57
105	127	49
105	127	50
105	127	51
105	127	52
105	127	53
105	127	54
105	127	55
105	127	56
105	127	57
106	0	50
106	0	51
106	0	52
106	0	53
106	0	54
106	0	55
106	0	56
106	1	50
106	1	51
106	1	52
106	1	53
106	1	54
106	1	55
106	1	56
106	2	50
106	2	51
106	2	52
106	3	51
106	3	52
106	4	51
106	4	52
106	4	53
106	4	54
106	4	55
106	4	56
106	5	51
106	5	52
106	5	53
106	5	54
106	5	55
106	5	56
106	5	57
106	5	58
106	6	51
106	6	52
106	6	53
106	6	54
106	6	55
106	6	56
106	6	57
106	6	58
106	7	51
106	7	52
106	7	53
106	7	54
106	7	55
106	7	56
106	7	57
106	7	58
106	7	59
106	8	51
106	8	52
106	8	53
106	8	54
106	8	55
106	8	56
106	8	57
106	8	58
106	8	59
106	9	50
106	9	51
106	9	52
106	9	53
106	9	54
106	9	55
106	9	56
106	9	57
106	9	58
106	9	59
106	10	50
106	10	51
106	10	52
106	10	53
106	10	54
106	10	55
106	10	56
106	10	57
106	10	58
106	10	59
106	10	60
106	11	50
106	11	51
106	11	52
106	11	53
106	11	54
106	11	55
106	11	56
106	11	57
106	11	58
106	11	59
106	11	60
106	11	61
106	12	50
106	12	51
106	12	52
106	12	53
106	12	54
106	12	55
106	12	56
106	12	57
106	12	58
106	12	59
106	12	60
106	12	61
106	12	62
106	13	50
106	13	51
106	13	52
106	13	53
106	13	54
106	13	55
106	13	56
106	13	57
106	13	58
106	13	59
106	13	60
106	13	61
106	13	62
106	13	63
106	14	50
106	14	51
106	14	52
106	14	53
106	14	54
106	14	55
106	14	56
106	14	57
106	14	58
106	14	59
106	14	60
106	14	61
106	14	62
106	14	63
106	15	50
106	15	51
106	15	52
106	15	53
106	15	54
106	15	55
106	15	56
106	15	57
106	15	58
106	15	59
106	15	60
106	15	61
106	15	62
106	16	50
106	16	51
106	16	52
106	16	53
106	16	54
106	16	55
106	16	56
106	16	57
106	16	58
106	16	59
106	16	60
106	16	61
106	17	50
106	17	51
106	17	52
106	17	53
106	17	54
106	17	55
106	17	56
106	17	57
106	17	58
106	17	59
106	18	50
106	18	51
106	18	52
106	18	53
106	18	54
106	18	55
106	18	56
106	18	57
106	18	58
106	19	51
106	19	52
106	19	53
106	19	54
106	19	55
106	19	56
106	19	57
106	20	51
106	20	52
106	20	53
106	20	54
106	20	55
106	20	56
106	118	52
106	118	53
106	119	51
106	119	52
106	119	53
106	119	54
106	120	50
106	120	51
106	120	52
106	120	53
106	120	54
106	120	55
106	120	56
106	120	57
106	121	50
106	121	51
106	121	52
106	121	53
106	121	54
106	121	55
106	121	56
106	121	57
106	121	58
106	121	59
106	121	60
106	122	50
106	122	51
106	122	52
106	122	53
106	122	54
106	122	55
106	122	56
106	122	57
106	122	58
106	122	59
106	122	60
106	123	50
106	123	51
106	123	52
106	123	53
106	123	54
106	123	55
106	123	56
106	123	57
106	123	58
106	124	49
106	124	50
106	124	51
106	124	52
106	124	53
106	124	54
106	124	55
106	124	56
106	125	50
106	125	51
106	125	52
106	125	53
106	125	54
106	125	55
106	125	56
106	126	50
106	126	51
106	126	52
106	126	53
106	126	54
106	126	55
106	126	56
106	127	50
106	127	51
106	127	52
106	127	53
106	127	54
106	127	55
106	127	56
107	0	49
107	0	50
107	0	51
107	0	52
107	0	53
107	0	54
107	0	55
107	1	50
107	1	51
107	1	52
107	1	53
107	2	50
107	2	51
107	2	52
107	3	51
107	4	51
107	5	51
107	5	52
107	5	53
107	5	54
107	5	55
107	5	56
107	5	57
107	5	58
107	6	51
107	6	52
107	6	53
107	6	54
107	6	55
107	6	56
107	6	57
107	6	58
107	7	51
107	7	52
107	7	53
107	7	54
107	7	55
107	7	56
107	7	57
107	7	58
107	7	59
107	8	51
107	8	52
107	8	53
107	8	54
107	8	55
107	8	56
107	8	57
107	8	58
107	8	59
107	9	51
107	9	52
107	9	53
107	9	54
107	9	55
107	9	56
107	9	57
107	9	58
107	9	59
107	10	51
107	10	52
107	10	53
107	10	54
107	10	55
107	10	56
107	10	57
107	10	58
107	10	59
107	10	60
107	11	50
107	11	51
107	11	52
107	11	53
107	11	54
107	11	55
107	11	56
107	11	57
107	11	58
107	11	59
107	11	60
107	11	61
107	12	50
107	12	51
107	12	52
107	12	53
107	12	54
107	12	55
107	12	56
107	12	57
107	12	58
107	12	59
107	12	60
107	12	61
107	12	62
107	13	50
107	13	51
107	13	52
107	13	53
107	13	54
107	13	55
107	13	56
107	13	57
107	13	58
107	13	59
107	13	60
107	13	61
107	13	62
107	13	63
107	14	50
107	14	51
107	14	52
107	14	53
107	14	54
107	14	55
107	14	56
107	14	57
107	14	58
107	14	59
107	14	60
107	14	61
107	14	62
107	15	50
107	15	51
107	15	52
107	15	53
107	15	54
107	15	55
107	15	56
107	15	57
107	15	58
107	15	59
107	15	60
107	15	61
107	16	50
107	16	51
107	16	52
107	16	53
107	16	54
107	16	55
107	16	56
107	16	57
107	16	58
107	16	59
107	17	50
107	17	51
107	17	52
107	17	53
107	17	54
107	17	55
107	17	56
107	17	57
107	17	58
107	18	50
107	18	51
107	18	52
107	18	53
107	18	54
107	18	55
107	18	56
107	18	57
107	18	58
107	19	53
107	19	54
107	19	55
107	19	56
107	19	57
107	118	52
107	118	53
107	119	51
107	119	52
107	119	53
107	119	54
107	120	50
107	120	51
107	120	52
107	120	53
107	120	54
107	120	55
107	120	56
107	121	49
107	121	50
107	121	51
107	121	52
107	121	53
107	121	54
107	121	55
107	121	56
107	121	57
107	121	58
107	121	59
107	122	49
107	122	50
107	122	51
107	122	52
107	122	53
107	122	54
107	122	55
107	122	56
107	122	57
107	122	58
107	122	59
107	123	49
107	123	50
107	123	51
107	123	52
107	123	53
107	123	54
107	123	55
107	123	56
107	123	57
107	124	49
107	124	50
107	124	51
107	124	52
107	124	53
107	124	54
107	124	55
107	124	56
107	125	49
107	125	50
107	125	51
107	125	52
107	125	53
107	125	54
107	125	55
107	126	49
107	126	50
107	126	51
107	126	52
107	126	53
107	126	54
107	126	55
107	127	49
107	127	50
107	127	51
107	127	52
107	127	53
107	127	54
107	127	55
108	0	49
108	0	50
108	0	51
108	0	52
108	0	53
108	0	54
108	1	49
108	1	50
108	1	51
108	1	52
108	1	53
108	2	50
108	2	51
108	2	52
108	3	51
108	6	52
108	6	53
108	6	54
108	6	55
108	6	56
108	6	57
108	6	58
108	7	53
108	7	54
108	7	55
108	7	56
108	7	57
108	7	58
108	8	52
108	8	53
108	8	54
108	8	55
108	8	56
108	8	57
108	8	58
108	9	51
108	9	52
108	9	53
108	9	54
108	9	55
108	9	56
108	9	57
108	9	58
108	10	50
108	10	51
108	10	52
108	10	53
108	10	54
108	10	55
108	10	56
108	10	57
108	10	58
108	10	59
108	10	60
108	11	50
108	11	51
108	11	52
108	11	53
108	11	54
108	11	55
108	11	56
108	11	57
108	11	58
108	11	59
108	11	60
108	11	61
108	12	50
108	12	51
108	12	52
108	12	53
108	12	54
108	12	55
108	12	56
108	12	57
108	12	58
108	12	59
108	12	60
108	12	61
108	12	62
108	13	50
108	13	51
108	13	52
108	13	53
108	13	54
108	13	55
108	13	56
108	13	57
108	13	58
108	13	59
108	13	60
108	13	61
108	14	50
108	14	51
108	14	52
108	14	53
108	14	54
108	14	55
108	14	56
108	14	57
108	14	58
108	14	59
108	14	60
108	15	50
108	15	51
108	15	52
108	15	53
108	15	54
108	15	55
108	15	56
108	15	57
108	15	58
108	15	59
108	16	51
108	16	52
108	16	53
108	16	54
108	16	55
108	16	56
108	16	57
108	16	58
108	17	52
108	17	53
108	17	54
108	17	55
108	17	56
108	17	57
108	17	58
108	18	53
108	18	54
108	18	55
108	18	56
108	18	57
108	118	52
108	119	51
108	119	52
108	119	53
108	120	50
108	120	51
108	120	52
108	120	53
108	120	54
108	120	55
108	121	49
108	121	50
108	121	51
108	121	52
108	121	53
108	121	54
108	121	55
108	121	56
108	121	57
108	121	58
108	122	48
108	122	49
108	122	50
108	122	51
108	122	52
108	122	53
108	122	54
108	122	55
108	122	56
108	122	57
108	122	58
108	123	48
108	123	49
108	123	50
108	123	51
108	123	52
108	123	53
108	123	54
108	123	55
108	123	56
108	123	57
108	124	48
108	124	49
108	124	50
108	124	51
108	124	52
108	124	53
108	124	54
108	124	55
108	124	56
108	125	48
108	125	49
108	125	50
108	125	51
108	125	52
108	125	53
108	125	54
108	125	55
108	126	48
108	126	49
108	126	50
108	126	51
108	126	52
108	126	53
108	126	54
108	127	48
108	127	49
108	127	50
108	127	51
108	127	52
108	127	53
108	127	54
109	0	48
109	0	49
109	0	50
109	0	51
109	0	52
109	0	53
109	0	54
109	1	49
109	1	50
109	1	51
109	1	52
109	1	53
109	2	50
109	2	51
109	2	52
109	3	51
109	3	52
109	4	52
109	6	56
109	6	57
109	7	53
109	7	54
109	7	55
109	7	56
109	7	57
109	8	52
109	8	53
109	8	54
109	8	55
109	8	56
109	8	57
109	9	51
109	9	52
109	9	53
109	9	54
109	9	55
109	9	56
109	9	57
109	10	50
109	10	51
109	10	52
109	10	53
109	10	54
109	10	55
109	10	56
109	10	57
109	10	58
109	11	50
109	11	51
109	11	52
109	11	53
109	11	54
109	11	55
109	11	56
109	11	57
109	11	58
109	11	59
109	11	60
109	11	61
109	12	50
109	12	51
109	12	52
109	12	53
109	12	54
109	12	55
109	12	56
109	12	57
109	12	58
109	12	59
109	12	60
109	13	49
109	13	50
109	13	51
109	13	52
109	13	53
109	13	54
109	13	55
109	13	56
109	13	57
109	13	58
109	13	59
109	14	50
109	14	51
109	14	52
109	14	53
109	14	54
109	14	55
109	14	56
109	14	57
109	14	58
109	15	51
109	15	52
109	15	53
109	15	54
109	15	55
109	15	56
109	15	57
109	15	58
109	16	52
109	16	53
109	16	54
109	16	55
109	16	56
109	16	57
109	17	54
109	17	55
109	17	56
109	118	52
109	119	51
109	119	52
109	120	50
109	120	51
109	120	52
109	120	53
109	120	54
109	121	49
109	121	50
109	121	51
109	121	52
109	121	53
109	121	54
109	121	55
109	121	56
109	122	48
109	122	49
109	122	50
109	122	51
109	122	52
109	122	53
109	122	54
109	122	55
109	122	56
109	122	57
109	122	58
109	123	47
109	123	48
109	123	49
109	123	50
109	123	51
109	123	52
109	123	53
109	123	54
109	123	55
109	123	56
109	123	57
109	124	47
109	124	48
109	124	49
109	124	50
109	124	51
109	124	52
109	124	53
109	124	54
109	124	55
109	124	56
109	125	48
109	125	49
109	125	50
109	125	51
109	125	52
109	125	53
109	125	54
109	125	55
109	126	48
109	126	49
109	126	50
109	126	51
109	126	52
109	126	53
109	126	54
109	127	48
109	127	49
109	127	50
109	127	51
109	127	52
109	127	53
109	127	54
110	0	48
110	0	49
110	0	50
110	0	51
110	0	52
110	0	53
110	0	54
110	1	49
110	1	50
110	1	51
110	1	52
110	1	53
110	2	50
110	2	51
110	2	52
110	2	53
110	2	54
110	3	51
110	3	52
110	3	53
110	4	52
110	4	53
110	5	53
110	6	56
110	7	53
110	7	54
110	7	55
110	7	56
110	8	52
110	8	53
110	8	54
110	8	55
110	8	56
110	8	57
110	9	52
110	9	53
110	9	54
110	9	55
110	9	56
110	9	57
110	10	50
110	10	51
110	10	52
110	10	53
110	10	54
110	10	55
110	10	56
110	10	57
110	10	58
110	11	49
110	11	50
110	11	51
110	11	52
110	11	53
110	11	54
110	11	55
110	11	56
110	11	57
110	11	58
110	11	59
110	12	49
110	12	50
110	12	51
110	12	52
110	12	53
110	12	54
110	12	55
110	12	56
110	12	57
110	12	58
110	13	50
110	13	51
110	13	52
110	13	53
110	13	54
110	13	55
110	13	56
110	13	57
110	14	51
110	14	52
110	14	53
110	14	54
110	14	55
110	14	56
110	14	57
110	15	52
110	15	53
110	15	54
110	15	55
110	15	56
110	119	51
110	119	52
110	120	50
110	120	51
110	120	52
110	120	53
110	121	49
110	121	50
110	121	51
110	121	52
110	121	53
110	121	54
110	121	55
110	122	48
110	122	49
110	122	50
110	122	51
110	122	52
110	122	53
110	122	54
110	122	55
110	122	56
110	122	57
110	122	58
110	123	47
110	123	48
110	123	49
110	123	50
110	123	51
110	123	52
110	123	53
110	123	54
110	123	55
110	123	56
110	123	57
110	124	47
110	124	48
110	124	49
110	124	50
110	124	51
110	124	52
110	124	53
110	124	54
110	124	55
110	124	56
110	125	48
110	125	49
110	125	50
110	125	51
110	125	52
110	125	53
110	125	54
110	125	55
110	126	48
110	126	49
110	126	50
110	126	51
110	126	52
110	126	53
110	126	54
110	127	48
110	127	49
110	127	50
110	127	51
110	127	52
110	127	53
110	127	54
111	0	47
111	0	48
111	0	49
111	0	50
111	0	51
111	0	52
111	0	53
111	0	54
111	1	48
111	1	49
111	1	50
111	1	51
111	1	52
111	1	53
111	1	54
111	2	50
111	2	51
111	2	52
111	2	53
111	2	54
111	3	51
111	3	52
111	3	53
111	3	54
111	3	55
111	4	52
111	4	53
111	4	54
111	5	53
111	5	54
111	6	54
111	6	55
111	7	53
111	7	54
111	7	55
111	8	53
111	8	54
111	8	55
111	8	56
111	9	53
111	9	54
111	9	55
111	9	56
111	9	57
111	10	53
111	10	54
111	10	55
111	10	56
111	10	57
111	11	50
111	11	51
111	11	52
111	11	53
111	11	54
111	11	55
111	11	56
111	12	51
111	12	52
111	12	53
111	12	54
111	12	55
111	13	52
111	13	53
111	13	54
111	119	51
111	120	50
111	120	51
111	120	52
111	121	49
111	121	50
111	121	51
111	121	52
111	121	53
111	122	47
111	122	48
111	122	49
111	122	50
111	122	51
111	122	52
111	122	53
111	122	54
111	122	55
111	122	56
111	122	57
111	122	58
111	123	47
111	123	48
111	123	49
111	123	50
111	123	51
111	123	52
111	123	53
111	123	54
111	123	55
111	123	56
111	123	57
111	124	47
111	124	48
111	124	49
111	124	50
111	124	51
111	124	52
111	124	53
111	124	54
111	124	55
111	124	56
111	125	47
111	125	48
111	125	49
111	125	50
111	125	51
111	125	52
111	125	53
111	125	54
111	125	55
111	126	47
111	126	48
111	126	49
111	126	50
111	126	51
111	126	52
111	126	53
111	126	54
111	127	47
111	127	48
111	127	49
111	127	50
111	127	51
111	127	52
111	127	53
111	127	54
112	0	47
112	0	48
112	0	49
112	0	50
112	0	51
112	0	52
112	0	53
112	0	54
112	0	55
112	1	47
112	1	48
112	1	49
112	1	50
112	1	51
112	1	52
112	1	53
112	1	54
112	1	55
112	2	47
112	2	48
112	2	49
112	2	50
112	2	51
112	2	52
112	2	53
112	2	54
112	2	55
112	3	51
112	3	52
112	3	53
112	3	54
112	3	55
112	4	52
112	4	53
112	4	54
112	5	53
112	5	54
112	6	54
112	7	54
112	8	54
112	9	54
112	10	54
112	120	50
112	120	51
112	121	48
112	121	49
112	121	50
112	121	51
112	121	52
112	122	46
112	122	47
112	122	48
112	122	49
112	122	50
112	122	51
112	122	52
112	122	53
112	122	54
112	123	46
112	123	47
112	123	48
112	123	49
112	123	50
112	123	51
112	123	52
112	123	53
112	123	54
112	123	55
112	123	56
112	123	57
112	124	46
112	124	47
112	124	48
112	124	49
112	124	50
112	124	51
112	124	52
112	124	53
112	124	54
112	124	55
112	124	56
112	125	46
112	125	47
112	125	48
112	125	49
112	125	50
112	125	51
112	125	52
112	125	53
112	125	54
112	125	55
112	126	46
112	126	47
112	126	48
112	126	49
112	126	50
112	126	51
112	126	52
112	126	53
112	126	54
112	126	55
112	127	46
112	127	47
112	127	48
112	127	49
112	127	50
112	127	51
112	127	52
112	127	53
112	127	54
112	127	55
113	0	46
113	0	47
113	0	48
113	0	49
113	0	50
113	0	51
113	0	52
113	0	53
113	0	54
113	0	55
113	0	56
113	1	46
113	1	47
113	1	48
113	1	49
113	1	50
113	1	51
113	1	52
113	1	53
113	1	54
113	1	55
113	1	56
113	2	46
113	2	47
113	2	48
113	2	49
113	2	50
113	2	51
113	2	52
113	2	53
113	2	54
113	2	55
113	3	46
113	3	47
113	3	48
113	3	49
113	3	50
113	3	51
113	3	52
113	3	53
113	3	54
113	4	52
113	4	53
113	4	54
113	5	53
113	121	47
113	121	48
113	121	49
113	121	50
113	122	46
113	122	47
113	122	48
113	122	49
113	122	50
113	122	51
113	123	46
113	123	47
113	123	48
113	123	49
113	123	50
113	123	51
113	123	52
113	123	53
113	123	54
113	124	46
113	124	47
113	124	48
113	124	49
113	124	50
113	124	51
113	124	52
113	124	53
113	124	54
113	124	55
113	124	56
113	125	46
113	125	47
113	125	48
113	125	49
113	125	50
113	125	51
113	125	52
113	125	53
113	125	54
113	125	55
113	125	56
113	126	46
113	126	47
113	126	48
113	126	49
113	126	50
113	126	51
113	126	52
113	126	53
113	126	54
113	126	55
113	126	56
113	127	46
113	127	47
113	127	48
113	127	49
113	127	50
113	127	51
113	127	52
113	127	53
113	127	54
113	127	55
113	127	56
114	0	46
114	0	47
114	0	48
114	0	49
114	0	50
114	0	51
114	0	52
114	0	53
114	0	54
114	0	55
114	0	56
114	1	46
114	1	47
114	1	48
114	1	49
114	1	50
114	1	51
114	1	52
114	1	53
114	1	54
114	1	55
114	2	46
114	2	47
114	2	48
114	2	49
114	2	50
114	2	51
114	2	52
114	2	53
114	2	54
114	3	46
114	3	47
114	3	48
114	3	49
114	3	50
114	3	51
114	3	52
114	3	53
114	4	46
114	4	47
114	4	48
114	4	49
114	4	50
114	4	51
114	4	52
114	4	53
114	122	47
114	122	48
114	123	47
114	123	48
114	123	49
114	123	50
114	123	51
114	124	46
114	124	47
114	124	48
114	124	49
114	124	50
114	124	51
114	124	52
114	124	53
114	125	46
114	125	47
114	125	48
114	125	49
114	125	50
114	125	51
114	125	52
114	125	53
114	125	54
114	126	46
114	126	47
114	126	48
114	126	49
114	126	50
114	126	51
114	126	52
114	126	53
114	126	54
114	126	55
114	126	56
114	127	46
114	127	47
114	127	48
114	127	49
114	127	50
114	127	51
114	127	52
114	127	53
114	127	54
114	127	55
114	127	56
114	127	57
115	0	46
115	0	47
115	0	48
115	0	49
115	0	50
115	0	51
115	0	52
115	0	53
115	0	54
115	1	47
115	1	48
115	1	49
115	1	50
115	1	51
115	1	52
115	1	53
115	1	54
115	2	48
115	2	49
115	2	50
115	2	51
115	2	52
115	2	53
115	3	49
115	3	50
115	3	51
115	3	52
115	124	47
115	124	48
115	124	49
115	125	47
115	125	48
115	125	49
115	125	50
115	125	51
115	125	52
115	126	47
115	126	48
115	126	49
115	126	50
115	126	51
115	126	52
115	126	53
115	127	47
115	127	48
115	127	49
115	127	50
115	127	51
115	127	52
115	127	53
115	127	54
116	0	49
116	0	50
116	0	51
116	0	52
116	0	53
116	1	49
116	1	50
116	1	51
116	1	52
116	1	53
116	2	51
116	2	52
116	126	50
116	126	51
116	127	49
116	127	50
116	127	51
116	127	52
116	127	53
