#i	j	k
84	0	52
84	18	54
84	18	55
84	19	54
84	19	55
84	20	55
84	21	54
84	21	55
84	22	55
84	125	50
84	125	51
84	125	52
84	125	53
84	126	51
84	126	52
84	126	53
84	126	54
84	126	55
84	126	56
84	127	51
84	127	52
84	127	53
84	127	54
85	0	49
85	0	50
85	0	51
85	0	52
85	0	53
85	0	54
85	0	55
85	0	56
85	1	49
85	1	50
85	1	51
85	1	52
85	1	53
85	1	54
85	1	55
85	1	56
85	2	50
85	2	51
85	2	52
85	2	53
85	2	54
85	2	55
85	3	51
85	3	52
85	3	53
85	3	54
85	3	55
85	4	52
85	4	53
85	4	54
85	11	53
85	12	53
85	13	54
85	14	54
85	15	54
85	16	54
85	17	53
85	17	54
85	17	55
85	18	53
85	18	54
85	18	55
85	19	54
85	19	55
85	20	53
85	20	54
85	20	55
85	21	54
85	21	55
85	22	55
85	23	55
85	124	51
85	124	52
85	125	50
85	125	51
85	125	52
85	125	53
85	125	54
85	125	55
85	125	56
85	125	57
85	126	50
85	126	51
85	126	52
85	126	53
85	126	54
85	126	55
85	126	56
85	126	57
85	127	49
85	127	50
85	127	51
85	127	52
85	127	53
85	127	54
85	127	55
85	127	56
85	127	57
86	0	49
86	0	50
86	0	51
86	0	52
86	0	53
86	0	54
86	0	55
86	0	56
86	0	57
86	0	58
86	1	48
86	1	49
86	1	50
86	1	51
86	1	52
86	1	53
86	1	54
86	1	55
86	1	56
86	1	57
86	1	58
86	2	49
86	2	50
86	2	51
86	2	52
86	2	53
86	2	54
86	2	55
86	2	56
86	2	57
86	2	58
86	3	50
86	3	51
86	3	52
86	3	53
86	3	54
86	3	55
86	3	56
86	3	57
86	4	51
86	4	52
86	4	53
86	4	54
86	4	55
86	4	56
86	4	57
86	5	51
86	5	52
86	5	53
86	5	54
86	5	55
86	5	56
86	5	57
86	6	52
86	6	53
86	6	54
86	6	55
86	6	56
86	7	51
86	7	52
86	7	53
86	7	54
86	8	51
86	8	52
86	8	53
86	8	54
86	9	51
86	9	52
86	9	53
86	9	54
86	10	51
86	10	52
86	10	53
86	10	54
86	10	55
86	11	51
86	11	52
86	11	53
86	11	54
86	11	55
86	12	51
86	12	52
86	12	53
86	12	54
86	12	55
86	13	52
86	13	53
86	13	54
86	13	55
86	14	52
86	14	53
86	14	54
86	14	55
86	15	52
86	15	53
86	15	54
86	15	55
86	16	52
86	16	53
86	16	54
86	16	55
86	17	52
86	17	53
86	17	54
86	17	55
86	17	56
86	18	52
86	18	53
86	18	54
86	18	55
86	18	56
86	19	52
86	19	53
86	19	54
86	19	55
86	19	56
86	20	53
86	20	54
86	20	55
86	20	56
86	21	54
86	21	55
86	21	56
86	22	54
86	22	55
86	23	55
86	124	52
86	124	53
86	125	51
86	125	52
86	125	53
86	125	54
86	125	55
86	125	56
86	125	57
86	126	50
86	126	51
86	126	52
86	126	53
86	126	54
86	126	55
86	126	56
86	126	57
86	126	58
86	127	49
86	127	50
86	127	51
86	127	52
86	127	53
86	127	54
86	127	55
86	127	56
86	127	57
86	127	58
87	0	49
87	0	50
87	0	51
87	0	52
87	0	53
87	0	54
87	0	55
87	0	56
87	0	57
87	0	58
87	0	59
87	1	48
87	1	49
87	1	50
87	1	51
87	1	52
87	1	53
87	1	54
87	1	55
87	1	56
87	1	57
87	1	58
87	1	59
87	1	60
87	2	47
87	2	48
87	2	49
87	2	50
87	2	51
87	2	52
87	2	53
87	2	54
87	2	55
87	2	56
87	2	57
87	2	58
87	2	59
87	2	60
87	3	47
87	3	48
87	3	49
87	3	50
87	3	51
87	3	52
87	3	53
87	3	54
87	3	55
87	3	56
87	3	57
87	3	58
87	3	59
87	3	60
87	4	47
87	4	48
87	4	49
87	4	50
87	4	51
87	4	52
87	4	53
87	4	54
87	4	55
87	4	56
87	4	57
87	4	58
87	4	59
87	4	60
87	5	46
87	5	51
87	5	52
87	5	53
87	5	54
87	5	55
87	5	56
87	5	57
87	5	58
87	5	59
87	5	60
87	6	46
87	6	50
87	6	51
87	6	52
87	6	53
87	6	54
87	6	55
87	6	56
87	6	57
87	6	58
87	6	59
87	6	60
87	7	46
87	7	50
87	7	51
87	7	52
87	7	53
87	7	54
87	7	55
87	7	56
87	7	57
87	7	58
87	7	59
87	8	46
87	8	50
87	8	51
87	8	52
87	8	53
87	8	54
87	8	55
87	8	56
87	8	57
87	9	50
87	9	51
87	9	52
87	9	53
87	9	54
87	9	55
87	9	56
87	10	50
87	10	51
87	10	52
87	10	53
87	10	54
87	10	55
87	10	56
87	11	50
87	11	51
87	11	52
87	11	53
87	11	54
87	11	55
87	11	56
87	12	51
87	12	52
87	12	53
87	12	54
87	12	55
87	12	56
87	13	51
87	13	52
87	13	53
87	13	54
87	13	55
87	13	56
87	14	51
87	14	52
87	14	53
87	14	54
87	14	55
87	14	56
87	15	51
87	15	52
87	15	53
87	15	54
87	15	55
87	15	56
87	16	51
87	16	52
87	16	53
87	16	54
87	16	55
87	16	56
87	17	51
87	17	52
87	17	53
87	17	54
87	17	55
87	17	56
87	17	57
87	18	51
87	18	52
87	18	53
87	18	54
87	18	55
87	18	56
87	18	57
87	19	51
87	19	52
87	19	53
87	19	54
87	19	55
87	19	56
87	19	57
87	20	51
87	20	52
87	20	53
87	20	54
87	20	55
87	20	56
87	20	57
87	21	53
87	21	54
87	21	55
87	21	56
87	22	54
87	22	55
87	22	56
87	23	55
87	124	52
87	124	53
87	124	54
87	125	52
87	125	53
87	125	54
87	125	55
87	125	56
87	125	57
87	126	51
87	126	52
87	126	53
87	126	54
87	126	55
87	126	56
87	126	57
87	126	58
87	127	50
87	127	51
87	127	52
87	127	53
87	127	54
87	127	55
87	127	56
87	127	57
87	127	58
87	127	59
88	0	48
88	0	49
88	0	50
88	0	51
88	0	52
88	0	53
88	0	54
88	0	55
88	0	56
88	0	57
88	0	58
88	0	59
88	0	60
88	1	47
88	1	48
88	1	49
88	1	50
88	1	51
88	1	52
88	1	53
88	1	54
88	1	55
88	1	56
88	1	57
88	1	58
88	1	59
88	1	60
88	1	61
88	2	47
88	2	48
88	2	49
88	2	50
88	2	51
88	2	52
88	2	53
88	2	54
88	2	55
88	2	56
88	2	57
88	2	58
88	2	59
88	2	60
88	2	61
88	2	62
88	3	47
88	3	48
88	3	49
88	3	50
88	3	51
88	3	52
88	3	53
88	3	54
88	3	55
88	3	56
88	3	57
88	3	58
88	3	59
88	3	60
88	3	61
88	3	62
88	3	63
88	4	47
88	4	48
88	4	49
88	4	50
88	4	51
88	4	52
88	4	53
88	4	54
88	4	55
88	4	56
88	4	57
88	4	58
88	4	59
88	4	60
88	4	61
88	4	62
88	4	63
88	4	64
88	5	47
88	5	48
88	5	49
88	5	50
88	5	51
88	5	52
88	5	53
88	5	54
88	5	55
88	5	56
88	5	57
88	5	58
88	5	59
88	5	60
88	5	61
88	5	62
88	5	63
88	5	64
88	5	65
88	6	47
88	6	49
88	6	50
88	6	51
88	6	52
88	6	53
88	6	54
88	6	55
88	6	56
88	6	57
88	6	58
88	6	59
88	6	60
88	6	61
88	6	62
88	6	63
88	6	64
88	6	65
88	7	47
88	7	49
88	7	50
88	7	51
88	7	52
88	7	53
88	7	54
88	7	55
88	7	56
88	7	57
88	7	58
88	7	59
88	7	60
88	7	61
88	7	62
88	7	63
88	7	64
88	7	65
88	8	47
88	8	49
88	8	50
88	8	51
88	8	52
88	8	53
88	8	54
88	8	55
88	8	56
88	8	57
88	8	58
88	8	59
88	8	60
88	8	61
88	8	62
88	8	63
88	8	64
88	8	65
88	9	49
88	9	50
88	9	51
88	9	52
88	9	53
88	9	54
88	9	55
88	9	56
88	9	57
88	9	58
88	9	59
88	9	60
88	9	61
88	9	62
88	9	63
88	9	64
88	9	65
88	10	49
88	10	50
88	10	51
88	10	52
88	10	53
88	10	54
88	10	55
88	10	56
88	10	57
88	10	58
88	10	59
88	10	60
88	10	61
88	10	62
88	10	63
88	10	64
88	10	65
88	11	50
88	11	51
88	11	52
88	11	53
88	11	54
88	11	55
88	11	56
88	11	57
88	11	58
88	11	59
88	11	60
88	11	61
88	11	62
88	11	63
88	11	64
88	11	65
88	12	50
88	12	51
88	12	52
88	12	53
88	12	54
88	12	55
88	12	56
88	12	57
88	12	58
88	12	62
88	12	63
88	12	64
88	13	50
88	13	51
88	13	52
88	13	53
88	13	54
88	13	55
88	13	56
88	13	57
88	14	50
88	14	51
88	14	52
88	14	53
88	14	54
88	14	55
88	14	56
88	14	57
88	14	73
88	14	74
88	14	75
88	15	50
88	15	51
88	15	52
88	15	53
88	15	54
88	15	55
88	15	56
88	15	57
88	15	70
88	15	71
88	15	72
88	15	73
88	15	74
88	15	75
88	15	76
88	16	50
88	16	51
88	16	52
88	16	53
88	16	54
88	16	55
88	16	56
88	16	57
88	16	58
88	16	69
88	16	70
88	16	71
88	16	72
88	16	73
88	16	74
88	16	75
88	16	76
88	17	50
88	17	51
88	17	52
88	17	53
88	17	54
88	17	55
88	17	56
88	17	57
88	17	58
88	17	69
88	17	70
88	17	71
88	17	72
88	17	73
88	17	74
88	17	75
88	17	76
88	18	50
88	18	51
88	18	52
88	18	53
88	18	54
88	18	55
88	18	56
88	18	57
88	18	58
88	18	70
88	18	71
88	18	72
88	18	73
88	18	74
88	18	75
88	19	50
88	19	51
88	19	52
88	19	53
88	19	54
88	19	55
88	19	56
88	19	57
88	19	58
88	19	71
88	19	72
88	19	73
88	19	74
88	19	75
88	20	50
88	20	51
88	20	52
88	20	53
88	20	54
88	20	55
88	20	56
88	20	57
88	20	72
88	20	73
88	20	74
88	21	50
88	21	51
88	21	52
88	21	53
88	21	54
88	21	55
88	21	56
88	21	57
88	22	54
88	22	55
88	22	56
88	23	55
88	123	53
88	124	53
88	124	54
88	124	55
88	124	56
88	125	52
88	125	53
88	125	54
88	125	55
88	125	56
88	125	57
88	126	51
88	126	52
88	126	53
88	126	54
88	126	55
88	126	56
88	126	57
88	126	58
88	127	50
88	127	51
88	127	52
88	127	53
88	127	54
88	127	55
88	127	56
88	127	57
88	127	58
88	127	59
89	0	48
89	0	49
89	0	50
89	0	51
89	0	52
89	0	53
89	0	54
89	0	55
89	0	56
89	0	57
89	0	58
89	0	59
89	0	60
89	1	48
89	1	49
89	1	50
89	1	51
89	1	52
89	1	53
89	1	54
89	1	55
89	1	56
89	1	57
89	1	58
89	1	59
89	1	60
89	1	61
89	2	48
89	2	49
89	2	50
89	2	51
89	2	52
89	2	53
89	2	54
89	2	55
89	2	56
89	2	57
89	2	58
89	2	59
89	2	60
89	2	61
89	2	62
89	2	63
89	3	48
89	3	49
89	3	50
89	3	51
89	3	52
89	3	53
89	3	54
89	3	55
89	3	56
89	3	57
89	3	58
89	3	59
89	3	60
89	3	61
89	3	62
89	3	63
89	3	64
89	4	48
89	4	49
89	4	50
89	4	51
89	4	52
89	4	53
89	4	54
89	4	55
89	4	56
89	4	57
89	4	58
89	4	59
89	4	60
89	4	61
89	4	62
89	4	63
89	4	64
89	4	65
89	5	48
89	5	49
89	5	50
89	5	51
89	5	52
89	5	53
89	5	54
89	5	55
89	5	56
89	5	57
89	5	58
89	5	59
89	5	60
89	5	61
89	5	62
89	5	63
89	5	64
89	5	65
89	5	66
89	5	67
89	6	48
89	6	49
89	6	50
89	6	51
89	6	52
89	6	53
89	6	54
89	6	55
89	6	56
89	6	57
89	6	58
89	6	59
89	6	60
89	6	61
89	6	62
89	6	63
89	6	64
89	6	65
89	6	66
89	6	67
89	6	68
89	7	48
89	7	49
89	7	50
89	7	51
89	7	52
89	7	53
89	7	54
89	7	55
89	7	56
89	7	57
89	7	58
89	7	59
89	7	60
89	7	61
89	7	62
89	7	63
89	7	64
89	7	65
89	7	66
89	7	67
89	7	68
89	7	69
89	7	70
89	7	71
89	8	48
89	8	49
89	8	50
89	8	51
89	8	52
89	8	53
89	8	54
89	8	55
89	8	56
89	8	57
89	8	58
89	8	59
89	8	60
89	8	61
89	8	62
89	8	63
89	8	64
89	8	65
89	8	66
89	8	67
89	8	68
89	8	69
89	8	70
89	8	71
89	8	72
89	8	73
89	8	74
89	8	75
89	9	48
89	9	49
89	9	50
89	9	51
89	9	52
89	9	53
89	9	54
89	9	55
89	9	56
89	9	57
89	9	58
89	9	59
89	9	60
89	9	61
89	9	62
89	9	63
89	9	64
89	9	65
89	9	66
89	9	67
89	9	68
89	9	69
89	9	70
89	9	71
89	9	72
89	9	73
89	9	74
89	9	75
89	9	76
89	9	77
89	9	78
89	10	48
89	10	49
89	10	50
89	10	51
89	10	52
89	10	53
89	10	54
89	10	55
89	10	56
89	10	57
89	10	58
89	10	59
89	10	60
89	10	61
89	10	62
89	10	63
89	10	64
89	10	65
89	10	66
89	10	67
89	10	68
89	10	69
89	10	70
89	10	71
89	10	72
89	10	73
89	10	74
89	10	75
89	10	76
89	10	77
89	10	78
89	11	48
89	11	49
89	11	50
89	11	51
89	11	52
89	11	53
89	11	54
89	11	55
89	11	56
89	11	57
89	11	58
89	11	59
89	11	60
89	11	61
89	11	62
89	11	63
89	11	64
89	11	65
89	11	66
89	11	67
89	11	68
89	11	69
89	11	70
89	11	71
89	11	72
89	11	73
89	11	74
89	11	75
89	11	76
89	11	77
89	11	78
89	12	49
89	12	50
89	12	51
89	12	52
89	12	53
89	12	54
89	12	55
89	12	56
89	12	57
89	12	58
89	12	59
89	12	60
89	12	61
89	12	62
89	12	63
89	12	64
89	12	65
89	12	66
89	12	67
89	12	68
89	12	69
89	12	70
89	12	71
89	12	72
89	12	73
89	12	74
89	12	75
89	12	76
89	12	77
89	12	78
89	13	49
89	13	50
89	13	51
89	13	52
89	13	53
89	13	54
89	13	55
89	13	56
89	13	57
89	13	58
89	13	59
89	13	60
89	13	61
89	13	62
89	13	63
89	13	64
89	13	65
89	13	66
89	13	67
89	13	68
89	13	69
89	13	70
89	13	71
89	13	72
89	13	73
89	13	74
89	13	75
89	13	76
89	13	77
89	14	49
89	14	50
89	14	51
89	14	52
89	14	53
89	14	54
89	14	55
89	14	56
89	14	57
89	14	58
89	14	59
89	14	60
89	14	63
89	14	64
89	14	65
89	14	66
89	14	67
89	14	68
89	14	69
89	14	70
89	14	71
89	14	72
89	14	73
89	14	74
89	14	75
89	14	76
89	14	77
89	15	49
89	15	50
89	15	51
89	15	52
89	15	53
89	15	54
89	15	55
89	15	56
89	15	57
89	15	58
89	15	59
89	15	67
89	15	68
89	15	69
89	15	70
89	15	71
89	15	72
89	15	73
89	15	74
89	15	75
89	15	76
89	15	77
89	16	49
89	16	50
89	16	51
89	16	52
89	16	53
89	16	54
89	16	55
89	16	56
89	16	57
89	16	58
89	16	59
89	16	68
89	16	69
89	16	70
89	16	71
89	16	72
89	16	73
89	16	74
89	16	75
89	16	76
89	16	77
89	17	49
89	17	50
89	17	51
89	17	52
89	17	53
89	17	54
89	17	55
89	17	56
89	17	57
89	17	58
89	17	59
89	17	69
89	17	70
89	17	71
89	17	72
89	17	73
89	17	74
89	17	75
89	17	76
89	17	77
89	18	49
89	18	50
89	18	51
89	18	52
89	18	53
89	18	54
89	18	55
89	18	56
89	18	57
89	18	58
89	18	59
89	18	70
89	18	71
89	18	72
89	18	73
89	18	74
89	18	75
89	18	76
89	18	77
89	19	49
89	19	50
89	19	51
89	19	52
89	19	53
89	19	54
89	19	55
89	19	56
89	19	57
89	19	58
89	19	71
89	19	72
89	19	73
89	19	74
89	19	75
89	19	76
89	19	77
89	19	78
89	20	49
89	20	50
89	20	51
89	20	52
89	20	53
89	20	54
89	20	55
89	20	56
89	20	57
89	20	58
89	20	72
89	20	73
89	20	74
89	20	75
89	20	76
89	20	77
89	21	49
89	21	50
89	21	51
89	21	52
89	21	53
89	21	54
89	21	55
89	21	56
89	21	57
89	21	73
89	21	74
89	21	75
89	21	76
89	21	77
89	22	49
89	22	50
89	22	51
89	22	52
89	22	53
89	22	54
89	22	55
89	22	56
89	22	74
89	22	75
89	22	76
89	23	55
89	123	54
89	123	55
89	124	54
89	124	55
89	124	56
89	125	53
89	125	54
89	125	55
89	125	56
89	125	57
89	126	51
89	126	52
89	126	53
89	126	54
89	126	55
89	126	56
89	126	57
89	126	58
89	127	49
89	127	50
89	127	51
89	127	52
89	127	53
89	127	54
89	127	55
89	127	56
89	127	57
89	127	58
89	127	59
90	0	50
90	0	51
90	0	52
90	0	53
90	0	54
90	0	55
90	0	56
90	0	57
90	0	58
90	0	59
90	0	60
90	1	49
90	1	50
90	1	51
90	1	52
90	1	53
90	1	54
90	1	55
90	1	56
90	1	57
90	1	58
90	1	59
90	1	60
90	1	61
90	1	62
90	2	49
90	2	50
90	2	51
90	2	52
90	2	53
90	2	54
90	2	55
90	2	56
90	2	57
90	2	58
90	2	59
90	2	60
90	2	61
90	2	62
90	2	63
90	2	64
90	3	49
90	3	50
90	3	51
90	3	52
90	3	53
90	3	54
90	3	55
90	3	56
90	3	57
90	3	58
90	3	59
90	3	60
90	3	61
90	3	62
90	3	63
90	3	64
90	3	65
90	4	49
90	4	50
90	4	51
90	4	52
90	4	53
90	4	54
90	4	55
90	4	56
90	4	57
90	4	58
90	4	59
90	4	60
90	4	61
90	4	62
90	4	63
90	4	64
90	4	65
90	4	66
90	5	49
90	5	50
90	5	51
90	5	52
90	5	53
90	5	54
90	5	55
90	5	56
90	5	57
90	5	58
90	5	59
90	5	60
90	5	61
90	5	62
90	5	63
90	5	64
90	5	65
90	5	66
90	5	67
90	5	68
90	5	69
90	6	49
90	6	50
90	6	51
90	6	52
90	6	53
90	6	54
90	6	55
90	6	56
90	6	57
90	6	58
90	6	59
90	6	60
90	6	61
90	6	62
90	6	63
90	6	64
90	6	65
90	6	66
90	6	67
90	6	68
90	6	69
90	6	70
90	6	71
90	6	72
90	6	73
90	6	74
90	6	75
90	7	49
90	7	50
90	7	51
90	7	52
90	7	53
90	7	54
90	7	55
90	7	56
90	7	57
90	7	58
90	7	59
90	7	60
90	7	61
90	7	62
90	7	63
90	7	64
90	7	65
90	7	66
90	7	67
90	7	68
90	7	69
90	7	70
90	7	71
90	7	72
90	7	73
90	7	74
90	7	75
90	7	76
90	8	49
90	8	50
90	8	51
90	8	52
90	8	53
90	8	54
90	8	55
90	8	56
90	8	57
90	8	58
90	8	59
90	8	60
90	8	61
90	8	62
90	8	63
90	8	64
90	8	65
90	8	66
90	8	67
90	8	68
90	8	69
90	8	70
90	8	71
90	8	72
90	8	73
90	8	74
90	8	75
90	8	76
90	8	77
90	9	48
90	9	49
90	9	50
90	9	51
90	9	52
90	9	53
90	9	54
90	9	55
90	9	56
90	9	57
90	9	58
90	9	59
90	9	60
90	9	61
90	9	62
90	9	63
90	9	64
90	9	65
90	9	66
90	9	67
90	9	68
90	9	69
90	9	70
90	9	71
90	9	72
90	9	73
90	9	74
90	9	75
90	9	76
90	9	77
90	9	78
90	10	48
90	10	49
90	10	50
90	10	51
90	10	52
90	10	53
90	10	54
90	10	55
90	10	56
90	10	57
90	10	58
90	10	59
90	10	60
90	10	61
90	10	62
90	10	63
90	10	64
90	10	65
90	10	66
90	10	67
90	10	68
90	10	69
90	10	70
90	10	71
90	10	72
90	10	73
90	10	74
90	10	75
90	10	76
90	10	77
90	10	78
90	11	48
90	11	49
90	11	50
90	11	51
90	11	52
90	11	53
90	11	54
90	11	55
90	11	56
90	11	57
90	11	58
90	11	59
90	11	60
90	11	61
90	11	62
90	11	63
90	11	64
90	11	65
90	11	66
90	11	67
90	11	68
90	11	69
90	11	70
90	11	71
90	11	72
90	11	73
90	11	74
90	11	75
90	11	76
90	11	77
90	11	78
90	12	49
90	12	50
90	12	51
90	12	52
90	12	53
90	12	54
90	12	55
90	12	56
90	12	57
90	12	58
90	12	59
90	12	60
90	12	61
90	12	62
90	12	63
90	12	64
90	12	65
90	12	66
90	12	67
90	12	68
90	12	69
90	12	70
90	12	71
90	12	72
90	12	73
90	12	74
90	12	75
90	12	76
90	12	77
90	12	78
90	13	49
90	13	50
90	13	51
90	13	52
90	13	53
90	13	54
90	13	55
90	13	56
90	13	57
90	13	58
90	13	59
90	13	60
90	13	61
90	13	62
90	13	63
90	13	64
90	13	65
90	13	66
90	13	67
90	13	68
90	13	69
90	13	70
90	13	71
90	13	72
90	13	73
90	13	74
90	13	75
90	13	76
90	13	77
90	13	78
90	14	49
90	14	50
90	14	51
90	14	52
90	14	53
90	14	54
90	14	55
90	14	56
90	14	57
90	14	58
90	14	59
90	14	60
90	14	61
90	14	62
90	14	63
90	14	64
90	14	65
90	14	66
90	14	67
90	14	68
90	14	69
90	14	70
90	14	71
90	14	72
90	14	73
90	14	74
90	14	75
90	14	76
90	14	77
90	15	49
90	15	50
90	15	51
90	15	52
90	15	53
90	15	54
90	15	55
90	15	56
90	15	57
90	15	58
90	15	59
90	15	60
90	15	61
90	15	62
90	15	63
90	15	64
90	15	65
90	15	66
90	15	67
90	15	68
90	15	69
90	15	70
90	15	71
90	15	72
90	15	73
90	15	74
90	15	75
90	15	76
90	15	77
90	16	49
90	16	50
90	16	51
90	16	52
90	16	53
90	16	54
90	16	55
90	16	56
90	16	57
90	16	58
90	16	59
90	16	60
90	16	68
90	16	69
90	16	70
90	16	71
90	16	72
90	16	73
90	16	74
90	16	75
90	16	76
90	16	77
90	17	49
90	17	50
90	17	51
90	17	52
90	17	53
90	17	54
90	17	55
90	17	56
90	17	57
90	17	58
90	17	59
90	17	60
90	17	69
90	17	70
90	17	71
90	17	72
90	17	73
90	17	74
90	17	75
90	17	76
90	17	77
90	18	49
90	18	50
90	18	51
90	18	52
90	18	53
90	18	54
90	18	55
90	18	56
90	18	57
90	18	58
90	18	59
90	18	60
90	18	70
90	18	71
90	18	72
90	18	73
90	18	74
90	18	75
90	18	76
90	18	77
90	18	78
90	19	48
90	19	49
90	19	50
90	19	51
90	19	52
90	19	53
90	19	54
90	19	55
90	19	56
90	19	57
90	19	58
90	19	59
90	19	71
90	19	72
90	19	73
90	19	74
90	19	75
90	19	76
90	19	77
90	19	78
90	20	48
90	20	49
90	20	50
90	20	51
90	20	52
90	20	53
90	20	54
90	20	55
90	20	56
90	20	57
90	20	58
90	20	72
90	20	73
90	20	74
90	20	75
90	20	76
90	20	77
90	20	78
90	21	48
90	21	49
90	21	50
90	21	51
90	21	52
90	21	53
90	21	54
90	21	55
90	21	56
90	21	57
90	21	73
90	21	74
90	21	75
90	21	76
90	21	77
90	21	78
90	21	79
90	22	48
90	22	49
90	22	50
90	22	51
90	22	52
90	22	53
90	22	54
90	22	55
90	22	56
90	22	74
90	22	75
90	22	76
90	22	77
90	22	78
90	22	79
90	22	80
90	23	48
90	23	49
90	23	50
90	23	51
90	23	52
90	23	53
90	23	54
90	23	55
90	23	74
90	23	75
90	23	76
90	23	77
90	23	78
90	23	79
90	23	80
90	24	75
90	24	76
90	24	77
90	24	78
90	24	79
90	24	80
90	25	74
90	25	75
90	25	76
90	25	77
90	25	78
90	25	79
90	123	55
90	124	54
90	124	55
90	124	56
90	125	53
90	125	54
90	125	55
90	125	56
90	125	57
90	126	51
90	126	52
90	126	53
90	126	54
90	126	55
90	126	56
90	126	57
90	126	58
90	127	50
90	127	51
90	127	52
90	127	53
90	127	54
90	127	55
90	127	56
90	127	57
90	127	58
90	127	59
91	0	51
91	0	52
91	0	53
91	0	54
91	0	55
91	0	56
91	0	57
91	0	58
91	0	59
91	0	60
91	0	61
91	1	51
91	1	52
91	1	53
91	1	54
91	1	55
91	1	56
91	1	57
91	1	58
91	1	59
91	1	60
91	1	61
91	1	62
91	1	63
91	2	50
91	2	51
91	2	52
91	2	53
91	2	54
91	2	55
91	2	56
91	2	57
91	2	58
91	2	59
91	2	60
91	2	61
91	2	62
91	2	63
91	2	64
91	2	65
91	3	50
91	3	51
91	3	52
91	3	53
91	3	54
91	3	55
91	3	56
91	3	57
91	3	58
91	3	59
91	3	60
91	3	61
91	3	62
91	3	63
91	3	64
91	3	65
91	3	66
91	4	50
91	4	51
91	4	52
91	4	53
91	4	54
91	4	55
91	4	56
91	4	57
91	4	58
91	4	59
91	4	60
91	4	61
91	4	62
91	4	63
91	4	64
91	4	65
91	4	66
91	4	67
91	4	68
91	5	50
91	5	51
91	5	52
91	5	53
91	5	54
91	5	55
91	5	56
91	5	57
91	5	58
91	5	59
91	5	60
91	5	61
91	5	62
91	5	63
91	5	64
91	5	65
91	5	66
91	5	67
91	5	68
91	5	69
91	5	70
91	5	71
91	6	50
91	6	51
91	6	52
91	6	53
91	6	54
91	6	55
91	6	56
91	6	57
91	6	58
91	6	59
91	6	60
91	6	61
91	6	62
91	6	63
91	6	64
91	6	65
91	6	66
91	6	67
91	6	68
91	6	69
91	6	70
91	6	71
91	6	72
91	6	73
91	6	74
91	6	75
91	7	50
91	7	51
91	7	52
91	7	53
91	7	54
91	7	55
91	7	56
91	7	57
91	7	58
91	7	59
91	7	60
91	7	61
91	7	62
91	7	63
91	7	64
91	7	65
91	7	66
91	7	67
91	7	68
91	7	69
91	7	70
91	7	71
91	7	72
91	7	73
91	7	74
91	7	75
91	7	76
91	8	50
91	8	51
91	8	52
91	8	53
91	8	54
91	8	55
91	8	56
91	8	57
91	8	58
91	8	59
91	8	60
91	8	61
91	8	62
91	8	63
91	8	64
91	8	65
91	8	66
91	8	67
91	8	68
91	8	69
91	8	70
91	8	71
91	8	72
91	8	73
91	8	74
91	8	75
91	8	76
91	8	77
91	9	49
91	9	50
91	9	51
91	9	52
91	9	53
91	9	54
91	9	55
91	9	56
91	9	57
91	9	58
91	9	59
91	9	60
91	9	61
91	9	62
91	9	63
91	9	64
91	9	65
91	9	66
91	9	67
91	9	68
91	9	69
91	9	70
91	9	71
91	9	72
91	9	73
91	9	74
91	9	75
91	9	76
91	9	77
91	9	78
91	10	49
91	10	50
91	10	51
91	10	52
91	10	53
91	10	54
91	10	55
91	10	56
91	10	57
91	10	58
91	10	59
91	10	60
91	10	61
91	10	62
91	10	63
91	10	64
91	10	65
91	10	66
91	10	67
91	10	68
91	10	69
91	10	70
91	10	71
91	10	72
91	10	73
91	10	74
91	10	75
91	10	76
91	10	77
91	10	78
91	10	79
91	11	49
91	11	50
91	11	51
91	11	52
91	11	53
91	11	54
91	11	55
91	11	56
91	11	57
91	11	58
91	11	59
91	11	60
91	11	61
91	11	62
91	11	63
91	11	64
91	11	65
91	11	66
91	11	67
91	11	68
91	11	69
91	11	70
91	11	71
91	11	72
91	11	73
91	11	74
91	11	75
91	11	76
91	11	77
91	11	78
91	11	79
91	12	49
91	12	50
91	12	51
91	12	52
91	12	53
91	12	54
91	12	55
91	12	56
91	12	57
91	12	58
91	12	59
91	12	60
91	12	61
91	12	62
91	12	63
91	12	64
91	12	65
91	12	66
91	12	67
91	12	68
91	12	69
91	12	70
91	12	71
91	12	72
91	12	73
91	12	74
91	12	75
91	12	76
91	12	77
91	12	78
91	13	49
91	13	50
91	13	51
91	13	52
91	13	53
91	13	54
91	13	55
91	13	56
91	13	57
91	13	58
91	13	59
91	13	60
91	13	61
91	13	62
91	13	63
91	13	64
91	13	65
91	13	66
91	13	67
91	13	68
91	13	69
91	13	70
91	13	71
91	13	72
91	13	73
91	13	74
91	13	75
91	13	76
91	13	77
91	13	78
91	14	49
91	14	50
91	14	51
91	14	52
91	14	53
91	14	54
91	14	55
91	14	56
91	14	57
91	14	58
91	14	59
91	14	60
91	14	61
91	14	62
91	14	63
91	14	64
91	14	65
91	14	66
91	14	67
91	14	68
91	14	69
91	14	70
91	14	71
91	14	72
91	14	73
91	14	74
91	14	75
91	14	76
91	14	77
91	14	78
91	15	49
91	15	50
91	15	51
91	15	52
91	15	53
91	15	54
91	15	55
91	15	56
91	15	57
91	15	58
91	15	59
91	15	60
91	15	61
91	15	62
91	15	63
91	15	64
91	15	65
91	15	66
91	15	67
91	15	68
91	15	69
91	15	70
91	15	71
91	15	72
91	15	73
91	15	74
91	15	75
91	15	76
91	15	77
91	15	78
91	16	50
91	16	51
91	16	52
91	16	53
91	16	54
91	16	55
91	16	56
91	16	57
91	16	58
91	16	59
91	16	60
91	16	61
91	16	62
91	16	63
91	16	64
91	16	65
91	16	66
91	16	67
91	16	68
91	16	69
91	16	70
91	16	71
91	16	72
91	16	73
91	16	74
91	16	75
91	16	76
91	16	77
91	16	78
91	17	49
91	17	50
91	17	51
91	17	52
91	17	53
91	17	54
91	17	55
91	17	56
91	17	57
91	17	58
91	17	59
91	17	60
91	17	61
91	17	69
91	17	70
91	17	71
91	17	72
91	17	73
91	17	74
91	17	75
91	17	76
91	17	77
91	17	78
91	18	49
91	18	50
91	18	51
91	18	52
91	18	53
91	18	54
91	18	55
91	18	56
91	18	57
91	18	58
91	18	59
91	18	60
91	18	70
91	18	71
91	18	72
91	18	73
91	18	74
91	18	75
91	18	76
91	18	77
91	18	78
91	19	48
91	19	49
91	19	50
91	19	51
91	19	52
91	19	53
91	19	54
91	19	55
91	19	56
91	19	57
91	19	58
91	19	59
91	19	71
91	19	72
91	19	73
91	19	74
91	19	75
91	19	76
91	19	77
91	19	78
91	19	79
91	20	48
91	20	49
91	20	50
91	20	51
91	20	52
91	20	53
91	20	54
91	20	55
91	20	56
91	20	57
91	20	58
91	20	72
91	20	73
91	20	74
91	20	75
91	20	76
91	20	77
91	20	78
91	20	79
91	21	49
91	21	50
91	21	51
91	21	52
91	21	53
91	21	54
91	21	55
91	21	56
91	21	57
91	21	73
91	21	74
91	21	75
91	21	76
91	21	77
91	21	78
91	21	79
91	21	80
91	22	49
91	22	50
91	22	51
91	22	52
91	22	53
91	22	54
91	22	55
91	22	56
91	22	73
91	22	74
91	22	75
91	22	76
91	22	77
91	22	78
91	22	79
91	22	80
91	22	81
91	23	49
91	23	50
91	23	51
91	23	52
91	23	53
91	23	54
91	23	55
91	23	74
91	23	75
91	23	76
91	23	77
91	23	78
91	23	79
91	23	80
91	23	81
91	24	50
91	24	51
91	24	52
91	24	53
91	24	54
91	24	55
91	24	73
91	24	74
91	24	75
91	24	76
91	24	77
91	24	78
91	24	79
91	24	80
91	24	81
91	25	75
91	25	76
91	25	77
91	25	78
91	25	79
91	25	80
91	26	51
91	124	55
91	124	56
91	125	54
91	125	55
91	125	56
91	125	57
91	126	52
91	126	53
91	126	54
91	126	55
91	126	56
91	126	57
91	126	58
91	127	51
91	127	52
91	127	53
91	127	54
91	127	55
91	127	56
91	127	57
91	127	58
91	127	59
92	0	52
92	0	53
92	0	54
92	0	55
92	0	56
92	0	57
92	0	58
92	0	59
92	0	60
92	0	61
92	0	62
92	1	52
92	1	53
92	1	54
92	1	55
92	1	56
92	1	57
92	1	58
92	1	59
92	1	60
92	1	61
92	1	62
92	1	63
92	1	64
92	1	65
92	1	66
92	2	52
92	2	53
92	2	54
92	2	55
92	2	56
92	2	57
92	2	58
92	2	59
92	2	60
92	2	61
92	2	62
92	2	63
92	2	64
92	2	65
92	2	66
92	2	67
92	3	51
92	3	52
92	3	53
92	3	54
92	3	55
92	3	56
92	3	57
92	3	58
92	3	59
92	3	60
92	3	61
92	3	62
92	3	63
92	3	64
92	3	65
92	3	66
92	3	67
92	3	68
92	3	69
92	4	51
92	4	52
92	4	53
92	4	54
92	4	55
92	4	56
92	4	57
92	4	58
92	4	59
92	4	60
92	4	61
92	4	62
92	4	63
92	4	64
92	4	65
92	4	66
92	4	67
92	4	68
92	4	69
92	4	70
92	5	51
92	5	52
92	5	53
92	5	54
92	5	55
92	5	56
92	5	57
92	5	58
92	5	59
92	5	60
92	5	61
92	5	62
92	5	63
92	5	64
92	5	65
92	5	66
92	5	67
92	5	68
92	5	69
92	5	70
92	5	71
92	5	72
92	5	73
92	5	74
92	6	51
92	6	52
92	6	53
92	6	54
92	6	55
92	6	56
92	6	57
92	6	58
92	6	59
92	6	60
92	6	61
92	6	62
92	6	63
92	6	64
92	6	65
92	6	66
92	6	67
92	6	68
92	6	69
92	6	70
92	6	71
92	6	72
92	6	73
92	6	74
92	6	75
92	7	51
92	7	52
92	7	53
92	7	54
92	7	55
92	7	56
92	7	57
92	7	58
92	7	59
92	7	60
92	7	61
92	7	62
92	7	63
92	7	64
92	7	65
92	7	66
92	7	67
92	7	68
92	7	69
92	7	70
92	7	71
92	7	72
92	7	73
92	7	74
92	7	75
92	7	76
92	8	51
92	8	52
92	8	53
92	8	54
92	8	55
92	8	56
92	8	57
92	8	58
92	8	59
92	8	60
92	8	61
92	8	62
92	8	63
92	8	64
92	8	65
92	8	66
92	8	67
92	8	68
92	8	69
92	8	70
92	8	71
92	8	72
92	8	73
92	8	74
92	8	75
92	8	76
92	8	77
92	8	78
92	9	50
92	9	51
92	9	52
92	9	53
92	9	54
92	9	55
92	9	56
92	9	57
92	9	58
92	9	59
92	9	60
92	9	61
92	9	62
92	9	63
92	9	64
92	9	65
92	9	66
92	9	67
92	9	68
92	9	69
92	9	70
92	9	71
92	9	72
92	9	73
92	9	74
92	9	75
92	9	76
92	9	77
92	9	78
92	9	79
92	10	50
92	10	51
92	10	52
92	10	53
92	10	54
92	10	55
92	10	56
92	10	57
92	10	58
92	10	59
92	10	60
92	10	61
92	10	62
92	10	63
92	10	64
92	10	65
92	10	66
92	10	67
92	10	68
92	10	69
92	10	70
92	10	71
92	10	72
92	10	73
92	10	74
92	10	75
92	10	76
92	10	77
92	10	78
92	10	79
92	11	50
92	11	51
92	11	52
92	11	53
92	11	54
92	11	55
92	11	56
92	11	57
92	11	58
92	11	59
92	11	60
92	11	61
92	11	62
92	11	63
92	11	64
92	11	65
92	11	66
92	11	67
92	11	68
92	11	69
92	11	70
92	11	71
92	11	72
92	11	73
92	11	74
92	11	75
92	11	76
92	11	77
92	11	78
92	11	79
92	12	50
92	12	51
92	12	52
92	12	53
92	12	54
92	12	55
92	12	56
92	12	57
92	12	58
92	12	59
92	12	60
92	12	61
92	12	62
92	12	63
92	12	64
92	12	65
92	12	66
92	12	67
92	12	68
92	12	69
92	12	70
92	12	71
92	12	72
92	12	73
92	12	74
92	12	75
92	12	76
92	12	77
92	12	78
92	12	79
92	13	50
92	13	51
92	13	52
92	13	53
92	13	54
92	13	55
92	13	56
92	13	57
92	13	58
92	13	59
92	13	60
92	13	61
92	13	62
92	13	63
92	13	64
92	13	65
92	13	66
92	13	67
92	13	68
92	13	69
92	13	70
92	13	71
92	13	72
92	13	73
92	13	74
92	13	75
92	13	76
92	13	77
92	13	78
92	13	79
92	14	50
92	14	51
92	14	52
92	14	53
92	14	54
92	14	55
92	14	56
92	14	57
92	14	58
92	14	59
92	14	60
92	14	61
92	14	62
92	14	63
92	14	64
92	14	65
92	14	66
92	14	67
92	14	68
92	14	69
92	14	70
92	14	71
92	14	72
92	14	73
92	14	74
92	14	75
92	14	76
92	14	77
92	14	78
92	14	79
92	15	50
92	15	51
92	15	52
92	15	53
92	15	54
92	15	55
92	15	56
92	15	57
92	15	58
92	15	59
92	15	60
92	15	61
92	15	62
92	15	63
92	15	64
92	15	65
92	15	66
92	15	67
92	15	68
92	15	69
92	15	70
92	15	71
92	15	72
92	15	73
92	15	74
92	15	75
92	15	76
92	15	77
92	15	78
92	15	79
92	16	52
92	16	53
92	16	54
92	16	55
92	16	56
92	16	57
92	16	58
92	16	59
92	16	60
92	16	61
92	16	62
92	16	63
92	16	64
92	16	65
92	16	66
92	16	67
92	16	68
92	16	69
92	16	70
92	16	71
92	16	72
92	16	73
92	16	74
92	16	75
92	16	76
92	16	77
92	16	78
92	16	79
92	17	53
92	17	54
92	17	55
92	17	56
92	17	57
92	17	58
92	17	59
92	17	60
92	17	61
92	17	62
92	17	63
92	17	64
92	17	65
92	17	66
92	17	67
92	17	68
92	17	69
92	17	70
92	17	71
92	17	72
92	17	73
92	17	74
92	17	75
92	17	76
92	17	77
92	17	78
92	17	79
92	18	53
92	18	54
92	18	55
92	18	56
92	18	57
92	18	58
92	18	59
92	18	60
92	18	70
92	18	71
92	18	72
92	18	73
92	18	74
92	18	75
92	18	76
92	18	77
92	18	78
92	18	79
92	18	80
92	19	50
92	19	51
92	19	52
92	19	53
92	19	54
92	19	55
92	19	56
92	19	57
92	19	58
92	19	59
92	19	71
92	19	72
92	19	73
92	19	74
92	19	75
92	19	76
92	19	77
92	19	78
92	19	79
92	19	80
92	19	81
92	20	50
92	20	51
92	20	52
92	20	53
92	20	54
92	20	55
92	20	56
92	20	57
92	20	58
92	20	72
92	20	73
92	20	74
92	20	75
92	20	76
92	20	77
92	20	78
92	20	79
92	20	80
92	20	81
92	20	82
92	20	83
92	21	50
92	21	51
92	21	52
92	21	53
92	21	54
92	21	55
92	21	56
92	21	57
92	21	72
92	21	73
92	21	74
92	21	75
92	21	76
92	21	77
92	21	78
92	21	79
92	21	80
92	21	81
92	21	82
92	21	83
92	22	50
92	22	51
92	22	52
92	22	53
92	22	54
92	22	55
92	22	56
92	22	73
92	22	74
92	22	75
92	22	76
92	22	77
92	22	78
92	22	79
92	22	80
92	22	81
92	22	82
92	22	83
92	23	51
92	23	52
92	23	53
92	23	54
92	23	55
92	23	72
92	23	73
92	23	74
92	23	75
92	23	76
92	23	77
92	23	78
92	23	79
92	23	80
92	23	81
92	23	82
92	23	83
92	24	51
92	24	52
92	24	53
92	24	54
92	24	74
92	24	75
92	24	76
92	24	77
92	24	78
92	24	79
92	24	80
92	24	81
92	24	82
92	25	52
92	25	53
92	25	54
92	25	55
92	25	56
92	25	75
92	25	76
92	25	77
92	25	78
92	25	79
92	25	80
92	25	81
92	25	82
92	26	76
92	26	77
92	26	78
92	26	79
92	26	80
92	26	81
92	124	56
92	125	54
92	125	55
92	125	56
92	125	57
92	126	53
92	126	54
92	126	55
92	126	56
92	126	57
92	126	58
92	127	52
92	127	53
92	127	54
92	127	55
92	127	56
92	127	57
92	127	58
92	127	59
92	127	60
93	0	53
93	0	54
93	0	55
93	0	56
93	0	57
93	0	58
93	0	59
93	0	60
93	0	61
93	0	62
93	0	63
93	0	64
93	0	65
93	1	53
93	1	54
93	1	55
93	1	56
93	1	57
93	1	58
93	1	59
93	1	60
93	1	61
93	1	62
93	1	63
93	1	64
93	1	65
93	1	66
93	1	67
93	1	68
93	2	53
93	2	54
93	2	55
93	2	56
93	2	57
93	2	58
93	2	59
93	2	60
93	2	61
93	2	62
93	2	63
93	2	64
93	2	65
93	2	66
93	2	67
93	2	68
93	2	69
93	3	53
93	3	54
93	3	55
93	3	56
93	3	57
93	3	58
93	3	59
93	3	60
93	3	61
93	3	62
93	3	63
93	3	64
93	3	65
93	3	66
93	3	67
93	3	68
93	3	69
93	3	70
93	3	71
93	4	52
93	4	53
93	4	54
93	4	55
93	4	56
93	4	57
93	4	58
93	4	59
93	4	60
93	4	61
93	4	62
93	4	63
93	4	64
93	4	65
93	4	66
93	4	67
93	4	68
93	4	69
93	4	70
93	4	71
93	4	72
93	4	73
93	5	52
93	5	53
93	5	54
93	5	55
93	5	56
93	5	57
93	5	58
93	5	59
93	5	60
93	5	61
93	5	62
93	5	63
93	5	64
93	5	65
93	5	66
93	5	67
93	5	68
93	5	69
93	5	70
93	5	71
93	5	72
93	5	73
93	5	74
93	6	52
93	6	53
93	6	54
93	6	55
93	6	56
93	6	57
93	6	58
93	6	59
93	6	60
93	6	61
93	6	62
93	6	63
93	6	64
93	6	65
93	6	66
93	6	67
93	6	68
93	6	69
93	6	70
93	6	71
93	6	72
93	6	73
93	6	74
93	6	75
93	7	52
93	7	53
93	7	54
93	7	55
93	7	56
93	7	57
93	7	58
93	7	59
93	7	60
93	7	61
93	7	62
93	7	63
93	7	64
93	7	65
93	7	66
93	7	67
93	7	68
93	7	69
93	7	70
93	7	71
93	7	72
93	7	73
93	7	74
93	7	75
93	7	76
93	8	52
93	8	53
93	8	54
93	8	55
93	8	56
93	8	57
93	8	58
93	8	59
93	8	60
93	8	61
93	8	62
93	8	63
93	8	64
93	8	65
93	8	66
93	8	67
93	8	68
93	8	69
93	8	70
93	8	71
93	8	72
93	8	73
93	8	74
93	8	75
93	8	76
93	8	77
93	8	78
93	9	52
93	9	53
93	9	54
93	9	55
93	9	56
93	9	57
93	9	58
93	9	59
93	9	60
93	9	61
93	9	62
93	9	63
93	9	64
93	9	65
93	9	66
93	9	67
93	9	68
93	9	69
93	9	70
93	9	71
93	9	72
93	9	73
93	9	74
93	9	75
93	9	76
93	9	77
93	9	78
93	9	79
93	10	52
93	10	53
93	10	54
93	10	55
93	10	56
93	10	57
93	10	58
93	10	59
93	10	60
93	10	61
93	10	62
93	10	63
93	10	64
93	10	65
93	10	66
93	10	67
93	10	68
93	10	69
93	10	70
93	10	71
93	10	72
93	10	73
93	10	74
93	10	75
93	10	76
93	10	77
93	10	78
93	10	79
93	10	80
93	11	52
93	11	53
93	11	54
93	11	55
93	11	56
93	11	57
93	11	58
93	11	59
93	11	60
93	11	61
93	11	62
93	11	63
93	11	64
93	11	65
93	11	66
93	11	67
93	11	68
93	11	69
93	11	70
93	11	71
93	11	72
93	11	73
93	11	74
93	11	75
93	11	76
93	11	77
93	11	78
93	11	79
93	11	80
93	12	52
93	12	53
93	12	54
93	12	55
93	12	56
93	12	57
93	12	58
93	12	59
93	12	60
93	12	61
93	12	62
93	12	63
93	12	64
93	12	65
93	12	66
93	12	67
93	12	68
93	12	69
93	12	70
93	12	71
93	12	72
93	12	73
93	12	74
93	12	75
93	12	76
93	12	77
93	12	78
93	12	79
93	12	80
93	12	81
93	13	52
93	13	53
93	13	54
93	13	55
93	13	56
93	13	57
93	13	58
93	13	59
93	13	60
93	13	61
93	13	62
93	13	63
93	13	64
93	13	65
93	13	66
93	13	67
93	13	68
93	13	69
93	13	70
93	13	71
93	13	72
93	13	73
93	13	74
93	13	75
93	13	76
93	13	77
93	13	78
93	13	79
93	13	80
93	13	81
93	14	52
93	14	53
93	14	54
93	14	55
93	14	56
93	14	57
93	14	58
93	14	59
93	14	60
93	14	61
93	14	62
93	14	63
93	14	64
93	14	65
93	14	66
93	14	67
93	14	68
93	14	69
93	14	70
93	14	71
93	14	72
93	14	73
93	14	74
93	14	75
93	14	76
93	14	77
93	14	78
93	14	79
93	14	80
93	14	81
93	15	52
93	15	53
93	15	54
93	15	55
93	15	56
93	15	57
93	15	58
93	15	59
93	15	60
93	15	61
93	15	62
93	15	63
93	15	64
93	15	65
93	15	66
93	15	67
93	15	68
93	15	69
93	15	70
93	15	71
93	15	72
93	15	73
93	15	74
93	15	75
93	15	76
93	15	77
93	15	78
93	15	79
93	15	80
93	15	81
93	16	53
93	16	54
93	16	55
93	16	56
93	16	57
93	16	58
93	16	59
93	16	60
93	16	61
93	16	62
93	16	63
93	16	64
93	16	65
93	16	66
93	16	67
93	16	68
93	16	69
93	16	70
93	16	71
93	16	72
93	16	73
93	16	74
93	16	75
93	16	76
93	16	77
93	16	78
93	16	79
93	16	80
93	16	81
93	16	82
93	16	83
93	16	84
93	17	54
93	17	55
93	17	56
93	17	57
93	17	58
93	17	59
93	17	60
93	17	61
93	17	62
93	17	63
93	17	64
93	17	65
93	17	66
93	17	67
93	17	68
93	17	69
93	17	70
93	17	71
93	17	72
93	17	73
93	17	74
93	17	75
93	17	76
93	17	77
93	17	78
93	17	79
93	17	80
93	17	81
93	17	82
93	17	83
93	17	84
93	18	54
93	18	55
93	18	56
93	18	57
93	18	58
93	18	59
93	18	60
93	18	61
93	18	62
93	18	63
93	18	64
93	18	65
93	18	66
93	18	67
93	18	68
93	18	69
93	18	70
93	18	71
93	18	72
93	18	73
93	18	74
93	18	75
93	18	76
93	18	77
93	18	78
93	18	79
93	18	80
93	18	81
93	18	82
93	18	83
93	18	84
93	18	85
93	19	54
93	19	55
93	19	56
93	19	57
93	19	58
93	19	59
93	19	60
93	19	61
93	19	71
93	19	72
93	19	73
93	19	74
93	19	75
93	19	76
93	19	77
93	19	78
93	19	79
93	19	80
93	19	81
93	19	82
93	19	83
93	19	84
93	19	85
93	20	52
93	20	53
93	20	54
93	20	55
93	20	56
93	20	57
93	20	58
93	20	72
93	20	73
93	20	74
93	20	75
93	20	76
93	20	77
93	20	78
93	20	79
93	20	80
93	20	81
93	20	82
93	20	83
93	20	84
93	20	85
93	21	52
93	21	53
93	21	54
93	21	55
93	21	56
93	21	57
93	21	72
93	21	73
93	21	74
93	21	75
93	21	76
93	21	77
93	21	78
93	21	79
93	21	80
93	21	81
93	21	82
93	21	83
93	21	84
93	21	85
93	22	51
93	22	52
93	22	53
93	22	54
93	22	55
93	22	56
93	22	71
93	22	72
93	22	73
93	22	74
93	22	75
93	22	76
93	22	77
93	22	78
93	22	79
93	22	80
93	22	81
93	22	82
93	22	83
93	22	84
93	22	85
93	23	54
93	23	55
93	23	73
93	23	74
93	23	75
93	23	76
93	23	77
93	23	78
93	23	79
93	23	80
93	23	81
93	23	82
93	23	83
93	23	84
93	23	85
93	24	74
93	24	75
93	24	76
93	24	77
93	24	78
93	24	79
93	24	80
93	24	81
93	24	82
93	24	83
93	24	84
93	25	75
93	25	76
93	25	77
93	25	78
93	25	79
93	25	80
93	25	81
93	25	82
93	25	83
93	25	84
93	26	76
93	26	77
93	26	78
93	26	79
93	26	80
93	26	81
93	26	82
93	26	83
93	27	77
93	27	78
93	27	79
93	27	80
93	27	81
93	27	82
93	28	78
93	28	79
93	28	80
93	28	81
93	125	55
93	125	56
93	125	57
93	126	54
93	126	55
93	126	56
93	126	57
93	126	58
93	126	59
93	127	54
93	127	55
93	127	56
93	127	57
93	127	58
93	127	59
93	127	60
93	127	61
94	0	54
94	0	55
94	0	56
94	0	57
94	0	58
94	0	59
94	0	60
94	0	61
94	0	62
94	0	63
94	0	64
94	0	65
94	0	66
94	0	67
94	1	54
94	1	55
94	1	56
94	1	57
94	1	58
94	1	59
94	1	60
94	1	61
94	1	62
94	1	63
94	1	64
94	1	65
94	1	66
94	1	67
94	1	68
94	1	69
94	2	54
94	2	55
94	2	56
94	2	57
94	2	58
94	2	59
94	2	60
94	2	61
94	2	62
94	2	63
94	2	64
94	2	65
94	2	66
94	2	67
94	2	68
94	2	69
94	2	70
94	3	54
94	3	55
94	3	56
94	3	57
94	3	58
94	3	59
94	3	60
94	3	61
94	3	62
94	3	63
94	3	64
94	3	65
94	3	66
94	3	67
94	3	68
94	3	69
94	3	70
94	3	71
94	3	72
94	4	54
94	4	55
94	4	56
94	4	57
94	4	58
94	4	59
94	4	60
94	4	61
94	4	62
94	4	63
94	4	64
94	4	65
94	4	66
94	4	67
94	4	68
94	4	69
94	4	70
94	4	71
94	4	72
94	5	54
94	5	55
94	5	56
94	5	57
94	5	58
94	5	59
94	5	60
94	5	61
94	5	62
94	5	63
94	5	64
94	5	65
94	5	66
94	5	67
94	5	68
94	5	69
94	5	70
94	5	71
94	5	72
94	5	73
94	6	53
94	6	54
94	6	55
94	6	56
94	6	57
94	6	58
94	6	59
94	6	60
94	6	61
94	6	62
94	6	63
94	6	64
94	6	65
94	6	66
94	6	67
94	6	68
94	6	69
94	6	70
94	6	71
94	6	72
94	6	73
94	6	74
94	7	53
94	7	54
94	7	55
94	7	56
94	7	57
94	7	58
94	7	59
94	7	60
94	7	61
94	7	62
94	7	63
94	7	64
94	7	65
94	7	66
94	7	67
94	7	68
94	7	69
94	7	70
94	7	71
94	7	72
94	7	73
94	7	74
94	7	75
94	7	76
94	8	53
94	8	54
94	8	55
94	8	56
94	8	57
94	8	58
94	8	59
94	8	60
94	8	61
94	8	62
94	8	63
94	8	64
94	8	65
94	8	66
94	8	67
94	8	68
94	8	69
94	8	70
94	8	71
94	8	72
94	8	73
94	8	74
94	8	75
94	8	76
94	8	77
94	8	78
94	9	53
94	9	54
94	9	55
94	9	56
94	9	57
94	9	58
94	9	59
94	9	60
94	9	61
94	9	62
94	9	63
94	9	64
94	9	65
94	9	66
94	9	67
94	9	68
94	9	69
94	9	70
94	9	71
94	9	72
94	9	73
94	9	74
94	9	75
94	9	76
94	9	77
94	9	78
94	9	79
94	9	80
94	10	53
94	10	54
94	10	55
94	10	56
94	10	57
94	10	58
94	10	59
94	10	60
94	10	61
94	10	62
94	10	63
94	10	64
94	10	65
94	10	66
94	10	67
94	10	68
94	10	69
94	10	70
94	10	71
94	10	72
94	10	73
94	10	74
94	10	75
94	10	76
94	10	77
94	10	78
94	10	79
94	10	80
94	10	81
94	11	53
94	11	54
94	11	55
94	11	56
94	11	57
94	11	58
94	11	59
94	11	60
94	11	61
94	11	62
94	11	63
94	11	64
94	11	65
94	11	66
94	11	67
94	11	68
94	11	69
94	11	70
94	11	71
94	11	72
94	11	73
94	11	74
94	11	75
94	11	76
94	11	77
94	11	78
94	11	79
94	11	80
94	11	81
94	11	82
94	12	53
94	12	54
94	12	55
94	12	56
94	12	57
94	12	58
94	12	59
94	12	60
94	12	61
94	12	62
94	12	63
94	12	64
94	12	65
94	12	66
94	12	67
94	12	68
94	12	69
94	12	70
94	12	71
94	12	72
94	12	73
94	12	74
94	12	75
94	12	76
94	12	77
94	12	78
94	12	79
94	12	80
94	12	81
94	12	82
94	12	83
94	13	53
94	13	54
94	13	55
94	13	56
94	13	57
94	13	58
94	13	59
94	13	60
94	13	61
94	13	62
94	13	63
94	13	64
94	13	65
94	13	66
94	13	67
94	13	68
94	13	69
94	13	70
94	13	71
94	13	72
94	13	73
94	13	74
94	13	75
94	13	76
94	13	77
94	13	78
94	13	79
94	13	80
94	13	81
94	13	82
94	13	83
94	14	53
94	14	54
94	14	55
94	14	56
94	14	57
94	14	58
94	14	59
94	14	60
94	14	61
94	14	62
94	14	63
94	14	64
94	14	65
94	14	66
94	14	67
94	14	68
94	14	69
94	14	70
94	14	71
94	14	72
94	14	73
94	14	74
94	14	75
94	14	76
94	14	77
94	14	78
94	14	79
94	14	80
94	14	81
94	14	82
94	14	83
94	14	84
94	15	53
94	15	54
94	15	55
94	15	56
94	15	57
94	15	58
94	15	59
94	15	60
94	15	61
94	15	62
94	15	63
94	15	64
94	15	65
94	15	66
94	15	67
94	15	68
94	15	69
94	15	70
94	15	71
94	15	72
94	15	73
94	15	74
94	15	75
94	15	76
94	15	77
94	15	78
94	15	79
94	15	80
94	15	81
94	15	82
94	15	83
94	15	84
94	15	85
94	16	54
94	16	55
94	16	56
94	16	57
94	16	58
94	16	59
94	16	60
94	16	61
94	16	62
94	16	63
94	16	64
94	16	65
94	16	66
94	16	67
94	16	68
94	16	69
94	16	70
94	16	71
94	16	72
94	16	73
94	16	74
94	16	75
94	16	76
94	16	77
94	16	78
94	16	79
94	16	80
94	16	81
94	16	82
94	16	83
94	16	84
94	16	85
94	17	55
94	17	56
94	17	57
94	17	58
94	17	59
94	17	60
94	17	61
94	17	62
94	17	63
94	17	64
94	17	65
94	17	66
94	17	67
94	17	68
94	17	69
94	17	70
94	17	71
94	17	72
94	17	73
94	17	74
94	17	75
94	17	76
94	17	77
94	17	78
94	17	79
94	17	80
94	17	81
94	17	82
94	17	83
94	17	84
94	17	85
94	17	86
94	18	55
94	18	56
94	18	57
94	18	58
94	18	59
94	18	60
94	18	61
94	18	62
94	18	63
94	18	64
94	18	65
94	18	66
94	18	67
94	18	68
94	18	69
94	18	70
94	18	71
94	18	72
94	18	73
94	18	74
94	18	75
94	18	76
94	18	77
94	18	78
94	18	79
94	18	80
94	18	81
94	18	82
94	18	83
94	18	84
94	18	85
94	18	86
94	19	54
94	19	55
94	19	56
94	19	57
94	19	58
94	19	59
94	19	60
94	19	61
94	19	62
94	19	63
94	19	64
94	19	65
94	19	66
94	19	67
94	19	68
94	19	69
94	19	70
94	19	71
94	19	72
94	19	73
94	19	74
94	19	75
94	19	76
94	19	77
94	19	78
94	19	79
94	19	80
94	19	81
94	19	82
94	19	83
94	19	84
94	19	85
94	19	86
94	20	54
94	20	55
94	20	56
94	20	57
94	20	58
94	20	59
94	20	60
94	20	61
94	20	62
94	20	70
94	20	71
94	20	72
94	20	73
94	20	74
94	20	75
94	20	76
94	20	77
94	20	78
94	20	79
94	20	80
94	20	81
94	20	82
94	20	83
94	20	84
94	20	85
94	20	86
94	20	87
94	21	53
94	21	54
94	21	55
94	21	56
94	21	57
94	21	71
94	21	72
94	21	73
94	21	74
94	21	75
94	21	76
94	21	77
94	21	78
94	21	79
94	21	80
94	21	81
94	21	82
94	21	83
94	21	84
94	21	85
94	21	86
94	21	87
94	22	54
94	22	55
94	22	56
94	22	71
94	22	72
94	22	73
94	22	74
94	22	75
94	22	76
94	22	77
94	22	78
94	22	79
94	22	80
94	22	81
94	22	82
94	22	83
94	22	84
94	22	85
94	22	86
94	22	87
94	23	55
94	23	73
94	23	74
94	23	75
94	23	76
94	23	77
94	23	78
94	23	79
94	23	80
94	23	81
94	23	82
94	23	83
94	23	84
94	23	85
94	23	86
94	24	74
94	24	75
94	24	76
94	24	77
94	24	78
94	24	79
94	24	80
94	24	81
94	24	82
94	24	83
94	24	84
94	24	85
94	24	86
94	25	75
94	25	76
94	25	77
94	25	78
94	25	79
94	25	80
94	25	81
94	25	82
94	25	83
94	25	84
94	25	85
94	26	76
94	26	77
94	26	78
94	26	79
94	26	80
94	26	81
94	26	82
94	26	83
94	26	84
94	26	85
94	27	77
94	27	78
94	27	79
94	27	80
94	27	81
94	27	82
94	27	83
94	28	78
94	28	79
94	28	80
94	28	81
94	28	82
94	29	79
94	29	80
94	29	81
94	125	56
94	125	57
94	125	58
94	126	56
94	126	57
94	126	58
94	126	59
94	126	60
94	127	56
94	127	57
94	127	58
94	127	59
94	127	60
94	127	61
94	127	62
94	127	63
94	127	64
95	0	58
95	0	59
95	0	60
95	0	61
95	0	62
95	0	63
95	0	64
95	0	65
95	0	66
95	0	67
95	1	55
95	1	56
95	1	57
95	1	58
95	1	59
95	1	60
95	1	61
95	1	62
95	1	63
95	1	64
95	1	65
95	1	66
95	1	67
95	1	68
95	1	69
95	2	55
95	2	56
95	2	57
95	2	58
95	2	59
95	2	60
95	2	61
95	2	62
95	2	63
95	2	64
95	2	65
95	2	66
95	2	67
95	2	68
95	2	69
95	2	70
95	2	71
95	3	55
95	3	56
95	3	57
95	3	58
95	3	59
95	3	60
95	3	61
95	3	62
95	3	63
95	3	64
95	3	65
95	3	66
95	3	67
95	3	68
95	3	69
95	3	70
95	3	71
95	4	55
95	4	56
95	4	57
95	4	58
95	4	59
95	4	60
95	4	61
95	4	62
95	4	63
95	4	64
95	4	65
95	4	66
95	4	67
95	4	68
95	4	69
95	4	70
95	4	71
95	4	72
95	5	55
95	5	56
95	5	57
95	5	58
95	5	59
95	5	60
95	5	61
95	5	62
95	5	63
95	5	64
95	5	65
95	5	66
95	5	67
95	5	68
95	5	69
95	5	70
95	5	71
95	5	72
95	5	73
95	6	55
95	6	56
95	6	57
95	6	58
95	6	59
95	6	60
95	6	61
95	6	62
95	6	63
95	6	64
95	6	65
95	6	66
95	6	67
95	6	68
95	6	69
95	6	70
95	6	71
95	6	72
95	6	73
95	6	74
95	7	55
95	7	56
95	7	57
95	7	58
95	7	59
95	7	60
95	7	61
95	7	62
95	7	63
95	7	64
95	7	65
95	7	66
95	7	67
95	7	68
95	7	69
95	7	70
95	7	71
95	7	72
95	7	73
95	7	74
95	7	75
95	7	76
95	8	55
95	8	56
95	8	57
95	8	58
95	8	59
95	8	60
95	8	61
95	8	62
95	8	63
95	8	64
95	8	65
95	8	66
95	8	67
95	8	68
95	8	69
95	8	70
95	8	71
95	8	72
95	8	73
95	8	74
95	8	75
95	8	76
95	8	77
95	8	78
95	8	79
95	9	55
95	9	56
95	9	57
95	9	58
95	9	59
95	9	60
95	9	61
95	9	62
95	9	63
95	9	64
95	9	65
95	9	66
95	9	67
95	9	68
95	9	69
95	9	70
95	9	71
95	9	72
95	9	73
95	9	74
95	9	75
95	9	76
95	9	77
95	9	78
95	9	79
95	9	80
95	9	81
95	10	55
95	10	56
95	10	57
95	10	58
95	10	59
95	10	60
95	10	61
95	10	62
95	10	63
95	10	64
95	10	65
95	10	66
95	10	67
95	10	68
95	10	69
95	10	70
95	10	71
95	10	72
95	10	73
95	10	74
95	10	75
95	10	76
95	10	77
95	10	78
95	10	79
95	10	80
95	10	81
95	11	55
95	11	56
95	11	57
95	11	58
95	11	59
95	11	60
95	11	61
95	11	62
95	11	63
95	11	64
95	11	65
95	11	66
95	11	67
95	11	68
95	11	69
95	11	70
95	11	71
95	11	72
95	11	73
95	11	74
95	11	75
95	11	76
95	11	77
95	11	78
95	11	79
95	11	80
95	11	81
95	11	82
95	12	55
95	12	56
95	12	57
95	12	58
95	12	59
95	12	60
95	12	61
95	12	62
95	12	63
95	12	64
95	12	65
95	12	66
95	12	67
95	12	68
95	12	69
95	12	70
95	12	71
95	12	72
95	12	73
95	12	74
95	12	75
95	12	76
95	12	77
95	12	78
95	12	79
95	12	80
95	12	81
95	12	82
95	12	83
95	13	55
95	13	56
95	13	57
95	13	58
95	13	59
95	13	60
95	13	61
95	13	62
95	13	63
95	13	64
95	13	65
95	13	66
95	13	67
95	13	68
95	13	69
95	13	70
95	13	71
95	13	72
95	13	73
95	13	74
95	13	75
95	13	76
95	13	77
95	13	78
95	13	79
95	13	80
95	13	81
95	13	82
95	13	83
95	13	84
95	14	55
95	14	56
95	14	57
95	14	58
95	14	59
95	14	60
95	14	61
95	14	62
95	14	63
95	14	64
95	14	65
95	14	66
95	14	67
95	14	68
95	14	69
95	14	70
95	14	71
95	14	72
95	14	73
95	14	74
95	14	75
95	14	76
95	14	77
95	14	78
95	14	79
95	14	80
95	14	81
95	14	82
95	14	83
95	14	84
95	14	85
95	15	55
95	15	56
95	15	57
95	15	58
95	15	59
95	15	60
95	15	61
95	15	62
95	15	63
95	15	64
95	15	65
95	15	66
95	15	67
95	15	68
95	15	69
95	15	70
95	15	71
95	15	72
95	15	73
95	15	74
95	15	75
95	15	76
95	15	77
95	15	78
95	15	79
95	15	80
95	15	81
95	15	82
95	15	83
95	15	84
95	15	85
95	16	56
95	16	57
95	16	58
95	16	59
95	16	60
95	16	61
95	16	62
95	16	63
95	16	64
95	16	65
95	16	66
95	16	67
95	16	68
95	16	69
95	16	70
95	16	71
95	16	72
95	16	73
95	16	74
95	16	75
95	16	76
95	16	77
95	16	78
95	16	79
95	16	80
95	16	81
95	16	82
95	16	83
95	16	84
95	16	85
95	16	86
95	17	56
95	17	57
95	17	58
95	17	59
95	17	60
95	17	61
95	17	62
95	17	63
95	17	64
95	17	65
95	17	66
95	17	67
95	17	68
95	17	69
95	17	70
95	17	71
95	17	72
95	17	73
95	17	74
95	17	75
95	17	76
95	17	77
95	17	78
95	17	79
95	17	80
95	17	81
95	17	82
95	17	83
95	17	84
95	17	85
95	17	86
95	18	56
95	18	57
95	18	58
95	18	59
95	18	60
95	18	61
95	18	62
95	18	63
95	18	64
95	18	65
95	18	66
95	18	67
95	18	68
95	18	69
95	18	70
95	18	71
95	18	72
95	18	73
95	18	74
95	18	75
95	18	76
95	18	77
95	18	78
95	18	79
95	18	80
95	18	81
95	18	82
95	18	83
95	18	84
95	18	85
95	18	86
95	18	87
95	19	55
95	19	56
95	19	57
95	19	58
95	19	59
95	19	60
95	19	61
95	19	62
95	19	63
95	19	64
95	19	65
95	19	66
95	19	67
95	19	68
95	19	69
95	19	70
95	19	71
95	19	72
95	19	73
95	19	74
95	19	75
95	19	76
95	19	77
95	19	78
95	19	79
95	19	80
95	19	81
95	19	82
95	19	83
95	19	84
95	19	85
95	19	86
95	19	87
95	20	54
95	20	55
95	20	56
95	20	57
95	20	58
95	20	59
95	20	60
95	20	61
95	20	62
95	20	63
95	20	64
95	20	65
95	20	66
95	20	67
95	20	68
95	20	69
95	20	70
95	20	71
95	20	72
95	20	73
95	20	74
95	20	75
95	20	76
95	20	77
95	20	78
95	20	79
95	20	80
95	20	81
95	20	82
95	20	83
95	20	84
95	20	85
95	20	86
95	20	87
95	21	54
95	21	55
95	21	56
95	21	57
95	21	58
95	21	59
95	21	60
95	21	69
95	21	70
95	21	71
95	21	72
95	21	73
95	21	74
95	21	75
95	21	76
95	21	77
95	21	78
95	21	79
95	21	80
95	21	81
95	21	82
95	21	83
95	21	84
95	21	85
95	21	86
95	21	87
95	21	88
95	22	55
95	22	56
95	22	70
95	22	71
95	22	72
95	22	73
95	22	74
95	22	75
95	22	76
95	22	77
95	22	78
95	22	79
95	22	80
95	22	81
95	22	82
95	22	83
95	22	84
95	22	85
95	22	86
95	22	87
95	22	88
95	23	57
95	23	73
95	23	74
95	23	75
95	23	76
95	23	77
95	23	78
95	23	79
95	23	80
95	23	81
95	23	82
95	23	83
95	23	84
95	23	85
95	23	86
95	23	87
95	24	74
95	24	75
95	24	76
95	24	77
95	24	78
95	24	79
95	24	80
95	24	81
95	24	82
95	24	83
95	24	84
95	24	85
95	24	86
95	24	87
95	25	75
95	25	76
95	25	77
95	25	78
95	25	79
95	25	80
95	25	81
95	25	82
95	25	83
95	25	84
95	25	85
95	25	86
95	26	76
95	26	77
95	26	78
95	26	79
95	26	80
95	26	81
95	26	82
95	26	83
95	26	84
95	26	85
95	27	77
95	27	78
95	27	79
95	27	80
95	27	81
95	27	82
95	27	83
95	28	78
95	28	79
95	28	80
95	28	81
95	28	82
95	29	79
95	29	80
95	125	58
95	125	59
95	126	57
95	126	58
95	126	59
95	126	60
95	126	61
95	126	62
95	126	63
95	127	57
95	127	58
95	127	59
95	127	60
95	127	61
95	127	62
95	127	63
95	127	64
95	127	65
96	0	62
96	0	63
96	0	64
96	0	65
96	0	66
96	0	67
96	0	68
96	0	69
96	1	62
96	1	63
96	1	64
96	1	65
96	1	66
96	1	67
96	1	68
96	1	69
96	2	56
96	2	57
96	2	58
96	2	59
96	2	60
96	2	61
96	2	62
96	2	63
96	2	64
96	2	65
96	2	66
96	2	67
96	2	68
96	2	69
96	2	70
96	3	56
96	3	57
96	3	58
96	3	59
96	3	60
96	3	61
96	3	62
96	3	63
96	3	64
96	3	65
96	3	66
96	3	67
96	3	68
96	3	69
96	3	70
96	4	56
96	4	57
96	4	58
96	4	59
96	4	60
96	4	61
96	4	62
96	4	63
96	4	64
96	4	65
96	4	66
96	4	67
96	4	68
96	4	69
96	4	70
96	4	71
96	5	56
96	5	57
96	5	58
96	5	59
96	5	60
96	5	61
96	5	62
96	5	63
96	5	64
96	5	65
96	5	66
96	5	67
96	5	68
96	5	69
96	5	70
96	5	71
96	5	72
96	5	73
96	6	55
96	6	56
96	6	57
96	6	58
96	6	59
96	6	60
96	6	61
96	6	62
96	6	63
96	6	64
96	6	65
96	6	66
96	6	67
96	6	68
96	6	69
96	6	70
96	6	71
96	6	72
96	6	73
96	6	74
96	7	55
96	7	56
96	7	57
96	7	58
96	7	59
96	7	60
96	7	61
96	7	62
96	7	63
96	7	64
96	7	65
96	7	66
96	7	67
96	7	68
96	7	69
96	7	70
96	7	71
96	7	72
96	7	73
96	7	74
96	7	75
96	7	76
96	7	77
96	8	56
96	8	57
96	8	58
96	8	59
96	8	60
96	8	61
96	8	62
96	8	63
96	8	64
96	8	65
96	8	66
96	8	67
96	8	68
96	8	69
96	8	70
96	8	71
96	8	72
96	8	73
96	8	74
96	8	75
96	8	76
96	8	77
96	8	78
96	8	79
96	8	80
96	9	56
96	9	57
96	9	58
96	9	59
96	9	60
96	9	61
96	9	62
96	9	63
96	9	64
96	9	65
96	9	66
96	9	67
96	9	68
96	9	69
96	9	70
96	9	71
96	9	72
96	9	73
96	9	74
96	9	75
96	9	76
96	9	77
96	9	78
96	9	79
96	9	80
96	9	81
96	10	56
96	10	57
96	10	58
96	10	59
96	10	60
96	10	61
96	10	62
96	10	63
96	10	64
96	10	65
96	10	66
96	10	67
96	10	68
96	10	69
96	10	70
96	10	71
96	10	72
96	10	73
96	10	74
96	10	75
96	10	76
96	10	77
96	10	78
96	10	79
96	10	80
96	10	81
96	10	82
96	11	56
96	11	57
96	11	58
96	11	59
96	11	60
96	11	61
96	11	62
96	11	63
96	11	64
96	11	65
96	11	66
96	11	67
96	11	68
96	11	69
96	11	70
96	11	71
96	11	72
96	11	73
96	11	74
96	11	75
96	11	76
96	11	77
96	11	78
96	11	79
96	11	80
96	11	81
96	11	82
96	11	83
96	12	56
96	12	57
96	12	58
96	12	59
96	12	60
96	12	61
96	12	62
96	12	63
96	12	64
96	12	65
96	12	66
96	12	67
96	12	68
96	12	69
96	12	70
96	12	71
96	12	72
96	12	73
96	12	74
96	12	75
96	12	76
96	12	77
96	12	78
96	12	79
96	12	80
96	12	81
96	12	82
96	12	83
96	12	84
96	13	57
96	13	58
96	13	59
96	13	60
96	13	61
96	13	62
96	13	63
96	13	64
96	13	65
96	13	66
96	13	67
96	13	68
96	13	69
96	13	70
96	13	71
96	13	72
96	13	73
96	13	74
96	13	75
96	13	76
96	13	77
96	13	78
96	13	79
96	13	80
96	13	81
96	13	82
96	13	83
96	13	84
96	13	85
96	14	58
96	14	59
96	14	60
96	14	61
96	14	62
96	14	63
96	14	64
96	14	65
96	14	66
96	14	67
96	14	68
96	14	69
96	14	70
96	14	71
96	14	72
96	14	73
96	14	74
96	14	75
96	14	76
96	14	77
96	14	78
96	14	79
96	14	80
96	14	81
96	14	82
96	14	83
96	14	84
96	14	85
96	14	86
96	15	58
96	15	59
96	15	60
96	15	61
96	15	62
96	15	63
96	15	64
96	15	65
96	15	66
96	15	67
96	15	68
96	15	69
96	15	70
96	15	71
96	15	72
96	15	73
96	15	74
96	15	75
96	15	76
96	15	77
96	15	78
96	15	79
96	15	80
96	15	81
96	15	82
96	15	83
96	15	84
96	15	85
96	15	86
96	16	58
96	16	59
96	16	60
96	16	61
96	16	62
96	16	63
96	16	64
96	16	65
96	16	66
96	16	67
96	16	68
96	16	69
96	16	70
96	16	71
96	16	72
96	16	73
96	16	74
96	16	75
96	16	76
96	16	77
96	16	78
96	16	79
96	16	80
96	16	81
96	16	82
96	16	83
96	16	84
96	16	85
96	16	86
96	16	87
96	17	59
96	17	60
96	17	61
96	17	62
96	17	63
96	17	64
96	17	65
96	17	66
96	17	67
96	17	68
96	17	69
96	17	70
96	17	71
96	17	72
96	17	73
96	17	74
96	17	75
96	17	76
96	17	77
96	17	78
96	17	79
96	17	80
96	17	81
96	17	82
96	17	83
96	17	84
96	17	85
96	17	86
96	17	87
96	18	59
96	18	60
96	18	61
96	18	62
96	18	63
96	18	64
96	18	65
96	18	66
96	18	67
96	18	68
96	18	69
96	18	70
96	18	71
96	18	72
96	18	73
96	18	74
96	18	75
96	18	76
96	18	77
96	18	78
96	18	79
96	18	80
96	18	81
96	18	82
96	18	83
96	18	84
96	18	85
96	18	86
96	18	87
96	18	88
96	19	60
96	19	61
96	19	62
96	19	63
96	19	64
96	19	65
96	19	66
96	19	67
96	19	68
96	19	69
96	19	70
96	19	71
96	19	72
96	19	73
96	19	74
96	19	75
96	19	76
96	19	77
96	19	78
96	19	79
96	19	80
96	19	81
96	19	82
96	19	83
96	19	84
96	19	85
96	19	86
96	19	87
96	19	88
96	20	56
96	20	57
96	20	63
96	20	64
96	20	65
96	20	66
96	20	67
96	20	68
96	20	69
96	20	70
96	20	71
96	20	72
96	20	73
96	20	74
96	20	75
96	20	76
96	20	77
96	20	78
96	20	79
96	20	80
96	20	81
96	20	82
96	20	83
96	20	84
96	20	85
96	20	86
96	20	87
96	20	88
96	21	57
96	21	64
96	21	65
96	21	69
96	21	70
96	21	71
96	21	72
96	21	73
96	21	74
96	21	75
96	21	76
96	21	77
96	21	78
96	21	79
96	21	80
96	21	81
96	21	82
96	21	83
96	21	84
96	21	85
96	21	86
96	21	87
96	21	88
96	22	71
96	22	72
96	22	73
96	22	74
96	22	75
96	22	76
96	22	77
96	22	78
96	22	79
96	22	80
96	22	81
96	22	82
96	22	83
96	22	84
96	22	85
96	22	86
96	22	87
96	22	88
96	23	74
96	23	75
96	23	76
96	23	77
96	23	78
96	23	79
96	23	80
96	23	81
96	23	82
96	23	83
96	23	84
96	23	85
96	23	86
96	23	87
96	23	88
96	24	74
96	24	75
96	24	76
96	24	77
96	24	78
96	24	79
96	24	80
96	24	81
96	24	82
96	24	83
96	24	84
96	24	85
96	24	86
96	24	87
96	25	75
96	25	76
96	25	77
96	25	78
96	25	79
96	25	80
96	25	81
96	25	82
96	25	83
96	25	84
96	25	85
96	25	86
96	26	76
96	26	77
96	26	78
96	26	79
96	26	80
96	26	81
96	26	82
96	26	83
96	26	84
96	27	77
96	27	78
96	27	79
96	27	80
96	28	78
96	28	79
96	29	79
96	125	60
96	125	61
96	125	62
96	126	61
96	126	62
96	126	63
96	126	64
96	126	65
96	127	62
96	127	63
96	127	64
96	127	65
96	127	66
97	0	64
97	0	65
97	0	66
97	1	64
97	1	65
97	1	66
97	1	67
97	2	64
97	2	65
97	2	66
97	2	67
97	2	68
97	2	69
97	3	57
97	3	58
97	3	59
97	3	60
97	3	61
97	3	62
97	3	63
97	3	64
97	3	65
97	3	66
97	3	67
97	3	68
97	3	69
97	3	70
97	4	57
97	4	58
97	4	59
97	4	60
97	4	61
97	4	62
97	4	63
97	4	64
97	4	65
97	4	66
97	4	67
97	4	68
97	4	69
97	4	70
97	4	71
97	5	56
97	5	57
97	5	58
97	5	59
97	5	60
97	5	61
97	5	62
97	5	63
97	5	64
97	5	65
97	5	66
97	5	67
97	5	68
97	5	69
97	5	70
97	5	71
97	5	72
97	5	73
97	6	56
97	6	57
97	6	58
97	6	59
97	6	60
97	6	61
97	6	62
97	6	63
97	6	64
97	6	65
97	6	66
97	6	67
97	6	68
97	6	69
97	6	70
97	6	71
97	6	72
97	6	73
97	6	74
97	6	75
97	7	56
97	7	57
97	7	58
97	7	59
97	7	60
97	7	61
97	7	62
97	7	63
97	7	64
97	7	65
97	7	66
97	7	67
97	7	68
97	7	69
97	7	70
97	7	71
97	7	72
97	7	73
97	7	74
97	7	75
97	7	76
97	7	77
97	7	78
97	7	79
97	7	80
97	8	56
97	8	57
97	8	58
97	8	59
97	8	60
97	8	61
97	8	62
97	8	63
97	8	64
97	8	65
97	8	66
97	8	67
97	8	68
97	8	69
97	8	70
97	8	71
97	8	72
97	8	73
97	8	74
97	8	75
97	8	76
97	8	77
97	8	78
97	8	79
97	8	80
97	8	81
97	9	57
97	9	58
97	9	59
97	9	60
97	9	61
97	9	62
97	9	63
97	9	64
97	9	65
97	9	66
97	9	67
97	9	68
97	9	69
97	9	70
97	9	71
97	9	72
97	9	73
97	9	74
97	9	75
97	9	76
97	9	77
97	9	78
97	9	79
97	9	80
97	9	81
97	9	82
97	10	57
97	10	58
97	10	59
97	10	60
97	10	61
97	10	62
97	10	63
97	10	64
97	10	65
97	10	66
97	10	67
97	10	68
97	10	69
97	10	70
97	10	71
97	10	72
97	10	73
97	10	74
97	10	75
97	10	76
97	10	77
97	10	78
97	10	79
97	10	80
97	10	81
97	10	82
97	11	57
97	11	58
97	11	59
97	11	60
97	11	61
97	11	62
97	11	63
97	11	64
97	11	65
97	11	66
97	11	67
97	11	68
97	11	69
97	11	70
97	11	71
97	11	72
97	11	73
97	11	74
97	11	75
97	11	76
97	11	77
97	11	78
97	11	79
97	11	80
97	11	81
97	11	82
97	11	83
97	12	57
97	12	58
97	12	59
97	12	60
97	12	61
97	12	62
97	12	63
97	12	64
97	12	65
97	12	66
97	12	67
97	12	68
97	12	69
97	12	70
97	12	71
97	12	72
97	12	73
97	12	74
97	12	75
97	12	76
97	12	77
97	12	78
97	12	79
97	12	80
97	12	81
97	12	82
97	12	83
97	12	84
97	13	59
97	13	60
97	13	61
97	13	62
97	13	63
97	13	64
97	13	65
97	13	66
97	13	67
97	13	68
97	13	69
97	13	70
97	13	71
97	13	72
97	13	73
97	13	74
97	13	75
97	13	76
97	13	77
97	13	78
97	13	79
97	13	80
97	13	81
97	13	82
97	13	83
97	13	84
97	13	85
97	13	86
97	14	60
97	14	61
97	14	62
97	14	63
97	14	64
97	14	65
97	14	66
97	14	67
97	14	68
97	14	69
97	14	70
97	14	71
97	14	72
97	14	73
97	14	74
97	14	75
97	14	76
97	14	77
97	14	78
97	14	79
97	14	80
97	14	81
97	14	82
97	14	83
97	14	84
97	14	85
97	14	86
97	15	60
97	15	61
97	15	62
97	15	63
97	15	64
97	15	65
97	15	66
97	15	67
97	15	68
97	15	69
97	15	70
97	15	71
97	15	72
97	15	73
97	15	74
97	15	75
97	15	76
97	15	77
97	15	78
97	15	79
97	15	80
97	15	81
97	15	82
97	15	83
97	15	84
97	15	85
97	15	86
97	15	87
97	16	60
97	16	61
97	16	62
97	16	63
97	16	64
97	16	65
97	16	66
97	16	67
97	16	68
97	16	69
97	16	70
97	16	71
97	16	72
97	16	73
97	16	74
97	16	75
97	16	76
97	16	77
97	16	78
97	16	79
97	16	80
97	16	81
97	16	82
97	16	83
97	16	84
97	16	85
97	16	86
97	16	87
97	17	61
97	17	62
97	17	63
97	17	64
97	17	65
97	17	66
97	17	67
97	17	68
97	17	69
97	17	70
97	17	71
97	17	72
97	17	73
97	17	74
97	17	75
97	17	76
97	17	77
97	17	78
97	17	79
97	17	80
97	17	81
97	17	82
97	17	83
97	17	84
97	17	85
97	17	86
97	17	87
97	17	88
97	18	61
97	18	62
97	18	63
97	18	64
97	18	65
97	18	66
97	18	67
97	18	68
97	18	69
97	18	70
97	18	71
97	18	72
97	18	73
97	18	74
97	18	75
97	18	76
97	18	77
97	18	78
97	18	79
97	18	80
97	18	81
97	18	82
97	18	83
97	18	84
97	18	85
97	18	86
97	18	87
97	18	88
97	19	62
97	19	63
97	19	64
97	19	65
97	19	66
97	19	67
97	19	68
97	19	69
97	19	70
97	19	71
97	19	72
97	19	73
97	19	74
97	19	75
97	19	76
97	19	77
97	19	78
97	19	79
97	19	80
97	19	81
97	19	82
97	19	83
97	19	84
97	19	85
97	19	86
97	19	87
97	19	88
97	20	63
97	20	64
97	20	65
97	20	66
97	20	67
97	20	68
97	20	69
97	20	70
97	20	71
97	20	72
97	20	73
97	20	74
97	20	75
97	20	76
97	20	77
97	20	78
97	20	79
97	20	80
97	20	81
97	20	82
97	20	83
97	20	84
97	20	85
97	20	86
97	20	87
97	20	88
97	21	69
97	21	70
97	21	71
97	21	72
97	21	73
97	21	74
97	21	75
97	21	76
97	21	77
97	21	78
97	21	79
97	21	80
97	21	81
97	21	82
97	21	83
97	21	84
97	21	85
97	21	86
97	21	87
97	21	88
97	22	71
97	22	72
97	22	73
97	22	74
97	22	75
97	22	76
97	22	77
97	22	78
97	22	79
97	22	80
97	22	81
97	22	82
97	22	83
97	22	84
97	22	85
97	22	86
97	22	87
97	22	88
97	23	74
97	23	75
97	23	76
97	23	77
97	23	78
97	23	79
97	23	80
97	23	81
97	23	82
97	23	83
97	23	84
97	23	85
97	23	86
97	23	87
97	24	75
97	24	76
97	24	77
97	24	78
97	24	79
97	24	80
97	24	81
97	24	82
97	24	83
97	24	84
97	24	85
97	24	86
97	25	75
97	25	76
97	25	77
97	25	78
97	25	79
97	25	80
97	25	83
97	25	84
97	26	76
97	26	77
97	26	78
97	26	79
97	27	77
97	27	78
97	126	63
97	126	64
97	127	64
98	1	66
98	2	67
98	2	68
98	3	63
98	3	64
98	3	65
98	3	66
98	3	67
98	3	68
98	3	69
98	3	70
98	4	60
98	4	61
98	4	62
98	4	63
98	4	64
98	4	65
98	4	66
98	4	67
98	4	68
98	4	69
98	4	70
98	4	71
98	4	72
98	5	56
98	5	57
98	5	58
98	5	59
98	5	60
98	5	61
98	5	62
98	5	63
98	5	64
98	5	65
98	5	66
98	5	67
98	5	68
98	5	69
98	5	70
98	5	71
98	5	72
98	5	73
98	5	74
98	6	56
98	6	57
98	6	58
98	6	59
98	6	60
98	6	61
98	6	62
98	6	63
98	6	64
98	6	65
98	6	66
98	6	67
98	6	68
98	6	69
98	6	70
98	6	71
98	6	72
98	6	73
98	6	74
98	6	75
98	6	76
98	6	77
98	6	78
98	6	79
98	6	80
98	7	57
98	7	58
98	7	59
98	7	60
98	7	61
98	7	62
98	7	63
98	7	64
98	7	65
98	7	66
98	7	67
98	7	68
98	7	69
98	7	70
98	7	71
98	7	72
98	7	73
98	7	74
98	7	75
98	7	76
98	7	77
98	7	78
98	7	79
98	7	80
98	7	81
98	7	82
98	8	57
98	8	58
98	8	59
98	8	60
98	8	61
98	8	62
98	8	63
98	8	64
98	8	65
98	8	66
98	8	67
98	8	68
98	8	69
98	8	70
98	8	71
98	8	72
98	8	73
98	8	74
98	8	75
98	8	76
98	8	77
98	8	78
98	8	79
98	8	80
98	8	81
98	8	82
98	9	57
98	9	58
98	9	59
98	9	60
98	9	61
98	9	62
98	9	63
98	9	64
98	9	65
98	9	66
98	9	67
98	9	68
98	9	69
98	9	70
98	9	71
98	9	72
98	9	73
98	9	74
98	9	75
98	9	76
98	9	77
98	9	78
98	9	79
98	9	80
98	9	81
98	9	82
98	10	58
98	10	59
98	10	60
98	10	61
98	10	62
98	10	63
98	10	64
98	10	65
98	10	66
98	10	67
98	10	68
98	10	69
98	10	70
98	10	71
98	10	72
98	10	73
98	10	74
98	10	75
98	10	76
98	10	77
98	10	78
98	10	79
98	10	80
98	10	81
98	10	82
98	11	58
98	11	59
98	11	60
98	11	61
98	11	62
98	11	63
98	11	64
98	11	65
98	11	66
98	11	67
98	11	68
98	11	69
98	11	70
98	11	71
98	11	72
98	11	73
98	11	74
98	11	75
98	11	76
98	11	77
98	11	78
98	11	79
98	11	80
98	11	81
98	11	82
98	11	83
98	12	59
98	12	60
98	12	61
98	12	62
98	12	63
98	12	64
98	12	65
98	12	66
98	12	67
98	12	68
98	12	69
98	12	70
98	12	71
98	12	72
98	12	73
98	12	74
98	12	75
98	12	76
98	12	77
98	12	78
98	12	79
98	12	80
98	12	81
98	12	82
98	12	83
98	12	84
98	12	85
98	13	60
98	13	61
98	13	62
98	13	63
98	13	64
98	13	65
98	13	66
98	13	67
98	13	68
98	13	69
98	13	70
98	13	71
98	13	72
98	13	73
98	13	74
98	13	75
98	13	76
98	13	77
98	13	78
98	13	79
98	13	80
98	13	81
98	13	82
98	13	83
98	13	84
98	13	85
98	13	86
98	14	61
98	14	62
98	14	63
98	14	64
98	14	65
98	14	66
98	14	67
98	14	68
98	14	69
98	14	70
98	14	71
98	14	72
98	14	73
98	14	74
98	14	75
98	14	76
98	14	77
98	14	78
98	14	79
98	14	80
98	14	81
98	14	82
98	14	83
98	14	84
98	14	85
98	14	86
98	14	87
98	14	98
98	15	61
98	15	62
98	15	63
98	15	64
98	15	65
98	15	66
98	15	67
98	15	68
98	15	69
98	15	70
98	15	71
98	15	72
98	15	73
98	15	74
98	15	75
98	15	76
98	15	77
98	15	78
98	15	79
98	15	80
98	15	81
98	15	82
98	15	83
98	15	84
98	15	85
98	15	86
98	15	87
98	15	88
98	15	94
98	15	95
98	15	96
98	15	97
98	15	98
98	16	61
98	16	62
98	16	63
98	16	64
98	16	65
98	16	66
98	16	67
98	16	68
98	16	69
98	16	70
98	16	71
98	16	72
98	16	73
98	16	74
98	16	75
98	16	76
98	16	77
98	16	78
98	16	79
98	16	80
98	16	81
98	16	82
98	16	83
98	16	84
98	16	85
98	16	86
98	16	87
98	16	88
98	16	93
98	16	94
98	16	95
98	16	96
98	16	97
98	17	61
98	17	62
98	17	63
98	17	64
98	17	65
98	17	66
98	17	67
98	17	68
98	17	69
98	17	70
98	17	71
98	17	72
98	17	73
98	17	74
98	17	75
98	17	76
98	17	77
98	17	78
98	17	79
98	17	80
98	17	81
98	17	82
98	17	83
98	17	84
98	17	85
98	17	86
98	17	87
98	17	88
98	17	89
98	17	93
98	17	94
98	17	95
98	17	96
98	17	97
98	18	62
98	18	63
98	18	64
98	18	65
98	18	66
98	18	67
98	18	68
98	18	69
98	18	70
98	18	71
98	18	72
98	18	73
98	18	74
98	18	75
98	18	76
98	18	77
98	18	78
98	18	79
98	18	80
98	18	81
98	18	82
98	18	83
98	18	84
98	18	85
98	18	86
98	18	87
98	18	88
98	18	89
98	18	93
98	18	94
98	18	95
98	18	96
98	19	62
98	19	63
98	19	64
98	19	65
98	19	66
98	19	67
98	19	68
98	19	69
98	19	70
98	19	71
98	19	72
98	19	73
98	19	74
98	19	75
98	19	76
98	19	77
98	19	78
98	19	79
98	19	80
98	19	81
98	19	82
98	19	83
98	19	84
98	19	85
98	19	86
98	19	87
98	19	88
98	19	89
98	20	63
98	20	64
98	20	68
98	20	69
98	20	70
98	20	71
98	20	72
98	20	73
98	20	74
98	20	75
98	20	76
98	20	77
98	20	78
98	20	79
98	20	80
98	20	81
98	20	82
98	20	83
98	20	84
98	20	85
98	20	86
98	20	87
98	20	88
98	21	63
98	21	70
98	21	71
98	21	72
98	21	73
98	21	74
98	21	75
98	21	76
98	21	77
98	21	78
98	21	79
98	21	80
98	21	81
98	21	82
98	21	83
98	21	84
98	21	85
98	21	86
98	21	87
98	21	88
98	22	71
98	22	72
98	22	73
98	22	74
98	22	75
98	22	76
98	22	77
98	22	78
98	22	79
98	22	80
98	22	81
98	22	82
98	22	83
98	22	84
98	22	85
98	22	86
98	22	87
98	23	73
98	23	74
98	23	75
98	23	76
98	23	77
98	23	78
98	23	79
98	23	80
98	23	81
98	23	82
98	23	83
98	23	84
98	23	85
98	24	75
98	24	76
98	24	77
98	24	78
98	24	79
98	24	80
98	25	76
98	25	77
98	25	78
98	25	79
98	26	76
98	26	77
98	26	78
98	27	77
99	2	68
99	3	67
99	3	68
99	3	69
99	3	70
99	4	64
99	4	65
99	4	66
99	4	67
99	4	68
99	4	69
99	4	70
99	4	71
99	4	72
99	4	73
99	4	78
99	4	79
99	5	59
99	5	60
99	5	61
99	5	62
99	5	63
99	5	64
99	5	65
99	5	66
99	5	67
99	5	68
99	5	69
99	5	70
99	5	71
99	5	72
99	5	73
99	5	74
99	5	75
99	5	76
99	5	77
99	5	78
99	5	79
99	5	80
99	6	57
99	6	58
99	6	59
99	6	60
99	6	61
99	6	62
99	6	63
99	6	64
99	6	65
99	6	66
99	6	67
99	6	68
99	6	69
99	6	70
99	6	71
99	6	72
99	6	73
99	6	74
99	6	75
99	6	76
99	6	77
99	6	78
99	6	79
99	6	80
99	6	81
99	6	82
99	7	57
99	7	58
99	7	59
99	7	60
99	7	61
99	7	62
99	7	63
99	7	64
99	7	65
99	7	66
99	7	67
99	7	68
99	7	69
99	7	70
99	7	71
99	7	72
99	7	73
99	7	74
99	7	75
99	7	76
99	7	77
99	7	78
99	7	79
99	7	80
99	7	81
99	7	82
99	7	83
99	8	58
99	8	59
99	8	60
99	8	61
99	8	62
99	8	63
99	8	64
99	8	65
99	8	66
99	8	67
99	8	68
99	8	69
99	8	70
99	8	71
99	8	72
99	8	73
99	8	74
99	8	75
99	8	76
99	8	77
99	8	78
99	8	79
99	8	80
99	8	81
99	8	82
99	8	83
99	9	58
99	9	59
99	9	60
99	9	61
99	9	62
99	9	63
99	9	64
99	9	65
99	9	66
99	9	67
99	9	68
99	9	69
99	9	70
99	9	71
99	9	72
99	9	73
99	9	74
99	9	75
99	9	76
99	9	77
99	9	78
99	9	79
99	9	80
99	9	81
99	9	82
99	9	83
99	10	58
99	10	59
99	10	60
99	10	61
99	10	62
99	10	63
99	10	64
99	10	65
99	10	66
99	10	67
99	10	68
99	10	69
99	10	70
99	10	71
99	10	72
99	10	73
99	10	74
99	10	75
99	10	76
99	10	77
99	10	78
99	10	79
99	10	80
99	10	81
99	10	82
99	11	59
99	11	60
99	11	61
99	11	62
99	11	63
99	11	64
99	11	65
99	11	66
99	11	67
99	11	68
99	11	69
99	11	70
99	11	71
99	11	72
99	11	73
99	11	74
99	11	75
99	11	76
99	11	77
99	11	78
99	11	79
99	11	80
99	11	81
99	11	82
99	11	83
99	11	84
99	12	60
99	12	61
99	12	62
99	12	63
99	12	64
99	12	65
99	12	66
99	12	67
99	12	68
99	12	69
99	12	70
99	12	71
99	12	72
99	12	73
99	12	74
99	12	75
99	12	76
99	12	77
99	12	78
99	12	79
99	12	80
99	12	81
99	12	82
99	12	83
99	12	84
99	12	85
99	12	86
99	13	61
99	13	62
99	13	63
99	13	64
99	13	65
99	13	66
99	13	67
99	13	68
99	13	69
99	13	70
99	13	71
99	13	72
99	13	73
99	13	74
99	13	75
99	13	76
99	13	77
99	13	78
99	13	79
99	13	80
99	13	81
99	13	82
99	13	83
99	13	84
99	13	85
99	13	86
99	13	87
99	13	88
99	13	97
99	13	98
99	13	99
99	14	61
99	14	62
99	14	63
99	14	64
99	14	65
99	14	66
99	14	67
99	14	68
99	14	69
99	14	70
99	14	71
99	14	72
99	14	73
99	14	74
99	14	75
99	14	76
99	14	77
99	14	78
99	14	79
99	14	80
99	14	81
99	14	82
99	14	83
99	14	84
99	14	85
99	14	86
99	14	87
99	14	88
99	14	89
99	14	90
99	14	91
99	14	92
99	14	93
99	14	94
99	14	95
99	14	96
99	14	97
99	14	98
99	14	99
99	15	61
99	15	62
99	15	63
99	15	64
99	15	65
99	15	66
99	15	67
99	15	68
99	15	69
99	15	70
99	15	71
99	15	72
99	15	73
99	15	74
99	15	75
99	15	76
99	15	77
99	15	78
99	15	79
99	15	80
99	15	81
99	15	82
99	15	83
99	15	84
99	15	85
99	15	86
99	15	87
99	15	88
99	15	89
99	15	90
99	15	91
99	15	92
99	15	93
99	15	94
99	15	95
99	15	96
99	15	97
99	15	98
99	15	99
99	16	61
99	16	62
99	16	63
99	16	64
99	16	65
99	16	66
99	16	67
99	16	68
99	16	69
99	16	70
99	16	71
99	16	72
99	16	73
99	16	74
99	16	75
99	16	76
99	16	77
99	16	78
99	16	79
99	16	80
99	16	81
99	16	82
99	16	83
99	16	84
99	16	85
99	16	86
99	16	87
99	16	88
99	16	89
99	16	90
99	16	91
99	16	92
99	16	93
99	16	94
99	16	95
99	16	96
99	16	97
99	16	98
99	17	61
99	17	62
99	17	63
99	17	64
99	17	65
99	17	66
99	17	67
99	17	68
99	17	69
99	17	70
99	17	71
99	17	72
99	17	73
99	17	74
99	17	75
99	17	76
99	17	77
99	17	78
99	17	79
99	17	80
99	17	81
99	17	82
99	17	83
99	17	84
99	17	85
99	17	86
99	17	87
99	17	88
99	17	89
99	17	90
99	17	91
99	17	92
99	17	93
99	17	94
99	17	95
99	17	96
99	17	97
99	17	98
99	18	62
99	18	63
99	18	64
99	18	65
99	18	66
99	18	67
99	18	68
99	18	69
99	18	70
99	18	71
99	18	72
99	18	73
99	18	74
99	18	75
99	18	76
99	18	77
99	18	78
99	18	79
99	18	80
99	18	81
99	18	82
99	18	83
99	18	84
99	18	85
99	18	86
99	18	87
99	18	88
99	18	89
99	18	90
99	18	91
99	18	92
99	18	93
99	18	94
99	18	95
99	18	96
99	18	97
99	19	62
99	19	63
99	19	64
99	19	65
99	19	66
99	19	67
99	19	68
99	19	69
99	19	70
99	19	71
99	19	72
99	19	73
99	19	74
99	19	75
99	19	76
99	19	77
99	19	78
99	19	79
99	19	80
99	19	81
99	19	82
99	19	83
99	19	84
99	19	85
99	19	86
99	19	87
99	19	88
99	19	89
99	19	91
99	19	92
99	19	93
99	19	94
99	19	95
99	19	96
99	20	62
99	20	63
99	20	64
99	20	69
99	20	70
99	20	71
99	20	72
99	20	73
99	20	74
99	20	75
99	20	76
99	20	77
99	20	78
99	20	79
99	20	80
99	20	81
99	20	82
99	20	83
99	20	84
99	20	85
99	20	86
99	20	87
99	20	88
99	20	94
99	20	95
99	21	62
99	21	63
99	21	70
99	21	71
99	21	72
99	21	73
99	21	74
99	21	75
99	21	76
99	21	77
99	21	78
99	21	79
99	21	80
99	21	81
99	21	82
99	21	83
99	21	84
99	21	85
99	21	86
99	22	62
99	22	70
99	22	71
99	22	72
99	22	73
99	22	74
99	22	75
99	22	76
99	22	77
99	22	78
99	22	79
99	22	80
99	22	81
99	22	82
99	22	83
99	23	70
99	23	71
99	23	72
99	23	73
99	23	74
99	23	75
99	23	76
99	23	77
99	23	78
99	23	79
99	23	80
99	23	81
99	24	74
99	24	75
99	24	76
99	24	77
99	24	78
99	24	79
99	25	76
99	25	77
99	25	78
99	26	77
100	2	68
100	3	67
100	3	68
100	3	69
100	3	70
100	3	71
100	4	66
100	4	67
100	4	68
100	4	69
100	4	70
100	4	71
100	4	72
100	4	73
100	4	74
100	4	75
100	4	76
100	4	77
100	4	78
100	4	79
100	4	80
100	5	65
100	5	66
100	5	67
100	5	68
100	5	69
100	5	70
100	5	71
100	5	72
100	5	73
100	5	74
100	5	75
100	5	76
100	5	77
100	5	78
100	5	79
100	5	80
100	5	81
100	5	82
100	6	58
100	6	59
100	6	60
100	6	61
100	6	62
100	6	63
100	6	64
100	6	65
100	6	66
100	6	67
100	6	68
100	6	69
100	6	70
100	6	71
100	6	72
100	6	73
100	6	74
100	6	75
100	6	76
100	6	77
100	6	78
100	6	79
100	6	80
100	6	81
100	6	82
100	6	83
100	6	84
100	7	58
100	7	59
100	7	60
100	7	61
100	7	62
100	7	63
100	7	64
100	7	65
100	7	66
100	7	67
100	7	68
100	7	69
100	7	70
100	7	71
100	7	72
100	7	73
100	7	74
100	7	75
100	7	76
100	7	77
100	7	78
100	7	79
100	7	80
100	7	81
100	7	82
100	7	83
100	7	84
100	8	58
100	8	59
100	8	60
100	8	61
100	8	62
100	8	63
100	8	64
100	8	65
100	8	66
100	8	67
100	8	68
100	8	69
100	8	70
100	8	71
100	8	72
100	8	73
100	8	74
100	8	75
100	8	76
100	8	77
100	8	78
100	8	79
100	8	80
100	8	81
100	8	82
100	8	83
100	8	84
100	9	59
100	9	60
100	9	61
100	9	62
100	9	63
100	9	64
100	9	65
100	9	66
100	9	67
100	9	68
100	9	69
100	9	70
100	9	71
100	9	72
100	9	73
100	9	74
100	9	75
100	9	76
100	9	77
100	9	78
100	9	79
100	9	80
100	9	81
100	9	82
100	9	83
100	10	59
100	10	60
100	10	61
100	10	62
100	10	63
100	10	64
100	10	65
100	10	66
100	10	67
100	10	68
100	10	69
100	10	70
100	10	71
100	10	72
100	10	73
100	10	74
100	10	75
100	10	76
100	10	77
100	10	78
100	10	79
100	10	80
100	10	81
100	10	82
100	11	59
100	11	60
100	11	61
100	11	62
100	11	63
100	11	64
100	11	65
100	11	66
100	11	67
100	11	68
100	11	69
100	11	70
100	11	71
100	11	72
100	11	73
100	11	74
100	11	75
100	11	76
100	11	77
100	11	78
100	11	79
100	11	80
100	11	81
100	11	82
100	11	83
100	11	84
100	11	85
100	12	60
100	12	61
100	12	62
100	12	63
100	12	64
100	12	65
100	12	66
100	12	67
100	12	68
100	12	69
100	12	70
100	12	71
100	12	72
100	12	73
100	12	74
100	12	75
100	12	76
100	12	77
100	12	78
100	12	79
100	12	80
100	12	81
100	12	82
100	12	83
100	12	84
100	12	85
100	12	86
100	12	87
100	12	91
100	12	92
100	12	93
100	12	94
100	12	95
100	12	96
100	12	97
100	12	98
100	12	99
100	12	100
100	13	61
100	13	62
100	13	63
100	13	64
100	13	65
100	13	66
100	13	67
100	13	68
100	13	69
100	13	70
100	13	71
100	13	72
100	13	73
100	13	74
100	13	75
100	13	76
100	13	77
100	13	78
100	13	79
100	13	80
100	13	81
100	13	82
100	13	83
100	13	84
100	13	85
100	13	86
100	13	87
100	13	88
100	13	89
100	13	90
100	13	91
100	13	92
100	13	93
100	13	94
100	13	95
100	13	96
100	13	97
100	13	98
100	13	99
100	13	100
100	14	61
100	14	62
100	14	63
100	14	64
100	14	65
100	14	66
100	14	67
100	14	68
100	14	69
100	14	70
100	14	71
100	14	72
100	14	73
100	14	74
100	14	75
100	14	76
100	14	77
100	14	78
100	14	79
100	14	80
100	14	81
100	14	82
100	14	83
100	14	84
100	14	85
100	14	86
100	14	87
100	14	88
100	14	89
100	14	90
100	14	91
100	14	92
100	14	93
100	14	94
100	14	95
100	14	96
100	14	97
100	14	98
100	14	99
100	14	100
100	15	61
100	15	62
100	15	63
100	15	64
100	15	65
100	15	66
100	15	67
100	15	68
100	15	69
100	15	70
100	15	71
100	15	72
100	15	73
100	15	74
100	15	75
100	15	76
100	15	77
100	15	78
100	15	79
100	15	80
100	15	81
100	15	82
100	15	83
100	15	84
100	15	85
100	15	86
100	15	87
100	15	88
100	15	89
100	15	90
100	15	91
100	15	92
100	15	93
100	15	94
100	15	95
100	15	96
100	15	97
100	15	98
100	15	99
100	16	61
100	16	62
100	16	63
100	16	64
100	16	65
100	16	66
100	16	67
100	16	68
100	16	69
100	16	70
100	16	71
100	16	72
100	16	73
100	16	74
100	16	75
100	16	76
100	16	77
100	16	78
100	16	79
100	16	80
100	16	81
100	16	82
100	16	83
100	16	84
100	16	85
100	16	86
100	16	87
100	16	88
100	16	89
100	16	90
100	16	91
100	16	92
100	16	93
100	16	94
100	16	95
100	16	96
100	16	97
100	16	98
100	16	99
100	17	61
100	17	62
100	17	63
100	17	64
100	17	65
100	17	66
100	17	67
100	17	68
100	17	69
100	17	70
100	17	71
100	17	72
100	17	73
100	17	74
100	17	75
100	17	76
100	17	77
100	17	78
100	17	79
100	17	80
100	17	81
100	17	82
100	17	83
100	17	84
100	17	85
100	17	86
100	17	87
100	17	88
100	17	89
100	17	90
100	17	91
100	17	92
100	17	93
100	17	94
100	17	95
100	17	96
100	17	97
100	17	98
100	18	61
100	18	62
100	18	63
100	18	64
100	18	65
100	18	66
100	18	67
100	18	68
100	18	69
100	18	70
100	18	71
100	18	72
100	18	73
100	18	74
100	18	75
100	18	76
100	18	77
100	18	78
100	18	79
100	18	80
100	18	81
100	18	82
100	18	83
100	18	84
100	18	85
100	18	86
100	18	87
100	18	88
100	18	89
100	18	90
100	18	91
100	18	92
100	18	93
100	18	94
100	18	95
100	18	96
100	18	97
100	18	98
100	19	61
100	19	62
100	19	63
100	19	64
100	19	65
100	19	68
100	19	69
100	19	70
100	19	71
100	19	72
100	19	73
100	19	74
100	19	75
100	19	76
100	19	77
100	19	78
100	19	79
100	19	80
100	19	81
100	19	82
100	19	83
100	19	84
100	19	85
100	19	86
100	19	87
100	19	90
100	19	91
100	19	92
100	19	93
100	19	94
100	19	95
100	19	96
100	19	97
100	20	62
100	20	63
100	20	64
100	20	69
100	20	70
100	20	71
100	20	72
100	20	73
100	20	74
100	20	75
100	20	76
100	20	77
100	20	78
100	20	79
100	20	80
100	20	81
100	20	82
100	20	83
100	20	84
100	20	85
100	20	93
100	20	94
100	20	95
100	20	96
100	20	97
100	21	62
100	21	63
100	21	69
100	21	70
100	21	71
100	21	72
100	21	73
100	21	74
100	21	75
100	21	76
100	21	77
100	21	78
100	21	79
100	21	80
100	21	81
100	21	82
100	21	94
100	21	95
100	21	96
100	22	62
100	22	69
100	22	70
100	22	71
100	22	72
100	22	73
100	22	74
100	22	75
100	22	76
100	22	77
100	22	78
100	22	79
100	22	80
100	22	81
100	23	69
100	23	70
100	23	71
100	23	72
100	23	73
100	23	74
100	23	75
100	23	76
100	23	77
100	23	78
100	23	79
100	23	80
100	24	69
100	24	70
100	24	71
100	24	72
100	24	73
100	24	74
100	24	75
100	24	76
100	24	77
100	24	78
100	25	75
100	25	76
100	25	77
101	2	68
101	3	67
101	3	68
101	3	69
101	3	70
101	3	71
101	3	80
101	4	66
101	4	67
101	4	68
101	4	69
101	4	70
101	4	71
101	4	72
101	4	73
101	4	74
101	4	75
101	4	76
101	4	77
101	4	78
101	4	79
101	4	80
101	4	81
101	4	88
101	5	66
101	5	67
101	5	68
101	5	69
101	5	70
101	5	71
101	5	72
101	5	73
101	5	74
101	5	75
101	5	76
101	5	77
101	5	78
101	5	79
101	5	80
101	5	81
101	5	82
101	5	83
101	5	87
101	5	88
101	5	89
101	6	66
101	6	67
101	6	68
101	6	69
101	6	70
101	6	71
101	6	72
101	6	73
101	6	74
101	6	75
101	6	76
101	6	77
101	6	78
101	6	79
101	6	80
101	6	81
101	6	82
101	6	83
101	6	84
101	6	85
101	7	59
101	7	60
101	7	61
101	7	62
101	7	63
101	7	64
101	7	65
101	7	66
101	7	67
101	7	68
101	7	69
101	7	70
101	7	71
101	7	72
101	7	73
101	7	74
101	7	75
101	7	76
101	7	77
101	7	78
101	7	79
101	7	80
101	7	81
101	7	82
101	7	83
101	7	84
101	8	59
101	8	60
101	8	61
101	8	62
101	8	63
101	8	64
101	8	65
101	8	66
101	8	67
101	8	68
101	8	69
101	8	70
101	8	71
101	8	72
101	8	73
101	8	74
101	8	75
101	8	76
101	8	77
101	8	78
101	8	79
101	8	80
101	8	81
101	8	82
101	8	83
101	8	84
101	9	59
101	9	60
101	9	61
101	9	62
101	9	63
101	9	64
101	9	65
101	9	66
101	9	67
101	9	68
101	9	69
101	9	70
101	9	71
101	9	72
101	9	73
101	9	74
101	9	75
101	9	76
101	9	77
101	9	78
101	9	79
101	9	80
101	9	81
101	9	82
101	10	60
101	10	61
101	10	62
101	10	63
101	10	64
101	10	65
101	10	66
101	10	67
101	10	68
101	10	69
101	10	70
101	10	71
101	10	72
101	10	73
101	10	74
101	10	75
101	10	76
101	10	77
101	10	78
101	10	79
101	10	80
101	10	81
101	10	92
101	10	93
101	10	94
101	11	60
101	11	61
101	11	62
101	11	63
101	11	64
101	11	65
101	11	66
101	11	67
101	11	68
101	11	69
101	11	70
101	11	71
101	11	72
101	11	73
101	11	74
101	11	75
101	11	76
101	11	77
101	11	78
101	11	79
101	11	80
101	11	81
101	11	91
101	11	92
101	11	93
101	11	94
101	11	95
101	11	96
101	11	97
101	11	98
101	11	99
101	11	100
101	12	60
101	12	61
101	12	62
101	12	63
101	12	64
101	12	65
101	12	66
101	12	67
101	12	68
101	12	69
101	12	70
101	12	71
101	12	72
101	12	73
101	12	74
101	12	75
101	12	76
101	12	77
101	12	78
101	12	79
101	12	80
101	12	81
101	12	82
101	12	83
101	12	84
101	12	85
101	12	86
101	12	87
101	12	88
101	12	89
101	12	90
101	12	91
101	12	92
101	12	93
101	12	94
101	12	95
101	12	96
101	12	97
101	12	98
101	12	99
101	12	100
101	13	60
101	13	61
101	13	62
101	13	63
101	13	64
101	13	65
101	13	66
101	13	67
101	13	68
101	13	69
101	13	70
101	13	71
101	13	72
101	13	73
101	13	74
101	13	75
101	13	76
101	13	77
101	13	78
101	13	79
101	13	80
101	13	81
101	13	82
101	13	83
101	13	84
101	13	85
101	13	86
101	13	87
101	13	88
101	13	89
101	13	90
101	13	91
101	13	92
101	13	93
101	13	94
101	13	95
101	13	96
101	13	97
101	13	98
101	13	99
101	13	100
101	14	60
101	14	61
101	14	62
101	14	63
101	14	64
101	14	65
101	14	66
101	14	67
101	14	68
101	14	69
101	14	70
101	14	71
101	14	72
101	14	73
101	14	74
101	14	75
101	14	76
101	14	77
101	14	78
101	14	79
101	14	80
101	14	81
101	14	82
101	14	83
101	14	84
101	14	85
101	14	86
101	14	87
101	14	88
101	14	89
101	14	90
101	14	91
101	14	92
101	14	93
101	14	94
101	14	95
101	14	96
101	14	97
101	14	98
101	14	99
101	14	100
101	15	60
101	15	61
101	15	62
101	15	63
101	15	64
101	15	65
101	15	66
101	15	67
101	15	68
101	15	69
101	15	70
101	15	71
101	15	72
101	15	73
101	15	74
101	15	75
101	15	76
101	15	77
101	15	78
101	15	79
101	15	80
101	15	81
101	15	82
101	15	83
101	15	84
101	15	85
101	15	86
101	15	87
101	15	88
101	15	89
101	15	90
101	15	91
101	15	92
101	15	93
101	15	94
101	15	95
101	15	96
101	15	97
101	15	98
101	15	99
101	16	60
101	16	61
101	16	62
101	16	63
101	16	64
101	16	65
101	16	66
101	16	67
101	16	68
101	16	69
101	16	70
101	16	71
101	16	72
101	16	73
101	16	74
101	16	75
101	16	76
101	16	77
101	16	78
101	16	79
101	16	80
101	16	81
101	16	82
101	16	83
101	16	84
101	16	85
101	16	86
101	16	87
101	16	88
101	16	89
101	16	90
101	16	91
101	16	92
101	16	93
101	16	94
101	16	95
101	16	96
101	16	97
101	16	98
101	16	99
101	17	60
101	17	61
101	17	62
101	17	63
101	17	64
101	17	65
101	17	66
101	17	67
101	17	68
101	17	69
101	17	70
101	17	71
101	17	72
101	17	73
101	17	74
101	17	75
101	17	76
101	17	77
101	17	78
101	17	79
101	17	80
101	17	81
101	17	82
101	17	83
101	17	84
101	17	85
101	17	86
101	17	87
101	17	88
101	17	89
101	17	90
101	17	91
101	17	92
101	17	93
101	17	94
101	17	95
101	17	96
101	17	97
101	17	98
101	18	60
101	18	61
101	18	62
101	18	63
101	18	64
101	18	65
101	18	66
101	18	67
101	18	68
101	18	69
101	18	70
101	18	71
101	18	72
101	18	73
101	18	74
101	18	75
101	18	76
101	18	77
101	18	78
101	18	79
101	18	80
101	18	81
101	18	82
101	18	83
101	18	84
101	18	85
101	18	86
101	18	87
101	18	88
101	18	89
101	18	90
101	18	91
101	18	92
101	18	93
101	18	94
101	18	95
101	18	96
101	18	97
101	18	98
101	19	61
101	19	62
101	19	63
101	19	64
101	19	65
101	19	68
101	19	69
101	19	70
101	19	71
101	19	72
101	19	73
101	19	74
101	19	75
101	19	76
101	19	77
101	19	78
101	19	79
101	19	80
101	19	81
101	19	82
101	19	83
101	19	91
101	19	92
101	19	93
101	19	94
101	19	95
101	19	96
101	19	97
101	19	98
101	20	61
101	20	62
101	20	63
101	20	64
101	20	68
101	20	69
101	20	70
101	20	71
101	20	72
101	20	73
101	20	74
101	20	75
101	20	76
101	20	77
101	20	78
101	20	79
101	20	80
101	20	81
101	20	93
101	20	94
101	20	95
101	20	96
101	20	97
101	21	62
101	21	63
101	21	68
101	21	69
101	21	70
101	21	71
101	21	72
101	21	73
101	21	74
101	21	75
101	21	76
101	21	77
101	21	78
101	21	79
101	21	80
101	21	81
101	22	62
101	22	68
101	22	69
101	22	70
101	22	71
101	22	72
101	22	73
101	22	74
101	22	75
101	22	76
101	22	77
101	22	78
101	22	79
101	22	80
101	23	68
101	23	69
101	23	70
101	23	71
101	23	72
101	23	73
101	23	74
101	23	75
101	23	76
101	23	77
101	23	78
101	23	79
101	24	68
101	24	69
101	24	70
101	24	71
101	24	72
101	24	73
101	24	74
101	24	75
101	24	76
101	24	77
101	25	68
101	25	69
101	25	70
101	25	71
101	25	72
101	25	73
101	25	74
101	25	75
101	25	76
102	3	67
102	3	68
102	3	69
102	3	86
102	3	87
102	3	88
102	3	89
102	4	67
102	4	68
102	4	69
102	4	70
102	4	71
102	4	85
102	4	86
102	4	87
102	4	88
102	4	89
102	5	67
102	5	68
102	5	69
102	5	70
102	5	71
102	5	72
102	5	73
102	5	77
102	5	78
102	5	85
102	5	86
102	5	87
102	5	88
102	5	89
102	5	90
102	6	67
102	6	68
102	6	69
102	6	70
102	6	71
102	6	72
102	6	73
102	6	74
102	6	75
102	6	76
102	6	77
102	6	86
102	6	87
102	6	88
102	6	89
102	6	90
102	6	91
102	7	65
102	7	66
102	7	67
102	7	68
102	7	69
102	7	70
102	7	71
102	7	72
102	7	73
102	7	74
102	7	75
102	7	76
102	7	88
102	7	89
102	7	90
102	7	91
102	7	92
102	8	60
102	8	61
102	8	62
102	8	63
102	8	64
102	8	65
102	8	66
102	8	67
102	8	68
102	8	69
102	8	70
102	8	71
102	8	72
102	8	73
102	8	74
102	8	75
102	8	76
102	8	77
102	8	90
102	8	91
102	8	92
102	8	93
102	8	94
102	9	61
102	9	62
102	9	63
102	9	64
102	9	65
102	9	66
102	9	67
102	9	68
102	9	69
102	9	70
102	9	71
102	9	72
102	9	73
102	9	74
102	9	75
102	9	76
102	9	77
102	9	90
102	9	91
102	9	92
102	9	93
102	9	94
102	9	95
102	9	96
102	9	97
102	9	98
102	9	99
102	9	100
102	10	61
102	10	62
102	10	63
102	10	64
102	10	65
102	10	66
102	10	67
102	10	68
102	10	69
102	10	70
102	10	71
102	10	72
102	10	73
102	10	74
102	10	75
102	10	76
102	10	77
102	10	90
102	10	91
102	10	92
102	10	93
102	10	94
102	10	95
102	10	96
102	10	97
102	10	98
102	10	99
102	10	100
102	11	60
102	11	61
102	11	62
102	11	63
102	11	64
102	11	65
102	11	66
102	11	67
102	11	68
102	11	69
102	11	70
102	11	71
102	11	72
102	11	73
102	11	74
102	11	75
102	11	76
102	11	77
102	11	78
102	11	89
102	11	90
102	11	91
102	11	92
102	11	93
102	11	94
102	11	95
102	11	96
102	11	97
102	11	98
102	11	99
102	11	100
102	12	60
102	12	61
102	12	62
102	12	63
102	12	64
102	12	65
102	12	66
102	12	67
102	12	68
102	12	69
102	12	70
102	12	71
102	12	72
102	12	73
102	12	74
102	12	75
102	12	76
102	12	77
102	12	78
102	12	79
102	12	84
102	12	85
102	12	86
102	12	87
102	12	88
102	12	89
102	12	90
102	12	91
102	12	92
102	12	93
102	12	94
102	12	95
102	12	96
102	12	97
102	12	98
102	12	99
102	12	100
102	13	60
102	13	61
102	13	62
102	13	63
102	13	64
102	13	65
102	13	66
102	13	67
102	13	68
102	13	69
102	13	70
102	13	71
102	13	72
102	13	73
102	13	74
102	13	75
102	13	76
102	13	77
102	13	78
102	13	79
102	13	80
102	13	81
102	13	82
102	13	83
102	13	84
102	13	85
102	13	86
102	13	87
102	13	88
102	13	89
102	13	90
102	13	91
102	13	92
102	13	93
102	13	94
102	13	95
102	13	96
102	13	97
102	13	98
102	13	99
102	13	100
102	14	60
102	14	61
102	14	62
102	14	63
102	14	64
102	14	65
102	14	66
102	14	67
102	14	68
102	14	69
102	14	70
102	14	71
102	14	72
102	14	73
102	14	74
102	14	75
102	14	76
102	14	77
102	14	78
102	14	79
102	14	80
102	14	81
102	14	82
102	14	83
102	14	84
102	14	85
102	14	86
102	14	87
102	14	88
102	14	89
102	14	90
102	14	91
102	14	92
102	14	93
102	14	94
102	14	95
102	14	96
102	14	97
102	14	98
102	14	99
102	14	100
102	15	60
102	15	61
102	15	62
102	15	63
102	15	64
102	15	65
102	15	66
102	15	67
102	15	68
102	15	69
102	15	70
102	15	71
102	15	72
102	15	73
102	15	74
102	15	75
102	15	76
102	15	77
102	15	78
102	15	79
102	15	80
102	15	81
102	15	82
102	15	83
102	15	84
102	15	85
102	15	86
102	15	87
102	15	88
102	15	89
102	15	90
102	15	91
102	15	92
102	15	93
102	15	94
102	15	95
102	15	96
102	15	97
102	15	98
102	15	99
102	16	60
102	16	61
102	16	62
102	16	63
102	16	64
102	16	65
102	16	66
102	16	67
102	16	68
102	16	69
102	16	70
102	16	71
102	16	72
102	16	73
102	16	74
102	16	75
102	16	76
102	16	77
102	16	78
102	16	79
102	16	80
102	16	81
102	16	82
102	16	83
102	16	84
102	16	85
102	16	86
102	16	87
102	16	88
102	16	89
102	16	90
102	16	91
102	16	92
102	16	93
102	16	94
102	16	95
102	16	96
102	16	97
102	16	98
102	16	99
102	17	60
102	17	61
102	17	62
102	17	63
102	17	64
102	17	65
102	17	66
102	17	67
102	17	68
102	17	69
102	17	70
102	17	71
102	17	72
102	17	73
102	17	74
102	17	75
102	17	76
102	17	77
102	17	78
102	17	79
102	17	80
102	17	81
102	17	82
102	17	83
102	17	84
102	17	85
102	17	87
102	17	88
102	17	89
102	17	90
102	17	91
102	17	92
102	17	93
102	17	94
102	17	95
102	17	96
102	17	97
102	17	98
102	18	60
102	18	61
102	18	62
102	18	63
102	18	64
102	18	65
102	18	66
102	18	67
102	18	68
102	18	69
102	18	70
102	18	71
102	18	72
102	18	73
102	18	74
102	18	75
102	18	76
102	18	77
102	18	78
102	18	79
102	18	80
102	18	81
102	18	90
102	18	91
102	18	92
102	18	93
102	18	94
102	18	95
102	18	96
102	18	97
102	18	98
102	19	61
102	19	62
102	19	63
102	19	64
102	19	65
102	19	66
102	19	67
102	19	68
102	19	69
102	19	70
102	19	71
102	19	72
102	19	73
102	19	74
102	19	75
102	19	76
102	19	77
102	19	78
102	19	79
102	19	80
102	19	92
102	19	93
102	19	94
102	19	95
102	19	96
102	19	97
102	20	62
102	20	63
102	20	64
102	20	67
102	20	68
102	20	69
102	20	70
102	20	71
102	20	72
102	20	73
102	20	74
102	20	75
102	20	76
102	20	77
102	20	78
102	20	79
102	20	80
102	20	93
102	20	94
102	21	62
102	21	63
102	21	67
102	21	68
102	21	69
102	21	70
102	21	71
102	21	72
102	21	73
102	21	74
102	21	75
102	21	76
102	21	77
102	21	78
102	21	79
102	21	80
102	22	67
102	22	68
102	22	69
102	22	70
102	22	71
102	22	72
102	22	73
102	22	74
102	22	75
102	22	76
102	22	77
102	22	78
102	22	79
102	23	68
102	23	69
102	23	70
102	23	71
102	23	72
102	23	73
102	23	74
102	23	75
102	23	76
102	23	77
102	23	78
102	24	70
102	24	71
102	24	72
102	24	73
102	24	74
102	24	75
102	24	76
102	25	71
102	25	72
102	25	73
102	25	74
102	25	75
102	26	72
102	26	73
102	26	74
103	3	68
103	3	86
103	3	87
103	3	88
103	3	89
103	4	68
103	4	69
103	4	85
103	4	86
103	4	87
103	4	88
103	4	89
103	4	90
103	5	68
103	5	69
103	5	70
103	5	86
103	5	87
103	5	88
103	5	89
103	5	90
103	5	91
103	6	68
103	6	69
103	6	70
103	6	71
103	6	87
103	6	88
103	6	89
103	6	90
103	6	91
103	6	92
103	6	93
103	7	68
103	7	69
103	7	70
103	7	71
103	7	72
103	7	88
103	7	89
103	7	90
103	7	91
103	7	92
103	7	93
103	7	94
103	7	95
103	7	100
103	8	64
103	8	65
103	8	66
103	8	67
103	8	68
103	8	69
103	8	70
103	8	71
103	8	72
103	8	73
103	8	89
103	8	90
103	8	91
103	8	92
103	8	93
103	8	94
103	8	95
103	8	96
103	8	97
103	8	98
103	8	99
103	8	100
103	9	62
103	9	63
103	9	64
103	9	65
103	9	66
103	9	67
103	9	68
103	9	69
103	9	70
103	9	71
103	9	72
103	9	73
103	9	74
103	9	89
103	9	90
103	9	91
103	9	92
103	9	93
103	9	94
103	9	95
103	9	96
103	9	97
103	9	98
103	9	99
103	9	100
103	10	62
103	10	63
103	10	64
103	10	65
103	10	66
103	10	67
103	10	68
103	10	69
103	10	70
103	10	71
103	10	72
103	10	73
103	10	74
103	10	75
103	10	89
103	10	90
103	10	91
103	10	92
103	10	93
103	10	94
103	10	95
103	10	96
103	10	97
103	10	98
103	10	99
103	10	100
103	11	62
103	11	63
103	11	64
103	11	65
103	11	66
103	11	67
103	11	68
103	11	69
103	11	70
103	11	71
103	11	72
103	11	73
103	11	74
103	11	75
103	11	76
103	11	88
103	11	89
103	11	90
103	11	91
103	11	92
103	11	93
103	11	94
103	11	95
103	11	96
103	11	97
103	11	98
103	11	99
103	11	100
103	12	61
103	12	62
103	12	63
103	12	64
103	12	65
103	12	66
103	12	67
103	12	68
103	12	69
103	12	70
103	12	71
103	12	72
103	12	73
103	12	74
103	12	75
103	12	76
103	12	77
103	12	86
103	12	87
103	12	88
103	12	89
103	12	90
103	12	91
103	12	92
103	12	93
103	12	94
103	12	95
103	12	96
103	12	97
103	12	98
103	12	99
103	12	100
103	13	61
103	13	62
103	13	63
103	13	64
103	13	65
103	13	66
103	13	67
103	13	68
103	13	69
103	13	70
103	13	71
103	13	72
103	13	73
103	13	74
103	13	75
103	13	76
103	13	77
103	13	78
103	13	85
103	13	86
103	13	87
103	13	88
103	13	89
103	13	90
103	13	91
103	13	92
103	13	93
103	13	94
103	13	95
103	13	96
103	13	97
103	13	98
103	13	99
103	13	100
103	14	61
103	14	62
103	14	63
103	14	64
103	14	65
103	14	66
103	14	67
103	14	68
103	14	69
103	14	70
103	14	71
103	14	72
103	14	73
103	14	74
103	14	75
103	14	76
103	14	77
103	14	78
103	14	79
103	14	84
103	14	85
103	14	86
103	14	87
103	14	88
103	14	89
103	14	90
103	14	91
103	14	92
103	14	93
103	14	94
103	14	95
103	14	96
103	14	97
103	14	98
103	14	99
103	15	61
103	15	62
103	15	63
103	15	64
103	15	65
103	15	66
103	15	67
103	15	68
103	15	69
103	15	70
103	15	71
103	15	72
103	15	73
103	15	74
103	15	75
103	15	76
103	15	77
103	15	78
103	15	79
103	15	80
103	15	85
103	15	86
103	15	87
103	15	88
103	15	89
103	15	90
103	15	91
103	15	92
103	15	93
103	15	94
103	15	95
103	15	96
103	15	97
103	15	98
103	16	60
103	16	61
103	16	62
103	16	63
103	16	64
103	16	65
103	16	66
103	16	67
103	16	68
103	16	69
103	16	70
103	16	71
103	16	72
103	16	73
103	16	74
103	16	75
103	16	76
103	16	77
103	16	78
103	16	79
103	16	80
103	16	87
103	16	88
103	16	89
103	16	90
103	16	91
103	16	92
103	16	93
103	16	94
103	16	95
103	16	96
103	16	97
103	16	98
103	17	60
103	17	61
103	17	62
103	17	63
103	17	64
103	17	65
103	17	66
103	17	67
103	17	68
103	17	69
103	17	70
103	17	71
103	17	72
103	17	73
103	17	74
103	17	75
103	17	76
103	17	77
103	17	78
103	17	79
103	17	80
103	17	89
103	17	90
103	17	91
103	17	92
103	17	93
103	17	94
103	17	95
103	17	96
103	17	97
103	17	98
103	18	60
103	18	61
103	18	62
103	18	63
103	18	64
103	18	65
103	18	66
103	18	67
103	18	68
103	18	69
103	18	70
103	18	71
103	18	72
103	18	73
103	18	74
103	18	75
103	18	76
103	18	77
103	18	78
103	18	79
103	18	91
103	18	92
103	18	93
103	18	94
103	18	95
103	18	96
103	18	97
103	18	98
103	19	62
103	19	63
103	19	64
103	19	65
103	19	66
103	19	67
103	19	68
103	19	69
103	19	70
103	19	71
103	19	72
103	19	73
103	19	74
103	19	75
103	19	76
103	19	77
103	19	78
103	19	79
103	19	93
103	19	94
103	19	95
103	19	96
103	19	97
103	20	65
103	20	66
103	20	67
103	20	68
103	20	69
103	20	70
103	20	71
103	20	72
103	20	73
103	20	74
103	20	75
103	20	76
103	20	77
103	20	78
103	20	79
103	20	93
103	20	94
103	21	68
103	21	69
103	21	70
103	21	71
103	21	72
103	21	73
103	21	74
103	21	75
103	21	76
103	21	77
103	21	78
103	22	70
103	22	71
103	22	72
103	22	73
103	22	74
103	22	75
103	22	76
103	22	77
103	23	71
103	23	72
103	23	73
103	23	74
103	23	75
103	23	76
103	24	74
103	24	75
104	2	87
104	3	86
104	3	87
104	3	88
104	3	89
104	4	86
104	4	87
104	4	88
104	4	89
104	4	90
104	4	91
104	5	69
104	5	87
104	5	88
104	5	89
104	5	90
104	5	91
104	5	92
104	6	69
104	6	87
104	6	88
104	6	89
104	6	90
104	6	91
104	6	92
104	6	93
104	6	94
104	6	95
104	7	69
104	7	70
104	7	88
104	7	89
104	7	90
104	7	91
104	7	92
104	7	93
104	7	94
104	7	95
104	7	96
104	7	97
104	7	98
104	7	99
104	7	100
104	8	69
104	8	70
104	8	88
104	8	89
104	8	90
104	8	91
104	8	92
104	8	93
104	8	94
104	8	95
104	8	96
104	8	97
104	8	98
104	8	99
104	8	100
104	9	63
104	9	64
104	9	65
104	9	66
104	9	67
104	9	68
104	9	69
104	9	70
104	9	71
104	9	89
104	9	90
104	9	91
104	9	92
104	9	93
104	9	94
104	9	95
104	9	96
104	9	97
104	9	98
104	9	99
104	9	100
104	10	63
104	10	64
104	10	65
104	10	66
104	10	67
104	10	68
104	10	69
104	10	70
104	10	71
104	10	72
104	10	89
104	10	90
104	10	91
104	10	92
104	10	93
104	10	94
104	10	95
104	10	96
104	10	97
104	10	98
104	10	99
104	10	100
104	11	63
104	11	64
104	11	65
104	11	66
104	11	67
104	11	68
104	11	69
104	11	70
104	11	71
104	11	72
104	11	73
104	11	88
104	11	89
104	11	90
104	11	91
104	11	92
104	11	93
104	11	94
104	11	95
104	11	96
104	11	97
104	11	98
104	11	99
104	12	63
104	12	64
104	12	65
104	12	66
104	12	67
104	12	68
104	12	69
104	12	70
104	12	71
104	12	72
104	12	73
104	12	74
104	12	75
104	12	87
104	12	88
104	12	89
104	12	90
104	12	91
104	12	92
104	12	93
104	12	94
104	12	95
104	12	96
104	12	97
104	12	98
104	12	99
104	13	62
104	13	63
104	13	64
104	13	65
104	13	66
104	13	67
104	13	68
104	13	69
104	13	70
104	13	71
104	13	72
104	13	73
104	13	74
104	13	75
104	13	76
104	13	86
104	13	87
104	13	88
104	13	89
104	13	90
104	13	91
104	13	92
104	13	93
104	13	94
104	13	95
104	13	96
104	13	97
104	13	98
104	14	62
104	14	63
104	14	64
104	14	65
104	14	66
104	14	67
104	14	68
104	14	69
104	14	70
104	14	71
104	14	72
104	14	73
104	14	74
104	14	75
104	14	76
104	14	77
104	14	86
104	14	87
104	14	88
104	14	89
104	14	90
104	14	91
104	14	92
104	14	93
104	14	94
104	14	95
104	14	96
104	14	97
104	15	61
104	15	62
104	15	63
104	15	64
104	15	65
104	15	66
104	15	67
104	15	68
104	15	69
104	15	70
104	15	71
104	15	72
104	15	73
104	15	74
104	15	75
104	15	76
104	15	77
104	15	78
104	15	87
104	15	88
104	15	89
104	15	90
104	15	91
104	15	92
104	15	93
104	15	94
104	15	95
104	15	96
104	15	97
104	16	60
104	16	61
104	16	62
104	16	63
104	16	64
104	16	65
104	16	66
104	16	67
104	16	68
104	16	69
104	16	70
104	16	71
104	16	72
104	16	73
104	16	74
104	16	75
104	16	76
104	16	77
104	16	78
104	16	88
104	16	89
104	16	90
104	16	91
104	16	92
104	16	93
104	16	94
104	16	95
104	16	96
104	17	60
104	17	61
104	17	62
104	17	63
104	17	64
104	17	65
104	17	66
104	17	67
104	17	68
104	17	69
104	17	70
104	17	71
104	17	72
104	17	73
104	17	74
104	17	75
104	17	76
104	17	77
104	17	78
104	17	90
104	17	91
104	17	92
104	17	93
104	17	94
104	17	95
104	17	96
104	18	65
104	18	66
104	18	67
104	18	68
104	18	69
104	18	70
104	18	71
104	18	72
104	18	73
104	18	74
104	18	75
104	18	76
104	18	77
104	18	78
104	18	93
104	18	94
104	18	95
104	18	96
104	18	97
104	19	71
104	19	72
104	19	73
104	19	74
104	19	75
104	19	76
104	19	77
104	19	78
104	19	94
104	20	72
104	20	73
104	20	74
104	20	75
104	20	76
104	20	77
104	20	78
104	21	73
104	21	74
104	21	75
104	21	76
104	21	77
104	22	75
104	22	76
105	3	87
105	3	88
105	3	89
105	3	90
105	3	91
105	4	87
105	4	88
105	4	89
105	4	90
105	4	91
105	4	92
105	5	88
105	5	89
105	5	90
105	5	91
105	5	92
105	5	93
105	5	94
105	6	88
105	6	89
105	6	90
105	6	91
105	6	92
105	6	93
105	6	94
105	6	95
105	6	96
105	6	97
105	6	98
105	6	99
105	7	88
105	7	89
105	7	90
105	7	91
105	7	92
105	7	93
105	7	94
105	7	95
105	7	96
105	7	97
105	7	98
105	7	99
105	8	89
105	8	90
105	8	91
105	8	92
105	8	93
105	8	94
105	8	95
105	8	96
105	8	97
105	8	98
105	8	99
105	9	89
105	9	90
105	9	91
105	9	92
105	9	93
105	9	94
105	9	95
105	9	96
105	9	97
105	9	98
105	9	99
105	10	65
105	10	66
105	10	67
105	10	68
105	10	89
105	10	90
105	10	91
105	10	92
105	10	93
105	10	94
105	10	95
105	10	96
105	10	97
105	10	98
105	11	64
105	11	65
105	11	66
105	11	67
105	11	68
105	11	89
105	11	90
105	11	91
105	11	92
105	11	93
105	11	94
105	11	95
105	11	96
105	11	97
105	11	98
105	12	64
105	12	65
105	12	66
105	12	67
105	12	68
105	12	88
105	12	89
105	12	90
105	12	91
105	12	92
105	12	93
105	12	94
105	12	95
105	12	96
105	12	97
105	13	63
105	13	64
105	13	65
105	13	66
105	13	67
105	13	68
105	13	88
105	13	89
105	13	90
105	13	91
105	13	92
105	13	93
105	13	94
105	13	95
105	13	96
105	14	62
105	14	63
105	14	64
105	14	65
105	14	66
105	14	67
105	14	68
105	14	88
105	14	89
105	14	90
105	14	91
105	14	92
105	14	93
105	14	94
105	14	95
105	15	61
105	15	62
105	15	63
105	15	64
105	15	65
105	15	66
105	15	67
105	15	74
105	15	75
105	15	89
105	15	90
105	15	91
105	15	92
105	16	60
105	16	61
105	16	62
105	16	63
105	16	64
105	16	73
105	16	74
105	16	75
105	16	76
105	17	60
105	17	73
105	17	74
105	17	75
105	17	76
105	17	77
105	18	74
105	18	75
105	18	76
105	18	77
106	2	91
106	3	89
106	3	90
106	3	91
106	3	92
106	4	89
106	4	90
106	4	91
106	4	92
106	4	93
106	5	88
106	5	89
106	5	90
106	5	91
106	5	92
106	5	93
106	5	94
106	5	95
106	5	96
106	6	89
106	6	90
106	6	91
106	6	92
106	6	93
106	6	94
106	6	95
106	6	96
106	6	97
106	6	98
106	7	89
106	7	90
106	7	91
106	7	92
106	7	93
106	7	94
106	7	95
106	7	96
106	7	97
106	7	98
106	8	89
106	8	90
106	8	91
106	8	92
106	8	93
106	8	94
106	8	95
106	8	96
106	8	97
106	8	98
106	9	90
106	9	91
106	9	92
106	9	93
106	9	94
106	9	95
106	9	96
106	9	97
106	10	90
106	10	91
106	10	92
106	10	93
106	10	94
106	10	95
106	10	96
106	11	66
106	11	90
106	11	91
106	11	92
106	11	93
106	11	94
106	11	95
106	12	65
106	12	66
106	12	90
106	12	91
106	12	92
106	12	93
106	12	94
106	13	65
106	14	64
107	2	90
107	2	91
107	3	90
107	3	91
107	3	92
107	4	90
107	4	91
107	4	92
107	4	93
107	5	90
107	5	91
107	5	92
107	5	93
107	5	94
107	6	90
107	6	91
107	6	92
107	6	93
107	6	94
107	6	95
107	7	91
107	7	92
107	7	93
107	7	94
107	7	95
107	7	96
107	8	92
107	8	93
107	8	94
107	8	95
107	9	93
107	9	94
