#i	j	k
28	7	91
28	7	92
28	8	91
28	9	91
29	6	92
29	6	93
29	6	94
29	7	90
29	7	91
29	7	92
29	7	93
29	8	89
29	8	90
29	8	91
29	8	92
29	9	90
29	9	91
30	5	91
30	5	92
30	5	93
30	5	94
30	6	90
30	6	91
30	6	92
30	6	93
30	6	94
30	7	87
30	7	88
30	7	89
30	7	90
30	7	91
30	7	92
30	7	93
30	7	94
30	8	84
30	8	85
30	8	86
30	8	87
30	8	88
30	8	89
30	8	90
30	8	91
30	8	92
30	8	93
30	8	94
30	9	89
30	9	90
30	9	91
30	9	92
30	10	90
30	10	91
30	11	90
31	4	91
31	4	92
31	4	93
31	4	94
31	4	95
31	5	89
31	5	90
31	5	91
31	5	92
31	5	93
31	5	94
31	6	88
31	6	89
31	6	90
31	6	91
31	6	92
31	6	93
31	6	94
31	7	83
31	7	84
31	7	85
31	7	86
31	7	87
31	7	88
31	7	89
31	7	90
31	7	91
31	7	92
31	7	93
31	7	94
31	8	84
31	8	85
31	8	86
31	8	87
31	8	88
31	8	89
31	8	90
31	8	91
31	8	92
31	8	93
31	8	94
31	9	87
31	9	88
31	9	89
31	9	90
31	9	91
31	9	92
31	9	93
31	10	88
31	10	89
31	10	90
31	10	91
31	10	92
31	11	89
31	11	90
31	11	91
31	12	89
32	3	92
32	3	93
32	3	94
32	3	95
32	4	89
32	4	90
32	4	91
32	4	92
32	4	93
32	4	94
32	4	95
32	5	87
32	5	88
32	5	89
32	5	90
32	5	91
32	5	92
32	5	93
32	5	94
32	6	82
32	6	83
32	6	84
32	6	85
32	6	86
32	6	87
32	6	88
32	6	89
32	6	90
32	6	91
32	6	92
32	6	93
32	6	94
32	7	83
32	7	84
32	7	85
32	7	86
32	7	87
32	7	88
32	7	89
32	7	90
32	7	91
32	7	92
32	7	93
32	7	94
32	8	83
32	8	84
32	8	85
32	8	86
32	8	87
32	8	88
32	8	89
32	8	90
32	8	91
32	8	92
32	8	93
32	8	94
32	9	85
32	9	86
32	9	87
32	9	88
32	9	89
32	9	90
32	9	91
32	9	92
32	9	93
32	9	94
32	10	87
32	10	88
32	10	89
32	10	90
32	10	91
32	10	92
32	10	93
32	11	87
32	11	88
32	11	89
32	11	90
32	11	91
32	12	88
32	12	89
32	12	90
32	13	87
32	13	88
33	3	91
33	3	92
33	3	93
33	3	94
33	3	95
33	4	85
33	4	86
33	4	87
33	4	88
33	4	89
33	4	90
33	4	91
33	4	92
33	4	93
33	4	94
33	5	82
33	5	83
33	5	84
33	5	85
33	5	86
33	5	87
33	5	88
33	5	89
33	5	90
33	5	91
33	5	92
33	5	93
33	5	94
33	6	82
33	6	83
33	6	84
33	6	85
33	6	86
33	6	87
33	6	88
33	6	89
33	6	90
33	6	91
33	6	92
33	6	93
33	6	94
33	7	82
33	7	83
33	7	84
33	7	85
33	7	86
33	7	87
33	7	88
33	7	89
33	7	90
33	7	91
33	7	92
33	7	93
33	7	94
33	8	83
33	8	84
33	8	85
33	8	86
33	8	87
33	8	88
33	8	89
33	8	90
33	8	91
33	8	92
33	8	93
33	8	94
33	9	83
33	9	84
33	9	85
33	9	86
33	9	87
33	9	88
33	9	89
33	9	90
33	9	91
33	9	92
33	9	93
33	9	94
33	10	85
33	10	86
33	10	87
33	10	88
33	10	89
33	10	90
33	10	91
33	10	92
33	10	93
33	11	85
33	11	86
33	11	87
33	11	88
33	11	89
33	11	90
33	11	91
33	11	92
33	11	93
33	12	85
33	12	86
33	12	87
33	12	88
33	12	89
33	12	90
33	12	91
33	13	87
33	13	88
33	13	89
34	2	82
34	2	83
34	2	84
34	2	85
34	3	82
34	3	83
34	3	84
34	3	85
34	3	86
34	3	87
34	3	88
34	3	89
34	3	90
34	3	91
34	3	92
34	3	93
34	3	94
34	3	95
34	4	82
34	4	83
34	4	84
34	4	85
34	4	86
34	4	87
34	4	88
34	4	89
34	4	90
34	4	91
34	4	92
34	4	93
34	4	94
34	5	82
34	5	83
34	5	84
34	5	85
34	5	86
34	5	87
34	5	88
34	5	89
34	5	90
34	5	91
34	5	92
34	5	93
34	5	94
34	6	82
34	6	83
34	6	84
34	6	85
34	6	86
34	6	87
34	6	88
34	6	89
34	6	90
34	6	91
34	6	92
34	6	93
34	6	94
34	7	82
34	7	83
34	7	84
34	7	85
34	7	86
34	7	87
34	7	88
34	7	89
34	7	90
34	7	91
34	7	92
34	7	93
34	7	94
34	8	82
34	8	83
34	8	84
34	8	85
34	8	86
34	8	87
34	8	88
34	8	89
34	8	90
34	8	91
34	8	92
34	8	93
34	8	94
34	9	83
34	9	84
34	9	85
34	9	86
34	9	87
34	9	88
34	9	89
34	9	90
34	9	91
34	9	92
34	9	93
34	9	94
34	10	83
34	10	84
34	10	85
34	10	86
34	10	87
34	10	88
34	10	89
34	10	90
34	10	91
34	10	92
34	10	93
34	11	83
34	11	84
34	11	85
34	11	86
34	11	87
34	11	88
34	11	89
34	11	90
34	11	91
34	11	92
34	11	93
34	12	85
34	12	86
34	12	87
34	12	88
34	12	89
34	12	90
34	12	91
34	12	92
34	13	86
34	13	87
34	13	88
34	13	89
34	13	90
35	1	82
35	1	83
35	1	84
35	1	85
35	2	82
35	2	83
35	2	84
35	2	85
35	2	86
35	2	87
35	2	88
35	2	89
35	2	90
35	2	91
35	2	92
35	2	93
35	2	94
35	2	95
35	3	82
35	3	83
35	3	84
35	3	85
35	3	86
35	3	87
35	3	88
35	3	89
35	3	90
35	3	91
35	3	92
35	3	93
35	3	94
35	3	95
35	4	82
35	4	83
35	4	84
35	4	85
35	4	86
35	4	87
35	4	88
35	4	89
35	4	90
35	4	91
35	4	92
35	4	93
35	4	94
35	5	82
35	5	83
35	5	84
35	5	85
35	5	86
35	5	87
35	5	88
35	5	89
35	5	90
35	5	91
35	5	92
35	5	93
35	5	94
35	6	82
35	6	83
35	6	84
35	6	85
35	6	86
35	6	87
35	6	88
35	6	89
35	6	90
35	6	91
35	6	92
35	6	93
35	6	94
35	7	82
35	7	83
35	7	84
35	7	85
35	7	86
35	7	87
35	7	88
35	7	89
35	7	90
35	7	91
35	7	92
35	7	93
35	7	94
35	8	82
35	8	83
35	8	84
35	8	85
35	8	86
35	8	87
35	8	88
35	8	89
35	8	90
35	8	91
35	8	92
35	8	93
35	8	94
35	9	82
35	9	83
35	9	84
35	9	85
35	9	86
35	9	87
35	9	88
35	9	89
35	9	90
35	9	91
35	9	92
35	9	93
35	9	94
35	10	83
35	10	84
35	10	85
35	10	86
35	10	87
35	10	88
35	10	89
35	10	90
35	10	91
35	10	92
35	10	93
35	11	84
35	11	85
35	11	86
35	11	87
35	11	88
35	11	89
35	11	90
35	11	91
35	11	92
35	11	93
35	12	84
35	12	85
35	12	86
35	12	87
35	12	88
35	12	89
35	12	90
35	12	91
35	12	92
36	0	84
36	1	82
36	1	83
36	1	84
36	1	85
36	1	86
36	1	87
36	1	88
36	1	89
36	1	94
36	1	95
36	2	82
36	2	83
36	2	84
36	2	85
36	2	86
36	2	87
36	2	88
36	2	89
36	2	90
36	2	91
36	2	92
36	2	93
36	2	94
36	2	95
36	3	82
36	3	83
36	3	84
36	3	85
36	3	86
36	3	87
36	3	88
36	3	89
36	3	90
36	3	91
36	3	92
36	3	93
36	3	94
36	4	82
36	4	83
36	4	84
36	4	85
36	4	86
36	4	87
36	4	88
36	4	89
36	4	90
36	4	91
36	4	92
36	4	93
36	4	94
36	5	81
36	5	82
36	5	83
36	5	84
36	5	85
36	5	86
36	5	87
36	5	88
36	5	89
36	5	90
36	5	91
36	5	92
36	5	93
36	5	94
36	6	81
36	6	82
36	6	83
36	6	84
36	6	85
36	6	86
36	6	87
36	6	88
36	6	89
36	6	90
36	6	91
36	6	92
36	6	93
36	6	94
36	7	81
36	7	82
36	7	83
36	7	84
36	7	85
36	7	86
36	7	87
36	7	88
36	7	89
36	7	90
36	7	91
36	7	92
36	7	93
36	7	94
36	8	82
36	8	83
36	8	84
36	8	85
36	8	86
36	8	87
36	8	88
36	8	89
36	8	90
36	8	91
36	8	92
36	8	93
36	8	94
36	9	82
36	9	83
36	9	84
36	9	85
36	9	86
36	9	87
36	9	88
36	9	89
36	9	90
36	9	91
36	9	92
36	9	93
36	9	94
36	10	83
36	10	84
36	10	85
36	10	86
36	10	87
36	10	88
36	10	89
36	10	90
36	10	91
36	10	92
36	10	93
36	11	84
36	11	85
36	11	86
36	11	87
36	11	88
36	11	89
36	11	90
36	11	91
36	11	92
36	11	93
36	12	92
37	0	83
37	0	84
37	0	85
37	0	86
37	0	87
37	0	95
37	0	96
37	1	82
37	1	83
37	1	84
37	1	85
37	1	86
37	1	87
37	1	88
37	1	89
37	1	90
37	1	91
37	1	92
37	1	93
37	1	94
37	1	95
37	2	82
37	2	83
37	2	84
37	2	85
37	2	86
37	2	87
37	2	88
37	2	89
37	2	90
37	2	91
37	2	92
37	2	93
37	2	94
37	2	95
37	3	82
37	3	83
37	3	84
37	3	85
37	3	86
37	3	87
37	3	88
37	3	89
37	3	90
37	3	91
37	3	92
37	3	93
37	3	94
37	4	82
37	4	83
37	4	84
37	4	85
37	4	86
37	4	87
37	4	88
37	4	89
37	4	90
37	4	91
37	4	92
37	4	93
37	4	94
37	5	81
37	5	82
37	5	83
37	5	84
37	5	85
37	5	86
37	5	87
37	5	88
37	5	89
37	5	90
37	5	91
37	5	92
37	5	93
37	5	94
37	6	81
37	6	82
37	6	83
37	6	84
37	6	85
37	6	86
37	6	87
37	6	88
37	6	89
37	6	90
37	6	91
37	6	92
37	6	93
37	6	94
37	7	81
37	7	82
37	7	83
37	7	84
37	7	85
37	7	86
37	7	87
37	7	88
37	7	89
37	7	90
37	7	91
37	7	92
37	7	93
37	7	94
37	8	81
37	8	82
37	8	83
37	8	84
37	8	85
37	8	86
37	8	87
37	8	88
37	8	89
37	8	90
37	8	91
37	8	92
37	8	93
37	8	94
37	9	82
37	9	83
37	9	84
37	9	85
37	9	86
37	9	87
37	9	88
37	9	89
37	9	90
37	9	91
37	9	92
37	9	93
37	10	83
37	10	84
37	10	85
37	10	86
37	10	87
37	10	88
37	10	89
37	10	90
37	10	91
37	10	92
37	10	93
37	11	91
37	11	92
38	0	83
38	0	84
38	0	85
38	0	86
38	0	87
38	0	88
38	0	89
38	0	93
38	0	94
38	0	95
38	1	82
38	1	83
38	1	84
38	1	85
38	1	86
38	1	87
38	1	88
38	1	89
38	1	90
38	1	91
38	1	92
38	1	93
38	1	94
38	1	95
38	2	82
38	2	83
38	2	84
38	2	85
38	2	86
38	2	87
38	2	88
38	2	89
38	2	90
38	2	91
38	2	92
38	2	93
38	2	94
38	2	95
38	3	82
38	3	83
38	3	84
38	3	85
38	3	86
38	3	87
38	3	88
38	3	89
38	3	90
38	3	91
38	3	92
38	3	93
38	3	94
38	4	81
38	4	82
38	4	83
38	4	84
38	4	85
38	4	86
38	4	87
38	4	88
38	4	89
38	4	90
38	4	91
38	4	92
38	4	93
38	4	94
38	5	81
38	5	82
38	5	83
38	5	84
38	5	85
38	5	86
38	5	87
38	5	88
38	5	89
38	5	90
38	5	91
38	5	92
38	5	93
38	5	94
38	6	81
38	6	82
38	6	83
38	6	84
38	6	85
38	6	86
38	6	87
38	6	88
38	6	89
38	6	90
38	6	91
38	6	92
38	6	93
38	6	94
38	7	81
38	7	82
38	7	83
38	7	84
38	7	85
38	7	86
38	7	87
38	7	88
38	7	89
38	7	90
38	7	91
38	7	92
38	7	93
38	8	81
38	8	82
38	8	83
38	8	84
38	8	85
38	8	86
38	8	87
38	8	88
38	8	89
38	8	90
38	8	91
38	8	92
38	8	93
38	9	83
38	9	84
38	9	85
38	9	86
38	9	87
38	9	88
38	9	89
38	9	90
38	9	91
38	9	92
38	9	93
38	10	90
38	10	91
38	10	93
38	127	96
39	0	83
39	0	84
39	0	85
39	0	86
39	0	87
39	0	88
39	0	89
39	0	90
39	0	91
39	0	92
39	0	93
39	0	94
39	0	95
39	1	82
39	1	83
39	1	84
39	1	85
39	1	86
39	1	87
39	1	88
39	1	89
39	1	90
39	1	91
39	1	92
39	1	93
39	1	94
39	1	95
39	2	82
39	2	83
39	2	84
39	2	85
39	2	86
39	2	87
39	2	88
39	2	89
39	2	90
39	2	91
39	2	92
39	2	93
39	2	94
39	3	82
39	3	83
39	3	84
39	3	85
39	3	86
39	3	87
39	3	88
39	3	89
39	3	90
39	3	91
39	3	92
39	3	93
39	3	94
39	4	82
39	4	83
39	4	84
39	4	85
39	4	86
39	4	87
39	4	88
39	4	89
39	4	90
39	4	91
39	4	92
39	4	93
39	4	94
39	5	82
39	5	83
39	5	84
39	5	85
39	5	86
39	5	87
39	5	88
39	5	89
39	5	90
39	5	91
39	5	92
39	5	93
39	5	94
39	6	80
39	6	82
39	6	83
39	6	84
39	6	85
39	6	86
39	6	87
39	6	88
39	6	89
39	6	90
39	6	91
39	6	92
39	6	93
39	6	94
39	7	82
39	7	83
39	7	84
39	7	85
39	7	86
39	7	87
39	7	88
39	7	89
39	7	90
39	7	91
39	7	92
39	7	93
39	8	82
39	8	83
39	8	84
39	8	85
39	8	86
39	8	87
39	8	88
39	8	89
39	8	90
39	8	91
39	8	92
39	8	93
39	9	92
39	9	93
39	127	87
39	127	88
39	127	89
39	127	94
39	127	95
40	0	83
40	0	84
40	0	85
40	0	86
40	0	87
40	0	88
40	0	89
40	0	90
40	0	91
40	0	92
40	0	93
40	0	94
40	0	95
40	1	83
40	1	84
40	1	85
40	1	86
40	1	87
40	1	88
40	1	89
40	1	90
40	1	91
40	1	92
40	1	93
40	1	94
40	1	95
40	2	83
40	2	84
40	2	85
40	2	86
40	2	87
40	2	88
40	2	89
40	2	90
40	2	91
40	2	92
40	2	93
40	2	94
40	3	83
40	3	84
40	3	85
40	3	86
40	3	87
40	3	88
40	3	89
40	3	90
40	3	91
40	3	92
40	3	93
40	3	94
40	4	83
40	4	84
40	4	85
40	4	86
40	4	87
40	4	88
40	4	89
40	4	90
40	4	91
40	4	92
40	4	93
40	4	94
40	5	83
40	5	84
40	5	85
40	5	86
40	5	87
40	5	88
40	5	89
40	5	90
40	5	91
40	5	92
40	5	93
40	5	94
40	6	83
40	6	84
40	6	85
40	6	86
40	6	87
40	6	88
40	6	89
40	6	90
40	6	91
40	6	92
40	6	93
40	7	82
40	7	83
40	7	84
40	7	85
40	7	86
40	7	87
40	7	88
40	7	91
40	7	92
40	7	93
40	8	82
40	8	83
40	8	91
40	8	92
40	8	93
40	9	93
40	126	89
40	126	90
40	127	86
40	127	87
40	127	88
40	127	89
40	127	90
40	127	91
40	127	92
40	127	93
40	127	94
41	0	85
41	0	86
41	0	87
41	0	88
41	0	89
41	0	90
41	0	91
41	0	92
41	0	93
41	0	94
41	1	84
41	1	85
41	1	86
41	1	87
41	1	88
41	1	89
41	1	90
41	1	91
41	1	92
41	1	93
41	1	94
41	1	95
41	2	84
41	2	85
41	2	86
41	2	87
41	2	88
41	2	89
41	2	90
41	2	91
41	2	92
41	2	93
41	2	94
41	3	84
41	3	85
41	3	86
41	3	87
41	3	88
41	3	89
41	3	90
41	3	91
41	3	92
41	3	93
41	3	94
41	4	84
41	4	85
41	4	86
41	4	87
41	4	88
41	4	89
41	4	90
41	4	91
41	4	92
41	4	93
41	4	94
41	5	84
41	5	85
41	5	86
41	5	87
41	5	88
41	5	89
41	5	90
41	5	91
41	5	92
41	5	93
41	5	94
41	6	83
41	6	84
41	6	85
41	6	86
41	6	87
41	6	92
41	6	93
41	7	83
41	7	84
41	7	92
41	7	93
41	8	82
41	8	92
41	8	93
41	125	90
41	125	91
41	126	90
41	126	91
41	126	92
41	126	93
41	127	91
41	127	92
41	127	93
42	0	91
42	0	92
42	0	93
42	0	94
42	1	88
42	1	89
42	1	90
42	1	91
42	1	92
42	1	93
42	1	94
42	1	95
42	2	85
42	2	86
42	2	87
42	2	88
42	2	89
42	2	90
42	2	91
42	2	92
42	2	93
42	2	94
42	3	85
42	3	86
42	3	87
42	3	88
42	3	89
42	3	90
42	3	91
42	3	92
42	3	93
42	3	94
42	4	85
42	4	86
42	4	87
42	4	88
42	4	89
42	4	90
42	4	91
42	4	92
42	4	93
42	4	94
42	5	84
42	5	85
42	5	86
42	5	87
42	5	88
42	5	93
42	5	94
42	6	84
42	6	93
42	7	83
42	125	91
42	125	92
42	126	92
42	126	93
42	127	91
42	127	92
42	127	93
43	0	91
43	0	92
43	0	93
43	0	94
43	1	90
43	1	91
43	1	92
43	1	93
43	1	94
43	1	95
43	2	89
43	2	90
43	2	91
43	2	92
43	2	93
43	2	94
43	3	89
43	3	90
43	3	91
43	3	92
43	3	93
43	3	94
43	4	88
43	4	89
43	4	94
43	6	84
43	7	83
43	126	92
43	127	92
43	127	93
44	0	91
44	0	94
44	1	90
44	1	91
44	1	94
44	1	95
44	2	90
44	2	91
44	2	92
44	2	93
44	2	94
44	2	95
44	3	90
44	127	92
44	127	93
45	1	95
45	1	96
45	127	92
47	43	86
48	43	86
48	44	86
48	45	86
48	46	86
49	44	86
49	45	86
50	45	85
52	21	74
53	19	75
53	20	74
53	20	75
53	21	75
53	22	75
54	17	74
54	17	75
54	18	74
54	18	75
54	19	74
54	19	75
54	19	76
54	20	74
54	20	75
54	20	76
54	21	75
54	21	76
54	22	76
54	23	76
54	24	77
55	17	74
55	17	75
55	18	74
55	18	75
55	18	76
55	19	74
55	19	75
55	19	76
55	19	77
55	20	74
55	20	75
55	20	76
55	20	77
55	21	73
55	21	74
55	21	75
55	21	76
55	21	77
55	22	76
55	22	77
55	23	77
55	23	78
55	24	78
55	24	79
55	26	82
56	16	75
56	17	74
56	17	75
56	18	74
56	18	75
56	18	76
56	18	77
56	19	74
56	19	75
56	19	76
56	19	77
56	19	78
56	20	73
56	20	74
56	20	75
56	20	76
56	20	77
56	20	78
56	21	73
56	21	74
56	21	75
56	21	76
56	21	77
56	21	78
56	22	73
56	22	74
56	22	75
56	22	76
56	22	77
56	22	78
56	22	79
56	22	80
56	22	81
56	23	77
56	23	78
56	23	79
56	23	80
56	23	81
56	24	81
56	24	82
56	25	81
56	25	82
56	26	81
56	26	82
56	27	81
56	27	82
56	27	83
56	28	81
56	29	81
57	16	75
57	17	74
57	17	75
57	17	76
57	18	74
57	18	75
57	18	76
57	18	77
57	19	73
57	19	74
57	19	75
57	19	76
57	19	77
57	19	78
57	19	79
57	19	80
57	20	73
57	20	74
57	20	75
57	20	76
57	20	77
57	20	78
57	20	79
57	20	80
57	21	73
57	21	74
57	21	75
57	21	76
57	21	77
57	21	78
57	21	79
57	21	80
57	22	73
57	22	74
57	22	75
57	22	76
57	22	77
57	22	78
57	22	79
57	22	80
57	22	81
57	23	73
57	23	74
57	23	75
57	23	76
57	23	77
57	23	78
57	23	79
57	23	80
57	23	81
57	23	82
57	24	80
57	24	81
57	24	82
57	25	80
57	25	81
57	25	82
57	25	83
57	26	80
57	26	81
57	26	82
57	26	83
57	27	80
57	27	81
57	27	82
57	27	83
57	28	80
57	28	81
57	28	82
57	28	83
57	28	84
57	29	81
57	29	82
57	30	82
58	13	75
58	14	75
58	15	75
58	16	75
58	17	74
58	17	75
58	17	76
58	18	74
58	18	75
58	18	76
58	18	77
58	18	78
58	18	79
58	18	80
58	18	81
58	19	73
58	19	74
58	19	75
58	19	76
58	19	77
58	19	78
58	19	79
58	19	80
58	19	81
58	20	73
58	20	74
58	20	75
58	20	76
58	20	77
58	20	78
58	20	79
58	20	80
58	20	81
58	21	73
58	21	74
58	21	75
58	21	76
58	21	77
58	21	78
58	21	79
58	21	80
58	21	81
58	22	72
58	22	73
58	22	74
58	22	75
58	22	76
58	22	77
58	22	78
58	22	79
58	22	80
58	22	81
58	23	73
58	23	74
58	23	75
58	23	76
58	23	77
58	23	78
58	23	79
58	23	80
58	23	81
58	23	82
58	24	74
58	24	75
58	24	76
58	24	77
58	24	78
58	24	79
58	24	80
58	24	81
58	24	82
58	24	83
58	25	79
58	25	80
58	25	81
58	25	82
58	25	83
58	26	79
58	26	80
58	26	81
58	26	82
58	26	83
58	26	84
58	27	79
58	27	80
58	27	81
58	27	82
58	27	83
58	27	84
58	28	80
58	28	81
58	28	82
58	28	83
58	28	84
58	29	81
58	29	82
58	29	83
58	29	84
58	29	85
58	30	82
58	30	83
58	31	83
59	14	75
59	14	76
59	15	75
59	15	76
59	16	74
59	16	75
59	16	76
59	17	74
59	17	75
59	17	76
59	17	77
59	17	78
59	17	79
59	17	80
59	17	81
59	17	82
59	18	74
59	18	75
59	18	76
59	18	77
59	18	78
59	18	79
59	18	80
59	18	81
59	18	82
59	19	73
59	19	74
59	19	75
59	19	76
59	19	77
59	19	78
59	19	79
59	19	80
59	19	81
59	19	82
59	20	73
59	20	74
59	20	75
59	20	76
59	20	77
59	20	78
59	20	79
59	20	80
59	20	81
59	20	82
59	21	72
59	21	73
59	21	74
59	21	75
59	21	76
59	21	77
59	21	78
59	21	79
59	21	80
59	21	81
59	21	82
59	22	72
59	22	73
59	22	74
59	22	75
59	22	76
59	22	77
59	22	78
59	22	79
59	22	80
59	22	81
59	22	82
59	23	73
59	23	74
59	23	75
59	23	76
59	23	77
59	23	78
59	23	79
59	23	80
59	23	81
59	23	82
59	24	74
59	24	75
59	24	76
59	24	77
59	24	78
59	24	79
59	24	80
59	24	81
59	24	82
59	24	83
59	25	74
59	25	75
59	25	76
59	25	77
59	25	78
59	25	79
59	25	80
59	25	81
59	25	82
59	25	83
59	25	84
59	26	78
59	26	79
59	26	80
59	26	81
59	26	82
59	26	83
59	26	84
59	27	79
59	27	80
59	27	81
59	27	82
59	27	83
59	27	84
59	27	85
59	28	80
59	28	81
59	28	82
59	28	83
59	28	84
59	28	85
59	29	81
59	29	82
59	29	83
59	29	84
59	29	85
59	30	82
59	30	83
59	30	84
59	31	83
59	31	84
59	32	84
60	15	74
60	15	75
60	15	76
60	15	77
60	16	74
60	16	75
60	16	76
60	16	77
60	16	78
60	16	79
60	16	80
60	16	81
60	16	82
60	16	83
60	17	74
60	17	75
60	17	76
60	17	77
60	17	78
60	17	79
60	17	80
60	17	81
60	17	82
60	17	83
60	18	74
60	18	75
60	18	76
60	18	77
60	18	78
60	18	79
60	18	80
60	18	81
60	18	82
60	18	83
60	19	73
60	19	74
60	19	75
60	19	76
60	19	77
60	19	78
60	19	79
60	19	80
60	19	81
60	19	82
60	19	83
60	20	73
60	20	74
60	20	75
60	20	76
60	20	77
60	20	78
60	20	79
60	20	80
60	20	81
60	20	82
60	20	83
60	21	72
60	21	73
60	21	74
60	21	75
60	21	76
60	21	77
60	21	78
60	21	79
60	21	80
60	21	81
60	21	82
60	21	83
60	22	72
60	22	73
60	22	74
60	22	75
60	22	76
60	22	77
60	22	78
60	22	79
60	22	80
60	22	81
60	22	82
60	22	83
60	23	73
60	23	74
60	23	75
60	23	76
60	23	77
60	23	78
60	23	79
60	23	80
60	23	81
60	23	82
60	23	83
60	24	73
60	24	74
60	24	75
60	24	76
60	24	77
60	24	78
60	24	79
60	24	80
60	24	81
60	24	82
60	24	83
60	25	74
60	25	75
60	25	76
60	25	77
60	25	78
60	25	79
60	25	80
60	25	81
60	25	82
60	25	83
60	25	84
60	26	78
60	26	79
60	26	80
60	26	81
60	26	82
60	26	83
60	26	84
60	26	85
60	27	79
60	27	80
60	27	81
60	27	82
60	27	83
60	27	84
60	27	85
60	28	80
60	28	81
60	28	82
60	28	83
60	28	84
60	28	85
60	29	81
60	29	82
60	29	83
60	29	84
60	29	85
60	30	82
60	30	83
60	30	84
60	31	83
60	31	84
60	32	84
61	15	79
61	15	80
61	15	81
61	15	82
61	15	83
61	15	84
61	16	75
61	16	76
61	16	77
61	16	78
61	16	79
61	16	80
61	16	81
61	16	82
61	16	83
61	16	84
61	17	75
61	17	76
61	17	77
61	17	78
61	17	79
61	17	80
61	17	81
61	17	82
61	17	83
61	17	84
61	18	74
61	18	75
61	18	76
61	18	77
61	18	78
61	18	79
61	18	80
61	18	81
61	18	82
61	18	83
61	18	84
61	19	74
61	19	75
61	19	76
61	19	77
61	19	78
61	19	79
61	19	80
61	19	81
61	19	82
61	19	83
61	19	84
61	20	73
61	20	74
61	20	75
61	20	76
61	20	77
61	20	78
61	20	79
61	20	80
61	20	81
61	20	82
61	20	83
61	20	84
61	21	72
61	21	73
61	21	74
61	21	75
61	21	76
61	21	77
61	21	78
61	21	79
61	21	80
61	21	81
61	21	82
61	21	83
61	21	84
61	22	72
61	22	73
61	22	74
61	22	75
61	22	76
61	22	77
61	22	78
61	22	79
61	22	80
61	22	81
61	22	82
61	22	83
61	22	84
61	23	72
61	23	73
61	23	74
61	23	75
61	23	76
61	23	77
61	23	78
61	23	79
61	23	80
61	23	81
61	23	82
61	23	83
61	23	84
61	24	72
61	24	73
61	24	74
61	24	75
61	24	76
61	24	77
61	24	78
61	24	79
61	24	80
61	24	81
61	24	82
61	24	83
61	24	84
61	25	72
61	25	73
61	25	74
61	25	75
61	25	76
61	25	77
61	25	78
61	25	79
61	25	80
61	25	81
61	25	82
61	25	83
61	25	84
61	26	75
61	26	76
61	26	77
61	26	78
61	26	79
61	26	80
61	26	81
61	26	82
61	26	83
61	26	84
61	26	85
61	27	79
61	27	80
61	27	81
61	27	82
61	27	83
61	27	84
61	27	85
61	27	86
61	28	80
61	28	81
61	28	82
61	28	83
61	28	84
61	28	85
61	29	81
61	29	82
61	29	83
61	29	84
61	29	85
61	30	82
61	30	83
61	30	84
61	31	83
61	31	84
61	32	84
62	14	81
62	14	82
62	14	83
62	14	84
62	14	85
62	15	81
62	15	82
62	15	83
62	15	84
62	15	85
62	16	81
62	16	82
62	16	83
62	16	84
62	16	85
62	17	75
62	17	76
62	17	77
62	17	78
62	17	79
62	17	80
62	17	81
62	17	82
62	17	83
62	17	84
62	17	85
62	18	75
62	18	76
62	18	77
62	18	78
62	18	79
62	18	80
62	18	81
62	18	82
62	18	83
62	18	84
62	18	85
62	19	74
62	19	75
62	19	76
62	19	77
62	19	78
62	19	79
62	19	80
62	19	81
62	19	82
62	19	83
62	19	84
62	19	85
62	20	73
62	20	74
62	20	75
62	20	76
62	20	77
62	20	78
62	20	79
62	20	80
62	20	81
62	20	82
62	20	83
62	20	84
62	20	85
62	21	72
62	21	73
62	21	74
62	21	75
62	21	76
62	21	77
62	21	78
62	21	79
62	21	80
62	21	81
62	21	82
62	21	83
62	21	84
62	21	85
62	22	72
62	22	73
62	22	74
62	22	75
62	22	76
62	22	77
62	22	78
62	22	79
62	22	80
62	22	81
62	22	82
62	22	83
62	22	84
62	22	85
62	23	73
62	23	74
62	23	75
62	23	76
62	23	77
62	23	78
62	23	79
62	23	80
62	23	81
62	23	82
62	23	83
62	23	84
62	23	85
62	24	73
62	24	74
62	24	75
62	24	76
62	24	77
62	24	78
62	24	79
62	24	80
62	24	81
62	24	82
62	24	83
62	24	84
62	24	85
62	25	73
62	25	74
62	25	75
62	25	76
62	25	77
62	25	78
62	25	79
62	25	80
62	25	81
62	25	82
62	25	83
62	25	84
62	25	85
62	26	73
62	26	74
62	26	75
62	26	76
62	26	77
62	26	78
62	26	79
62	26	80
62	26	81
62	26	82
62	26	83
62	26	84
62	26	85
62	27	74
62	27	75
62	27	76
62	27	77
62	27	78
62	27	79
62	27	80
62	27	81
62	27	82
62	27	83
62	27	84
62	27	85
62	27	86
62	28	80
62	28	81
62	28	82
62	28	83
62	28	84
62	28	85
62	29	81
62	29	82
62	29	83
62	29	84
62	29	85
62	30	82
62	30	83
62	30	84
62	30	85
62	31	83
62	31	84
62	32	84
62	43	98
62	44	98
62	44	99
62	44	100
63	13	82
63	13	83
63	13	84
63	13	85
63	13	86
63	14	82
63	14	83
63	14	84
63	14	85
63	14	86
63	15	82
63	15	83
63	15	84
63	15	85
63	15	86
63	16	81
63	16	82
63	16	83
63	16	84
63	16	85
63	16	86
63	17	80
63	17	81
63	17	82
63	17	83
63	17	84
63	17	85
63	17	86
63	18	76
63	18	77
63	18	78
63	18	79
63	18	80
63	18	81
63	18	82
63	18	83
63	18	84
63	18	85
63	18	86
63	19	75
63	19	76
63	19	77
63	19	78
63	19	79
63	19	80
63	19	81
63	19	82
63	19	83
63	19	84
63	19	85
63	19	86
63	20	73
63	20	74
63	20	75
63	20	76
63	20	77
63	20	78
63	20	79
63	20	80
63	20	81
63	20	82
63	20	83
63	20	84
63	20	85
63	20	86
63	21	72
63	21	73
63	21	74
63	21	75
63	21	76
63	21	77
63	21	78
63	21	79
63	21	80
63	21	81
63	21	82
63	21	83
63	21	84
63	21	85
63	21	86
63	22	73
63	22	74
63	22	75
63	22	76
63	22	77
63	22	78
63	22	79
63	22	80
63	22	81
63	22	82
63	22	83
63	22	84
63	22	85
63	22	86
63	23	73
63	23	74
63	23	75
63	23	76
63	23	77
63	23	78
63	23	79
63	23	80
63	23	81
63	23	82
63	23	83
63	23	84
63	23	85
63	23	86
63	24	73
63	24	74
63	24	75
63	24	76
63	24	77
63	24	78
63	24	79
63	24	80
63	24	81
63	24	82
63	24	83
63	24	84
63	24	85
63	24	86
63	25	73
63	25	74
63	25	75
63	25	76
63	25	77
63	25	78
63	25	79
63	25	80
63	25	81
63	25	82
63	25	83
63	25	84
63	25	85
63	25	86
63	26	73
63	26	74
63	26	75
63	26	76
63	26	77
63	26	78
63	26	79
63	26	80
63	26	81
63	26	82
63	26	83
63	26	84
63	26	85
63	26	86
63	27	73
63	27	74
63	27	75
63	27	76
63	27	77
63	27	78
63	27	79
63	27	80
63	27	81
63	27	82
63	27	83
63	27	84
63	27	85
63	27	86
63	28	73
63	28	74
63	28	75
63	28	76
63	28	77
63	28	78
63	28	79
63	28	80
63	28	81
63	28	82
63	28	83
63	28	84
63	28	85
63	29	82
63	29	83
63	29	84
63	29	85
63	30	82
63	30	83
63	30	84
63	30	85
63	31	83
63	31	84
63	32	84
63	41	100
63	41	101
63	41	102
63	42	97
63	42	98
63	42	99
63	42	100
63	42	101
63	43	97
63	43	98
63	43	99
63	43	100
63	43	101
63	44	96
63	44	97
63	44	98
63	44	99
63	44	100
63	45	97
63	45	98
63	45	99
63	45	100
63	46	104
64	12	83
64	12	84
64	12	85
64	12	86
64	12	87
64	13	84
64	13	85
64	13	86
64	13	87
64	14	83
64	14	84
64	14	85
64	14	86
64	14	87
64	15	82
64	15	83
64	15	84
64	15	85
64	15	86
64	15	87
64	16	81
64	16	82
64	16	83
64	16	84
64	16	85
64	16	86
64	16	87
64	17	80
64	17	81
64	17	82
64	17	83
64	17	84
64	17	85
64	17	86
64	17	87
64	18	79
64	18	80
64	18	81
64	18	82
64	18	83
64	18	84
64	18	85
64	18	86
64	18	87
64	19	75
64	19	76
64	19	77
64	19	78
64	19	79
64	19	80
64	19	81
64	19	82
64	19	83
64	19	84
64	19	85
64	19	86
64	19	87
64	20	74
64	20	75
64	20	76
64	20	77
64	20	78
64	20	79
64	20	80
64	20	81
64	20	82
64	20	83
64	20	84
64	20	85
64	20	86
64	20	87
64	21	73
64	21	74
64	21	75
64	21	76
64	21	77
64	21	78
64	21	79
64	21	80
64	21	81
64	21	82
64	21	83
64	21	84
64	21	85
64	21	86
64	21	87
64	22	73
64	22	74
64	22	75
64	22	76
64	22	77
64	22	78
64	22	79
64	22	80
64	22	81
64	22	82
64	22	83
64	22	84
64	22	85
64	22	86
64	22	87
64	23	73
64	23	74
64	23	75
64	23	76
64	23	77
64	23	78
64	23	79
64	23	80
64	23	81
64	23	82
64	23	83
64	23	84
64	23	85
64	23	86
64	23	87
64	24	73
64	24	74
64	24	75
64	24	76
64	24	77
64	24	78
64	24	79
64	24	80
64	24	81
64	24	82
64	24	83
64	24	84
64	24	85
64	24	86
64	25	73
64	25	74
64	25	75
64	25	76
64	25	77
64	25	78
64	25	79
64	25	80
64	25	81
64	25	82
64	25	83
64	25	84
64	25	85
64	25	86
64	26	72
64	26	73
64	26	74
64	26	75
64	26	76
64	26	77
64	26	78
64	26	79
64	26	80
64	26	81
64	26	82
64	26	83
64	26	84
64	26	85
64	26	86
64	27	72
64	27	73
64	27	74
64	27	75
64	27	76
64	27	77
64	27	78
64	27	79
64	27	80
64	27	81
64	27	82
64	27	83
64	27	84
64	27	85
64	27	86
64	28	73
64	28	74
64	28	75
64	28	76
64	28	77
64	28	78
64	28	79
64	28	80
64	28	82
64	28	83
64	28	84
64	28	85
64	29	73
64	29	74
64	29	75
64	29	76
64	29	77
64	29	83
64	29	84
64	29	85
64	30	83
64	30	84
64	30	85
64	31	83
64	31	84
64	31	85
64	40	98
64	40	99
64	40	100
64	40	101
64	40	102
64	41	97
64	41	98
64	41	99
64	41	100
64	41	101
64	41	102
64	42	97
64	42	98
64	42	99
64	42	100
64	42	101
64	42	102
64	43	96
64	43	97
64	43	98
64	43	99
64	43	100
64	43	101
64	44	95
64	44	96
64	44	97
64	44	98
64	44	99
64	44	100
64	44	101
64	45	96
64	45	97
64	45	98
64	45	99
64	45	100
64	45	101
64	45	102
64	45	103
64	45	104
64	46	97
64	46	98
64	46	99
64	46	100
64	46	101
64	46	102
64	46	103
64	46	104
64	47	105
65	11	84
65	11	85
65	11	86
65	11	87
65	11	88
65	12	85
65	12	86
65	12	87
65	12	88
65	13	84
65	13	85
65	13	86
65	13	87
65	13	88
65	14	83
65	14	84
65	14	85
65	14	86
65	14	87
65	14	88
65	15	82
65	15	83
65	15	84
65	15	85
65	15	86
65	15	87
65	15	88
65	16	81
65	16	82
65	16	83
65	16	84
65	16	85
65	16	86
65	16	87
65	16	88
65	17	80
65	17	81
65	17	82
65	17	83
65	17	84
65	17	85
65	17	86
65	17	87
65	17	88
65	18	79
65	18	80
65	18	81
65	18	82
65	18	83
65	18	84
65	18	85
65	18	86
65	18	87
65	19	76
65	19	77
65	19	78
65	19	79
65	19	80
65	19	81
65	19	82
65	19	83
65	19	84
65	19	85
65	19	86
65	19	87
65	20	74
65	20	75
65	20	76
65	20	77
65	20	78
65	20	79
65	20	80
65	20	81
65	20	82
65	20	83
65	20	84
65	20	85
65	20	86
65	20	87
65	21	74
65	21	75
65	21	76
65	21	77
65	21	78
65	21	79
65	21	80
65	21	81
65	21	82
65	21	83
65	21	84
65	21	85
65	21	86
65	21	87
65	22	74
65	22	75
65	22	76
65	22	77
65	22	78
65	22	79
65	22	80
65	22	81
65	22	82
65	22	83
65	22	84
65	22	85
65	22	86
65	22	87
65	23	73
65	23	74
65	23	75
65	23	76
65	23	77
65	23	78
65	23	79
65	23	80
65	23	81
65	23	82
65	23	83
65	23	84
65	23	85
65	23	86
65	24	73
65	24	74
65	24	75
65	24	76
65	24	77
65	24	78
65	24	79
65	24	80
65	24	81
65	24	82
65	24	83
65	24	84
65	24	85
65	24	86
65	25	72
65	25	73
65	25	74
65	25	75
65	25	76
65	25	77
65	25	78
65	25	79
65	25	80
65	25	81
65	25	82
65	25	83
65	25	84
65	25	85
65	25	86
65	26	73
65	26	74
65	26	75
65	26	76
65	26	77
65	26	78
65	26	79
65	26	80
65	26	81
65	26	82
65	26	83
65	26	84
65	26	85
65	26	86
65	27	73
65	27	74
65	27	75
65	27	76
65	27	77
65	27	78
65	27	79
65	27	80
65	27	81
65	27	82
65	27	83
65	27	84
65	27	85
65	28	73
65	28	74
65	28	75
65	28	76
65	28	77
65	28	83
65	28	84
65	28	85
65	29	74
65	29	75
65	29	76
65	29	83
65	29	84
65	29	85
65	30	74
65	30	75
65	30	84
65	30	85
65	39	98
65	39	99
65	39	100
65	39	101
65	39	102
65	39	103
65	40	97
65	40	98
65	40	99
65	40	100
65	40	101
65	40	102
65	41	96
65	41	97
65	41	98
65	41	99
65	41	100
65	41	101
65	41	102
65	42	95
65	42	96
65	42	97
65	42	98
65	42	99
65	42	100
65	42	101
65	42	102
65	43	94
65	43	95
65	43	96
65	43	97
65	43	98
65	43	99
65	43	100
65	43	101
65	43	102
65	44	94
65	44	95
65	44	96
65	44	97
65	44	98
65	44	99
65	44	100
65	44	101
65	44	102
65	44	103
65	45	94
65	45	95
65	45	96
65	45	97
65	45	98
65	45	99
65	45	100
65	45	101
65	45	102
65	45	103
65	45	104
65	46	96
65	46	97
65	46	98
65	46	99
65	46	100
65	46	101
65	46	102
65	46	103
65	46	104
65	46	105
65	47	98
65	47	101
65	47	102
65	47	103
65	47	104
65	47	105
65	48	104
66	10	85
66	10	86
66	10	87
66	11	86
66	11	87
66	11	88
66	12	85
66	12	86
66	12	87
66	12	88
66	13	84
66	13	85
66	13	86
66	13	87
66	13	88
66	14	83
66	14	84
66	14	85
66	14	86
66	14	87
66	14	88
66	15	82
66	15	83
66	15	84
66	15	85
66	15	86
66	15	87
66	15	88
66	16	81
66	16	82
66	16	83
66	16	84
66	16	85
66	16	86
66	16	87
66	16	88
66	17	80
66	17	81
66	17	82
66	17	83
66	17	84
66	17	85
66	17	86
66	17	87
66	17	88
66	18	80
66	18	81
66	18	82
66	18	83
66	18	84
66	18	85
66	18	86
66	18	87
66	19	80
66	19	81
66	19	82
66	19	83
66	19	84
66	19	85
66	19	86
66	19	87
66	20	75
66	20	76
66	20	77
66	20	78
66	20	79
66	20	80
66	20	81
66	20	82
66	20	83
66	20	84
66	20	85
66	20	86
66	20	87
66	21	74
66	21	75
66	21	76
66	21	77
66	21	78
66	21	79
66	21	80
66	21	81
66	21	82
66	21	83
66	21	84
66	21	85
66	21	86
66	21	87
66	22	74
66	22	75
66	22	76
66	22	77
66	22	78
66	22	79
66	22	80
66	22	81
66	22	82
66	22	83
66	22	84
66	22	85
66	22	86
66	23	73
66	23	74
66	23	75
66	23	76
66	23	77
66	23	78
66	23	79
66	23	80
66	23	81
66	23	82
66	23	83
66	23	84
66	23	85
66	23	86
66	24	73
66	24	74
66	24	75
66	24	76
66	24	77
66	24	78
66	24	79
66	24	80
66	24	81
66	24	82
66	24	83
66	24	84
66	24	85
66	24	86
66	25	73
66	25	74
66	25	75
66	25	76
66	25	77
66	25	78
66	25	79
66	25	80
66	25	81
66	25	82
66	25	83
66	25	84
66	25	85
66	25	86
66	26	73
66	26	74
66	26	75
66	26	76
66	26	77
66	26	78
66	26	79
66	26	80
66	26	81
66	26	82
66	26	83
66	26	84
66	26	85
66	27	74
66	27	75
66	27	76
66	27	77
66	27	83
66	27	84
66	27	85
66	28	74
66	28	75
66	28	76
66	28	84
66	28	85
66	29	74
66	29	75
66	29	84
66	29	85
66	30	85
66	35	98
66	36	97
66	37	97
66	37	98
66	37	99
66	38	97
66	38	98
66	38	99
66	38	100
66	38	101
66	38	102
66	38	103
66	39	97
66	39	98
66	39	99
66	39	100
66	39	101
66	39	102
66	40	96
66	40	97
66	40	98
66	40	99
66	40	100
66	40	101
66	40	102
66	41	95
66	41	96
66	41	97
66	41	98
66	41	99
66	41	100
66	41	101
66	41	102
66	42	94
66	42	95
66	42	96
66	42	97
66	42	98
66	42	99
66	42	100
66	42	101
66	42	102
66	43	93
66	43	94
66	43	95
66	43	96
66	43	97
66	43	98
66	43	99
66	43	100
66	43	101
66	43	102
66	44	93
66	44	94
66	44	95
66	44	96
66	44	97
66	44	98
66	44	99
66	44	100
66	44	101
66	44	102
66	44	103
66	45	93
66	45	94
66	45	95
66	45	96
66	45	97
66	45	98
66	45	99
66	45	100
66	45	101
66	45	102
66	45	103
66	45	104
66	46	95
66	46	96
66	46	97
66	46	98
66	46	99
66	46	100
66	46	101
66	46	102
66	46	103
66	46	104
66	46	105
66	47	97
66	47	98
66	47	101
66	47	102
66	47	103
66	47	104
66	47	105
66	47	106
66	48	97
66	48	104
66	48	105
66	49	104
66	51	89
66	51	90
66	51	91
67	9	86
67	9	87
67	10	87
67	11	86
67	11	87
67	11	88
67	12	85
67	12	86
67	12	87
67	12	88
67	13	84
67	13	85
67	13	86
67	13	87
67	13	88
67	14	83
67	14	84
67	14	85
67	14	86
67	14	87
67	14	88
67	15	82
67	15	83
67	15	84
67	15	85
67	15	86
67	15	87
67	15	88
67	16	81
67	16	82
67	16	83
67	16	84
67	16	85
67	16	86
67	16	87
67	16	88
67	17	81
67	17	82
67	17	83
67	17	84
67	17	85
67	17	86
67	17	87
67	17	88
67	18	81
67	18	82
67	18	83
67	18	84
67	18	85
67	18	86
67	18	87
67	19	81
67	19	82
67	19	83
67	19	84
67	19	85
67	19	86
67	19	87
67	20	81
67	20	82
67	20	83
67	20	84
67	20	85
67	20	86
67	20	87
67	21	73
67	21	74
67	21	75
67	21	76
67	21	77
67	21	78
67	21	79
67	21	80
67	21	81
67	21	82
67	21	83
67	21	84
67	21	85
67	21	86
67	22	73
67	22	74
67	22	75
67	22	76
67	22	77
67	22	78
67	22	79
67	22	80
67	22	81
67	22	82
67	22	83
67	22	84
67	22	85
67	22	86
67	23	73
67	23	74
67	23	75
67	23	76
67	23	77
67	23	78
67	23	79
67	23	80
67	23	81
67	23	82
67	23	83
67	23	84
67	23	85
67	24	74
67	24	75
67	24	76
67	24	77
67	24	78
67	24	79
67	24	80
67	24	81
67	24	82
67	24	83
67	24	84
67	24	85
67	25	74
67	25	75
67	25	76
67	25	77
67	25	78
67	25	79
67	25	80
67	25	81
67	25	82
67	25	83
67	25	84
67	25	85
67	26	74
67	26	75
67	26	76
67	26	77
67	26	78
67	26	83
67	26	84
67	26	85
67	27	74
67	27	75
67	27	84
67	27	85
67	28	84
67	28	85
67	29	85
67	33	98
67	33	99
67	33	100
67	33	101
67	33	102
67	33	103
67	34	98
67	34	99
67	34	100
67	34	101
67	34	102
67	34	103
67	34	104
67	34	105
67	34	106
67	35	98
67	35	99
67	35	100
67	35	101
67	35	102
67	35	103
67	35	104
67	35	105
67	36	97
67	36	98
67	36	99
67	36	100
67	36	101
67	36	102
67	36	103
67	37	96
67	37	97
67	37	98
67	37	99
67	37	100
67	37	101
67	37	102
67	38	96
67	38	97
67	38	98
67	38	99
67	38	100
67	38	101
67	38	102
67	39	96
67	39	97
67	39	98
67	39	99
67	39	100
67	39	101
67	39	102
67	40	95
67	40	96
67	40	97
67	40	98
67	40	99
67	40	100
67	40	101
67	40	102
67	41	94
67	41	95
67	41	96
67	41	97
67	41	98
67	41	99
67	41	100
67	41	101
67	41	102
67	42	93
67	42	94
67	42	95
67	42	96
67	42	97
67	42	98
67	42	99
67	42	100
67	42	101
67	42	102
67	43	93
67	43	94
67	43	95
67	43	96
67	43	97
67	43	98
67	43	99
67	43	100
67	43	101
67	43	102
67	44	92
67	44	93
67	44	94
67	44	95
67	44	96
67	44	97
67	44	98
67	44	99
67	44	100
67	44	101
67	44	102
67	44	103
67	45	92
67	45	93
67	45	94
67	45	95
67	45	96
67	45	97
67	45	98
67	45	99
67	45	100
67	45	101
67	45	102
67	45	103
67	45	104
67	46	92
67	46	93
67	46	94
67	46	95
67	46	96
67	46	97
67	46	98
67	46	99
67	46	100
67	46	101
67	46	102
67	46	103
67	46	104
67	46	105
67	47	96
67	47	97
67	47	98
67	47	99
67	47	100
67	47	101
67	47	102
67	47	103
67	47	104
67	47	105
67	47	106
67	48	97
67	48	98
67	48	104
67	48	105
67	49	97
67	49	104
67	50	89
67	50	90
67	50	91
67	50	92
67	50	93
67	50	94
67	50	95
67	51	88
67	51	89
67	51	90
67	51	91
67	51	92
67	52	90
67	52	91
67	52	92
68	10	87
68	10	88
68	11	86
68	11	87
68	11	88
68	12	85
68	12	86
68	12	87
68	12	88
68	12	89
68	13	84
68	13	85
68	13	86
68	13	87
68	13	88
68	13	89
68	14	83
68	14	84
68	14	85
68	14	86
68	14	87
68	14	88
68	14	89
68	15	82
68	15	83
68	15	84
68	15	85
68	15	86
68	15	87
68	15	88
68	16	82
68	16	83
68	16	84
68	16	85
68	16	86
68	16	87
68	16	88
68	17	82
68	17	83
68	17	84
68	17	85
68	17	86
68	17	87
68	17	88
68	18	82
68	18	83
68	18	84
68	18	85
68	18	86
68	18	87
68	19	82
68	19	83
68	19	84
68	19	85
68	19	86
68	19	87
68	20	72
68	20	73
68	20	82
68	20	83
68	20	84
68	20	85
68	20	86
68	21	73
68	21	74
68	21	82
68	21	83
68	21	84
68	21	85
68	21	86
68	22	74
68	22	75
68	22	76
68	22	77
68	22	78
68	22	79
68	22	80
68	22	81
68	22	82
68	22	83
68	22	84
68	22	85
68	23	74
68	23	75
68	23	76
68	23	77
68	23	78
68	23	79
68	23	80
68	23	81
68	23	82
68	23	83
68	23	84
68	23	85
68	24	74
68	24	75
68	24	76
68	24	77
68	24	78
68	24	79
68	24	80
68	24	81
68	24	82
68	24	83
68	24	84
68	24	85
68	25	75
68	25	76
68	25	77
68	25	78
68	25	79
68	25	80
68	25	81
68	25	82
68	25	83
68	25	84
68	25	85
68	26	85
68	27	85
68	28	85
68	29	85
68	32	97
68	32	98
68	32	99
68	32	100
68	32	101
68	32	102
68	32	103
68	32	104
68	33	97
68	33	98
68	33	99
68	33	100
68	33	101
68	33	102
68	33	103
68	33	104
68	33	105
68	33	106
68	33	107
68	34	97
68	34	98
68	34	99
68	34	100
68	34	101
68	34	102
68	34	103
68	34	104
68	34	105
68	34	106
68	35	97
68	35	98
68	35	99
68	35	100
68	35	101
68	35	102
68	35	103
68	35	104
68	35	105
68	36	97
68	36	98
68	36	99
68	36	100
68	36	101
68	36	102
68	36	103
68	36	104
68	37	96
68	37	97
68	37	98
68	37	99
68	37	100
68	37	101
68	37	102
68	37	103
68	38	95
68	38	96
68	38	97
68	38	98
68	38	99
68	38	100
68	38	101
68	38	102
68	39	95
68	39	96
68	39	97
68	39	98
68	39	99
68	39	100
68	39	101
68	39	102
68	40	94
68	40	95
68	40	96
68	40	97
68	40	98
68	40	99
68	40	100
68	40	101
68	40	102
68	41	94
68	41	95
68	41	96
68	41	97
68	41	98
68	41	99
68	41	100
68	41	101
68	41	102
68	42	93
68	42	94
68	42	95
68	42	96
68	42	97
68	42	98
68	42	99
68	42	100
68	42	101
68	42	102
68	43	92
68	43	93
68	43	94
68	43	95
68	43	96
68	43	97
68	43	98
68	43	99
68	43	100
68	43	101
68	43	102
68	44	92
68	44	93
68	44	94
68	44	95
68	44	96
68	44	97
68	44	98
68	44	99
68	44	100
68	44	101
68	44	102
68	44	103
68	45	91
68	45	92
68	45	93
68	45	94
68	45	95
68	45	96
68	45	97
68	45	98
68	45	99
68	45	100
68	45	101
68	45	102
68	45	103
68	45	104
68	46	91
68	46	92
68	46	93
68	46	94
68	46	95
68	46	96
68	46	97
68	46	98
68	46	99
68	46	100
68	46	101
68	46	102
68	46	103
68	46	104
68	46	105
68	47	91
68	47	92
68	47	93
68	47	94
68	47	95
68	47	96
68	47	97
68	47	98
68	47	99
68	47	100
68	47	101
68	47	102
68	47	103
68	47	104
68	47	105
68	47	106
68	48	96
68	48	97
68	48	98
68	48	99
68	48	103
68	48	104
68	48	105
68	49	95
68	49	96
68	49	97
68	49	98
68	49	104
68	50	88
68	50	89
68	50	90
68	50	91
68	50	92
68	50	93
68	50	94
68	50	95
68	51	88
68	51	89
68	51	90
68	51	91
68	51	92
68	51	93
68	51	94
68	52	89
68	52	90
68	52	91
68	52	92
68	52	93
68	53	91
68	53	92
68	53	93
69	10	87
69	10	88
69	10	89
69	11	86
69	11	87
69	11	88
69	11	89
69	11	90
69	12	85
69	12	86
69	12	87
69	12	88
69	12	89
69	13	84
69	13	85
69	13	86
69	13	87
69	13	88
69	13	89
69	14	83
69	14	84
69	14	85
69	14	86
69	14	87
69	14	88
69	14	89
69	15	83
69	15	84
69	15	85
69	15	86
69	15	87
69	15	88
69	15	89
69	16	83
69	16	84
69	16	85
69	16	86
69	16	87
69	16	88
69	17	83
69	17	84
69	17	85
69	17	86
69	17	87
69	17	88
69	18	73
69	18	83
69	18	84
69	18	85
69	18	86
69	18	87
69	19	72
69	19	73
69	19	83
69	19	84
69	19	85
69	19	86
69	19	87
69	20	73
69	20	74
69	20	83
69	20	84
69	20	85
69	20	86
69	21	73
69	21	74
69	21	75
69	21	83
69	21	84
69	21	85
69	21	86
69	22	74
69	22	75
69	22	76
69	22	83
69	22	84
69	22	85
69	23	75
69	23	76
69	23	77
69	23	78
69	23	79
69	23	80
69	23	81
69	23	82
69	23	83
69	23	84
69	23	85
69	24	75
69	24	76
69	24	77
69	24	78
69	24	79
69	24	80
69	24	81
69	24	82
69	24	83
69	24	84
69	24	85
69	25	80
69	25	81
69	25	82
69	25	83
69	25	84
69	31	96
69	31	97
69	31	98
69	31	99
69	31	100
69	31	101
69	31	102
69	31	103
69	31	104
69	31	105
69	32	96
69	32	97
69	32	98
69	32	99
69	32	100
69	32	101
69	32	102
69	32	103
69	32	104
69	32	105
69	32	106
69	32	107
69	32	108
69	33	96
69	33	97
69	33	98
69	33	99
69	33	100
69	33	101
69	33	102
69	33	103
69	33	104
69	33	105
69	33	106
69	33	107
69	34	96
69	34	97
69	34	98
69	34	99
69	34	100
69	34	101
69	34	102
69	34	103
69	34	104
69	34	105
69	34	106
69	35	96
69	35	97
69	35	98
69	35	99
69	35	100
69	35	101
69	35	102
69	35	103
69	35	104
69	35	105
69	36	96
69	36	97
69	36	98
69	36	99
69	36	100
69	36	101
69	36	102
69	36	103
69	36	104
69	37	96
69	37	97
69	37	98
69	37	99
69	37	100
69	37	101
69	37	102
69	37	103
69	38	95
69	38	96
69	38	97
69	38	98
69	38	99
69	38	100
69	38	101
69	38	102
69	39	94
69	39	95
69	39	96
69	39	97
69	39	98
69	39	99
69	39	100
69	39	101
69	39	102
69	40	94
69	40	95
69	40	96
69	40	97
69	40	98
69	40	99
69	40	100
69	40	101
69	40	102
69	41	93
69	41	94
69	41	95
69	41	96
69	41	97
69	41	98
69	41	99
69	41	100
69	41	101
69	41	102
69	42	93
69	42	94
69	42	95
69	42	96
69	42	97
69	42	98
69	42	99
69	42	100
69	42	101
69	42	102
69	42	103
69	43	92
69	43	93
69	43	94
69	43	95
69	43	96
69	43	97
69	43	98
69	43	99
69	43	100
69	43	101
69	43	102
69	43	103
69	44	91
69	44	92
69	44	93
69	44	94
69	44	95
69	44	96
69	44	97
69	44	98
69	44	99
69	44	100
69	44	101
69	44	102
69	44	103
69	45	91
69	45	92
69	45	93
69	45	94
69	45	95
69	45	96
69	45	97
69	45	98
69	45	99
69	45	100
69	45	101
69	45	102
69	45	103
69	45	104
69	46	91
69	46	92
69	46	93
69	46	94
69	46	95
69	46	96
69	46	97
69	46	98
69	46	99
69	46	100
69	46	101
69	46	102
69	46	103
69	46	104
69	46	105
69	47	91
69	47	92
69	47	93
69	47	94
69	47	95
69	47	96
69	47	97
69	47	98
69	47	99
69	47	100
69	47	101
69	47	102
69	47	103
69	47	104
69	47	105
69	47	106
69	48	90
69	48	91
69	48	92
69	48	93
69	48	94
69	48	95
69	48	96
69	48	97
69	48	98
69	48	99
69	48	100
69	48	101
69	48	102
69	48	103
69	48	104
69	48	105
69	49	95
69	49	96
69	49	97
69	49	98
69	49	99
69	49	104
69	50	88
69	50	89
69	50	90
69	50	91
69	50	92
69	50	93
69	50	94
69	50	95
69	50	98
69	51	88
69	51	89
69	51	90
69	51	91
69	51	92
69	51	93
69	51	94
69	52	89
69	52	90
69	52	91
69	52	92
69	52	93
69	52	94
69	53	90
69	53	91
69	53	92
69	53	93
69	53	94
69	54	92
70	10	88
70	10	89
70	10	90
70	11	86
70	11	87
70	11	88
70	11	89
70	11	90
70	12	85
70	12	86
70	12	87
70	12	88
70	12	89
70	12	90
70	13	84
70	13	85
70	13	86
70	13	87
70	13	88
70	13	89
70	13	90
70	14	84
70	14	85
70	14	86
70	14	87
70	14	88
70	14	89
70	15	84
70	15	85
70	15	86
70	15	87
70	15	88
70	15	89
70	16	84
70	16	85
70	16	86
70	16	87
70	16	88
70	16	89
70	17	84
70	17	85
70	17	86
70	17	87
70	17	88
70	18	84
70	18	85
70	18	86
70	18	87
70	19	71
70	19	72
70	19	73
70	19	74
70	19	84
70	19	85
70	19	86
70	19	87
70	20	72
70	20	73
70	20	74
70	20	84
70	20	85
70	20	86
70	21	73
70	21	74
70	21	75
70	21	84
70	21	85
70	21	86
70	22	74
70	22	75
70	22	76
70	22	77
70	22	84
70	22	85
70	23	75
70	23	76
70	23	77
70	23	78
70	23	84
70	23	85
70	24	79
70	24	80
70	24	81
70	24	82
70	24	83
70	24	84
70	24	85
70	25	80
70	25	81
70	25	82
70	25	83
70	25	84
70	30	95
70	30	96
70	30	97
70	30	98
70	30	99
70	30	100
70	30	101
70	30	102
70	30	103
70	30	104
70	30	105
70	30	106
70	31	95
70	31	96
70	31	97
70	31	98
70	31	99
70	31	100
70	31	101
70	31	102
70	31	103
70	31	104
70	31	105
70	31	106
70	31	107
70	31	108
70	31	109
70	32	95
70	32	96
70	32	97
70	32	98
70	32	99
70	32	100
70	32	101
70	32	102
70	32	103
70	32	104
70	32	105
70	32	106
70	32	107
70	32	108
70	33	95
70	33	96
70	33	97
70	33	98
70	33	99
70	33	100
70	33	101
70	33	102
70	33	103
70	33	104
70	33	105
70	33	106
70	33	107
70	34	95
70	34	96
70	34	97
70	34	98
70	34	99
70	34	100
70	34	101
70	34	102
70	34	103
70	34	104
70	34	105
70	34	106
70	35	95
70	35	96
70	35	97
70	35	98
70	35	99
70	35	100
70	35	101
70	35	102
70	35	103
70	35	104
70	35	105
70	36	95
70	36	96
70	36	97
70	36	98
70	36	99
70	36	100
70	36	101
70	36	102
70	36	103
70	36	104
70	37	95
70	37	96
70	37	97
70	37	98
70	37	99
70	37	100
70	37	101
70	37	102
70	37	103
70	37	104
70	38	95
70	38	96
70	38	97
70	38	98
70	38	99
70	38	100
70	38	101
70	38	102
70	39	94
70	39	95
70	39	96
70	39	97
70	39	98
70	39	99
70	39	100
70	39	101
70	40	93
70	40	94
70	40	95
70	40	96
70	40	97
70	40	98
70	40	99
70	40	100
70	40	101
70	40	102
70	41	93
70	41	94
70	41	95
70	41	96
70	41	97
70	41	98
70	41	99
70	41	100
70	41	101
70	41	102
70	41	103
70	42	92
70	42	93
70	42	94
70	42	95
70	42	96
70	42	97
70	42	98
70	42	99
70	42	100
70	42	101
70	42	102
70	42	103
70	43	92
70	43	93
70	43	94
70	43	95
70	43	96
70	43	97
70	43	98
70	43	99
70	43	100
70	43	101
70	43	102
70	43	103
70	43	104
70	44	92
70	44	93
70	44	94
70	44	95
70	44	96
70	44	97
70	44	98
70	44	99
70	44	100
70	44	101
70	44	102
70	44	103
70	44	104
70	45	92
70	45	93
70	45	94
70	45	95
70	45	96
70	45	97
70	45	98
70	45	99
70	45	100
70	45	101
70	45	102
70	45	103
70	45	104
70	46	92
70	46	93
70	46	94
70	46	95
70	46	96
70	46	97
70	46	98
70	46	99
70	46	100
70	46	101
70	46	102
70	46	103
70	46	104
70	46	105
70	47	91
70	47	92
70	47	93
70	47	94
70	47	95
70	47	96
70	47	97
70	47	98
70	47	99
70	47	100
70	47	101
70	47	102
70	47	103
70	47	104
70	47	105
70	47	106
70	48	91
70	48	92
70	48	93
70	48	94
70	48	95
70	48	96
70	48	97
70	48	98
70	48	99
70	48	100
70	48	101
70	48	102
70	48	103
70	48	104
70	48	105
70	49	90
70	49	91
70	49	92
70	49	93
70	49	94
70	49	95
70	49	96
70	49	97
70	49	98
70	49	99
70	49	100
70	49	101
70	49	103
70	49	104
70	50	88
70	50	89
70	50	90
70	50	91
70	50	92
70	50	93
70	50	94
70	50	95
70	50	98
70	50	99
70	50	100
70	51	88
70	51	89
70	51	90
70	51	91
70	51	92
70	51	93
70	51	94
70	51	95
70	52	89
70	52	90
70	52	91
70	52	92
70	52	93
70	52	94
70	52	95
70	53	89
70	53	90
70	53	91
70	53	92
70	53	93
70	53	94
70	53	95
70	54	90
70	54	91
70	54	92
70	54	93
70	54	94
70	54	95
70	55	93
71	10	89
71	11	87
71	11	88
71	11	89
71	11	90
71	11	91
71	12	85
71	12	86
71	12	87
71	12	88
71	12	89
71	12	90
71	12	91
71	13	85
71	13	86
71	13	87
71	13	88
71	13	89
71	13	90
71	14	85
71	14	86
71	14	87
71	14	88
71	14	89
71	14	90
71	15	85
71	15	86
71	15	87
71	15	88
71	15	89
71	15	90
71	16	85
71	16	86
71	16	87
71	16	88
71	16	89
71	17	85
71	17	86
71	17	87
71	17	88
71	17	89
71	18	85
71	18	86
71	18	87
71	18	88
71	19	85
71	19	86
71	19	87
71	20	72
71	20	73
71	20	74
71	20	85
71	20	87
71	21	73
71	21	74
71	21	75
71	21	76
71	22	74
71	22	75
71	22	76
71	22	77
71	23	78
71	23	79
71	24	79
71	25	80
71	25	81
71	25	82
71	25	83
71	25	84
71	29	94
71	29	95
71	29	96
71	29	97
71	29	98
71	29	99
71	29	100
71	29	101
71	29	102
71	29	103
71	29	104
71	29	105
71	29	106
71	29	107
71	30	94
71	30	95
71	30	96
71	30	97
71	30	98
71	30	99
71	30	100
71	30	101
71	30	102
71	30	103
71	30	104
71	30	105
71	30	106
71	30	107
71	30	108
71	30	109
71	30	110
71	31	94
71	31	95
71	31	96
71	31	97
71	31	98
71	31	99
71	31	100
71	31	101
71	31	102
71	31	103
71	31	104
71	31	105
71	31	106
71	31	107
71	31	108
71	31	109
71	32	94
71	32	95
71	32	96
71	32	97
71	32	98
71	32	99
71	32	100
71	32	101
71	32	102
71	32	103
71	32	104
71	32	105
71	32	106
71	32	107
71	32	108
71	33	94
71	33	95
71	33	96
71	33	97
71	33	98
71	33	99
71	33	100
71	33	101
71	33	102
71	33	103
71	33	104
71	33	105
71	33	106
71	33	107
71	34	94
71	34	95
71	34	96
71	34	97
71	34	98
71	34	99
71	34	100
71	34	101
71	34	102
71	34	103
71	34	104
71	34	105
71	34	106
71	35	94
71	35	95
71	35	96
71	35	97
71	35	98
71	35	99
71	35	100
71	35	101
71	35	102
71	35	103
71	35	104
71	35	105
71	36	94
71	36	95
71	36	96
71	36	97
71	36	98
71	36	99
71	36	100
71	36	101
71	36	102
71	36	103
71	36	104
71	36	105
71	37	94
71	37	95
71	37	96
71	37	97
71	37	98
71	37	99
71	37	100
71	37	101
71	37	102
71	37	103
71	37	104
71	37	105
71	38	94
71	38	95
71	38	96
71	38	97
71	38	98
71	38	99
71	38	100
71	38	101
71	38	102
71	38	103
71	38	104
71	38	105
71	39	94
71	39	95
71	39	96
71	39	97
71	39	98
71	39	99
71	39	100
71	39	101
71	39	102
71	39	103
71	40	93
71	40	94
71	40	95
71	40	96
71	40	97
71	40	98
71	40	99
71	40	100
71	40	101
71	40	102
71	41	92
71	41	93
71	41	94
71	41	95
71	41	96
71	41	97
71	41	98
71	41	99
71	41	100
71	41	101
71	41	102
71	41	103
71	42	92
71	42	93
71	42	94
71	42	95
71	42	96
71	42	97
71	42	98
71	42	99
71	42	100
71	42	101
71	42	102
71	42	103
71	43	92
71	43	93
71	43	94
71	43	95
71	43	96
71	43	97
71	43	98
71	43	99
71	43	100
71	43	101
71	43	102
71	43	103
71	43	104
71	44	92
71	44	93
71	44	94
71	44	95
71	44	96
71	44	97
71	44	98
71	44	99
71	44	100
71	44	101
71	44	102
71	44	103
71	44	104
71	44	105
71	45	93
71	45	94
71	45	95
71	45	96
71	45	97
71	45	98
71	45	99
71	45	100
71	45	101
71	45	102
71	45	103
71	45	104
71	45	105
71	46	92
71	46	93
71	46	94
71	46	95
71	46	96
71	46	97
71	46	98
71	46	99
71	46	100
71	46	101
71	46	102
71	46	103
71	46	104
71	46	105
71	47	92
71	47	93
71	47	94
71	47	95
71	47	96
71	47	97
71	47	98
71	47	99
71	47	100
71	47	101
71	47	102
71	47	103
71	47	104
71	47	105
71	47	106
71	48	91
71	48	92
71	48	93
71	48	94
71	48	95
71	48	96
71	48	97
71	48	98
71	48	99
71	48	100
71	48	101
71	48	102
71	48	103
71	48	104
71	48	105
71	49	90
71	49	91
71	49	92
71	49	93
71	49	94
71	49	95
71	49	96
71	49	97
71	49	98
71	49	99
71	49	100
71	49	101
71	49	102
71	49	103
71	49	104
71	50	88
71	50	89
71	50	90
71	50	91
71	50	92
71	50	93
71	50	94
71	50	95
71	50	96
71	50	98
71	50	99
71	50	100
71	50	101
71	50	102
71	50	103
71	51	88
71	51	89
71	51	90
71	51	91
71	51	92
71	51	93
71	51	94
71	51	95
71	51	96
71	51	102
71	52	88
71	52	89
71	52	90
71	52	91
71	52	92
71	52	93
71	52	94
71	52	95
71	52	96
71	53	88
71	53	89
71	53	90
71	53	91
71	53	92
71	53	93
71	53	94
71	53	95
71	53	96
71	54	88
71	54	89
71	54	90
71	54	91
71	54	92
71	54	93
71	54	94
71	54	95
71	54	96
71	55	91
71	55	92
71	55	93
71	55	94
71	55	95
71	55	96
71	56	94
72	11	88
72	11	90
72	11	91
72	11	92
72	12	86
72	12	87
72	12	88
72	12	89
72	12	90
72	12	91
72	13	86
72	13	87
72	13	88
72	13	89
72	13	90
72	13	91
72	14	86
72	14	87
72	14	88
72	14	89
72	14	90
72	14	91
72	15	86
72	15	87
72	15	88
72	15	89
72	15	90
72	16	86
72	16	87
72	16	88
72	16	89
72	16	90
72	17	86
72	17	87
72	17	88
72	17	89
72	18	86
72	18	87
72	18	88
72	18	89
72	19	86
72	19	88
72	21	73
72	21	74
72	21	75
72	21	76
72	22	77
72	22	78
72	23	78
72	24	79
72	28	93
72	28	94
72	28	95
72	28	96
72	28	97
72	28	98
72	28	99
72	28	100
72	28	101
72	28	102
72	28	103
72	28	104
72	28	105
72	28	106
72	28	107
72	28	108
72	29	93
72	29	94
72	29	95
72	29	96
72	29	97
72	29	98
72	29	99
72	29	100
72	29	101
72	29	102
72	29	103
72	29	104
72	29	105
72	29	106
72	29	107
72	29	108
72	29	109
72	29	110
72	29	111
72	30	93
72	30	94
72	30	95
72	30	96
72	30	97
72	30	98
72	30	99
72	30	100
72	30	101
72	30	102
72	30	103
72	30	104
72	30	105
72	30	106
72	30	107
72	30	108
72	30	109
72	30	110
72	31	93
72	31	94
72	31	95
72	31	96
72	31	97
72	31	98
72	31	99
72	31	100
72	31	101
72	31	102
72	31	103
72	31	104
72	31	105
72	31	106
72	31	107
72	31	108
72	31	109
72	32	93
72	32	94
72	32	95
72	32	96
72	32	97
72	32	98
72	32	99
72	32	100
72	32	101
72	32	102
72	32	103
72	32	104
72	32	105
72	32	106
72	32	107
72	32	108
72	33	93
72	33	94
72	33	95
72	33	96
72	33	97
72	33	98
72	33	99
72	33	100
72	33	101
72	33	102
72	33	103
72	33	104
72	33	105
72	33	106
72	33	107
72	34	93
72	34	94
72	34	95
72	34	96
72	34	97
72	34	98
72	34	99
72	34	100
72	34	101
72	34	102
72	34	103
72	34	104
72	34	105
72	34	106
72	35	93
72	35	94
72	35	95
72	35	96
72	35	97
72	35	98
72	35	99
72	35	100
72	35	101
72	35	102
72	35	103
72	35	104
72	35	105
72	35	106
72	36	93
72	36	94
72	36	95
72	36	96
72	36	97
72	36	98
72	36	99
72	36	100
72	36	101
72	36	102
72	36	103
72	36	104
72	36	105
72	36	106
72	37	93
72	37	94
72	37	95
72	37	96
72	37	97
72	37	98
72	37	99
72	37	100
72	37	101
72	37	102
72	37	103
72	37	104
72	37	105
72	37	106
72	38	93
72	38	94
72	38	95
72	38	96
72	38	97
72	38	98
72	38	99
72	38	100
72	38	101
72	38	102
72	38	103
72	38	104
72	38	105
72	38	106
72	39	93
72	39	94
72	39	95
72	39	96
72	39	97
72	39	98
72	39	99
72	39	100
72	39	101
72	39	102
72	39	103
72	39	104
72	39	105
72	39	106
72	40	93
72	40	94
72	40	95
72	40	96
72	40	97
72	40	98
72	40	99
72	40	100
72	40	101
72	40	102
72	40	103
72	41	92
72	41	93
72	41	94
72	41	95
72	41	96
72	41	97
72	41	98
72	41	99
72	41	100
72	41	101
72	41	102
72	41	103
72	42	92
72	42	93
72	42	94
72	42	95
72	42	96
72	42	97
72	42	98
72	42	99
72	42	100
72	42	101
72	42	102
72	42	103
72	43	93
72	43	94
72	43	95
72	43	96
72	43	97
72	43	98
72	43	99
72	43	100
72	43	101
72	43	102
72	43	103
72	43	104
72	44	93
72	44	94
72	44	95
72	44	96
72	44	97
72	44	98
72	44	99
72	44	100
72	44	101
72	44	102
72	44	103
72	44	104
72	44	105
72	45	93
72	45	94
72	45	95
72	45	96
72	45	97
72	45	98
72	45	99
72	45	100
72	45	101
72	45	102
72	45	103
72	45	104
72	45	105
72	45	106
72	46	93
72	46	94
72	46	95
72	46	96
72	46	97
72	46	98
72	46	99
72	46	100
72	46	101
72	46	102
72	46	103
72	46	104
72	46	105
72	46	106
72	47	92
72	47	93
72	47	94
72	47	95
72	47	96
72	47	97
72	47	98
72	47	99
72	47	100
72	47	101
72	47	102
72	47	103
72	47	104
72	47	105
72	47	106
72	48	91
72	48	92
72	48	93
72	48	94
72	48	95
72	48	96
72	48	97
72	48	98
72	48	99
72	48	100
72	48	101
72	48	102
72	48	103
72	48	104
72	48	105
72	49	90
72	49	91
72	49	92
72	49	93
72	49	94
72	49	95
72	49	96
72	49	97
72	49	98
72	49	99
72	49	100
72	49	101
72	49	102
72	49	103
72	49	104
72	50	88
72	50	89
72	50	90
72	50	91
72	50	92
72	50	93
72	50	94
72	50	95
72	50	96
72	50	97
72	50	98
72	50	99
72	50	100
72	50	101
72	50	102
72	50	103
72	51	87
72	51	88
72	51	89
72	51	90
72	51	91
72	51	92
72	51	93
72	51	94
72	51	95
72	51	96
72	51	97
72	51	101
72	51	102
72	52	87
72	52	88
72	52	89
72	52	90
72	52	91
72	52	92
72	52	93
72	52	94
72	52	95
72	52	96
72	52	97
72	53	87
72	53	88
72	53	89
72	53	90
72	53	91
72	53	92
72	53	93
72	53	94
72	53	95
72	53	96
72	53	97
72	54	87
72	54	88
72	54	89
72	54	90
72	54	91
72	54	92
72	54	93
72	54	94
72	54	95
72	54	96
72	54	97
72	55	87
72	55	88
72	55	89
72	55	90
72	55	91
72	55	92
72	55	93
72	55	94
72	55	95
72	55	96
72	55	97
72	56	92
72	56	93
72	56	94
72	56	95
72	56	96
72	56	97
73	11	91
73	12	87
73	12	89
73	12	90
73	12	91
73	13	87
73	13	88
73	13	89
73	13	90
73	13	91
73	14	87
73	14	88
73	14	89
73	14	90
73	14	91
73	15	87
73	15	88
73	15	89
73	15	90
73	15	91
73	16	87
73	16	88
73	16	89
73	16	90
73	17	87
73	17	88
73	17	89
73	17	90
73	18	87
73	18	89
73	21	76
73	21	77
73	22	77
73	23	78
73	27	94
73	27	95
73	27	96
73	27	97
73	27	98
73	27	99
73	27	100
73	27	101
73	27	102
73	27	103
73	27	104
73	27	105
73	27	106
73	27	107
73	28	94
73	28	95
73	28	96
73	28	97
73	28	98
73	28	99
73	28	100
73	28	101
73	28	102
73	28	103
73	28	104
73	28	105
73	28	106
73	28	107
73	28	108
73	28	109
73	28	110
73	28	111
73	28	112
73	29	93
73	29	94
73	29	95
73	29	96
73	29	97
73	29	98
73	29	99
73	29	100
73	29	101
73	29	102
73	29	103
73	29	104
73	29	105
73	29	106
73	29	107
73	29	108
73	29	109
73	29	110
73	29	111
73	30	93
73	30	94
73	30	95
73	30	96
73	30	97
73	30	98
73	30	99
73	30	100
73	30	101
73	30	102
73	30	103
73	30	104
73	30	105
73	30	106
73	30	107
73	30	108
73	30	109
73	30	110
73	31	92
73	31	93
73	31	94
73	31	95
73	31	96
73	31	97
73	31	98
73	31	99
73	31	100
73	31	101
73	31	102
73	31	103
73	31	104
73	31	105
73	31	106
73	31	107
73	31	108
73	31	109
73	32	92
73	32	93
73	32	94
73	32	95
73	32	96
73	32	97
73	32	98
73	32	99
73	32	100
73	32	101
73	32	102
73	32	103
73	32	104
73	32	105
73	32	106
73	32	107
73	32	108
73	33	92
73	33	93
73	33	94
73	33	95
73	33	96
73	33	97
73	33	98
73	33	99
73	33	100
73	33	101
73	33	102
73	33	103
73	33	104
73	33	105
73	33	106
73	33	107
73	34	92
73	34	93
73	34	94
73	34	95
73	34	96
73	34	97
73	34	98
73	34	99
73	34	100
73	34	101
73	34	102
73	34	103
73	34	104
73	34	105
73	34	106
73	34	107
73	35	92
73	35	93
73	35	94
73	35	95
73	35	96
73	35	97
73	35	98
73	35	99
73	35	100
73	35	101
73	35	102
73	35	103
73	35	104
73	35	105
73	35	106
73	35	107
73	36	92
73	36	93
73	36	94
73	36	95
73	36	96
73	36	97
73	36	98
73	36	99
73	36	100
73	36	101
73	36	102
73	36	103
73	36	104
73	36	105
73	36	106
73	36	107
73	37	92
73	37	93
73	37	94
73	37	95
73	37	96
73	37	97
73	37	98
73	37	99
73	37	100
73	37	101
73	37	102
73	37	103
73	37	104
73	37	105
73	37	106
73	37	107
73	38	92
73	38	93
73	38	94
73	38	95
73	38	96
73	38	97
73	38	98
73	38	99
73	38	100
73	38	101
73	38	102
73	38	103
73	38	104
73	38	105
73	38	106
73	38	107
73	39	92
73	39	93
73	39	94
73	39	95
73	39	96
73	39	97
73	39	98
73	39	99
73	39	100
73	39	101
73	39	102
73	39	103
73	39	104
73	39	105
73	39	106
73	39	107
73	40	92
73	40	93
73	40	94
73	40	95
73	40	96
73	40	97
73	40	98
73	40	99
73	40	100
73	40	101
73	40	102
73	40	103
73	40	104
73	40	105
73	40	106
73	40	107
73	41	92
73	41	93
73	41	94
73	41	95
73	41	96
73	41	97
73	41	98
73	41	99
73	41	100
73	41	101
73	41	102
73	42	92
73	42	93
73	42	94
73	42	95
73	42	96
73	42	97
73	42	98
73	42	99
73	42	100
73	42	101
73	42	102
73	43	93
73	43	94
73	43	95
73	43	96
73	43	97
73	43	98
73	43	99
73	43	100
73	43	101
73	43	102
73	43	103
73	44	93
73	44	94
73	44	95
73	44	96
73	44	97
73	44	98
73	44	99
73	44	100
73	44	101
73	44	102
73	44	103
73	44	104
73	45	93
73	45	94
73	45	95
73	45	96
73	45	97
73	45	98
73	45	99
73	45	100
73	45	101
73	45	102
73	45	103
73	45	104
73	45	105
73	45	106
73	46	93
73	46	94
73	46	95
73	46	96
73	46	97
73	46	98
73	46	99
73	46	100
73	46	101
73	46	102
73	46	103
73	46	104
73	46	105
73	46	106
73	46	107
73	47	92
73	47	93
73	47	94
73	47	95
73	47	96
73	47	97
73	47	98
73	47	99
73	47	100
73	47	101
73	47	102
73	47	103
73	47	104
73	47	105
73	47	106
73	48	91
73	48	92
73	48	93
73	48	94
73	48	95
73	48	96
73	48	97
73	48	98
73	48	99
73	48	100
73	48	101
73	48	102
73	48	103
73	48	104
73	48	105
73	49	90
73	49	91
73	49	92
73	49	93
73	49	94
73	49	95
73	49	96
73	49	97
73	49	98
73	49	99
73	49	100
73	49	101
73	49	102
73	49	103
73	49	104
73	50	88
73	50	89
73	50	90
73	50	91
73	50	92
73	50	93
73	50	94
73	50	95
73	50	96
73	50	97
73	50	98
73	50	99
73	50	100
73	50	101
73	50	102
73	50	103
73	51	86
73	51	87
73	51	88
73	51	89
73	51	90
73	51	91
73	51	92
73	51	93
73	51	94
73	51	95
73	51	96
73	51	97
73	51	98
73	51	101
73	51	102
73	52	86
73	52	87
73	52	88
73	52	89
73	52	90
73	52	91
73	52	92
73	52	93
73	52	94
73	52	95
73	52	96
73	52	97
73	52	98
73	53	86
73	53	87
73	53	88
73	53	89
73	53	90
73	53	91
73	53	92
73	53	93
73	53	94
73	53	95
73	53	96
73	53	97
73	53	98
73	54	86
73	54	87
73	54	88
73	54	89
73	54	90
73	54	91
73	54	92
73	54	93
73	54	94
73	54	95
73	54	96
73	54	97
73	54	98
73	55	86
73	55	87
73	55	88
73	55	89
73	55	90
73	55	91
73	55	92
73	55	93
73	55	94
73	55	95
73	55	96
73	55	97
73	55	98
73	56	86
73	56	87
73	56	88
73	56	89
73	56	90
73	56	91
73	56	92
73	56	93
73	56	94
73	56	95
73	56	96
73	56	97
74	12	90
74	13	88
74	13	89
74	13	90
74	14	88
74	14	89
74	14	90
74	15	88
74	15	89
74	15	90
74	16	88
74	16	89
74	16	90
74	17	88
74	17	89
74	17	90
74	18	89
74	18	90
74	19	90
74	22	77
74	26	95
74	26	96
74	26	97
74	26	98
74	26	99
74	26	100
74	26	101
74	26	102
74	26	103
74	26	104
74	26	105
74	26	106
74	26	107
74	27	95
74	27	96
74	27	97
74	27	98
74	27	99
74	27	100
74	27	101
74	27	102
74	27	103
74	27	104
74	27	105
74	27	106
74	27	107
74	27	108
74	27	109
74	27	110
74	27	111
74	27	112
74	27	113
74	28	94
74	28	95
74	28	96
74	28	97
74	28	98
74	28	99
74	28	100
74	28	101
74	28	102
74	28	103
74	28	104
74	28	105
74	28	106
74	28	107
74	28	108
74	28	109
74	28	110
74	28	111
74	28	112
74	29	94
74	29	95
74	29	96
74	29	97
74	29	98
74	29	99
74	29	100
74	29	101
74	29	102
74	29	103
74	29	104
74	29	105
74	29	106
74	29	107
74	29	108
74	29	109
74	29	110
74	29	111
74	30	93
74	30	94
74	30	95
74	30	96
74	30	97
74	30	98
74	30	99
74	30	100
74	30	101
74	30	102
74	30	103
74	30	104
74	30	105
74	30	106
74	30	107
74	30	108
74	30	109
74	30	110
74	31	93
74	31	94
74	31	95
74	31	96
74	31	97
74	31	98
74	31	99
74	31	100
74	31	101
74	31	102
74	31	103
74	31	104
74	31	105
74	31	106
74	31	107
74	31	108
74	31	109
74	32	93
74	32	94
74	32	95
74	32	96
74	32	97
74	32	98
74	32	99
74	32	100
74	32	101
74	32	102
74	32	103
74	32	104
74	32	105
74	32	106
74	32	107
74	32	108
74	33	93
74	33	94
74	33	95
74	33	96
74	33	97
74	33	98
74	33	99
74	33	100
74	33	101
74	33	102
74	33	103
74	33	104
74	33	105
74	33	106
74	33	107
74	33	108
74	34	93
74	34	94
74	34	95
74	34	96
74	34	97
74	34	98
74	34	99
74	34	100
74	34	101
74	34	102
74	34	103
74	34	104
74	34	105
74	34	106
74	34	107
74	34	108
74	35	93
74	35	94
74	35	95
74	35	96
74	35	97
74	35	98
74	35	99
74	35	100
74	35	101
74	35	102
74	35	103
74	35	104
74	35	105
74	35	106
74	35	107
74	35	108
74	36	93
74	36	94
74	36	95
74	36	96
74	36	97
74	36	98
74	36	99
74	36	100
74	36	101
74	36	102
74	36	103
74	36	104
74	36	105
74	36	106
74	36	107
74	36	108
74	37	92
74	37	93
74	37	94
74	37	95
74	37	96
74	37	97
74	37	98
74	37	99
74	37	100
74	37	101
74	37	102
74	37	103
74	37	104
74	37	105
74	37	106
74	37	107
74	37	108
74	38	92
74	38	93
74	38	94
74	38	95
74	38	96
74	38	97
74	38	98
74	38	99
74	38	100
74	38	101
74	38	102
74	38	103
74	38	104
74	38	105
74	38	106
74	38	107
74	38	108
74	39	92
74	39	93
74	39	94
74	39	95
74	39	96
74	39	97
74	39	98
74	39	99
74	39	100
74	39	101
74	39	102
74	39	103
74	39	104
74	39	105
74	39	106
74	39	107
74	39	108
74	40	92
74	40	93
74	40	94
74	40	95
74	40	96
74	40	97
74	40	98
74	40	99
74	40	100
74	40	101
74	40	102
74	40	103
74	40	104
74	40	105
74	40	106
74	40	107
74	40	108
74	41	92
74	41	93
74	41	94
74	41	95
74	41	96
74	41	97
74	41	98
74	41	99
74	41	100
74	41	101
74	41	102
74	41	103
74	41	104
74	41	105
74	41	106
74	41	107
74	41	108
74	42	92
74	42	93
74	42	94
74	42	95
74	42	96
74	42	97
74	42	98
74	42	99
74	42	100
74	42	101
74	43	93
74	43	94
74	43	95
74	43	96
74	43	97
74	43	98
74	43	99
74	43	100
74	43	101
74	44	94
74	44	95
74	44	96
74	44	97
74	44	98
74	44	99
74	44	100
74	44	101
74	44	102
74	45	94
74	45	95
74	45	96
74	45	97
74	45	98
74	45	99
74	45	100
74	45	101
74	45	102
74	45	103
74	45	104
74	45	105
74	46	93
74	46	94
74	46	95
74	46	96
74	46	97
74	46	98
74	46	99
74	46	100
74	46	101
74	46	102
74	46	103
74	46	104
74	46	105
74	46	106
74	46	107
74	47	92
74	47	93
74	47	94
74	47	95
74	47	96
74	47	97
74	47	98
74	47	99
74	47	100
74	47	101
74	47	102
74	47	103
74	47	104
74	47	105
74	47	106
74	48	91
74	48	92
74	48	93
74	48	94
74	48	95
74	48	96
74	48	97
74	48	98
74	48	99
74	48	100
74	48	101
74	48	102
74	48	103
74	48	104
74	48	105
74	49	90
74	49	91
74	49	92
74	49	93
74	49	94
74	49	95
74	49	96
74	49	97
74	49	98
74	49	99
74	49	100
74	49	101
74	49	102
74	49	103
74	49	104
74	50	88
74	50	89
74	50	90
74	50	91
74	50	92
74	50	93
74	50	94
74	50	95
74	50	96
74	50	97
74	50	98
74	50	99
74	50	100
74	50	101
74	50	102
74	50	103
74	51	86
74	51	87
74	51	88
74	51	89
74	51	90
74	51	91
74	51	92
74	51	93
74	51	94
74	51	95
74	51	96
74	51	97
74	51	98
74	51	99
74	51	100
74	51	101
74	51	102
74	52	85
74	52	86
74	52	87
74	52	88
74	52	89
74	52	90
74	52	91
74	52	92
74	52	93
74	52	94
74	52	95
74	52	96
74	52	97
74	52	98
74	52	99
74	53	85
74	53	86
74	53	87
74	53	88
74	53	89
74	53	90
74	53	91
74	53	92
74	53	93
74	53	94
74	53	95
74	53	96
74	53	97
74	53	98
74	53	99
74	54	85
74	54	86
74	54	87
74	54	88
74	54	89
74	54	90
74	54	91
74	54	92
74	54	93
74	54	94
74	54	95
74	54	96
74	54	97
74	54	98
74	54	99
74	55	85
74	55	86
74	55	87
74	55	88
74	55	89
74	55	90
74	55	91
74	55	92
74	55	93
74	55	94
74	55	95
74	55	96
74	55	97
74	55	98
74	55	99
74	56	86
74	56	87
74	56	88
74	56	89
74	56	90
74	56	91
74	56	92
74	56	93
75	13	89
75	14	89
75	15	89
75	16	89
75	16	90
75	17	89
75	17	90
75	17	91
75	18	89
75	18	90
75	18	91
75	19	90
75	25	96
75	25	97
75	25	98
75	25	99
75	25	100
75	25	101
75	25	102
75	25	103
75	25	104
75	25	105
75	25	106
75	26	96
75	26	97
75	26	98
75	26	99
75	26	100
75	26	101
75	26	102
75	26	103
75	26	104
75	26	105
75	26	106
75	26	107
75	26	108
75	26	109
75	26	110
75	26	111
75	26	112
75	26	113
75	26	114
75	27	95
75	27	96
75	27	97
75	27	98
75	27	99
75	27	100
75	27	101
75	27	102
75	27	103
75	27	104
75	27	105
75	27	106
75	27	107
75	27	108
75	27	109
75	27	110
75	27	111
75	27	112
75	27	113
75	28	95
75	28	96
75	28	97
75	28	98
75	28	99
75	28	100
75	28	101
75	28	102
75	28	103
75	28	104
75	28	105
75	28	106
75	28	107
75	28	108
75	28	109
75	28	110
75	28	111
75	28	112
75	29	94
75	29	95
75	29	96
75	29	97
75	29	98
75	29	99
75	29	100
75	29	101
75	29	102
75	29	103
75	29	104
75	29	105
75	29	106
75	29	107
75	29	108
75	29	109
75	29	110
75	29	111
75	30	94
75	30	95
75	30	96
75	30	97
75	30	98
75	30	99
75	30	100
75	30	101
75	30	102
75	30	103
75	30	104
75	30	105
75	30	106
75	30	107
75	30	108
75	30	109
75	30	110
75	31	94
75	31	95
75	31	96
75	31	97
75	31	98
75	31	99
75	31	100
75	31	101
75	31	102
75	31	103
75	31	104
75	31	105
75	31	106
75	31	107
75	31	108
75	31	109
75	32	94
75	32	95
75	32	96
75	32	97
75	32	98
75	32	99
75	32	100
75	32	101
75	32	102
75	32	103
75	32	104
75	32	105
75	32	106
75	32	107
75	32	108
75	32	109
75	33	94
75	33	95
75	33	96
75	33	97
75	33	98
75	33	99
75	33	100
75	33	101
75	33	102
75	33	103
75	33	104
75	33	105
75	33	106
75	33	107
75	33	108
75	33	109
75	34	94
75	34	95
75	34	96
75	34	97
75	34	98
75	34	99
75	34	100
75	34	101
75	34	102
75	34	103
75	34	104
75	34	105
75	34	106
75	34	107
75	34	108
75	34	109
75	35	94
75	35	95
75	35	96
75	35	97
75	35	98
75	35	99
75	35	100
75	35	101
75	35	102
75	35	103
75	35	104
75	35	105
75	35	106
75	35	107
75	35	108
75	35	109
75	36	93
75	36	94
75	36	95
75	36	96
75	36	97
75	36	98
75	36	99
75	36	100
75	36	101
75	36	102
75	36	103
75	36	104
75	36	105
75	36	106
75	36	107
75	36	108
75	36	109
75	37	93
75	37	94
75	37	95
75	37	96
75	37	97
75	37	98
75	37	99
75	37	100
75	37	101
75	37	102
75	37	103
75	37	104
75	37	105
75	37	106
75	37	107
75	37	108
75	37	109
75	38	93
75	38	94
75	38	95
75	38	96
75	38	97
75	38	98
75	38	99
75	38	100
75	38	101
75	38	102
75	38	103
75	38	104
75	38	105
75	38	106
75	38	107
75	38	108
75	38	109
75	39	92
75	39	93
75	39	94
75	39	95
75	39	96
75	39	97
75	39	98
75	39	99
75	39	100
75	39	101
75	39	102
75	39	103
75	39	104
75	39	105
75	39	106
75	39	107
75	39	108
75	39	109
75	40	92
75	40	93
75	40	94
75	40	95
75	40	96
75	40	97
75	40	98
75	40	99
75	40	100
75	40	101
75	40	102
75	40	103
75	40	104
75	40	105
75	40	106
75	40	107
75	40	108
75	40	109
75	41	91
75	41	92
75	41	93
75	41	94
75	41	95
75	41	96
75	41	97
75	41	98
75	41	99
75	41	100
75	41	101
75	41	102
75	41	103
75	41	104
75	41	105
75	41	106
75	41	107
75	41	108
75	41	109
75	42	91
75	42	92
75	42	93
75	42	94
75	42	95
75	42	96
75	42	97
75	42	98
75	42	99
75	42	100
75	42	101
75	42	102
75	42	103
75	42	104
75	42	105
75	42	106
75	42	107
75	42	108
75	42	109
75	43	93
75	43	94
75	43	95
75	43	96
75	43	97
75	43	98
75	43	99
75	43	100
75	44	94
75	44	95
75	44	96
75	44	97
75	44	98
75	44	99
75	44	100
75	45	94
75	45	95
75	45	96
75	45	97
75	45	98
75	45	99
75	45	100
75	45	101
75	46	93
75	46	94
75	46	95
75	46	96
75	46	97
75	46	98
75	46	99
75	46	100
75	46	101
75	46	102
75	46	103
75	46	104
75	46	105
75	46	106
75	47	92
75	47	93
75	47	94
75	47	95
75	47	96
75	47	97
75	47	98
75	47	99
75	47	100
75	47	101
75	47	102
75	47	103
75	47	104
75	47	105
75	47	106
75	48	91
75	48	92
75	48	93
75	48	94
75	48	95
75	48	96
75	48	97
75	48	98
75	48	99
75	48	100
75	48	101
75	48	102
75	48	103
75	48	104
75	48	105
75	49	90
75	49	91
75	49	92
75	49	93
75	49	94
75	49	95
75	49	96
75	49	97
75	49	98
75	49	99
75	49	100
75	49	101
75	49	102
75	49	103
75	49	104
75	50	88
75	50	89
75	50	90
75	50	91
75	50	92
75	50	93
75	50	94
75	50	95
75	50	96
75	50	97
75	50	98
75	50	99
75	50	100
75	50	101
75	50	102
75	50	103
75	51	86
75	51	87
75	51	88
75	51	89
75	51	90
75	51	91
75	51	92
75	51	93
75	51	94
75	51	95
75	51	96
75	51	97
75	51	98
75	51	99
75	51	100
75	51	101
75	51	102
75	52	84
75	52	85
75	52	86
75	52	87
75	52	88
75	52	89
75	52	90
75	52	91
75	52	92
75	52	93
75	52	94
75	52	95
75	52	96
75	52	97
75	52	98
75	52	99
75	52	100
75	52	101
75	53	85
75	53	86
75	53	87
75	53	88
75	53	89
75	53	90
75	53	91
75	53	92
75	53	93
75	53	94
75	53	95
75	53	96
75	53	97
75	53	98
75	53	99
75	53	100
75	54	85
75	54	86
75	54	87
75	54	88
75	54	89
75	54	90
75	54	91
75	54	92
75	54	93
75	54	94
75	54	95
75	54	96
75	54	97
75	54	98
75	54	99
75	54	100
75	55	86
75	55	87
75	55	88
75	55	89
75	55	90
75	55	91
75	55	92
75	55	93
75	55	94
75	55	95
76	16	90
76	17	90
76	17	91
76	17	92
76	18	90
76	18	91
76	19	90
76	24	97
76	24	98
76	24	99
76	24	100
76	24	101
76	24	102
76	24	103
76	24	104
76	24	105
76	24	106
76	25	97
76	25	98
76	25	99
76	25	100
76	25	101
76	25	102
76	25	103
76	25	104
76	25	105
76	25	106
76	25	107
76	25	108
76	25	109
76	25	110
76	25	111
76	25	112
76	25	113
76	25	114
76	25	115
76	26	96
76	26	97
76	26	98
76	26	99
76	26	100
76	26	101
76	26	102
76	26	103
76	26	104
76	26	105
76	26	106
76	26	107
76	26	108
76	26	109
76	26	110
76	26	111
76	26	112
76	26	113
76	26	114
76	27	96
76	27	97
76	27	98
76	27	99
76	27	100
76	27	101
76	27	102
76	27	103
76	27	104
76	27	105
76	27	106
76	27	107
76	27	108
76	27	109
76	27	110
76	27	111
76	27	112
76	27	113
76	28	96
76	28	97
76	28	98
76	28	99
76	28	100
76	28	101
76	28	102
76	28	103
76	28	104
76	28	105
76	28	106
76	28	107
76	28	108
76	28	109
76	28	110
76	28	111
76	28	112
76	29	95
76	29	96
76	29	97
76	29	98
76	29	99
76	29	100
76	29	101
76	29	102
76	29	103
76	29	104
76	29	105
76	29	106
76	29	107
76	29	108
76	29	109
76	29	110
76	29	111
76	30	95
76	30	96
76	30	97
76	30	98
76	30	99
76	30	100
76	30	101
76	30	102
76	30	103
76	30	104
76	30	105
76	30	106
76	30	107
76	30	108
76	30	109
76	30	110
76	31	95
76	31	96
76	31	97
76	31	98
76	31	99
76	31	100
76	31	101
76	31	102
76	31	103
76	31	104
76	31	105
76	31	106
76	31	107
76	31	108
76	31	109
76	31	110
76	32	95
76	32	96
76	32	97
76	32	98
76	32	99
76	32	100
76	32	101
76	32	102
76	32	103
76	32	104
76	32	105
76	32	106
76	32	107
76	32	108
76	32	109
76	32	110
76	33	95
76	33	96
76	33	97
76	33	98
76	33	99
76	33	100
76	33	101
76	33	102
76	33	103
76	33	104
76	33	105
76	33	106
76	33	107
76	33	108
76	33	109
76	33	110
76	34	95
76	34	96
76	34	97
76	34	98
76	34	99
76	34	100
76	34	101
76	34	102
76	34	103
76	34	104
76	34	105
76	34	106
76	34	107
76	34	108
76	34	109
76	34	110
76	35	95
76	35	96
76	35	97
76	35	98
76	35	99
76	35	100
76	35	101
76	35	102
76	35	103
76	35	104
76	35	105
76	35	106
76	35	107
76	35	108
76	35	109
76	35	110
76	36	94
76	36	95
76	36	96
76	36	97
76	36	98
76	36	99
76	36	100
76	36	101
76	36	102
76	36	103
76	36	104
76	36	105
76	36	106
76	36	107
76	36	108
76	36	109
76	36	110
76	37	94
76	37	95
76	37	96
76	37	97
76	37	98
76	37	99
76	37	100
76	37	101
76	37	102
76	37	103
76	37	104
76	37	105
76	37	106
76	37	107
76	37	108
76	37	109
76	37	110
76	38	94
76	38	95
76	38	96
76	38	97
76	38	98
76	38	99
76	38	100
76	38	101
76	38	102
76	38	103
76	38	104
76	38	105
76	38	106
76	38	107
76	38	108
76	38	109
76	38	110
76	39	93
76	39	94
76	39	95
76	39	96
76	39	97
76	39	98
76	39	99
76	39	100
76	39	101
76	39	102
76	39	103
76	39	104
76	39	105
76	39	106
76	39	107
76	39	108
76	39	109
76	39	110
76	40	91
76	40	92
76	40	93
76	40	94
76	40	95
76	40	96
76	40	97
76	40	98
76	40	99
76	40	100
76	40	101
76	40	102
76	40	103
76	40	104
76	40	105
76	40	106
76	40	107
76	40	108
76	40	109
76	40	110
76	41	91
76	41	92
76	41	93
76	41	94
76	41	95
76	41	96
76	41	97
76	41	98
76	41	99
76	41	100
76	41	101
76	41	102
76	41	103
76	41	104
76	41	105
76	41	106
76	41	107
76	41	108
76	41	109
76	41	110
76	42	90
76	42	91
76	42	92
76	42	93
76	42	94
76	42	95
76	42	96
76	42	97
76	42	98
76	42	99
76	42	100
76	42	101
76	42	102
76	42	103
76	42	104
76	42	105
76	42	106
76	42	107
76	42	108
76	42	109
76	42	110
76	43	90
76	43	91
76	43	92
76	43	93
76	43	94
76	43	95
76	43	96
76	43	97
76	43	98
76	43	99
76	43	100
76	43	101
76	43	102
76	43	103
76	43	104
76	43	105
76	43	106
76	43	107
76	43	108
76	43	109
76	43	110
76	44	94
76	44	95
76	44	96
76	44	97
76	44	98
76	44	99
76	45	95
76	45	96
76	45	97
76	45	98
76	45	99
76	46	95
76	46	96
76	46	97
76	46	98
76	46	99
76	46	100
76	47	93
76	47	94
76	47	95
76	47	96
76	47	97
76	47	98
76	47	99
76	47	100
76	47	101
76	47	102
76	47	103
76	47	104
76	47	105
76	48	92
76	48	93
76	48	94
76	48	95
76	48	96
76	48	97
76	48	98
76	48	99
76	48	100
76	48	101
76	48	102
76	48	103
76	48	104
76	48	105
76	49	91
76	49	92
76	49	93
76	49	94
76	49	95
76	49	96
76	49	97
76	49	98
76	49	99
76	49	100
76	49	101
76	49	102
76	49	103
76	49	104
76	50	88
76	50	89
76	50	90
76	50	91
76	50	92
76	50	93
76	50	94
76	50	95
76	50	96
76	50	97
76	50	98
76	50	99
76	50	100
76	50	101
76	50	102
76	50	103
76	51	86
76	51	87
76	51	88
76	51	89
76	51	90
76	51	91
76	51	92
76	51	93
76	51	94
76	51	95
76	51	96
76	51	97
76	51	98
76	51	99
76	51	100
76	51	101
76	51	102
76	52	85
76	52	86
76	52	87
76	52	88
76	52	89
76	52	90
76	52	91
76	52	92
76	52	93
76	52	94
76	52	95
76	52	96
76	52	97
76	52	98
76	52	99
76	52	100
76	52	101
76	53	86
76	53	87
76	53	88
76	53	89
76	53	90
76	53	91
76	53	92
76	53	93
76	53	94
76	53	95
76	53	96
76	53	97
76	53	98
76	53	99
76	53	100
76	53	101
76	54	86
76	54	87
76	54	88
76	54	89
76	54	90
76	54	91
76	54	92
76	54	93
76	54	94
76	54	95
76	54	96
77	17	91
77	17	92
77	18	91
77	23	98
77	23	99
77	23	100
77	23	101
77	23	102
77	23	103
77	23	104
77	24	98
77	24	99
77	24	100
77	24	101
77	24	102
77	24	103
77	24	104
77	24	105
77	24	106
77	24	107
77	24	108
77	24	109
77	24	110
77	24	111
77	24	112
77	24	113
77	24	114
77	24	115
77	24	116
77	25	97
77	25	98
77	25	99
77	25	100
77	25	101
77	25	102
77	25	103
77	25	104
77	25	105
77	25	106
77	25	107
77	25	108
77	25	109
77	25	110
77	25	111
77	25	112
77	25	113
77	25	114
77	25	115
77	26	97
77	26	98
77	26	99
77	26	100
77	26	101
77	26	102
77	26	103
77	26	104
77	26	105
77	26	106
77	26	107
77	26	108
77	26	109
77	26	110
77	26	111
77	26	112
77	26	113
77	26	114
77	27	97
77	27	98
77	27	99
77	27	100
77	27	101
77	27	102
77	27	103
77	27	104
77	27	105
77	27	106
77	27	107
77	27	108
77	27	109
77	27	110
77	27	111
77	27	112
77	27	113
77	28	96
77	28	97
77	28	98
77	28	99
77	28	100
77	28	101
77	28	102
77	28	103
77	28	104
77	28	105
77	28	106
77	28	107
77	28	108
77	28	109
77	28	110
77	28	111
77	28	112
77	29	96
77	29	97
77	29	98
77	29	99
77	29	100
77	29	101
77	29	102
77	29	103
77	29	104
77	29	105
77	29	106
77	29	107
77	29	108
77	29	109
77	29	110
77	29	111
77	30	96
77	30	97
77	30	98
77	30	99
77	30	100
77	30	101
77	30	102
77	30	103
77	30	104
77	30	105
77	30	106
77	30	107
77	30	108
77	30	109
77	30	110
77	30	111
77	31	96
77	31	97
77	31	98
77	31	99
77	31	100
77	31	101
77	31	102
77	31	103
77	31	104
77	31	105
77	31	106
77	31	107
77	31	108
77	31	109
77	31	110
77	31	111
77	32	96
77	32	97
77	32	98
77	32	99
77	32	100
77	32	101
77	32	102
77	32	103
77	32	104
77	32	105
77	32	106
77	32	107
77	32	108
77	32	109
77	32	110
77	32	111
77	33	96
77	33	97
77	33	98
77	33	99
77	33	100
77	33	101
77	33	102
77	33	103
77	33	104
77	33	105
77	33	106
77	33	107
77	33	108
77	33	109
77	33	110
77	33	111
77	34	96
77	34	97
77	34	98
77	34	99
77	34	100
77	34	101
77	34	102
77	34	103
77	34	104
77	34	105
77	34	106
77	34	107
77	34	108
77	34	109
77	34	110
77	34	111
77	35	95
77	35	96
77	35	97
77	35	98
77	35	99
77	35	100
77	35	101
77	35	102
77	35	103
77	35	104
77	35	105
77	35	106
77	35	107
77	35	108
77	35	109
77	35	110
77	35	111
77	36	95
77	36	96
77	36	97
77	36	98
77	36	99
77	36	100
77	36	101
77	36	102
77	36	103
77	36	104
77	36	105
77	36	106
77	36	107
77	36	108
77	36	109
77	36	110
77	36	111
77	37	95
77	37	96
77	37	97
77	37	98
77	37	99
77	37	100
77	37	101
77	37	102
77	37	103
77	37	104
77	37	105
77	37	106
77	37	107
77	37	108
77	37	109
77	37	110
77	37	111
77	38	95
77	38	96
77	38	97
77	38	98
77	38	99
77	38	100
77	38	101
77	38	102
77	38	103
77	38	104
77	38	105
77	38	106
77	38	107
77	38	108
77	38	109
77	38	110
77	38	111
77	39	95
77	39	96
77	39	97
77	39	98
77	39	99
77	39	100
77	39	101
77	39	102
77	39	103
77	39	104
77	39	105
77	39	106
77	39	107
77	39	108
77	39	109
77	39	110
77	39	111
77	40	92
77	40	93
77	40	94
77	40	95
77	40	96
77	40	97
77	40	98
77	40	99
77	40	100
77	40	101
77	40	102
77	40	103
77	40	104
77	40	105
77	40	106
77	40	107
77	40	108
77	40	109
77	40	110
77	40	111
77	41	90
77	41	91
77	41	92
77	41	93
77	41	94
77	41	95
77	41	96
77	41	97
77	41	98
77	41	99
77	41	100
77	41	101
77	41	102
77	41	103
77	41	104
77	41	105
77	41	106
77	41	107
77	41	108
77	41	109
77	41	110
77	41	111
77	42	90
77	42	91
77	42	92
77	42	93
77	42	94
77	42	95
77	42	96
77	42	97
77	42	98
77	42	99
77	42	100
77	42	101
77	42	102
77	42	103
77	42	104
77	42	105
77	42	106
77	42	107
77	42	108
77	42	109
77	42	110
77	42	111
77	43	89
77	43	90
77	43	91
77	43	92
77	43	93
77	43	94
77	43	95
77	43	96
77	43	97
77	43	98
77	43	99
77	43	100
77	43	101
77	43	102
77	43	103
77	43	104
77	43	105
77	43	106
77	43	107
77	43	108
77	43	109
77	43	110
77	43	111
77	44	89
77	44	90
77	44	91
77	44	92
77	44	93
77	44	94
77	44	95
77	44	96
77	44	97
77	44	98
77	44	99
77	44	100
77	44	101
77	44	102
77	44	103
77	44	104
77	44	105
77	44	106
77	44	107
77	44	108
77	44	109
77	44	110
77	44	111
77	45	95
77	45	96
77	45	97
77	45	98
77	46	96
77	46	97
77	46	98
77	47	96
77	47	97
77	47	98
77	47	99
77	48	94
77	48	95
77	48	96
77	48	97
77	48	98
77	48	99
77	48	100
77	48	101
77	48	102
77	48	103
77	48	104
77	49	93
77	49	94
77	49	95
77	49	96
77	49	97
77	49	98
77	49	99
77	49	100
77	49	101
77	49	102
77	49	103
77	49	104
77	50	88
77	50	89
77	50	90
77	50	91
77	50	92
77	50	93
77	50	94
77	50	98
77	50	99
77	50	100
77	50	101
77	50	102
77	50	103
77	51	86
77	51	87
77	51	88
77	51	89
77	51	90
77	51	91
77	51	92
77	51	96
77	51	97
77	51	98
77	51	99
77	51	100
77	51	101
77	51	102
77	52	87
77	52	88
77	52	89
77	52	90
77	52	91
77	52	92
77	52	101
77	53	88
77	53	89
77	53	90
78	22	99
78	22	100
78	22	101
78	23	99
78	23	100
78	23	101
78	23	102
78	23	109
78	23	110
78	23	111
78	23	112
78	23	113
78	23	114
78	23	115
78	23	116
78	23	117
78	24	98
78	24	99
78	24	100
78	24	101
78	24	102
78	24	103
78	24	109
78	24	110
78	24	111
78	24	112
78	24	113
78	24	114
78	24	115
78	24	116
78	25	98
78	25	99
78	25	100
78	25	101
78	25	102
78	25	103
78	25	104
78	25	109
78	25	110
78	25	111
78	25	112
78	25	113
78	25	114
78	25	115
78	26	98
78	26	99
78	26	100
78	26	101
78	26	102
78	26	103
78	26	104
78	26	105
78	26	108
78	26	109
78	26	110
78	26	111
78	26	112
78	26	113
78	26	114
78	27	97
78	27	98
78	27	99
78	27	100
78	27	101
78	27	102
78	27	103
78	27	104
78	27	105
78	27	106
78	27	107
78	27	108
78	27	109
78	27	110
78	27	111
78	28	97
78	28	98
78	28	99
78	28	100
78	28	101
78	28	102
78	28	103
78	28	104
78	28	105
78	28	106
78	28	107
78	28	108
78	28	109
78	28	110
78	28	111
78	28	112
78	29	97
78	29	98
78	29	99
78	29	100
78	29	101
78	29	102
78	29	103
78	29	104
78	29	105
78	29	106
78	29	107
78	29	108
78	29	109
78	29	110
78	29	111
78	29	112
78	30	97
78	30	98
78	30	99
78	30	100
78	30	101
78	30	102
78	30	103
78	30	104
78	30	105
78	30	106
78	30	107
78	30	108
78	30	109
78	30	110
78	30	111
78	30	112
78	31	97
78	31	98
78	31	99
78	31	100
78	31	101
78	31	102
78	31	103
78	31	104
78	31	105
78	31	106
78	31	107
78	31	108
78	31	109
78	31	110
78	31	111
78	31	112
78	32	97
78	32	98
78	32	99
78	32	100
78	32	101
78	32	102
78	32	103
78	32	104
78	32	105
78	32	106
78	32	107
78	32	108
78	32	109
78	32	110
78	32	111
78	32	112
78	33	97
78	33	98
78	33	99
78	33	100
78	33	101
78	33	102
78	33	103
78	33	104
78	33	105
78	33	106
78	33	107
78	33	108
78	33	109
78	33	110
78	33	111
78	33	112
78	34	96
78	34	97
78	34	98
78	34	99
78	34	100
78	34	101
78	34	102
78	34	103
78	34	104
78	34	105
78	34	106
78	34	107
78	34	108
78	34	109
78	34	110
78	34	111
78	34	112
78	35	96
78	35	97
78	35	98
78	35	99
78	35	100
78	35	101
78	35	102
78	35	103
78	35	104
78	35	105
78	35	106
78	35	107
78	35	108
78	35	109
78	35	110
78	35	111
78	35	112
78	36	96
78	36	97
78	36	98
78	36	99
78	36	100
78	36	101
78	36	102
78	36	103
78	36	104
78	36	105
78	36	106
78	36	107
78	36	108
78	36	109
78	36	110
78	36	111
78	36	112
78	37	96
78	37	97
78	37	98
78	37	99
78	37	100
78	37	101
78	37	102
78	37	103
78	37	104
78	37	105
78	37	106
78	37	107
78	37	108
78	37	109
78	37	110
78	37	111
78	37	112
78	38	96
78	38	97
78	38	98
78	38	99
78	38	100
78	38	101
78	38	102
78	38	103
78	38	104
78	38	105
78	38	106
78	38	107
78	38	108
78	38	109
78	38	110
78	38	111
78	38	112
78	39	96
78	39	97
78	39	98
78	39	99
78	39	100
78	39	101
78	39	102
78	39	103
78	39	104
78	39	105
78	39	106
78	39	107
78	39	108
78	39	109
78	39	110
78	39	111
78	39	112
78	40	96
78	40	97
78	40	98
78	40	99
78	40	100
78	40	101
78	40	102
78	40	103
78	40	104
78	40	105
78	40	106
78	40	107
78	40	108
78	40	109
78	40	110
78	40	111
78	40	112
78	41	91
78	41	92
78	41	93
78	41	94
78	41	95
78	41	96
78	41	97
78	41	98
78	41	99
78	41	100
78	41	101
78	41	102
78	41	103
78	41	104
78	41	105
78	41	106
78	41	107
78	41	108
78	41	109
78	41	110
78	41	111
78	41	112
78	42	90
78	42	91
78	42	92
78	42	93
78	42	94
78	42	95
78	42	96
78	42	97
78	42	98
78	42	99
78	42	100
78	42	101
78	42	102
78	42	103
78	42	104
78	42	105
78	42	106
78	42	107
78	42	108
78	42	109
78	42	110
78	42	111
78	42	112
78	43	89
78	43	90
78	43	91
78	43	92
78	43	93
78	43	94
78	43	95
78	43	96
78	43	97
78	43	98
78	43	99
78	43	100
78	43	101
78	43	102
78	43	103
78	43	104
78	43	105
78	43	106
78	43	107
78	43	108
78	43	109
78	43	110
78	43	111
78	43	112
78	44	88
78	44	89
78	44	90
78	44	91
78	44	92
78	44	93
78	44	94
78	44	95
78	44	96
78	44	97
78	44	98
78	44	99
78	44	100
78	44	101
78	44	102
78	44	103
78	44	104
78	44	105
78	44	106
78	44	107
78	44	108
78	44	109
78	44	110
78	44	111
78	44	112
78	45	88
78	45	89
78	45	90
78	45	91
78	45	92
78	45	93
78	45	94
78	45	95
78	45	96
78	45	97
78	45	98
78	45	99
78	45	100
78	45	101
78	45	102
78	45	103
78	45	104
78	45	105
78	45	106
78	45	107
78	45	108
78	45	109
78	45	110
78	45	111
78	45	112
78	46	96
78	46	97
78	47	97
78	48	97
78	48	98
78	49	98
78	49	99
78	49	100
78	49	101
78	49	102
78	49	103
78	50	99
78	50	100
78	50	101
78	50	102
78	50	103
78	51	101
78	51	102
79	22	112
79	23	99
79	23	111
79	23	112
79	23	113
79	23	114
79	23	115
79	24	99
79	24	100
79	24	111
79	24	112
79	24	113
79	24	114
79	25	99
79	25	100
79	25	101
79	25	111
79	25	112
79	25	113
79	26	99
79	26	100
79	26	101
79	26	102
79	27	98
79	27	99
79	27	100
79	27	101
79	27	102
79	27	103
79	27	110
79	27	111
79	28	98
79	28	99
79	28	100
79	28	101
79	28	102
79	28	103
79	28	104
79	28	105
79	28	109
79	28	110
79	28	111
79	28	112
79	29	98
79	29	99
79	29	100
79	29	101
79	29	102
79	29	103
79	29	104
79	29	105
79	29	106
79	29	107
79	29	108
79	29	109
79	29	110
79	29	111
79	29	112
79	29	113
79	30	98
79	30	99
79	30	100
79	30	101
79	30	102
79	30	103
79	30	104
79	30	105
79	30	106
79	30	107
79	30	108
79	30	109
79	30	110
79	30	111
79	30	112
79	30	113
79	31	98
79	31	99
79	31	100
79	31	101
79	31	102
79	31	103
79	31	104
79	31	105
79	31	106
79	31	107
79	31	108
79	31	109
79	31	110
79	31	111
79	31	112
79	31	113
79	32	98
79	32	99
79	32	100
79	32	101
79	32	102
79	32	103
79	32	104
79	32	105
79	32	106
79	32	107
79	32	108
79	32	109
79	32	110
79	32	111
79	32	112
79	32	113
79	33	97
79	33	98
79	33	99
79	33	100
79	33	101
79	33	102
79	33	103
79	33	104
79	33	105
79	33	106
79	33	107
79	33	108
79	33	109
79	33	110
79	33	111
79	33	112
79	33	113
79	34	97
79	34	98
79	34	99
79	34	100
79	34	101
79	34	102
79	34	103
79	34	104
79	34	105
79	34	106
79	34	107
79	34	108
79	34	109
79	34	110
79	34	111
79	34	112
79	34	113
79	35	97
79	35	98
79	35	99
79	35	100
79	35	101
79	35	102
79	35	103
79	35	104
79	35	105
79	35	106
79	35	107
79	35	108
79	35	109
79	35	110
79	35	111
79	35	112
79	35	113
79	36	97
79	36	98
79	36	99
79	36	100
79	36	101
79	36	102
79	36	103
79	36	104
79	36	105
79	36	106
79	36	107
79	36	108
79	36	109
79	36	110
79	36	111
79	36	112
79	36	113
79	37	97
79	37	98
79	37	99
79	37	100
79	37	101
79	37	102
79	37	103
79	37	104
79	37	105
79	37	106
79	37	107
79	37	108
79	37	109
79	37	110
79	37	111
79	37	112
79	37	113
79	38	97
79	38	98
79	38	99
79	38	100
79	38	101
79	38	102
79	38	103
79	38	104
79	38	105
79	38	106
79	38	107
79	38	108
79	38	109
79	38	110
79	38	111
79	38	112
79	38	113
79	39	97
79	39	98
79	39	99
79	39	100
79	39	101
79	39	102
79	39	103
79	39	104
79	39	105
79	39	106
79	39	107
79	39	108
79	39	109
79	39	110
79	39	111
79	39	112
79	39	113
79	40	97
79	40	98
79	40	99
79	40	100
79	40	101
79	40	102
79	40	103
79	40	104
79	40	105
79	40	106
79	40	107
79	40	108
79	40	109
79	40	110
79	40	111
79	40	112
79	40	113
79	41	97
79	41	98
79	41	99
79	41	100
79	41	101
79	41	102
79	41	103
79	41	104
79	41	105
79	41	106
79	41	107
79	41	108
79	41	109
79	41	110
79	41	111
79	41	112
79	41	113
79	42	90
79	42	91
79	42	92
79	42	93
79	42	94
79	42	95
79	42	96
79	42	97
79	42	98
79	42	99
79	42	100
79	42	101
79	42	102
79	42	103
79	42	104
79	42	105
79	42	106
79	42	107
79	42	108
79	42	109
79	42	110
79	42	111
79	42	112
79	42	113
79	43	89
79	43	90
79	43	91
79	43	92
79	43	93
79	43	94
79	43	95
79	43	96
79	43	97
79	43	98
79	43	99
79	43	100
79	43	101
79	43	102
79	43	103
79	43	104
79	43	105
79	43	106
79	43	107
79	43	108
79	43	109
79	43	110
79	43	111
79	43	112
79	43	113
79	44	89
79	44	90
79	44	91
79	44	92
79	44	93
79	44	94
79	44	95
79	44	96
79	44	97
79	44	98
79	44	99
79	44	100
79	44	101
79	44	102
79	44	103
79	44	104
79	44	105
79	44	106
79	44	107
79	44	108
79	44	109
79	44	110
79	44	111
79	44	112
79	44	113
79	45	88
79	45	89
79	45	90
79	45	91
79	45	92
79	45	93
79	45	94
79	45	95
79	45	96
79	45	97
79	45	98
79	45	99
79	45	100
79	45	101
79	45	102
79	45	103
79	45	104
79	45	105
79	45	106
79	45	107
79	45	108
79	45	109
79	45	110
79	45	111
79	45	112
79	45	113
79	46	87
79	46	88
79	46	89
79	46	90
79	46	91
79	46	92
79	46	93
79	46	94
79	46	95
79	46	96
79	46	97
79	46	98
79	46	99
79	46	100
79	46	101
79	46	102
79	46	103
79	46	104
79	46	105
79	46	106
79	46	107
79	46	108
79	46	109
79	46	110
79	46	111
79	46	112
79	46	113
79	47	97
79	48	92
79	50	101
79	50	102
79	50	103
79	50	104
80	27	99
80	28	99
80	28	100
80	29	99
80	29	100
80	29	101
80	29	102
80	29	103
80	30	99
80	30	100
80	30	101
80	30	102
80	30	103
80	30	104
80	30	105
80	30	109
80	31	99
80	31	100
80	31	101
80	31	102
80	31	103
80	31	104
80	31	105
80	31	106
80	31	107
80	31	108
80	31	109
80	31	110
80	31	111
80	32	98
80	32	99
80	32	100
80	32	101
80	32	102
80	32	103
80	32	104
80	32	105
80	32	106
80	32	107
80	32	108
80	32	109
80	32	110
80	32	111
80	32	112
80	33	98
80	33	99
80	33	100
80	33	101
80	33	102
80	33	103
80	33	104
80	33	105
80	33	106
80	33	107
80	33	108
80	33	109
80	33	110
80	33	111
80	33	112
80	34	98
80	34	99
80	34	100
80	34	101
80	34	102
80	34	103
80	34	104
80	34	105
80	34	106
80	34	107
80	34	108
80	34	109
80	34	110
80	34	111
80	34	112
80	35	98
80	35	99
80	35	100
80	35	101
80	35	102
80	35	103
80	35	104
80	35	105
80	35	106
80	35	107
80	35	108
80	35	109
80	35	110
80	35	111
80	35	112
80	35	113
80	36	98
80	36	99
80	36	100
80	36	101
80	36	102
80	36	103
80	36	104
80	36	105
80	36	106
80	36	107
80	36	108
80	36	109
80	36	110
80	36	111
80	36	112
80	36	113
80	36	114
80	37	98
80	37	99
80	37	100
80	37	101
80	37	102
80	37	103
80	37	104
80	37	105
80	37	106
80	37	107
80	37	108
80	37	109
80	37	110
80	37	111
80	37	112
80	37	113
80	37	114
80	38	98
80	38	99
80	38	100
80	38	101
80	38	102
80	38	103
80	38	104
80	38	105
80	38	106
80	38	107
80	38	108
80	38	109
80	38	110
80	38	111
80	38	112
80	38	113
80	38	114
80	39	98
80	39	99
80	39	100
80	39	101
80	39	102
80	39	103
80	39	104
80	39	105
80	39	106
80	39	107
80	39	108
80	39	109
80	39	110
80	39	111
80	39	112
80	39	113
80	39	114
80	40	98
80	40	99
80	40	100
80	40	101
80	40	102
80	40	103
80	40	104
80	40	105
80	40	106
80	40	107
80	40	108
80	40	109
80	40	110
80	40	111
80	40	112
80	40	113
80	40	114
80	41	98
80	41	99
80	41	100
80	41	101
80	41	102
80	41	103
80	41	104
80	41	105
80	41	106
80	41	107
80	41	108
80	41	109
80	41	110
80	41	111
80	41	112
80	41	113
80	41	114
80	42	98
80	42	99
80	42	100
80	42	101
80	42	102
80	42	103
80	42	104
80	42	105
80	42	106
80	42	107
80	42	108
80	42	109
80	42	110
80	42	111
80	42	112
80	42	113
80	42	114
80	43	89
80	43	90
80	43	91
80	43	92
80	43	93
80	43	94
80	43	95
80	43	96
80	43	97
80	43	98
80	43	99
80	43	100
80	43	101
80	43	102
80	43	103
80	43	104
80	43	105
80	43	106
80	43	107
80	43	108
80	43	109
80	43	110
80	43	111
80	43	112
80	43	113
80	43	114
80	44	89
80	44	90
80	44	91
80	44	92
80	44	93
80	44	94
80	44	95
80	44	96
80	44	97
80	44	98
80	44	99
80	44	100
80	44	101
80	44	102
80	44	103
80	44	104
80	44	105
80	44	106
80	44	107
80	44	108
80	44	109
80	44	110
80	44	111
80	44	112
80	44	113
80	44	114
80	45	88
80	45	89
80	45	90
80	45	91
80	45	92
80	45	93
80	45	94
80	45	95
80	45	96
80	45	97
80	45	98
80	45	99
80	45	100
80	45	101
80	45	102
80	45	103
80	45	104
80	45	105
80	45	106
80	45	107
80	45	108
80	45	109
80	45	110
80	45	111
80	45	112
80	45	113
80	45	114
80	46	88
80	46	89
80	46	90
80	46	91
80	46	92
80	46	93
80	46	94
80	46	95
80	46	96
80	46	97
80	46	98
80	46	99
80	46	100
80	46	101
80	46	102
80	46	103
80	46	104
80	46	105
80	46	106
80	46	107
80	46	108
80	46	109
80	46	110
80	46	111
80	46	112
80	46	113
80	46	114
80	47	88
80	47	89
80	47	90
80	47	91
80	47	92
80	47	93
80	47	94
80	47	95
80	47	96
80	47	97
80	47	98
80	47	99
80	47	100
80	47	101
80	47	102
80	47	103
80	47	104
80	47	105
80	47	106
80	47	107
80	47	108
80	47	109
80	47	110
80	47	111
80	47	112
80	47	113
80	47	114
80	48	92
80	49	88
80	49	89
81	31	99
81	31	100
81	31	101
81	32	99
81	32	100
81	32	101
81	32	102
81	32	103
81	32	104
81	32	105
81	32	106
81	32	107
81	32	108
81	33	99
81	33	100
81	33	101
81	33	102
81	33	103
81	33	104
81	33	105
81	33	106
81	33	107
81	33	108
81	33	109
81	33	110
81	34	99
81	34	100
81	34	101
81	34	102
81	34	103
81	34	104
81	34	105
81	34	106
81	34	107
81	34	108
81	34	109
81	34	110
81	34	111
81	35	99
81	35	100
81	35	101
81	35	102
81	35	103
81	35	104
81	35	105
81	35	106
81	35	107
81	35	108
81	35	109
81	35	110
81	35	111
81	36	99
81	36	100
81	36	101
81	36	102
81	36	103
81	36	104
81	36	105
81	36	106
81	36	107
81	36	108
81	36	109
81	36	110
81	36	111
81	36	112
81	37	99
81	37	100
81	37	101
81	37	102
81	37	103
81	37	104
81	37	105
81	37	106
81	37	107
81	37	108
81	37	109
81	37	110
81	37	111
81	37	112
81	37	113
81	38	99
81	38	100
81	38	101
81	38	102
81	38	103
81	38	104
81	38	105
81	38	106
81	38	107
81	38	108
81	38	109
81	38	110
81	38	111
81	38	112
81	38	113
81	39	99
81	39	100
81	39	101
81	39	102
81	39	103
81	39	104
81	39	105
81	39	106
81	39	107
81	39	108
81	39	109
81	39	110
81	39	111
81	39	112
81	39	113
81	39	114
81	40	99
81	40	100
81	40	101
81	40	102
81	40	103
81	40	104
81	40	105
81	40	106
81	40	107
81	40	108
81	40	109
81	40	110
81	40	111
81	40	112
81	40	113
81	40	114
81	40	115
81	41	99
81	41	100
81	41	101
81	41	102
81	41	103
81	41	104
81	41	105
81	41	106
81	41	107
81	41	108
81	41	109
81	41	110
81	41	111
81	41	112
81	41	113
81	41	114
81	41	115
81	42	99
81	42	100
81	42	101
81	42	102
81	42	103
81	42	104
81	42	105
81	42	106
81	42	107
81	42	108
81	42	109
81	42	110
81	42	111
81	42	112
81	42	113
81	42	114
81	42	115
81	43	99
81	43	100
81	43	101
81	43	102
81	43	103
81	43	104
81	43	105
81	43	106
81	43	107
81	43	108
81	43	109
81	43	110
81	43	111
81	43	112
81	43	113
81	43	114
81	43	115
81	44	89
81	44	90
81	44	91
81	44	92
81	44	93
81	44	94
81	44	95
81	44	96
81	44	97
81	44	98
81	44	99
81	44	100
81	44	101
81	44	102
81	44	103
81	44	104
81	44	105
81	44	106
81	44	107
81	44	108
81	44	109
81	44	110
81	44	111
81	44	112
81	44	113
81	44	114
81	44	115
81	45	89
81	45	90
81	45	91
81	45	92
81	45	93
81	45	94
81	45	95
81	45	96
81	45	97
81	45	98
81	45	99
81	45	100
81	45	101
81	45	102
81	45	103
81	45	104
81	45	105
81	45	106
81	45	107
81	45	108
81	45	109
81	45	110
81	45	111
81	45	112
81	45	113
81	45	114
81	45	115
81	46	88
81	46	89
81	46	90
81	46	91
81	46	92
81	46	93
81	46	94
81	46	95
81	46	96
81	46	97
81	46	98
81	46	99
81	46	100
81	46	101
81	46	102
81	46	103
81	46	104
81	46	105
81	46	106
81	46	107
81	46	108
81	46	109
81	46	110
81	46	111
81	46	112
81	46	113
81	46	114
81	46	115
81	47	88
81	47	89
81	47	90
81	47	91
81	47	92
81	47	93
81	47	94
81	47	95
81	47	96
81	47	97
81	47	98
81	47	99
81	47	100
81	47	101
81	47	102
81	47	103
81	47	104
81	47	105
81	47	106
81	47	107
81	47	108
81	47	109
81	47	110
81	47	111
81	47	112
81	47	113
81	47	114
81	47	115
81	48	88
81	48	89
81	48	90
81	48	91
81	48	92
81	48	93
81	48	102
81	48	103
81	48	104
81	48	105
81	48	106
81	48	107
81	48	108
81	48	109
81	48	110
81	48	111
81	48	112
81	48	113
81	48	114
81	48	115
81	49	88
81	49	89
82	32	100
82	33	100
82	33	101
82	34	100
82	34	101
82	34	102
82	34	103
82	34	104
82	34	105
82	34	106
82	34	107
82	34	108
82	35	100
82	35	101
82	35	102
82	35	103
82	35	104
82	35	105
82	35	106
82	35	107
82	35	108
82	35	109
82	36	100
82	36	101
82	36	102
82	36	103
82	36	104
82	36	105
82	36	106
82	36	107
82	36	108
82	36	109
82	36	110
82	37	100
82	37	101
82	37	102
82	37	103
82	37	104
82	37	105
82	37	106
82	37	107
82	37	108
82	37	109
82	37	110
82	37	111
82	38	100
82	38	101
82	38	102
82	38	103
82	38	104
82	38	105
82	38	106
82	38	107
82	38	108
82	38	109
82	38	110
82	38	111
82	38	112
82	39	100
82	39	101
82	39	102
82	39	103
82	39	104
82	39	105
82	39	106
82	39	107
82	39	108
82	39	109
82	39	110
82	39	111
82	39	112
82	39	113
82	40	100
82	40	101
82	40	102
82	40	103
82	40	104
82	40	105
82	40	106
82	40	107
82	40	108
82	40	109
82	40	110
82	40	111
82	40	112
82	40	113
82	40	114
82	41	100
82	41	101
82	41	102
82	41	103
82	41	104
82	41	105
82	41	106
82	41	107
82	41	108
82	41	109
82	41	110
82	41	111
82	41	112
82	41	113
82	41	114
82	42	100
82	42	101
82	42	102
82	42	103
82	42	104
82	42	105
82	42	106
82	42	107
82	42	108
82	42	109
82	42	110
82	42	111
82	42	112
82	42	113
82	42	114
82	42	115
82	43	100
82	43	101
82	43	102
82	43	103
82	43	104
82	43	105
82	43	106
82	43	107
82	43	108
82	43	109
82	43	110
82	43	111
82	43	112
82	43	113
82	43	114
82	43	115
82	44	100
82	44	101
82	44	102
82	44	103
82	44	104
82	44	105
82	44	106
82	44	107
82	44	108
82	44	109
82	44	110
82	44	111
82	44	112
82	44	113
82	44	114
82	44	115
82	44	116
82	45	89
82	45	90
82	45	91
82	45	92
82	45	93
82	45	94
82	45	95
82	45	96
82	45	97
82	45	98
82	45	99
82	45	100
82	45	101
82	45	102
82	45	103
82	45	104
82	45	105
82	45	106
82	45	107
82	45	108
82	45	109
82	45	110
82	45	111
82	45	112
82	45	113
82	45	114
82	45	115
82	45	116
82	46	89
82	46	90
82	46	91
82	46	92
82	46	93
82	46	94
82	46	95
82	46	96
82	46	97
82	46	98
82	46	99
82	46	100
82	46	101
82	46	102
82	46	103
82	46	104
82	46	105
82	46	106
82	46	107
82	46	108
82	46	109
82	46	110
82	46	111
82	46	112
82	46	113
82	46	114
82	46	115
82	46	116
82	47	89
82	47	90
82	47	91
82	47	92
82	47	93
82	47	94
82	47	95
82	47	96
82	47	103
82	47	104
82	47	105
82	47	106
82	47	107
82	47	108
82	47	109
82	47	110
82	47	111
82	47	112
82	47	113
82	47	114
82	47	115
82	47	116
82	48	88
82	48	89
82	48	90
82	48	91
82	48	92
82	48	107
82	48	108
82	48	109
82	48	110
82	48	111
82	48	112
82	48	113
82	48	114
82	48	115
82	49	88
82	49	89
82	49	110
82	49	111
82	49	112
82	49	113
82	49	114
83	34	101
83	35	101
83	35	102
83	35	103
83	35	104
83	35	105
83	36	101
83	36	102
83	36	103
83	36	104
83	36	105
83	36	106
83	36	107
83	37	101
83	37	102
83	37	103
83	37	104
83	37	105
83	37	106
83	37	107
83	37	108
83	38	101
83	38	102
83	38	103
83	38	104
83	38	105
83	38	106
83	38	107
83	38	108
83	38	109
83	39	101
83	39	102
83	39	103
83	39	104
83	39	105
83	39	106
83	39	107
83	39	108
83	39	109
83	39	110
83	39	111
83	40	101
83	40	102
83	40	103
83	40	104
83	40	105
83	40	106
83	40	107
83	40	108
83	40	109
83	40	110
83	40	111
83	40	112
83	41	101
83	41	102
83	41	103
83	41	104
83	41	105
83	41	106
83	41	107
83	41	108
83	41	109
83	41	110
83	41	111
83	41	112
83	41	113
83	42	101
83	42	102
83	42	103
83	42	104
83	42	105
83	42	106
83	42	107
83	42	108
83	42	109
83	42	110
83	42	111
83	42	112
83	42	113
83	42	114
83	43	101
83	43	102
83	43	103
83	43	104
83	43	105
83	43	106
83	43	107
83	43	108
83	43	109
83	43	110
83	43	111
83	43	112
83	43	113
83	43	114
83	43	115
83	44	101
83	44	102
83	44	103
83	44	104
83	44	105
83	44	106
83	44	107
83	44	108
83	44	109
83	44	110
83	44	111
83	44	112
83	44	113
83	44	114
83	44	115
83	45	101
83	45	102
83	45	103
83	45	104
83	45	105
83	45	106
83	45	107
83	45	108
83	45	109
83	45	110
83	45	111
83	45	112
83	45	113
83	45	114
83	45	115
83	45	116
83	46	90
83	46	91
83	46	92
83	46	93
83	46	94
83	46	95
83	46	96
83	46	97
83	46	105
83	46	106
83	46	107
83	46	108
83	46	109
83	46	110
83	46	111
83	46	112
83	46	113
83	46	114
83	46	115
83	46	116
83	47	90
83	47	91
83	47	92
83	47	93
83	47	94
83	47	95
83	47	107
83	47	108
83	47	109
83	47	110
83	47	111
83	47	112
83	47	113
83	47	114
83	47	115
83	48	90
83	48	91
83	48	109
83	48	110
83	48	111
83	48	112
83	48	113
83	48	114
83	48	115
83	49	112
83	49	113
84	36	102
84	36	103
84	37	102
84	37	103
84	37	104
84	37	105
84	38	102
84	38	103
84	38	104
84	38	105
84	38	106
84	39	102
84	39	103
84	39	104
84	39	105
84	39	106
84	39	107
84	40	102
84	40	103
84	40	104
84	40	105
84	40	106
84	40	107
84	40	108
84	41	102
84	41	103
84	41	104
84	41	105
84	41	106
84	41	107
84	41	108
84	41	109
84	41	110
84	42	102
84	42	103
84	42	104
84	42	105
84	42	106
84	42	107
84	42	108
84	42	109
84	42	110
84	42	111
84	42	112
84	42	113
84	43	102
84	43	103
84	43	104
84	43	105
84	43	106
84	43	107
84	43	108
84	43	109
84	43	110
84	43	111
84	43	112
84	43	113
84	43	114
84	44	102
84	44	104
84	44	105
84	44	106
84	44	107
84	44	108
84	44	109
84	44	110
84	44	111
84	44	112
84	44	113
84	44	114
84	44	115
84	45	106
84	45	107
84	45	108
84	45	109
84	45	110
84	45	111
84	45	112
84	45	113
84	45	114
84	45	115
84	46	107
84	46	108
84	46	109
84	46	110
84	46	111
84	46	112
84	46	113
84	46	114
84	46	115
84	47	91
84	47	92
84	47	93
84	47	94
84	47	109
84	47	110
84	47	111
84	47	112
84	47	113
84	47	114
84	47	115
84	48	111
84	48	112
84	48	113
84	48	114
85	38	103
85	39	103
85	39	104
85	40	103
85	40	104
85	41	103
85	41	104
85	42	102
85	44	109
85	44	110
85	44	111
85	44	112
85	44	113
85	45	109
85	45	110
85	45	111
85	45	112
85	45	113
85	46	109
85	46	110
85	46	111
85	46	112
85	46	113
85	47	111
85	47	112
85	47	113
