#i	j	k
0	10	19
0	11	18
0	11	19
0	11	20
0	12	18
0	12	19
0	12	20
0	12	21
0	13	18
0	13	19
0	13	20
0	13	21
0	13	22
0	14	18
0	14	19
0	14	20
0	14	21
0	14	22
0	14	23
0	15	18
0	15	19
0	15	20
0	15	21
0	15	22
0	15	23
0	16	17
0	16	18
0	16	19
0	16	20
0	16	21
0	16	22
0	16	23
0	17	17
0	17	18
0	17	19
0	17	20
0	17	21
0	17	22
0	17	23
0	17	24
0	18	17
0	18	18
0	18	19
0	18	20
0	18	21
0	18	22
0	18	23
0	18	24
0	18	25
0	19	17
0	19	18
0	19	19
0	19	20
0	19	21
0	19	22
0	19	23
0	19	24
0	19	25
0	19	26
0	20	17
0	20	18
0	20	19
0	20	20
0	20	21
0	20	22
0	20	23
0	20	24
0	20	25
0	20	26
0	20	27
0	21	16
0	21	17
0	21	18
0	21	19
0	21	20
0	21	21
0	21	22
0	21	23
0	21	24
0	21	25
0	21	26
0	21	27
0	21	28
0	22	16
0	22	17
0	22	18
0	22	19
0	22	20
0	22	21
0	22	22
0	22	23
0	22	24
0	22	25
0	22	26
0	22	27
0	23	17
0	23	18
0	23	19
0	23	20
0	23	21
0	23	22
0	23	23
0	23	24
0	23	25
0	23	26
0	24	17
0	24	18
0	24	19
0	24	20
0	24	21
0	24	22
0	24	23
0	24	24
0	24	25
0	25	17
0	25	18
0	25	19
0	25	20
0	25	21
0	25	22
0	26	17
0	26	18
0	26	19
0	26	20
1	11	19
1	11	20
1	12	19
1	12	20
1	12	21
1	13	19
1	13	20
1	13	21
1	13	22
1	14	19
1	14	20
1	14	21
1	14	22
1	14	23
1	15	18
1	15	19
1	15	20
1	15	21
1	15	22
1	15	23
1	16	18
1	16	19
1	16	20
1	16	21
1	16	22
1	16	23
1	17	18
1	17	19
1	17	20
1	17	21
1	17	22
1	17	23
1	17	24
1	18	18
1	18	19
1	18	20
1	18	21
1	18	22
1	18	23
1	18	24
1	18	25
1	19	18
1	19	19
1	19	20
1	19	21
1	19	22
1	19	23
1	19	24
1	19	25
1	19	26
1	20	18
1	20	19
1	20	20
1	20	21
1	20	22
1	20	23
1	20	24
1	20	25
1	20	26
1	20	27
1	21	18
1	21	19
1	21	20
1	21	21
1	21	22
1	21	23
1	21	24
1	21	25
1	21	26
1	21	27
1	21	28
1	22	18
1	22	19
1	22	20
1	22	21
1	22	22
1	22	23
1	22	24
1	22	25
1	22	26
1	22	27
1	23	18
1	23	19
1	23	20
1	23	21
1	23	22
1	23	23
1	23	24
1	23	25
1	23	26
1	24	18
1	24	19
1	24	20
1	24	21
1	24	22
1	24	23
1	24	24
1	25	18
1	25	19
1	25	20
1	25	21
1	25	22
1	26	18
1	26	19
1	26	20
1	26	21
1	27	17
1	27	18
1	27	19
1	27	20
1	27	21
2	11	20
2	12	20
2	12	21
2	13	20
2	13	21
2	13	22
2	14	20
2	14	21
2	14	22
2	15	19
2	15	20
2	15	21
2	15	22
2	16	19
2	16	20
2	16	21
2	16	22
2	17	19
2	17	20
2	17	21
2	17	22
2	17	23
2	18	19
2	18	20
2	18	21
2	18	22
2	18	23
2	18	24
2	18	25
2	19	19
2	19	20
2	19	21
2	19	22
2	19	23
2	19	24
2	19	25
2	19	26
2	20	19
2	20	20
2	20	21
2	20	22
2	20	23
2	20	24
2	20	25
2	20	26
2	20	27
2	21	18
2	21	19
2	21	20
2	21	21
2	21	22
2	21	23
2	21	24
2	21	25
2	21	26
2	21	27
2	21	28
2	22	18
2	22	19
2	22	20
2	22	21
2	22	22
2	22	23
2	22	24
2	22	25
2	22	26
2	22	27
2	23	18
2	23	19
2	23	20
2	23	21
2	23	22
2	23	23
2	23	24
2	23	25
2	24	18
2	24	19
2	24	20
2	24	21
2	24	22
2	24	23
2	24	24
2	25	18
2	25	19
2	25	20
2	25	21
2	25	22
2	25	23
2	26	18
2	26	19
2	26	20
2	26	21
2	26	22
2	26	23
2	27	17
2	27	18
2	27	19
2	27	20
2	27	21
2	27	22
2	28	18
2	28	19
2	28	20
2	28	21
2	29	18
2	29	19
3	12	20
3	12	21
3	13	20
3	13	21
3	14	20
3	14	21
3	15	20
3	15	21
3	16	20
3	16	21
3	17	20
3	17	21
3	18	19
3	18	20
3	18	21
3	18	22
3	18	23
3	18	24
3	19	19
3	19	20
3	19	21
3	19	22
3	19	23
3	19	24
3	19	25
3	19	26
3	20	19
3	20	20
3	20	21
3	20	22
3	20	23
3	20	24
3	20	25
3	20	26
3	20	27
3	21	19
3	21	20
3	21	21
3	21	22
3	21	23
3	21	24
3	21	25
3	21	26
3	21	27
3	22	18
3	22	19
3	22	20
3	22	21
3	22	22
3	22	23
3	22	24
3	22	25
3	22	26
3	22	29
3	22	30
3	22	31
3	23	18
3	23	19
3	23	20
3	23	21
3	23	22
3	23	23
3	23	24
3	23	25
3	23	26
3	23	27
3	23	28
3	23	29
3	23	30
3	23	31
3	24	18
3	24	19
3	24	20
3	24	21
3	24	22
3	24	23
3	24	24
3	24	25
3	24	26
3	24	27
3	24	28
3	24	29
3	24	30
3	24	31
3	25	18
3	25	19
3	25	20
3	25	21
3	25	22
3	25	23
3	25	24
3	25	25
3	25	26
3	25	27
3	25	28
3	25	29
3	25	30
3	26	17
3	26	18
3	26	19
3	26	20
3	26	21
3	26	22
3	26	23
3	26	24
3	26	25
3	26	26
3	26	27
3	27	17
3	27	18
3	27	19
3	27	20
3	27	21
3	27	22
3	27	23
3	28	17
3	28	18
3	28	19
3	28	20
3	28	21
3	28	22
3	28	23
3	29	17
3	29	18
3	29	19
3	29	20
3	29	21
3	29	22
3	30	16
3	30	17
3	30	18
3	30	19
3	30	20
3	30	21
3	31	16
3	31	17
3	31	18
3	31	19
3	32	16
4	12	20
4	13	20
4	14	20
4	15	20
4	16	20
4	17	20
4	18	20
4	19	19
4	19	20
4	19	21
4	19	22
4	19	23
4	19	24
4	19	25
4	20	19
4	20	20
4	20	21
4	20	22
4	20	23
4	20	24
4	20	25
4	20	26
4	20	27
4	21	19
4	21	20
4	21	21
4	21	22
4	21	23
4	21	24
4	21	25
4	21	26
4	21	27
4	21	28
4	21	29
4	21	30
4	21	31
4	21	32
4	22	18
4	22	19
4	22	20
4	22	21
4	22	22
4	22	23
4	22	24
4	22	25
4	22	26
4	22	27
4	22	28
4	22	29
4	22	30
4	22	31
4	22	32
4	23	18
4	23	19
4	23	20
4	23	21
4	23	22
4	23	23
4	23	24
4	23	25
4	23	26
4	23	27
4	23	28
4	23	29
4	23	30
4	23	31
4	23	32
4	24	18
4	24	19
4	24	20
4	24	21
4	24	22
4	24	23
4	24	24
4	24	25
4	24	26
4	24	27
4	24	28
4	24	29
4	24	30
4	24	31
4	25	17
4	25	18
4	25	19
4	25	20
4	25	21
4	25	22
4	25	23
4	25	24
4	25	25
4	25	26
4	25	27
4	25	28
4	25	29
4	25	30
4	25	31
4	26	17
4	26	18
4	26	19
4	26	20
4	26	21
4	26	22
4	26	23
4	26	24
4	26	25
4	26	26
4	26	27
4	26	28
4	26	29
4	26	30
4	27	17
4	27	18
4	27	19
4	27	20
4	27	21
4	27	22
4	27	23
4	27	24
4	27	25
4	27	26
4	27	27
4	27	28
4	27	29
4	28	17
4	28	18
4	28	19
4	28	20
4	28	21
4	28	22
4	28	23
4	29	17
4	29	18
4	29	19
4	29	20
4	29	21
4	29	22
4	30	16
4	30	17
4	30	18
4	30	19
4	30	20
4	31	15
4	31	16
4	31	17
4	32	16
5	16	20
5	17	19
5	17	20
5	17	21
5	17	22
5	17	23
5	18	19
5	18	20
5	18	21
5	18	22
5	18	23
5	18	24
5	18	25
5	19	19
5	19	20
5	19	21
5	19	22
5	19	23
5	19	24
5	19	25
5	19	26
5	20	19
5	20	20
5	20	21
5	20	22
5	20	23
5	20	24
5	20	25
5	20	26
5	20	27
5	20	28
5	20	29
5	20	30
5	20	31
5	20	32
5	20	33
5	21	18
5	21	19
5	21	20
5	21	21
5	21	22
5	21	23
5	21	24
5	21	25
5	21	26
5	21	27
5	21	28
5	21	29
5	21	30
5	21	31
5	21	32
5	21	33
5	22	18
5	22	19
5	22	20
5	22	21
5	22	22
5	22	23
5	22	24
5	22	25
5	22	26
5	22	27
5	22	28
5	22	29
5	22	30
5	22	31
5	22	32
5	22	33
5	23	17
5	23	18
5	23	19
5	23	20
5	23	21
5	23	22
5	23	23
5	23	24
5	23	25
5	23	26
5	23	27
5	23	28
5	23	29
5	23	30
5	23	31
5	23	32
5	24	17
5	24	18
5	24	19
5	24	20
5	24	21
5	24	22
5	24	23
5	24	24
5	24	25
5	24	26
5	24	27
5	24	28
5	24	29
5	24	30
5	24	31
5	24	32
5	25	17
5	25	18
5	25	19
5	25	20
5	25	21
5	25	22
5	25	23
5	25	24
5	25	25
5	25	26
5	25	27
5	25	28
5	25	29
5	25	30
5	25	31
5	26	17
5	26	18
5	26	19
5	26	20
5	26	21
5	26	22
5	26	23
5	26	24
5	26	25
5	26	26
5	26	27
5	26	28
5	26	29
5	26	30
5	27	17
5	27	18
5	27	19
5	27	20
5	27	21
5	27	22
5	27	23
5	27	24
5	27	25
5	27	26
5	27	27
5	27	28
5	27	29
5	28	16
5	28	17
5	28	18
5	28	19
5	28	20
5	28	21
5	28	22
5	28	23
5	28	24
5	28	25
5	28	26
5	28	27
5	28	28
5	29	16
5	29	17
5	29	18
5	29	19
5	29	20
5	29	21
5	29	22
5	30	15
5	30	16
5	30	17
5	30	18
5	31	15
5	31	16
5	31	17
5	32	16
5	32	17
5	33	16
5	33	17
5	34	16
5	40	13
5	41	13
5	42	13
6	16	23
6	17	20
6	17	21
6	17	22
6	17	23
6	17	24
6	18	20
6	18	21
6	18	22
6	18	23
6	18	24
6	18	25
6	19	19
6	19	20
6	19	21
6	19	22
6	19	23
6	19	24
6	19	25
6	19	26
6	19	27
6	19	30
6	19	31
6	19	32
6	19	33
6	20	18
6	20	19
6	20	20
6	20	21
6	20	22
6	20	23
6	20	24
6	20	25
6	20	26
6	20	27
6	20	28
6	20	29
6	20	30
6	20	31
6	20	32
6	20	33
6	20	34
6	21	18
6	21	19
6	21	20
6	21	21
6	21	22
6	21	23
6	21	24
6	21	25
6	21	26
6	21	27
6	21	28
6	21	29
6	21	30
6	21	31
6	21	32
6	21	33
6	21	34
6	22	17
6	22	18
6	22	19
6	22	20
6	22	21
6	22	22
6	22	23
6	22	24
6	22	25
6	22	26
6	22	27
6	22	28
6	22	29
6	22	30
6	22	31
6	22	32
6	22	33
6	23	17
6	23	18
6	23	19
6	23	20
6	23	21
6	23	22
6	23	23
6	23	24
6	23	25
6	23	26
6	23	27
6	23	28
6	23	29
6	23	30
6	23	31
6	23	32
6	23	33
6	24	16
6	24	17
6	24	18
6	24	19
6	24	20
6	24	21
6	24	22
6	24	23
6	24	24
6	24	25
6	24	26
6	24	27
6	24	28
6	24	29
6	24	30
6	24	31
6	24	32
6	25	16
6	25	17
6	25	18
6	25	19
6	25	20
6	25	21
6	25	22
6	25	23
6	25	24
6	25	25
6	25	26
6	25	27
6	25	28
6	25	29
6	25	30
6	25	31
6	25	32
6	26	15
6	26	16
6	26	17
6	26	18
6	26	19
6	26	20
6	26	21
6	26	22
6	26	23
6	26	24
6	26	25
6	26	26
6	26	27
6	26	28
6	26	29
6	26	30
6	27	15
6	27	16
6	27	17
6	27	18
6	27	19
6	27	20
6	27	21
6	27	22
6	27	23
6	27	24
6	27	25
6	27	26
6	27	27
6	27	28
6	27	29
6	28	15
6	28	16
6	28	17
6	28	18
6	28	19
6	28	20
6	28	21
6	28	22
6	28	23
6	28	24
6	28	25
6	28	26
6	28	27
6	28	28
6	29	15
6	29	16
6	29	17
6	29	18
6	29	19
6	29	20
6	29	21
6	29	22
6	29	23
6	29	24
6	29	25
6	29	26
6	29	27
6	30	15
6	30	16
6	30	17
6	30	18
6	30	19
6	30	20
6	30	21
6	30	22
6	30	23
6	31	15
6	31	16
6	31	17
6	31	18
6	31	19
6	32	16
6	32	17
6	32	18
6	33	16
6	33	17
6	33	18
6	34	15
6	34	16
6	34	17
6	34	18
6	35	15
6	35	17
6	38	14
6	39	14
6	40	14
6	41	14
7	16	24
7	17	21
7	17	22
7	17	23
7	17	24
7	17	25
7	18	20
7	18	21
7	18	22
7	18	23
7	18	24
7	18	25
7	18	26
7	19	20
7	19	21
7	19	22
7	19	23
7	19	24
7	19	25
7	19	26
7	19	27
7	19	28
7	19	29
7	19	30
7	19	31
7	19	32
7	19	33
7	20	19
7	20	20
7	20	21
7	20	22
7	20	23
7	20	24
7	20	25
7	20	26
7	20	27
7	20	28
7	20	29
7	20	30
7	20	31
7	20	32
7	20	33
7	21	18
7	21	19
7	21	20
7	21	21
7	21	22
7	21	23
7	21	24
7	21	25
7	21	26
7	21	27
7	21	28
7	21	29
7	21	30
7	21	31
7	21	32
7	21	33
7	21	34
7	22	18
7	22	19
7	22	20
7	22	21
7	22	22
7	22	23
7	22	24
7	22	25
7	22	26
7	22	27
7	22	28
7	22	29
7	22	30
7	22	31
7	22	32
7	22	33
7	22	34
7	23	18
7	23	19
7	23	20
7	23	21
7	23	22
7	23	23
7	23	24
7	23	25
7	23	26
7	23	27
7	23	28
7	23	29
7	23	30
7	23	31
7	23	32
7	23	33
7	23	34
7	24	17
7	24	18
7	24	19
7	24	20
7	24	21
7	24	22
7	24	23
7	24	24
7	24	25
7	24	26
7	24	27
7	24	28
7	24	29
7	24	30
7	24	31
7	24	32
7	24	33
7	24	34
7	25	17
7	25	18
7	25	19
7	25	20
7	25	21
7	25	22
7	25	23
7	25	24
7	25	25
7	25	26
7	25	27
7	25	28
7	25	29
7	25	30
7	25	31
7	25	32
7	25	33
7	26	16
7	26	17
7	26	18
7	26	19
7	26	20
7	26	21
7	26	22
7	26	23
7	26	24
7	26	25
7	26	26
7	26	27
7	26	28
7	26	29
7	26	30
7	26	31
7	26	32
7	27	16
7	27	17
7	27	18
7	27	19
7	27	20
7	27	21
7	27	22
7	27	23
7	27	24
7	27	25
7	27	26
7	27	27
7	27	28
7	27	29
7	28	16
7	28	17
7	28	18
7	28	19
7	28	20
7	28	21
7	28	22
7	28	23
7	28	24
7	28	25
7	28	26
7	28	27
7	28	28
7	29	16
7	29	17
7	29	18
7	29	19
7	29	20
7	29	21
7	29	22
7	29	23
7	29	24
7	29	25
7	29	26
7	29	27
7	30	16
7	30	17
7	30	18
7	30	19
7	30	20
7	30	21
7	30	22
7	30	23
7	30	24
7	30	25
7	30	26
7	31	16
7	31	17
7	31	18
7	31	19
7	31	20
7	31	21
7	31	22
7	31	23
7	31	24
7	32	16
7	32	17
7	32	18
7	32	19
7	32	20
7	33	15
7	33	16
7	33	17
7	33	18
7	33	19
7	34	15
7	34	16
7	34	17
7	34	18
7	34	19
7	35	15
7	35	16
7	35	17
7	35	18
7	35	19
7	36	15
7	36	16
7	36	18
7	37	15
7	38	14
7	38	15
7	39	14
7	39	15
7	40	14
7	40	15
7	41	14
8	16	25
8	17	22
8	17	23
8	17	24
8	17	25
8	17	26
8	18	21
8	18	22
8	18	23
8	18	24
8	18	25
8	18	26
8	18	27
8	18	28
8	18	29
8	19	20
8	19	21
8	19	22
8	19	23
8	19	24
8	19	25
8	19	26
8	19	27
8	19	28
8	19	29
8	19	30
8	19	31
8	19	32
8	19	33
8	20	20
8	20	21
8	20	22
8	20	23
8	20	24
8	20	25
8	20	26
8	20	27
8	20	28
8	20	29
8	20	30
8	20	31
8	20	32
8	20	33
8	21	19
8	21	20
8	21	21
8	21	22
8	21	23
8	21	24
8	21	25
8	21	26
8	21	27
8	21	28
8	21	29
8	21	30
8	21	31
8	21	32
8	21	33
8	21	34
8	22	19
8	22	20
8	22	21
8	22	22
8	22	23
8	22	24
8	22	25
8	22	26
8	22	27
8	22	28
8	22	29
8	22	30
8	22	31
8	22	32
8	22	33
8	22	34
8	23	18
8	23	19
8	23	20
8	23	21
8	23	22
8	23	23
8	23	24
8	23	25
8	23	26
8	23	27
8	23	28
8	23	29
8	23	30
8	23	31
8	23	32
8	23	33
8	23	34
8	24	18
8	24	19
8	24	20
8	24	21
8	24	22
8	24	23
8	24	24
8	24	25
8	24	26
8	24	27
8	24	28
8	24	29
8	24	30
8	24	31
8	24	32
8	24	33
8	24	34
8	25	18
8	25	19
8	25	20
8	25	21
8	25	22
8	25	23
8	25	24
8	25	25
8	25	26
8	25	27
8	25	28
8	25	29
8	25	30
8	25	31
8	25	32
8	25	33
8	26	17
8	26	18
8	26	19
8	26	20
8	26	21
8	26	22
8	26	23
8	26	24
8	26	25
8	26	26
8	26	27
8	26	28
8	26	29
8	26	30
8	26	31
8	27	17
8	27	18
8	27	19
8	27	20
8	27	21
8	27	22
8	27	23
8	27	24
8	27	25
8	27	26
8	27	27
8	27	28
8	27	29
8	27	30
8	28	17
8	28	18
8	28	19
8	28	20
8	28	21
8	28	22
8	28	23
8	28	24
8	28	25
8	28	26
8	28	27
8	28	28
8	29	16
8	29	17
8	29	18
8	29	19
8	29	20
8	29	21
8	29	22
8	29	23
8	29	24
8	29	25
8	29	26
8	29	27
8	30	16
8	30	17
8	30	18
8	30	19
8	30	20
8	30	21
8	30	22
8	30	23
8	30	24
8	30	25
8	30	26
8	31	16
8	31	17
8	31	18
8	31	19
8	31	20
8	31	21
8	31	22
8	31	23
8	31	24
8	31	25
8	32	16
8	32	17
8	32	18
8	32	19
8	32	20
8	32	21
8	32	22
8	32	23
8	33	15
8	33	16
8	33	17
8	33	18
8	33	19
8	33	20
8	33	21
8	34	15
8	34	16
8	34	17
8	34	18
8	34	19
8	34	20
8	35	15
8	35	16
8	35	17
8	35	18
8	35	19
8	36	15
8	36	16
8	36	17
8	36	18
8	36	19
8	37	15
8	37	16
8	37	17
8	38	15
8	38	16
8	39	15
8	39	16
8	40	15
9	16	26
9	16	27
9	17	23
9	17	24
9	17	25
9	17	26
9	17	27
9	17	28
9	17	29
9	18	22
9	18	23
9	18	24
9	18	25
9	18	26
9	18	27
9	18	28
9	18	29
9	18	30
9	18	31
9	18	32
9	19	21
9	19	22
9	19	23
9	19	24
9	19	25
9	19	26
9	19	27
9	19	28
9	19	29
9	19	30
9	19	31
9	19	32
9	19	33
9	20	20
9	20	21
9	20	22
9	20	23
9	20	24
9	20	25
9	20	26
9	20	27
9	20	28
9	20	29
9	20	30
9	20	31
9	20	32
9	20	33
9	20	34
9	21	20
9	21	21
9	21	22
9	21	23
9	21	24
9	21	25
9	21	26
9	21	27
9	21	28
9	21	29
9	21	30
9	21	31
9	21	32
9	21	33
9	21	34
9	22	19
9	22	20
9	22	21
9	22	22
9	22	23
9	22	24
9	22	25
9	22	26
9	22	27
9	22	28
9	22	29
9	22	30
9	22	31
9	22	32
9	22	33
9	22	34
9	23	19
9	23	20
9	23	21
9	23	22
9	23	23
9	23	24
9	23	25
9	23	26
9	23	27
9	23	28
9	23	29
9	23	30
9	23	31
9	23	32
9	23	33
9	23	34
9	24	19
9	24	20
9	24	21
9	24	22
9	24	23
9	24	24
9	24	25
9	24	26
9	24	27
9	24	28
9	24	29
9	24	30
9	24	31
9	24	32
9	24	33
9	25	19
9	25	20
9	25	21
9	25	22
9	25	23
9	25	24
9	25	25
9	25	26
9	25	27
9	25	28
9	25	29
9	25	30
9	25	31
9	25	32
9	26	18
9	26	19
9	26	20
9	26	21
9	26	22
9	26	23
9	26	24
9	26	25
9	26	26
9	26	27
9	26	28
9	26	29
9	26	30
9	26	31
9	27	18
9	27	19
9	27	20
9	27	21
9	27	22
9	27	23
9	27	24
9	27	25
9	27	26
9	27	27
9	27	28
9	27	29
9	27	30
9	28	17
9	28	18
9	28	19
9	28	20
9	28	21
9	28	22
9	28	23
9	28	24
9	28	25
9	28	26
9	28	27
9	28	28
9	29	17
9	29	18
9	29	19
9	29	20
9	29	21
9	29	22
9	29	23
9	29	24
9	29	25
9	29	26
9	29	27
9	30	16
9	30	17
9	30	18
9	30	19
9	30	20
9	30	21
9	30	22
9	30	23
9	30	24
9	30	25
9	30	26
9	31	16
9	31	17
9	31	18
9	31	19
9	31	20
9	31	21
9	31	22
9	31	23
9	31	24
9	31	25
9	32	16
9	32	17
9	32	18
9	32	19
9	32	20
9	32	21
9	32	22
9	32	23
9	32	24
9	33	15
9	33	16
9	33	17
9	33	18
9	33	19
9	33	20
9	33	21
9	33	22
9	34	15
9	34	16
9	34	17
9	34	18
9	34	19
9	34	20
9	34	21
9	35	15
9	35	16
9	35	17
9	35	18
9	35	19
9	35	20
9	36	15
9	36	16
9	36	17
9	36	18
9	36	19
9	37	15
9	37	16
9	37	17
9	37	18
9	38	15
9	38	16
9	38	17
9	39	15
9	39	16
9	40	15
10	15	27
10	15	28
10	16	26
10	16	27
10	16	28
10	16	29
10	17	23
10	17	24
10	17	25
10	17	26
10	17	27
10	17	28
10	17	29
10	17	30
10	17	31
10	17	32
10	18	22
10	18	23
10	18	24
10	18	25
10	18	26
10	18	27
10	18	28
10	18	29
10	18	30
10	18	31
10	18	32
10	18	33
10	19	21
10	19	22
10	19	23
10	19	24
10	19	25
10	19	26
10	19	27
10	19	28
10	19	29
10	19	30
10	19	31
10	19	32
10	19	33
10	19	34
10	20	21
10	20	22
10	20	23
10	20	24
10	20	25
10	20	26
10	20	27
10	20	28
10	20	29
10	20	30
10	20	31
10	20	32
10	20	33
10	20	34
10	21	20
10	21	21
10	21	22
10	21	23
10	21	24
10	21	25
10	21	26
10	21	27
10	21	28
10	21	29
10	21	30
10	21	31
10	21	32
10	21	33
10	21	34
10	22	20
10	22	21
10	22	22
10	22	23
10	22	24
10	22	25
10	22	26
10	22	27
10	22	28
10	22	29
10	22	30
10	22	31
10	22	32
10	22	33
10	22	34
10	23	20
10	23	21
10	23	22
10	23	23
10	23	24
10	23	25
10	23	26
10	23	27
10	23	28
10	23	29
10	23	30
10	23	31
10	23	32
10	23	33
10	23	34
10	24	20
10	24	21
10	24	22
10	24	23
10	24	24
10	24	25
10	24	26
10	24	27
10	24	28
10	24	29
10	24	30
10	24	31
10	24	32
10	24	33
10	25	19
10	25	20
10	25	21
10	25	22
10	25	23
10	25	24
10	25	25
10	25	26
10	25	27
10	25	28
10	25	29
10	25	30
10	25	31
10	25	32
10	26	19
10	26	20
10	26	21
10	26	22
10	26	23
10	26	24
10	26	25
10	26	26
10	26	27
10	26	28
10	26	29
10	26	30
10	26	31
10	27	19
10	27	20
10	27	21
10	27	22
10	27	23
10	27	24
10	27	25
10	27	26
10	27	27
10	27	28
10	27	29
10	27	30
10	28	18
10	28	19
10	28	20
10	28	21
10	28	22
10	28	23
10	28	24
10	28	25
10	28	26
10	28	27
10	28	28
10	28	29
10	28	30
10	29	17
10	29	18
10	29	19
10	29	20
10	29	21
10	29	22
10	29	23
10	29	24
10	29	25
10	29	26
10	29	27
10	30	17
10	30	18
10	30	19
10	30	20
10	30	21
10	30	22
10	30	23
10	30	24
10	30	25
10	30	26
10	31	16
10	31	17
10	31	18
10	31	19
10	31	20
10	31	21
10	31	22
10	31	23
10	31	24
10	31	25
10	32	16
10	32	17
10	32	18
10	32	19
10	32	20
10	32	21
10	32	22
10	32	23
10	32	24
10	33	16
10	33	17
10	33	18
10	33	19
10	33	20
10	33	21
10	33	22
10	33	23
10	34	15
10	34	16
10	34	17
10	34	18
10	34	19
10	34	20
10	34	21
10	34	22
10	34	23
10	35	15
10	35	16
10	35	17
10	35	18
10	35	19
10	35	20
10	36	15
10	36	16
10	36	17
10	36	18
10	36	19
10	37	15
10	37	16
10	37	17
10	37	18
10	38	15
10	38	16
10	38	17
10	39	15
10	39	16
10	40	15
11	14	28
11	15	27
11	15	28
11	15	29
11	15	30
11	16	26
11	16	27
11	16	28
11	16	29
11	16	30
11	16	31
11	16	32
11	17	23
11	17	24
11	17	25
11	17	26
11	17	27
11	17	28
11	17	29
11	17	30
11	17	31
11	17	32
11	17	33
11	18	22
11	18	23
11	18	24
11	18	25
11	18	26
11	18	27
11	18	28
11	18	29
11	18	30
11	18	31
11	18	32
11	18	33
11	18	34
11	19	22
11	19	23
11	19	24
11	19	25
11	19	26
11	19	27
11	19	28
11	19	29
11	19	30
11	19	31
11	19	32
11	19	33
11	19	34
11	20	21
11	20	22
11	20	23
11	20	24
11	20	25
11	20	26
11	20	27
11	20	28
11	20	29
11	20	30
11	20	31
11	20	32
11	20	33
11	20	34
11	21	21
11	21	22
11	21	23
11	21	24
11	21	25
11	21	26
11	21	27
11	21	28
11	21	29
11	21	30
11	21	31
11	21	32
11	21	33
11	21	34
11	22	21
11	22	22
11	22	23
11	22	24
11	22	25
11	22	26
11	22	27
11	22	28
11	22	29
11	22	30
11	22	31
11	22	32
11	22	33
11	22	34
11	23	21
11	23	22
11	23	23
11	23	24
11	23	25
11	23	26
11	23	27
11	23	28
11	23	29
11	23	30
11	23	31
11	23	32
11	23	33
11	23	34
11	24	20
11	24	21
11	24	22
11	24	23
11	24	24
11	24	25
11	24	26
11	24	27
11	24	28
11	24	29
11	24	30
11	24	31
11	24	32
11	24	33
11	25	20
11	25	21
11	25	22
11	25	23
11	25	24
11	25	25
11	25	26
11	25	27
11	25	28
11	25	29
11	25	30
11	25	31
11	25	32
11	26	19
11	26	20
11	26	21
11	26	22
11	26	23
11	26	24
11	26	25
11	26	26
11	26	27
11	26	28
11	26	29
11	26	30
11	26	31
11	27	19
11	27	20
11	27	21
11	27	22
11	27	23
11	27	24
11	27	25
11	27	26
11	27	27
11	27	28
11	27	29
11	27	30
11	27	31
11	28	18
11	28	19
11	28	20
11	28	21
11	28	22
11	28	23
11	28	24
11	28	25
11	28	26
11	28	27
11	28	28
11	28	29
11	28	30
11	29	18
11	29	19
11	29	20
11	29	21
11	29	22
11	29	23
11	29	24
11	29	25
11	29	26
11	29	27
11	29	28
11	29	29
11	29	30
11	30	17
11	30	18
11	30	19
11	30	20
11	30	21
11	30	22
11	30	23
11	30	24
11	30	25
11	30	26
11	30	27
11	30	28
11	31	17
11	31	18
11	31	19
11	31	20
11	31	21
11	31	22
11	31	23
11	31	24
11	31	25
11	31	26
11	31	27
11	32	16
11	32	17
11	32	18
11	32	19
11	32	20
11	32	21
11	32	22
11	32	23
11	32	24
11	32	25
11	32	26
11	33	16
11	33	17
11	33	18
11	33	19
11	33	20
11	33	21
11	33	22
11	33	23
11	33	24
11	33	25
11	34	15
11	34	16
11	34	17
11	34	18
11	34	19
11	34	20
11	34	21
11	34	22
11	34	23
11	34	24
11	35	15
11	35	16
11	35	17
11	35	18
11	35	19
11	35	20
11	35	21
11	35	22
11	35	23
11	35	24
11	36	15
11	36	16
11	36	17
11	36	18
11	36	19
11	37	16
11	37	17
11	37	18
11	38	16
11	38	17
11	39	16
12	14	28
12	14	29
12	15	27
12	15	28
12	15	29
12	15	30
12	15	31
12	16	26
12	16	27
12	16	28
12	16	29
12	16	30
12	16	31
12	16	32
12	16	33
12	17	23
12	17	24
12	17	25
12	17	26
12	17	27
12	17	28
12	17	29
12	17	30
12	17	31
12	17	32
12	17	33
12	18	23
12	18	24
12	18	25
12	18	26
12	18	27
12	18	28
12	18	29
12	18	30
12	18	31
12	18	32
12	18	33
12	18	34
12	19	22
12	19	23
12	19	24
12	19	25
12	19	26
12	19	27
12	19	28
12	19	29
12	19	30
12	19	31
12	19	32
12	19	33
12	19	34
12	20	22
12	20	23
12	20	24
12	20	25
12	20	26
12	20	27
12	20	28
12	20	29
12	20	30
12	20	31
12	20	32
12	20	33
12	20	34
12	21	22
12	21	23
12	21	24
12	21	25
12	21	26
12	21	27
12	21	28
12	21	29
12	21	30
12	21	31
12	21	32
12	21	33
12	21	34
12	22	21
12	22	22
12	22	23
12	22	24
12	22	25
12	22	26
12	22	27
12	22	28
12	22	29
12	22	30
12	22	31
12	22	32
12	22	33
12	22	34
12	23	21
12	23	22
12	23	23
12	23	24
12	23	25
12	23	26
12	23	27
12	23	28
12	23	29
12	23	30
12	23	31
12	23	32
12	23	33
12	23	34
12	24	21
12	24	22
12	24	23
12	24	24
12	24	25
12	24	26
12	24	27
12	24	28
12	24	29
12	24	30
12	24	31
12	24	32
12	24	33
12	24	34
12	25	20
12	25	21
12	25	22
12	25	23
12	25	24
12	25	25
12	25	26
12	25	27
12	25	28
12	25	29
12	25	30
12	25	31
12	25	32
12	25	34
12	26	20
12	26	21
12	26	22
12	26	23
12	26	24
12	26	25
12	26	26
12	26	27
12	26	28
12	26	29
12	26	30
12	26	31
12	26	32
12	27	19
12	27	20
12	27	21
12	27	22
12	27	23
12	27	24
12	27	25
12	27	26
12	27	27
12	27	28
12	27	29
12	27	30
12	27	31
12	28	19
12	28	20
12	28	21
12	28	22
12	28	23
12	28	24
12	28	25
12	28	26
12	28	27
12	28	28
12	28	29
12	28	30
12	28	31
12	29	18
12	29	19
12	29	20
12	29	21
12	29	22
12	29	23
12	29	24
12	29	25
12	29	26
12	29	27
12	29	28
12	29	29
12	29	30
12	30	17
12	30	18
12	30	19
12	30	20
12	30	21
12	30	22
12	30	23
12	30	24
12	30	25
12	30	26
12	30	27
12	30	28
12	30	29
12	31	17
12	31	18
12	31	19
12	31	20
12	31	21
12	31	22
12	31	23
12	31	24
12	31	25
12	31	26
12	31	27
12	31	28
12	31	29
12	32	16
12	32	17
12	32	18
12	32	19
12	32	20
12	32	21
12	32	22
12	32	23
12	32	24
12	32	25
12	32	26
12	32	27
12	32	28
12	33	16
12	33	17
12	33	18
12	33	19
12	33	20
12	33	21
12	33	22
12	33	23
12	33	24
12	33	25
12	33	26
12	33	27
12	34	15
12	34	16
12	34	17
12	34	18
12	34	19
12	34	20
12	34	21
12	34	22
12	34	23
12	34	24
12	34	25
12	34	26
12	35	15
12	35	16
12	35	17
12	35	18
12	35	19
12	35	20
12	35	21
12	35	22
12	35	23
12	35	24
12	35	25
12	36	16
12	36	17
12	36	18
12	36	19
12	36	20
12	36	21
12	36	22
12	36	23
12	36	24
12	36	25
12	37	16
12	37	17
12	37	18
12	38	16
12	38	17
12	38	18
12	38	19
12	39	17
12	39	18
13	14	28
13	14	29
13	15	27
13	15	28
13	15	29
13	15	30
13	15	31
13	15	32
13	16	25
13	16	26
13	16	27
13	16	28
13	16	29
13	16	30
13	16	31
13	16	32
13	16	33
13	17	23
13	17	24
13	17	25
13	17	26
13	17	27
13	17	28
13	17	29
13	17	30
13	17	31
13	17	32
13	17	33
13	18	23
13	18	24
13	18	25
13	18	26
13	18	27
13	18	28
13	18	29
13	18	30
13	18	31
13	18	32
13	18	33
13	18	34
13	19	23
13	19	24
13	19	25
13	19	26
13	19	27
13	19	28
13	19	29
13	19	30
13	19	31
13	19	32
13	19	33
13	19	34
13	20	22
13	20	23
13	20	24
13	20	25
13	20	26
13	20	27
13	20	28
13	20	29
13	20	30
13	20	31
13	20	32
13	20	33
13	20	34
13	21	22
13	21	23
13	21	24
13	21	25
13	21	26
13	21	27
13	21	28
13	21	29
13	21	30
13	21	31
13	21	32
13	21	33
13	21	34
13	22	22
13	22	23
13	22	24
13	22	25
13	22	26
13	22	27
13	22	28
13	22	29
13	22	30
13	22	31
13	22	32
13	22	33
13	22	34
13	23	22
13	23	23
13	23	24
13	23	25
13	23	26
13	23	27
13	23	28
13	23	29
13	23	30
13	23	31
13	23	32
13	23	33
13	23	34
13	24	21
13	24	22
13	24	23
13	24	24
13	24	25
13	24	26
13	24	27
13	24	28
13	24	29
13	24	30
13	24	31
13	24	32
13	24	33
13	24	34
13	24	35
13	25	21
13	25	22
13	25	23
13	25	24
13	25	25
13	25	26
13	25	27
13	25	28
13	25	29
13	25	30
13	25	31
13	25	32
13	25	33
13	25	34
13	25	35
13	26	20
13	26	21
13	26	22
13	26	23
13	26	24
13	26	25
13	26	26
13	26	27
13	26	28
13	26	29
13	26	30
13	26	31
13	26	32
13	27	20
13	27	21
13	27	22
13	27	23
13	27	24
13	27	25
13	27	26
13	27	27
13	27	28
13	27	29
13	27	30
13	27	31
13	27	32
13	28	19
13	28	20
13	28	21
13	28	22
13	28	23
13	28	24
13	28	25
13	28	26
13	28	27
13	28	28
13	28	29
13	28	30
13	28	31
13	29	18
13	29	19
13	29	20
13	29	21
13	29	22
13	29	23
13	29	24
13	29	25
13	29	26
13	29	27
13	29	28
13	29	29
13	29	30
13	30	18
13	30	19
13	30	20
13	30	21
13	30	22
13	30	23
13	30	24
13	30	25
13	30	26
13	30	27
13	30	28
13	30	29
13	30	30
13	31	17
13	31	18
13	31	19
13	31	20
13	31	21
13	31	22
13	31	23
13	31	24
13	31	25
13	31	26
13	31	27
13	31	28
13	31	29
13	32	17
13	32	18
13	32	19
13	32	20
13	32	21
13	32	22
13	32	23
13	32	24
13	32	25
13	32	26
13	32	27
13	32	28
13	32	29
13	33	16
13	33	17
13	33	18
13	33	19
13	33	20
13	33	21
13	33	22
13	33	23
13	33	24
13	33	25
13	33	26
13	33	27
13	33	28
13	33	29
13	34	16
13	34	17
13	34	18
13	34	19
13	34	20
13	34	21
13	34	22
13	34	23
13	34	24
13	34	25
13	34	26
13	34	27
13	34	28
13	35	16
13	35	17
13	35	18
13	35	19
13	35	20
13	35	21
13	35	22
13	35	23
13	35	24
13	35	25
13	35	26
13	35	27
13	36	16
13	36	17
13	36	18
13	36	19
13	36	20
13	36	21
13	36	22
13	36	23
13	36	24
13	36	25
13	36	26
13	37	17
13	37	18
13	37	19
13	37	20
13	37	21
13	37	22
13	37	23
13	37	24
13	37	25
13	37	26
13	38	17
13	38	18
13	38	19
13	39	18
13	39	19
13	39	20
13	40	18
14	14	28
14	14	29
14	15	26
14	15	27
14	15	28
14	15	29
14	15	30
14	15	31
14	15	32
14	16	25
14	16	26
14	16	27
14	16	28
14	16	29
14	16	30
14	16	31
14	16	32
14	16	33
14	17	24
14	17	25
14	17	26
14	17	27
14	17	28
14	17	29
14	17	30
14	17	31
14	17	32
14	17	33
14	18	23
14	18	24
14	18	25
14	18	26
14	18	27
14	18	28
14	18	29
14	18	30
14	18	31
14	18	32
14	18	33
14	18	34
14	19	23
14	19	24
14	19	25
14	19	26
14	19	27
14	19	28
14	19	29
14	19	30
14	19	31
14	19	32
14	19	33
14	19	34
14	20	23
14	20	24
14	20	25
14	20	26
14	20	27
14	20	28
14	20	29
14	20	30
14	20	31
14	20	32
14	20	33
14	20	34
14	21	23
14	21	24
14	21	25
14	21	26
14	21	27
14	21	28
14	21	29
14	21	30
14	21	31
14	21	32
14	21	33
14	21	34
14	22	23
14	22	24
14	22	25
14	22	26
14	22	27
14	22	28
14	22	29
14	22	30
14	22	31
14	22	32
14	22	33
14	22	34
14	23	22
14	23	23
14	23	24
14	23	25
14	23	26
14	23	27
14	23	28
14	23	29
14	23	30
14	23	31
14	23	32
14	23	33
14	23	34
14	23	35
14	24	22
14	24	23
14	24	24
14	24	25
14	24	26
14	24	27
14	24	28
14	24	29
14	24	30
14	24	31
14	24	32
14	24	33
14	24	34
14	24	35
14	25	21
14	25	22
14	25	23
14	25	24
14	25	25
14	25	26
14	25	27
14	25	28
14	25	29
14	25	30
14	25	31
14	25	32
14	25	33
14	25	34
14	25	35
14	26	21
14	26	22
14	26	23
14	26	24
14	26	25
14	26	26
14	26	27
14	26	28
14	26	29
14	26	30
14	26	31
14	26	32
14	26	33
14	27	20
14	27	21
14	27	22
14	27	23
14	27	24
14	27	25
14	27	26
14	27	27
14	27	28
14	27	29
14	27	30
14	27	31
14	27	32
14	28	20
14	28	21
14	28	22
14	28	23
14	28	24
14	28	25
14	28	26
14	28	27
14	28	28
14	28	29
14	28	30
14	28	31
14	28	32
14	29	19
14	29	20
14	29	21
14	29	22
14	29	23
14	29	24
14	29	25
14	29	26
14	29	27
14	29	28
14	29	29
14	29	30
14	29	31
14	30	18
14	30	19
14	30	20
14	30	21
14	30	22
14	30	23
14	30	24
14	30	25
14	30	26
14	30	27
14	30	28
14	30	29
14	30	30
14	31	17
14	31	18
14	31	19
14	31	20
14	31	21
14	31	22
14	31	23
14	31	24
14	31	25
14	31	26
14	31	27
14	31	28
14	31	29
14	31	30
14	32	17
14	32	18
14	32	19
14	32	20
14	32	21
14	32	22
14	32	23
14	32	24
14	32	25
14	32	26
14	32	27
14	32	28
14	32	29
14	32	30
14	33	16
14	33	17
14	33	18
14	33	19
14	33	20
14	33	21
14	33	22
14	33	23
14	33	24
14	33	25
14	33	26
14	33	27
14	33	28
14	33	29
14	33	30
14	34	16
14	34	17
14	34	18
14	34	19
14	34	20
14	34	21
14	34	22
14	34	23
14	34	24
14	34	25
14	34	26
14	34	27
14	34	28
14	34	29
14	34	30
14	35	16
14	35	17
14	35	18
14	35	19
14	35	20
14	35	21
14	35	22
14	35	23
14	35	24
14	35	25
14	35	26
14	35	27
14	35	28
14	35	29
14	36	17
14	36	18
14	36	19
14	36	20
14	36	21
14	36	22
14	36	23
14	36	24
14	36	25
14	36	26
14	37	17
14	37	18
14	37	19
14	37	20
14	37	21
14	37	22
14	37	23
14	37	24
14	37	25
14	38	18
14	38	19
14	38	20
14	38	25
14	39	18
14	39	19
15	14	27
15	15	26
15	15	27
15	15	28
15	15	29
15	15	30
15	15	31
15	15	32
15	16	25
15	16	26
15	16	27
15	16	28
15	16	29
15	16	30
15	16	31
15	16	32
15	16	33
15	17	24
15	17	25
15	17	26
15	17	27
15	17	28
15	17	29
15	17	30
15	17	31
15	17	32
15	17	33
15	17	34
15	18	24
15	18	25
15	18	26
15	18	27
15	18	28
15	18	29
15	18	30
15	18	31
15	18	32
15	18	33
15	18	34
15	19	24
15	19	25
15	19	26
15	19	27
15	19	28
15	19	29
15	19	30
15	19	31
15	19	32
15	19	33
15	19	34
15	20	24
15	20	25
15	20	26
15	20	27
15	20	28
15	20	29
15	20	30
15	20	31
15	20	32
15	20	33
15	20	34
15	20	35
15	21	24
15	21	25
15	21	26
15	21	27
15	21	28
15	21	29
15	21	30
15	21	31
15	21	32
15	21	33
15	21	34
15	21	35
15	22	24
15	22	25
15	22	26
15	22	27
15	22	28
15	22	29
15	22	30
15	22	31
15	22	32
15	22	33
15	22	34
15	22	35
15	23	23
15	23	24
15	23	25
15	23	26
15	23	27
15	23	28
15	23	29
15	23	30
15	23	31
15	23	32
15	23	33
15	23	34
15	24	23
15	24	24
15	24	25
15	24	26
15	24	27
15	24	28
15	24	29
15	24	30
15	24	31
15	24	32
15	24	33
15	24	34
15	24	35
15	25	22
15	25	23
15	25	24
15	25	25
15	25	26
15	25	27
15	25	28
15	25	29
15	25	30
15	25	31
15	25	32
15	25	33
15	25	34
15	25	35
15	26	21
15	26	22
15	26	23
15	26	24
15	26	25
15	26	26
15	26	27
15	26	28
15	26	29
15	26	30
15	26	31
15	26	32
15	26	33
15	26	34
15	27	21
15	27	22
15	27	23
15	27	24
15	27	25
15	27	26
15	27	27
15	27	28
15	27	29
15	27	30
15	27	31
15	27	32
15	27	33
15	28	20
15	28	21
15	28	22
15	28	23
15	28	24
15	28	25
15	28	26
15	28	27
15	28	28
15	28	29
15	28	30
15	28	31
15	28	32
15	29	19
15	29	20
15	29	21
15	29	22
15	29	23
15	29	24
15	29	25
15	29	26
15	29	27
15	29	28
15	29	29
15	29	30
15	29	31
15	30	18
15	30	19
15	30	20
15	30	21
15	30	22
15	30	23
15	30	24
15	30	25
15	30	26
15	30	27
15	30	28
15	30	29
15	30	30
15	30	31
15	31	18
15	31	19
15	31	20
15	31	21
15	31	22
15	31	23
15	31	24
15	31	25
15	31	26
15	31	27
15	31	28
15	31	29
15	31	30
15	32	17
15	32	18
15	32	19
15	32	20
15	32	21
15	32	22
15	32	23
15	32	24
15	32	25
15	32	26
15	32	27
15	32	28
15	33	17
15	33	18
15	33	19
15	33	20
15	33	21
15	33	22
15	33	23
15	33	24
15	33	25
15	33	26
15	33	27
15	33	28
15	34	16
15	34	17
15	34	18
15	34	19
15	34	20
15	34	21
15	34	22
15	34	23
15	34	24
15	34	25
15	34	26
15	34	27
15	35	17
15	35	18
15	35	19
15	35	20
15	35	21
15	35	22
15	35	23
15	35	24
15	35	25
15	35	26
15	36	18
15	36	19
15	36	20
15	36	21
15	36	22
15	36	23
15	36	24
15	36	25
15	36	26
15	37	18
15	37	19
15	37	20
15	37	21
15	37	22
15	37	24
15	37	25
15	38	18
15	38	19
15	40	20
16	15	26
16	15	27
16	16	25
16	16	26
16	16	27
16	16	28
16	16	29
16	16	30
16	16	31
16	16	32
16	16	33
16	17	25
16	17	26
16	17	27
16	17	28
16	17	29
16	17	30
16	17	31
16	17	32
16	17	33
16	17	34
16	18	25
16	18	26
16	18	27
16	18	28
16	18	29
16	18	30
16	18	31
16	18	32
16	18	33
16	18	34
16	19	25
16	19	26
16	19	27
16	19	28
16	19	29
16	19	30
16	19	31
16	19	32
16	19	33
16	19	34
16	19	35
16	20	25
16	20	26
16	20	27
16	20	28
16	20	29
16	20	30
16	20	31
16	20	32
16	20	33
16	20	34
16	20	35
16	21	25
16	21	26
16	21	27
16	21	28
16	21	29
16	21	30
16	21	31
16	21	32
16	21	33
16	21	34
16	21	35
16	22	25
16	22	26
16	22	27
16	22	28
16	22	29
16	22	30
16	22	31
16	22	32
16	22	33
16	22	34
16	23	24
16	23	25
16	23	26
16	23	27
16	23	28
16	23	29
16	23	30
16	23	31
16	23	32
16	23	33
16	23	34
16	24	23
16	24	24
16	24	25
16	24	26
16	24	27
16	24	28
16	24	29
16	24	30
16	24	31
16	24	32
16	24	33
16	24	34
16	25	23
16	25	24
16	25	25
16	25	26
16	25	27
16	25	28
16	25	29
16	25	30
16	25	31
16	25	32
16	25	33
16	25	34
16	26	22
16	26	23
16	26	24
16	26	25
16	26	26
16	26	27
16	26	28
16	26	29
16	26	30
16	26	31
16	26	32
16	26	33
16	26	34
16	27	22
16	27	23
16	27	24
16	27	25
16	27	26
16	27	27
16	27	28
16	27	29
16	27	30
16	27	31
16	27	32
16	27	33
16	27	34
16	28	21
16	28	22
16	28	23
16	28	24
16	28	25
16	28	26
16	28	27
16	28	28
16	28	29
16	28	30
16	28	31
16	28	32
16	29	20
16	29	21
16	29	22
16	29	23
16	29	24
16	29	25
16	29	26
16	29	27
16	29	28
16	29	29
16	29	30
16	29	31
16	30	19
16	30	20
16	30	21
16	30	22
16	30	23
16	30	24
16	30	25
16	30	26
16	30	27
16	30	28
16	30	29
16	31	18
16	31	19
16	31	20
16	31	21
16	31	22
16	31	23
16	31	24
16	31	25
16	31	26
16	31	27
16	31	28
16	32	18
16	32	19
16	32	20
16	32	21
16	32	22
16	32	23
16	32	24
16	32	25
16	32	26
16	32	27
16	33	17
16	33	18
16	33	19
16	33	20
16	33	21
16	33	22
16	33	23
16	33	24
16	33	25
16	33	26
16	34	17
16	34	18
16	34	19
16	34	20
16	34	21
16	34	22
16	34	23
16	34	24
16	34	25
16	35	18
16	35	19
16	35	20
16	35	21
16	35	22
16	35	23
16	35	24
16	36	19
16	36	20
16	36	21
16	36	22
16	36	23
16	37	19
16	37	20
16	37	21
16	38	19
16	40	20
17	16	26
17	16	30
17	16	31
17	16	32
17	16	33
17	16	34
17	17	26
17	17	27
17	17	28
17	17	29
17	17	30
17	17	31
17	17	32
17	17	33
17	17	34
17	18	26
17	18	27
17	18	28
17	18	29
17	18	30
17	18	31
17	18	32
17	18	33
17	18	34
17	18	35
17	19	26
17	19	27
17	19	28
17	19	29
17	19	30
17	19	31
17	19	32
17	19	33
17	19	34
17	19	35
17	20	26
17	20	27
17	20	28
17	20	29
17	20	30
17	20	31
17	20	32
17	20	33
17	20	34
17	20	35
17	21	26
17	21	27
17	21	28
17	21	29
17	21	30
17	21	31
17	21	32
17	21	33
17	21	34
17	22	25
17	22	26
17	22	27
17	22	28
17	22	29
17	22	30
17	22	31
17	22	32
17	22	33
17	22	34
17	23	24
17	23	25
17	23	26
17	23	27
17	23	28
17	23	29
17	23	30
17	23	31
17	23	32
17	23	33
17	23	34
17	24	24
17	24	25
17	24	26
17	24	27
17	24	28
17	24	29
17	24	30
17	24	31
17	24	32
17	24	33
17	24	34
17	25	23
17	25	24
17	25	25
17	25	26
17	25	27
17	25	28
17	25	29
17	25	30
17	25	31
17	25	32
17	25	33
17	25	34
17	26	23
17	26	24
17	26	25
17	26	26
17	26	27
17	26	28
17	26	29
17	26	30
17	26	31
17	26	32
17	26	33
17	26	34
17	26	35
17	27	23
17	27	24
17	27	25
17	27	26
17	27	27
17	27	28
17	27	29
17	27	30
17	27	31
17	27	32
17	27	33
17	27	34
17	28	22
17	28	23
17	28	24
17	28	25
17	28	26
17	28	27
17	28	28
17	28	29
17	28	30
17	28	31
17	28	32
17	29	21
17	29	22
17	29	23
17	29	24
17	29	25
17	29	26
17	29	27
17	29	28
17	29	29
17	29	30
17	30	20
17	30	21
17	30	22
17	30	23
17	30	24
17	30	25
17	30	26
17	30	27
17	30	28
17	30	29
17	31	19
17	31	20
17	31	21
17	31	22
17	31	23
17	31	24
17	31	25
17	31	26
17	31	27
17	31	28
17	32	18
17	32	19
17	32	20
17	32	21
17	32	22
17	32	23
17	33	18
17	33	19
17	33	20
17	33	21
17	33	22
17	33	23
17	34	18
17	34	19
17	34	20
17	34	21
17	34	22
17	34	23
17	35	19
17	35	20
17	35	21
17	35	22
17	35	23
17	36	19
17	36	20
17	36	21
17	36	22
17	36	23
17	37	20
17	37	21
17	37	22
18	16	32
18	16	33
18	16	34
18	17	27
18	17	28
18	17	29
18	17	30
18	17	31
18	17	32
18	17	33
18	17	34
18	18	27
18	18	28
18	18	29
18	18	30
18	18	31
18	18	32
18	18	33
18	18	34
18	18	35
18	19	26
18	19	27
18	19	28
18	19	29
18	19	30
18	19	31
18	19	32
18	19	33
18	19	34
18	20	26
18	20	27
18	20	28
18	20	29
18	20	30
18	20	31
18	20	32
18	20	33
18	20	34
18	21	25
18	21	26
18	21	27
18	21	28
18	21	29
18	21	30
18	21	31
18	21	32
18	21	33
18	21	34
18	22	25
18	22	26
18	22	27
18	22	28
18	22	29
18	22	30
18	22	31
18	22	32
18	22	33
18	22	34
18	23	25
18	23	26
18	23	27
18	23	28
18	23	29
18	23	30
18	23	31
18	23	32
18	23	33
18	23	34
18	24	24
18	24	25
18	24	26
18	24	27
18	24	28
18	24	29
18	24	30
18	24	31
18	24	32
18	24	33
18	24	34
18	25	24
18	25	25
18	25	26
18	25	27
18	25	28
18	25	29
18	25	30
18	25	31
18	25	32
18	25	33
18	25	34
18	26	23
18	26	24
18	26	25
18	26	26
18	26	27
18	26	28
18	26	29
18	26	30
18	26	31
18	26	32
18	26	33
18	26	34
18	27	23
18	27	24
18	27	25
18	27	26
18	27	27
18	27	28
18	27	29
18	27	30
18	27	31
18	27	32
18	27	33
18	28	23
18	28	24
18	28	25
18	28	26
18	28	27
18	28	28
18	28	29
18	28	30
18	28	31
18	29	22
18	29	23
18	29	24
18	29	26
18	29	27
18	29	28
18	29	29
18	29	30
18	30	21
18	30	22
18	30	23
18	30	24
18	30	26
18	30	27
18	30	28
18	31	19
18	31	20
18	31	21
18	31	22
18	31	23
18	31	24
18	32	19
18	32	20
18	32	21
18	32	22
18	32	23
18	32	24
18	33	18
18	33	19
18	33	20
18	33	21
18	33	22
18	33	23
18	33	24
18	34	18
18	34	19
18	34	20
18	34	21
18	34	22
18	34	23
18	34	24
18	35	19
18	35	20
18	35	21
18	35	22
18	35	23
18	35	24
18	36	19
18	36	20
18	36	21
18	36	22
18	36	23
18	37	19
18	37	20
18	37	21
18	37	22
18	37	23
18	38	20
19	16	32
19	16	33
19	16	34
19	17	30
19	17	31
19	17	32
19	17	33
19	17	34
19	18	27
19	18	28
19	18	29
19	18	30
19	18	31
19	18	32
19	18	33
19	18	34
19	19	26
19	19	27
19	19	28
19	19	29
19	19	30
19	19	31
19	19	32
19	19	33
19	19	34
19	20	26
19	20	27
19	20	28
19	20	29
19	20	30
19	20	31
19	20	32
19	20	33
19	20	34
19	21	25
19	21	26
19	21	27
19	21	28
19	21	29
19	21	30
19	21	31
19	21	32
19	21	33
19	21	34
19	22	25
19	22	26
19	22	27
19	22	28
19	22	29
19	22	30
19	22	31
19	22	32
19	22	33
19	22	34
19	23	25
19	23	26
19	23	27
19	23	28
19	23	29
19	23	30
19	23	31
19	23	32
19	23	33
19	23	34
19	24	24
19	24	25
19	24	26
19	24	27
19	24	28
19	24	29
19	24	30
19	24	31
19	24	32
19	24	33
19	25	24
19	25	25
19	25	26
19	25	27
19	25	28
19	25	29
19	25	30
19	25	31
19	25	32
19	25	33
19	26	23
19	26	24
19	26	25
19	26	26
19	26	27
19	26	28
19	26	29
19	26	30
19	26	31
19	26	32
19	26	33
19	27	23
19	27	24
19	27	25
19	27	26
19	27	27
19	27	28
19	27	29
19	27	30
19	27	31
19	27	32
19	28	22
19	28	23
19	28	24
19	28	25
19	28	26
19	28	27
19	28	28
19	28	29
19	28	30
19	28	31
19	29	22
19	29	23
19	29	24
19	29	25
19	29	26
19	29	27
19	29	28
19	29	29
19	30	20
19	30	21
19	30	22
19	30	23
19	30	24
19	30	25
19	31	20
19	31	21
19	31	22
19	31	23
19	31	24
19	31	25
19	32	20
19	32	21
19	32	22
19	32	23
19	32	24
19	32	25
19	33	18
19	33	19
19	33	20
19	33	21
19	33	22
19	33	23
19	33	24
19	33	25
19	34	18
19	34	19
19	34	20
19	34	21
19	34	22
19	34	23
19	34	24
19	34	25
19	35	18
19	35	19
19	35	20
19	35	21
19	35	22
19	35	23
19	35	24
19	36	18
19	36	19
19	36	20
19	36	21
19	36	22
19	36	23
19	36	24
19	37	18
19	37	19
19	37	20
19	37	21
19	37	22
19	37	23
19	38	19
19	38	20
19	38	21
19	38	22
19	38	23
19	39	19
19	39	20
19	40	19
19	41	19
20	16	32
20	16	33
20	17	30
20	17	31
20	17	32
20	17	33
20	17	34
20	18	28
20	18	29
20	18	30
20	18	31
20	18	32
20	18	33
20	18	34
20	19	26
20	19	27
20	19	28
20	19	29
20	19	30
20	19	31
20	19	32
20	19	33
20	19	34
20	20	26
20	20	27
20	20	28
20	20	29
20	20	30
20	20	31
20	20	32
20	20	33
20	20	34
20	21	25
20	21	26
20	21	27
20	21	28
20	21	29
20	21	30
20	21	31
20	21	32
20	21	33
20	21	34
20	22	25
20	22	26
20	22	27
20	22	28
20	22	29
20	22	30
20	22	31
20	22	32
20	22	33
20	22	34
20	23	24
20	23	25
20	23	26
20	23	27
20	23	28
20	23	29
20	23	30
20	23	31
20	23	32
20	23	33
20	24	24
20	24	25
20	24	26
20	24	27
20	24	28
20	24	29
20	24	30
20	24	31
20	24	32
20	24	33
20	25	24
20	25	25
20	25	26
20	25	27
20	25	28
20	25	29
20	25	30
20	25	31
20	25	32
20	25	33
20	26	23
20	26	24
20	26	25
20	26	26
20	26	27
20	26	28
20	26	29
20	26	30
20	26	31
20	26	32
20	26	33
20	27	22
20	27	23
20	27	24
20	27	25
20	27	26
20	27	27
20	27	28
20	27	29
20	27	30
20	27	31
20	27	32
20	28	22
20	28	23
20	28	24
20	28	25
20	28	26
20	28	27
20	28	28
20	28	29
20	28	30
20	29	21
20	29	22
20	29	23
20	29	24
20	29	25
20	29	26
20	29	27
20	29	28
20	30	21
20	30	22
20	30	23
20	30	24
20	30	25
20	30	26
20	30	27
20	31	21
20	31	22
20	31	23
20	31	24
20	31	25
20	31	26
20	32	20
20	32	21
20	32	22
20	32	23
20	32	24
20	32	25
20	32	26
20	33	19
20	33	20
20	33	21
20	33	22
20	33	23
20	33	24
20	33	25
20	33	26
20	34	17
20	34	18
20	34	19
20	34	20
20	34	21
20	34	22
20	34	23
20	34	24
20	34	25
20	35	17
20	35	18
20	35	19
20	35	20
20	35	21
20	35	22
20	35	23
20	35	24
20	35	25
20	36	17
20	36	18
20	36	19
20	36	20
20	36	21
20	36	22
20	36	23
20	36	24
20	37	18
20	37	19
20	37	20
20	37	21
20	37	22
20	37	23
20	37	24
20	38	18
20	38	19
20	38	20
20	38	21
20	38	22
20	38	23
20	39	18
20	39	19
20	39	20
20	39	21
20	40	18
20	40	19
20	40	20
20	41	18
20	41	19
20	41	20
20	42	19
20	42	20
20	43	18
21	16	32
21	16	33
21	17	31
21	17	32
21	17	33
21	18	29
21	18	30
21	18	31
21	18	32
21	18	33
21	18	34
21	19	26
21	19	27
21	19	28
21	19	29
21	19	30
21	19	31
21	19	32
21	19	33
21	19	34
21	20	26
21	20	27
21	20	28
21	20	29
21	20	30
21	20	31
21	20	32
21	20	33
21	21	25
21	21	26
21	21	27
21	21	28
21	21	29
21	21	30
21	21	31
21	21	32
21	21	33
21	22	25
21	22	26
21	22	27
21	22	28
21	22	29
21	22	30
21	22	31
21	22	32
21	22	33
21	23	24
21	23	25
21	23	26
21	23	27
21	23	28
21	23	29
21	23	30
21	23	31
21	23	32
21	23	33
21	24	24
21	24	25
21	24	26
21	24	27
21	24	28
21	24	29
21	24	30
21	24	31
21	24	32
21	24	33
21	25	23
21	25	24
21	25	25
21	25	26
21	25	27
21	25	28
21	25	29
21	25	30
21	25	31
21	25	32
21	25	33
21	26	23
21	26	24
21	26	25
21	26	26
21	26	27
21	26	28
21	26	29
21	26	30
21	26	31
21	26	32
21	27	22
21	27	23
21	27	24
21	27	25
21	27	26
21	27	27
21	27	28
21	27	29
21	27	30
21	27	31
21	28	21
21	28	22
21	28	23
21	28	24
21	28	25
21	28	26
21	28	27
21	28	28
21	28	29
21	28	30
21	29	21
21	29	22
21	29	23
21	29	24
21	29	25
21	29	26
21	29	27
21	29	28
21	30	21
21	30	22
21	30	23
21	30	24
21	30	25
21	30	26
21	30	27
21	31	20
21	31	21
21	31	22
21	31	23
21	31	24
21	31	25
21	31	26
21	32	20
21	32	21
21	32	22
21	32	23
21	32	24
21	32	25
21	32	26
21	33	19
21	33	20
21	33	21
21	33	22
21	33	23
21	33	24
21	33	25
21	33	26
21	34	18
21	34	19
21	34	20
21	34	21
21	34	22
21	34	23
21	34	24
21	34	25
21	35	17
21	35	18
21	35	19
21	35	20
21	35	21
21	35	22
21	35	23
21	35	24
21	35	25
21	36	17
21	36	18
21	36	19
21	36	20
21	36	21
21	36	22
21	36	23
21	36	24
21	36	25
21	37	17
21	37	18
21	37	19
21	37	20
21	37	21
21	37	22
21	37	23
21	37	24
21	38	18
21	38	19
21	38	20
21	38	21
21	38	22
21	38	23
21	39	18
21	39	19
21	39	20
21	39	21
21	39	22
21	40	18
21	40	19
21	40	20
21	40	21
21	41	18
21	41	19
21	41	20
21	41	21
21	42	18
21	42	19
21	42	20
21	43	17
21	43	18
21	44	17
22	17	31
22	17	32
22	18	29
22	18	30
22	18	31
22	18	32
22	18	33
22	19	28
22	19	29
22	19	30
22	19	31
22	19	32
22	19	33
22	20	26
22	20	27
22	20	28
22	20	29
22	20	30
22	20	31
22	20	32
22	20	33
22	21	25
22	21	26
22	21	27
22	21	28
22	21	29
22	21	30
22	21	31
22	21	32
22	21	33
22	22	25
22	22	26
22	22	27
22	22	28
22	22	29
22	22	30
22	22	31
22	22	32
22	22	33
22	23	24
22	23	25
22	23	26
22	23	27
22	23	28
22	23	29
22	23	30
22	23	31
22	23	32
22	23	33
22	24	24
22	24	25
22	24	26
22	24	27
22	24	28
22	24	29
22	24	30
22	24	31
22	24	32
22	24	33
22	25	23
22	25	24
22	25	25
22	25	26
22	25	27
22	25	28
22	25	29
22	25	30
22	25	31
22	25	32
22	25	33
22	26	23
22	26	24
22	26	25
22	26	26
22	26	27
22	26	28
22	26	29
22	26	30
22	26	31
22	26	32
22	27	22
22	27	23
22	27	24
22	27	25
22	27	26
22	27	27
22	27	28
22	27	29
22	27	30
22	27	31
22	28	21
22	28	22
22	28	23
22	28	24
22	28	25
22	28	26
22	28	27
22	28	28
22	28	29
22	28	30
22	29	20
22	29	21
22	29	22
22	29	23
22	29	24
22	29	25
22	29	26
22	29	27
22	29	28
22	30	20
22	30	21
22	30	22
22	30	23
22	30	24
22	30	25
22	30	26
22	30	27
22	31	20
22	31	21
22	31	22
22	31	23
22	31	24
22	31	25
22	31	26
22	32	19
22	32	20
22	32	21
22	32	22
22	32	23
22	32	24
22	32	25
22	32	26
22	33	18
22	33	19
22	33	20
22	33	21
22	33	22
22	33	23
22	33	24
22	33	25
22	33	26
22	34	18
22	34	19
22	34	20
22	34	21
22	34	22
22	34	23
22	34	24
22	34	25
22	35	17
22	35	18
22	35	19
22	35	20
22	35	21
22	35	22
22	35	23
22	35	24
22	35	25
22	36	17
22	36	18
22	36	19
22	36	20
22	36	21
22	36	22
22	36	23
22	36	24
22	36	25
22	37	17
22	37	18
22	37	19
22	37	20
22	37	21
22	37	22
22	37	23
22	37	24
22	38	17
22	38	18
22	38	19
22	38	20
22	38	21
22	38	22
22	38	23
22	38	24
22	39	17
22	39	18
22	39	19
22	39	20
22	39	21
22	39	22
22	39	23
22	40	17
22	40	18
22	40	19
22	40	20
22	40	21
22	40	22
22	41	18
22	41	19
22	41	20
22	41	21
22	41	22
22	42	18
22	42	19
22	42	20
22	42	21
22	43	17
22	43	18
22	44	17
23	18	30
23	18	31
23	18	32
23	19	28
23	19	29
23	19	30
23	19	31
23	19	32
23	19	33
23	20	27
23	20	28
23	20	29
23	20	30
23	20	31
23	20	32
23	20	33
23	21	25
23	21	26
23	21	27
23	21	28
23	21	29
23	21	30
23	21	31
23	21	32
23	21	33
23	22	25
23	22	26
23	22	27
23	22	28
23	22	29
23	22	30
23	22	31
23	22	32
23	22	33
23	23	24
23	23	25
23	23	26
23	23	27
23	23	28
23	23	29
23	23	30
23	23	31
23	23	32
23	23	33
23	24	24
23	24	25
23	24	26
23	24	27
23	24	28
23	24	29
23	24	30
23	24	31
23	24	32
23	25	23
23	25	24
23	25	25
23	25	26
23	25	27
23	25	28
23	25	29
23	25	30
23	25	31
23	25	32
23	26	22
23	26	23
23	26	24
23	26	25
23	26	26
23	26	27
23	26	28
23	26	29
23	26	30
23	26	31
23	26	32
23	27	22
23	27	23
23	27	24
23	27	25
23	27	26
23	27	27
23	27	28
23	27	29
23	27	30
23	27	31
23	28	21
23	28	22
23	28	23
23	28	24
23	28	25
23	28	26
23	28	27
23	28	28
23	28	29
23	29	20
23	29	21
23	29	22
23	29	23
23	29	24
23	29	25
23	29	26
23	29	27
23	29	28
23	30	20
23	30	21
23	30	22
23	30	23
23	30	24
23	30	25
23	30	26
23	30	27
23	31	19
23	31	20
23	31	21
23	31	22
23	31	23
23	31	24
23	31	25
23	31	26
23	31	27
23	32	18
23	32	19
23	32	20
23	32	21
23	32	22
23	32	23
23	32	24
23	32	25
23	32	26
23	32	27
23	33	18
23	33	19
23	33	20
23	33	21
23	33	22
23	33	23
23	33	24
23	33	25
23	33	26
23	34	18
23	34	19
23	34	20
23	34	21
23	34	22
23	34	23
23	34	24
23	34	25
23	34	26
23	35	17
23	35	18
23	35	19
23	35	20
23	35	21
23	35	22
23	35	23
23	35	24
23	35	25
23	36	17
23	36	18
23	36	19
23	36	20
23	36	21
23	36	22
23	36	23
23	36	24
23	36	25
23	37	17
23	37	18
23	37	19
23	37	20
23	37	21
23	37	22
23	37	23
23	37	24
23	38	17
23	38	18
23	38	19
23	38	20
23	38	21
23	38	22
23	38	23
23	38	24
23	39	17
23	39	18
23	39	19
23	39	20
23	39	21
23	39	22
23	39	23
23	40	17
23	40	18
23	40	19
23	40	20
23	40	21
23	40	22
23	40	23
23	41	17
23	41	18
23	41	19
23	41	20
23	41	21
23	41	22
23	42	17
23	42	18
23	42	19
23	42	20
23	42	21
23	43	17
23	43	18
23	44	17
24	18	31
24	19	29
24	19	30
24	19	31
24	19	32
24	20	28
24	20	29
24	20	30
24	20	31
24	20	32
24	21	26
24	21	27
24	21	28
24	21	29
24	21	30
24	21	31
24	21	32
24	22	24
24	22	25
24	22	26
24	22	27
24	22	28
24	22	29
24	22	30
24	22	31
24	22	32
24	23	24
24	23	25
24	23	26
24	23	27
24	23	28
24	23	29
24	23	30
24	23	31
24	23	32
24	24	23
24	24	24
24	24	25
24	24	26
24	24	27
24	24	28
24	24	29
24	24	30
24	24	31
24	24	32
24	25	23
24	25	24
24	25	25
24	25	26
24	25	27
24	25	28
24	25	29
24	25	30
24	25	31
24	25	32
24	26	22
24	26	23
24	26	24
24	26	25
24	26	26
24	26	27
24	26	28
24	26	29
24	26	30
24	26	31
24	26	32
24	27	21
24	27	22
24	27	23
24	27	24
24	27	25
24	27	26
24	27	27
24	27	28
24	27	29
24	27	30
24	27	31
24	28	21
24	28	22
24	28	23
24	28	24
24	28	25
24	28	26
24	28	27
24	28	28
24	28	29
24	29	20
24	29	21
24	29	22
24	29	23
24	29	24
24	29	25
24	29	26
24	29	27
24	29	28
24	30	20
24	30	21
24	30	22
24	30	23
24	30	24
24	30	25
24	30	26
24	30	27
24	30	28
24	31	19
24	31	20
24	31	21
24	31	22
24	31	23
24	31	24
24	31	25
24	31	26
24	31	27
24	31	28
24	32	18
24	32	19
24	32	20
24	32	21
24	32	22
24	32	23
24	32	24
24	32	25
24	32	26
24	32	27
24	33	17
24	33	18
24	33	19
24	33	20
24	33	21
24	33	22
24	33	23
24	33	24
24	33	25
24	33	26
24	34	18
24	34	19
24	34	20
24	34	21
24	34	22
24	34	23
24	34	24
24	34	25
24	34	26
24	35	17
24	35	18
24	35	19
24	35	20
24	35	21
24	35	22
24	35	23
24	35	24
24	35	25
24	36	17
24	36	18
24	36	19
24	36	20
24	36	21
24	36	22
24	36	23
24	36	24
24	36	25
24	37	17
24	37	18
24	37	19
24	37	20
24	37	21
24	37	22
24	37	23
24	37	24
24	38	17
24	38	18
24	38	19
24	38	20
24	38	21
24	38	22
24	38	23
24	38	24
24	39	17
24	39	18
24	39	19
24	39	20
24	39	21
24	39	22
24	39	23
24	40	17
24	40	18
24	40	19
24	40	20
24	40	21
24	40	22
24	40	23
24	41	17
24	41	18
24	41	19
24	41	20
24	41	21
24	41	22
24	42	16
24	42	17
24	42	18
24	42	19
24	42	20
24	42	21
24	43	16
24	43	17
24	43	18
24	44	17
25	19	30
25	19	31
25	20	28
25	20	29
25	20	30
25	20	31
25	20	32
25	21	27
25	21	28
25	21	29
25	21	30
25	21	31
25	21	32
25	22	26
25	22	27
25	22	28
25	22	29
25	22	30
25	22	31
25	22	32
25	23	24
25	23	25
25	23	26
25	23	27
25	23	28
25	23	29
25	23	30
25	23	31
25	23	32
25	24	23
25	24	24
25	24	25
25	24	26
25	24	27
25	24	28
25	24	29
25	24	30
25	24	31
25	24	32
25	25	23
25	25	24
25	25	25
25	25	26
25	25	27
25	25	28
25	25	29
25	25	30
25	25	31
25	25	32
25	26	22
25	26	23
25	26	24
25	26	25
25	26	26
25	26	27
25	26	28
25	26	29
25	26	30
25	26	31
25	26	32
25	27	21
25	27	22
25	27	23
25	27	24
25	27	25
25	27	26
25	27	27
25	27	28
25	27	29
25	27	30
25	28	21
25	28	22
25	28	23
25	28	24
25	28	25
25	28	26
25	28	27
25	28	28
25	28	29
25	29	20
25	29	21
25	29	22
25	29	23
25	29	24
25	29	25
25	29	26
25	29	27
25	29	28
25	29	29
25	30	20
25	30	21
25	30	22
25	30	23
25	30	24
25	30	25
25	30	26
25	30	27
25	30	28
25	30	29
25	31	19
25	31	20
25	31	21
25	31	22
25	31	23
25	31	24
25	31	25
25	31	26
25	31	27
25	31	28
25	32	18
25	32	19
25	32	20
25	32	21
25	32	22
25	32	23
25	32	24
25	32	25
25	32	26
25	32	27
25	33	17
25	33	18
25	33	19
25	33	20
25	33	21
25	33	22
25	33	23
25	33	24
25	33	25
25	33	26
25	34	17
25	34	18
25	34	19
25	34	20
25	34	21
25	34	22
25	34	23
25	34	24
25	34	25
25	34	26
25	35	17
25	35	18
25	35	19
25	35	20
25	35	21
25	35	22
25	35	23
25	35	24
25	35	25
25	36	17
25	36	18
25	36	19
25	36	20
25	36	21
25	36	22
25	36	23
25	36	24
25	36	25
25	37	17
25	37	18
25	37	19
25	37	20
25	37	21
25	37	22
25	37	23
25	37	24
25	38	17
25	38	18
25	38	19
25	38	20
25	38	21
25	38	22
25	38	23
25	38	24
25	39	17
25	39	18
25	39	19
25	39	20
25	39	21
25	39	22
25	39	23
25	40	17
25	40	18
25	40	19
25	40	20
25	40	21
25	40	22
25	40	23
25	41	16
25	41	17
25	41	18
25	41	19
25	41	20
25	41	21
25	41	22
25	42	16
25	42	17
25	42	18
25	42	19
25	42	20
25	42	21
25	43	17
25	43	18
25	44	17
26	20	29
26	20	30
26	20	31
26	21	28
26	21	29
26	21	30
26	21	31
26	21	32
26	22	27
26	22	28
26	22	29
26	22	30
26	22	31
26	22	32
26	23	25
26	23	26
26	23	27
26	23	28
26	23	29
26	23	30
26	23	31
26	23	32
26	24	23
26	24	24
26	24	25
26	24	26
26	24	27
26	24	28
26	24	29
26	24	30
26	24	31
26	24	32
26	25	22
26	25	23
26	25	24
26	25	25
26	25	26
26	25	27
26	25	28
26	25	29
26	25	30
26	25	31
26	26	22
26	26	23
26	26	24
26	26	25
26	26	26
26	26	27
26	26	28
26	26	29
26	26	30
26	26	31
26	26	32
26	27	21
26	27	22
26	27	23
26	27	24
26	27	25
26	27	26
26	27	27
26	27	28
26	27	29
26	27	30
26	28	21
26	28	22
26	28	23
26	28	24
26	28	25
26	28	26
26	28	27
26	28	28
26	28	29
26	28	30
26	29	20
26	29	21
26	29	22
26	29	23
26	29	24
26	29	25
26	29	26
26	29	27
26	29	28
26	29	29
26	29	30
26	30	20
26	30	21
26	30	22
26	30	23
26	30	24
26	30	25
26	30	26
26	30	27
26	30	28
26	30	29
26	31	19
26	31	20
26	31	21
26	31	22
26	31	23
26	31	24
26	31	25
26	31	26
26	31	27
26	31	28
26	32	18
26	32	19
26	32	20
26	32	21
26	32	22
26	32	23
26	32	24
26	32	25
26	32	26
26	32	27
26	33	17
26	33	18
26	33	19
26	33	20
26	33	21
26	33	22
26	33	23
26	33	24
26	33	25
26	33	26
26	34	17
26	34	18
26	34	19
26	34	20
26	34	21
26	34	22
26	34	23
26	34	24
26	34	25
26	34	26
26	35	18
26	35	19
26	35	20
26	35	21
26	35	22
26	35	23
26	35	24
26	35	25
26	36	17
26	36	18
26	36	19
26	36	20
26	36	21
26	36	22
26	36	23
26	36	24
26	36	25
26	37	17
26	37	18
26	37	19
26	37	20
26	37	21
26	37	22
26	37	23
26	37	24
26	38	16
26	38	17
26	38	18
26	38	19
26	38	20
26	38	21
26	38	22
26	38	23
26	38	24
26	39	16
26	39	17
26	39	18
26	39	19
26	39	20
26	39	21
26	39	22
26	39	23
26	40	16
26	40	17
26	40	18
26	40	19
26	40	20
26	40	21
26	40	22
26	40	23
26	41	16
26	41	17
26	41	18
26	41	19
26	41	20
26	41	21
26	41	22
26	42	17
26	42	18
26	42	19
26	42	20
26	42	21
26	43	17
26	43	18
26	43	19
27	20	30
27	21	28
27	21	29
27	21	30
27	21	31
27	22	27
27	22	28
27	22	29
27	22	30
27	22	31
27	23	26
27	23	27
27	23	28
27	23	29
27	23	30
27	23	31
27	24	23
27	24	24
27	24	25
27	24	26
27	24	27
27	24	28
27	24	29
27	24	30
27	24	31
27	25	23
27	25	24
27	25	25
27	25	26
27	25	27
27	25	28
27	25	29
27	25	30
27	25	31
27	26	22
27	26	23
27	26	24
27	26	25
27	26	26
27	26	27
27	26	28
27	26	29
27	26	30
27	26	31
27	27	21
27	27	22
27	27	23
27	27	24
27	27	25
27	27	26
27	27	27
27	27	28
27	27	29
27	27	30
27	27	31
27	28	21
27	28	22
27	28	23
27	28	24
27	28	25
27	28	26
27	28	27
27	28	28
27	28	29
27	28	30
27	28	31
27	29	20
27	29	21
27	29	22
27	29	23
27	29	24
27	29	25
27	29	26
27	29	27
27	29	28
27	29	29
27	29	30
27	30	20
27	30	21
27	30	22
27	30	23
27	30	24
27	30	25
27	30	26
27	30	27
27	30	28
27	30	29
27	31	19
27	31	20
27	31	21
27	31	22
27	31	23
27	31	24
27	31	25
27	31	26
27	31	27
27	31	28
27	32	18
27	32	19
27	32	20
27	32	21
27	32	22
27	32	23
27	32	24
27	32	25
27	32	26
27	32	27
27	33	17
27	33	18
27	33	19
27	33	20
27	33	21
27	33	22
27	33	23
27	33	24
27	33	25
27	33	26
27	34	17
27	34	18
27	34	19
27	34	20
27	34	21
27	34	22
27	34	23
27	34	24
27	34	25
27	34	26
27	35	18
27	35	19
27	35	20
27	35	21
27	35	22
27	35	23
27	35	24
27	35	25
27	36	18
27	36	19
27	36	20
27	36	21
27	36	22
27	36	23
27	36	24
27	36	25
27	37	18
27	37	19
27	37	20
27	37	21
27	37	22
27	37	23
27	37	24
27	38	18
27	38	19
27	38	20
27	38	21
27	38	22
27	38	23
27	38	24
27	39	18
27	39	19
27	39	20
27	39	21
27	39	22
27	39	23
27	40	18
27	40	19
27	40	20
27	40	21
27	40	22
27	40	23
27	41	18
27	41	19
27	41	20
27	41	21
27	41	22
27	42	18
27	42	19
27	42	20
27	42	21
27	43	18
27	43	19
27	43	20
28	21	29
28	21	30
28	21	31
28	22	28
28	22	29
28	22	30
28	22	31
28	23	27
28	23	28
28	23	29
28	23	30
28	23	31
28	24	25
28	24	26
28	24	27
28	24	28
28	24	29
28	24	30
28	24	31
28	25	23
28	25	24
28	25	25
28	25	26
28	25	27
28	25	28
28	25	29
28	25	30
28	25	31
28	26	22
28	26	23
28	26	24
28	26	25
28	26	26
28	26	27
28	26	28
28	26	29
28	26	30
28	26	31
28	27	21
28	27	22
28	27	23
28	27	24
28	27	25
28	27	26
28	27	27
28	27	28
28	27	29
28	27	30
28	27	31
28	28	21
28	28	22
28	28	23
28	28	24
28	28	25
28	28	26
28	28	27
28	28	28
28	28	29
28	28	30
28	28	31
28	29	20
28	29	21
28	29	22
28	29	23
28	29	24
28	29	25
28	29	26
28	29	27
28	29	28
28	29	29
28	29	30
28	30	20
28	30	21
28	30	22
28	30	23
28	30	24
28	30	25
28	30	26
28	30	27
28	30	28
28	30	29
28	31	19
28	31	20
28	31	21
28	31	22
28	31	23
28	31	24
28	31	25
28	31	26
28	31	27
28	31	28
28	32	18
28	32	19
28	32	20
28	32	21
28	32	22
28	32	23
28	32	24
28	32	25
28	32	26
28	32	27
28	33	17
28	33	18
28	33	19
28	33	20
28	33	21
28	33	22
28	33	23
28	33	24
28	33	25
28	33	26
28	34	18
28	34	19
28	34	20
28	34	21
28	34	22
28	34	23
28	34	24
28	34	25
28	35	18
28	35	19
28	35	20
28	35	21
28	35	22
28	35	23
28	35	24
28	35	25
28	36	18
28	36	19
28	36	20
28	36	21
28	36	22
28	36	23
28	36	24
28	36	25
28	37	19
28	37	20
28	37	21
28	37	22
28	37	23
28	37	24
28	38	19
28	38	20
28	38	21
28	38	22
28	38	23
28	38	24
28	39	19
28	39	20
28	39	21
28	39	22
28	39	23
28	40	18
28	40	19
28	40	20
28	40	21
28	40	22
28	40	23
28	41	18
28	41	19
28	41	20
28	41	21
28	41	22
28	42	18
28	42	19
28	42	20
28	42	21
28	43	18
28	43	19
28	43	20
28	43	21
29	22	29
29	22	30
29	23	27
29	23	28
29	23	29
29	23	30
29	24	26
29	24	27
29	24	28
29	24	29
29	24	30
29	25	23
29	25	24
29	25	25
29	25	26
29	25	27
29	25	28
29	25	29
29	25	30
29	26	22
29	26	23
29	26	24
29	26	25
29	26	26
29	26	27
29	26	28
29	26	29
29	26	30
29	27	21
29	27	22
29	27	23
29	27	24
29	27	25
29	27	26
29	27	27
29	27	28
29	27	29
29	27	30
29	28	21
29	28	22
29	28	23
29	28	24
29	28	25
29	28	26
29	28	27
29	28	28
29	28	29
29	28	30
29	28	31
29	29	20
29	29	21
29	29	22
29	29	23
29	29	24
29	29	25
29	29	26
29	29	27
29	29	28
29	29	29
29	29	30
29	30	20
29	30	21
29	30	22
29	30	23
29	30	24
29	30	25
29	30	26
29	30	27
29	30	28
29	30	29
29	31	19
29	31	20
29	31	21
29	31	22
29	31	23
29	31	24
29	31	25
29	31	26
29	31	27
29	31	28
29	32	18
29	32	19
29	32	20
29	32	21
29	32	22
29	32	23
29	32	24
29	32	25
29	32	26
29	32	27
29	33	17
29	33	18
29	33	19
29	33	20
29	33	21
29	33	22
29	33	23
29	33	24
29	33	25
29	33	26
29	34	18
29	34	19
29	34	20
29	34	21
29	34	22
29	34	23
29	34	24
29	34	25
29	35	18
29	35	19
29	35	20
29	35	21
29	35	22
29	35	23
29	35	24
29	35	25
29	36	19
29	36	20
29	36	21
29	36	22
29	36	23
29	36	24
29	37	19
29	37	20
29	37	21
29	37	22
29	37	23
29	37	24
29	38	19
29	38	20
29	38	21
29	38	22
29	38	23
29	39	19
29	39	20
29	39	21
29	39	22
29	39	23
29	40	19
29	40	20
29	40	21
29	40	22
29	40	23
29	41	19
29	41	20
29	41	21
29	41	22
29	42	19
29	42	20
29	42	21
29	43	18
29	43	19
29	43	20
29	43	21
30	23	28
30	23	29
30	23	30
30	24	27
30	24	28
30	24	29
30	24	30
30	25	26
30	25	27
30	25	28
30	25	29
30	25	30
30	26	22
30	26	23
30	26	24
30	26	25
30	26	26
30	26	27
30	26	28
30	26	29
30	26	30
30	27	22
30	27	23
30	27	24
30	27	25
30	27	26
30	27	27
30	27	28
30	27	29
30	27	30
30	28	21
30	28	22
30	28	23
30	28	24
30	28	25
30	28	26
30	28	27
30	28	28
30	28	29
30	28	30
30	29	20
30	29	21
30	29	22
30	29	23
30	29	24
30	29	25
30	29	26
30	29	27
30	29	28
30	29	29
30	29	30
30	30	20
30	30	21
30	30	22
30	30	23
30	30	24
30	30	25
30	30	26
30	30	27
30	30	28
30	30	29
30	31	19
30	31	20
30	31	21
30	31	22
30	31	23
30	31	24
30	31	25
30	31	26
30	31	27
30	31	28
30	32	18
30	32	19
30	32	20
30	32	21
30	32	22
30	32	23
30	32	24
30	32	25
30	32	26
30	32	27
30	33	17
30	33	18
30	33	19
30	33	20
30	33	21
30	33	22
30	33	23
30	33	24
30	33	25
30	33	26
30	34	18
30	34	19
30	34	20
30	34	21
30	34	22
30	34	23
30	34	24
30	34	25
30	35	18
30	35	19
30	35	20
30	35	21
30	35	22
30	35	23
30	35	24
30	35	25
30	36	19
30	36	20
30	36	21
30	36	22
30	36	23
30	36	24
30	37	19
30	37	20
30	37	21
30	37	22
30	37	23
30	37	24
30	38	19
30	38	20
30	38	21
30	38	22
30	38	23
30	39	19
30	39	20
30	39	21
30	39	22
30	39	23
30	40	19
30	40	20
30	40	21
30	40	22
30	40	23
30	41	19
30	41	20
30	41	21
30	42	19
30	42	20
30	42	21
31	24	28
31	24	29
31	25	27
31	25	28
31	25	29
31	26	25
31	26	26
31	26	27
31	26	28
31	26	29
31	27	22
31	27	23
31	27	24
31	27	25
31	27	26
31	27	27
31	27	28
31	27	29
31	28	21
31	28	22
31	28	23
31	28	24
31	28	25
31	28	26
31	28	27
31	28	28
31	28	29
31	29	21
31	29	22
31	29	23
31	29	24
31	29	25
31	29	26
31	29	27
31	29	28
31	29	29
31	29	30
31	30	20
31	30	21
31	30	22
31	30	23
31	30	24
31	30	25
31	30	26
31	30	27
31	30	28
31	30	29
31	31	19
31	31	20
31	31	21
31	31	22
31	31	23
31	31	24
31	31	25
31	31	26
31	31	27
31	31	28
31	32	18
31	32	19
31	32	20
31	32	21
31	32	22
31	32	23
31	32	24
31	32	25
31	32	26
31	32	27
31	33	17
31	33	18
31	33	19
31	33	20
31	33	21
31	33	22
31	33	23
31	33	24
31	33	25
31	33	26
31	34	18
31	34	19
31	34	20
31	34	21
31	34	22
31	34	23
31	34	24
31	34	25
31	35	18
31	35	19
31	35	20
31	35	21
31	35	22
31	35	23
31	35	24
31	35	25
31	36	19
31	36	20
31	36	21
31	36	22
31	36	23
31	36	24
31	37	19
31	37	20
31	37	21
31	37	22
31	37	23
31	37	24
31	38	19
31	38	20
31	38	21
31	38	22
31	38	23
31	39	20
31	39	21
31	39	22
31	39	23
31	40	20
31	40	21
31	41	20
31	42	19
31	42	20
32	26	27
32	26	28
32	27	25
32	27	26
32	27	27
32	27	28
32	28	21
32	28	22
32	28	23
32	28	24
32	28	25
32	28	26
32	28	27
32	28	28
32	28	29
32	29	21
32	29	22
32	29	23
32	29	24
32	29	25
32	29	26
32	29	27
32	29	28
32	29	29
32	30	20
32	30	21
32	30	22
32	30	23
32	30	24
32	30	25
32	30	26
32	30	27
32	30	28
32	30	29
32	31	19
32	31	20
32	31	21
32	31	22
32	31	23
32	31	24
32	31	25
32	31	26
32	31	27
32	31	28
32	32	18
32	32	19
32	32	20
32	32	21
32	32	22
32	32	23
32	32	24
32	32	25
32	32	26
32	32	27
32	33	17
32	33	18
32	33	19
32	33	20
32	33	21
32	33	22
32	33	23
32	33	24
32	33	25
32	34	18
32	34	19
32	34	20
32	34	21
32	34	22
32	34	23
32	34	24
32	34	25
32	35	18
32	35	19
32	35	20
32	35	21
32	35	22
32	35	23
32	35	24
32	36	19
32	36	20
32	36	21
32	36	22
32	36	23
32	36	24
32	37	19
32	37	20
32	37	21
32	37	22
32	37	23
32	37	24
32	38	20
32	38	21
32	38	22
32	38	23
32	39	20
32	39	21
32	39	22
32	39	23
33	27	27
33	28	25
33	28	26
33	28	27
33	28	28
33	29	21
33	29	22
33	29	23
33	29	24
33	29	25
33	29	26
33	29	27
33	29	28
33	30	20
33	30	21
33	30	22
33	30	23
33	30	24
33	30	25
33	30	26
33	30	27
33	30	28
33	30	29
33	31	19
33	31	20
33	31	21
33	31	22
33	31	23
33	31	24
33	31	25
33	31	26
33	31	27
33	31	28
33	32	18
33	32	19
33	32	20
33	32	21
33	32	22
33	32	23
33	32	24
33	32	25
33	32	26
33	33	18
33	33	19
33	33	20
33	33	21
33	33	22
33	33	23
33	33	24
33	33	25
33	34	18
33	34	19
33	34	20
33	34	21
33	34	22
33	34	23
33	34	24
33	35	18
33	35	19
33	35	20
33	35	21
33	35	22
33	35	23
33	35	24
33	36	19
33	36	20
33	36	21
33	36	22
33	36	23
33	36	24
33	37	19
33	37	20
33	37	21
33	37	22
33	37	23
33	38	20
33	38	21
33	38	22
33	38	23
34	28	27
34	29	24
34	29	25
34	29	26
34	29	27
34	29	28
34	30	20
34	30	21
34	30	22
34	30	23
34	30	24
34	30	25
34	30	26
34	30	27
34	30	28
34	31	19
34	31	20
34	31	21
34	31	22
34	31	23
34	31	24
34	31	25
34	31	26
34	31	27
34	32	18
34	32	19
34	32	20
34	32	21
34	32	22
34	32	23
34	32	24
34	32	25
34	32	26
34	33	18
34	33	19
34	33	20
34	33	21
34	33	22
34	33	23
34	33	24
34	34	18
34	34	19
34	34	20
34	34	21
34	34	22
34	34	23
34	34	24
34	35	18
34	35	19
34	35	20
34	35	21
34	35	22
34	35	23
34	35	24
34	36	19
34	36	20
34	36	21
34	36	22
34	36	23
34	37	19
34	37	20
34	37	21
34	37	22
34	37	23
35	30	24
35	30	25
35	30	26
35	30	27
35	30	28
35	31	21
35	31	22
35	31	23
35	31	24
35	31	25
35	31	26
35	31	27
35	32	19
35	32	20
35	32	21
35	32	22
35	32	23
35	33	19
35	33	20
35	33	21
35	33	22
35	33	23
35	34	18
35	34	19
35	34	20
35	34	21
35	34	22
35	34	23
35	35	18
35	35	19
35	35	20
35	35	21
35	35	22
35	35	23
35	36	19
35	36	20
35	36	21
35	36	22
35	36	23
35	37	20
35	37	21
35	37	22
36	32	21
36	32	22
36	33	19
36	33	20
36	33	21
36	33	22
36	34	19
36	34	20
36	34	21
36	34	22
36	35	18
36	35	19
36	35	20
36	35	21
36	35	22
36	36	19
36	36	20
36	36	21
36	36	22
36	37	22
37	33	21
37	34	19
37	34	20
37	34	21
37	35	19
37	35	20
37	35	21
37	36	19
37	36	20
37	36	21
38	35	19
38	35	20
121	21	23
121	22	23
121	23	22
121	23	23
121	24	22
121	24	23
121	25	22
121	25	23
121	26	22
121	26	23
122	19	23
122	19	24
122	20	22
122	20	23
122	20	24
122	20	25
122	21	22
122	21	23
122	21	24
122	21	25
122	22	21
122	22	22
122	22	23
122	22	24
122	22	25
122	23	21
122	23	22
122	23	23
122	23	24
122	23	25
122	24	21
122	24	22
122	24	23
122	24	24
122	24	25
122	25	20
122	25	21
122	25	22
122	25	23
122	25	24
122	25	25
122	26	20
122	26	21
122	26	22
122	26	23
122	26	24
122	26	25
122	27	21
122	27	22
122	27	23
122	27	24
122	28	21
123	17	24
123	18	22
123	18	23
123	18	24
123	18	25
123	19	22
123	19	23
123	19	24
123	19	25
123	19	26
123	20	21
123	20	22
123	20	23
123	20	24
123	20	25
123	20	26
123	21	20
123	21	21
123	21	22
123	21	23
123	21	24
123	21	25
123	21	26
123	22	18
123	22	19
123	22	20
123	22	21
123	22	22
123	22	23
123	22	24
123	22	25
123	22	26
123	23	18
123	23	19
123	23	20
123	23	21
123	23	22
123	23	23
123	23	24
123	23	25
123	23	26
123	24	18
123	24	19
123	24	20
123	24	21
123	24	22
123	24	23
123	24	24
123	24	25
123	24	26
123	25	18
123	25	19
123	25	20
123	25	21
123	25	22
123	25	23
123	25	24
123	25	25
123	26	18
123	26	19
123	26	20
123	26	21
123	26	22
123	26	23
123	26	24
123	26	25
123	27	18
123	27	19
123	27	20
123	27	21
123	27	22
123	28	19
124	15	23
124	15	24
124	15	25
124	16	22
124	16	23
124	16	24
124	16	25
124	17	22
124	17	23
124	17	24
124	17	25
124	17	26
124	18	21
124	18	22
124	18	23
124	18	24
124	18	25
124	18	26
124	19	18
124	19	20
124	19	21
124	19	22
124	19	23
124	19	24
124	19	25
124	19	26
124	19	27
124	20	18
124	20	19
124	20	20
124	20	21
124	20	22
124	20	23
124	20	24
124	20	25
124	20	26
124	20	27
124	21	18
124	21	19
124	21	20
124	21	21
124	21	22
124	21	23
124	21	24
124	21	25
124	21	26
124	21	27
124	22	18
124	22	19
124	22	20
124	22	21
124	22	22
124	22	23
124	22	24
124	22	25
124	22	26
124	22	27
124	23	18
124	23	19
124	23	20
124	23	21
124	23	22
124	23	23
124	23	24
124	23	25
124	23	26
124	23	27
124	24	17
124	24	18
124	24	19
124	24	20
124	24	21
124	24	22
124	24	23
124	24	24
124	24	25
124	24	26
124	25	17
124	25	18
124	25	19
124	25	20
124	25	21
124	25	22
124	25	23
124	25	24
124	25	25
124	26	17
124	26	18
124	26	19
124	26	20
124	26	21
124	26	22
124	26	23
124	26	24
124	27	17
124	27	18
124	27	19
124	27	20
124	28	17
125	11	23
125	11	24
125	11	25
125	12	22
125	12	23
125	12	24
125	12	25
125	13	22
125	13	23
125	13	24
125	13	25
125	14	22
125	14	23
125	14	24
125	14	25
125	15	21
125	15	22
125	15	23
125	15	24
125	15	25
125	15	26
125	16	18
125	16	20
125	16	21
125	16	22
125	16	23
125	16	24
125	16	25
125	16	26
125	17	18
125	17	19
125	17	20
125	17	21
125	17	22
125	17	23
125	17	24
125	17	25
125	17	26
125	18	18
125	18	19
125	18	20
125	18	21
125	18	22
125	18	23
125	18	24
125	18	25
125	18	26
125	19	18
125	19	19
125	19	20
125	19	21
125	19	22
125	19	23
125	19	24
125	19	25
125	19	26
125	20	18
125	20	19
125	20	20
125	20	21
125	20	22
125	20	23
125	20	24
125	20	25
125	20	26
125	20	27
125	21	17
125	21	18
125	21	19
125	21	20
125	21	21
125	21	22
125	21	23
125	21	24
125	21	25
125	21	26
125	21	27
125	21	28
125	22	17
125	22	18
125	22	19
125	22	20
125	22	21
125	22	22
125	22	23
125	22	24
125	22	25
125	22	26
125	22	27
125	22	28
125	23	17
125	23	18
125	23	19
125	23	20
125	23	21
125	23	22
125	23	23
125	23	24
125	23	25
125	23	26
125	23	27
125	24	17
125	24	18
125	24	19
125	24	20
125	24	21
125	24	22
125	24	23
125	24	24
125	24	25
125	24	26
125	25	17
125	25	18
125	25	19
125	25	20
125	25	21
125	25	22
125	25	23
125	25	24
125	26	17
125	26	18
125	26	19
125	26	20
125	26	21
125	27	17
125	27	18
126	11	20
126	11	21
126	11	22
126	11	23
126	11	24
126	12	18
126	12	19
126	12	20
126	12	21
126	12	22
126	12	23
126	12	24
126	13	18
126	13	19
126	13	20
126	13	21
126	13	22
126	13	23
126	13	24
126	14	18
126	14	19
126	14	20
126	14	21
126	14	22
126	14	23
126	14	24
126	15	18
126	15	19
126	15	20
126	15	21
126	15	22
126	15	23
126	15	24
126	16	18
126	16	19
126	16	20
126	16	21
126	16	22
126	16	23
126	16	24
126	16	25
126	17	18
126	17	19
126	17	20
126	17	21
126	17	22
126	17	23
126	17	24
126	17	25
126	18	18
126	18	19
126	18	20
126	18	21
126	18	22
126	18	23
126	18	24
126	18	25
126	19	18
126	19	19
126	19	20
126	19	21
126	19	22
126	19	23
126	19	24
126	19	25
126	19	26
126	20	17
126	20	18
126	20	19
126	20	20
126	20	21
126	20	22
126	20	23
126	20	24
126	20	25
126	20	26
126	20	27
126	21	17
126	21	18
126	21	19
126	21	20
126	21	21
126	21	22
126	21	23
126	21	24
126	21	25
126	21	26
126	21	27
126	21	28
126	22	17
126	22	18
126	22	19
126	22	20
126	22	21
126	22	22
126	22	23
126	22	24
126	22	25
126	22	26
126	22	27
126	22	28
126	23	17
126	23	18
126	23	19
126	23	20
126	23	21
126	23	22
126	23	23
126	23	24
126	23	25
126	23	26
126	24	17
126	24	18
126	24	19
126	24	20
126	24	21
126	24	22
126	24	23
126	24	24
126	24	25
126	25	17
126	25	18
126	25	19
126	25	20
126	25	21
126	25	22
126	25	23
126	26	17
126	26	18
126	26	19
126	26	20
126	27	16
126	27	17
126	28	16
127	10	18
127	10	19
127	11	18
127	11	19
127	11	20
127	12	18
127	12	19
127	12	20
127	12	21
127	12	22
127	12	23
127	13	18
127	13	19
127	13	20
127	13	21
127	13	22
127	13	23
127	14	18
127	14	19
127	14	20
127	14	21
127	14	22
127	14	23
127	15	18
127	15	19
127	15	20
127	15	21
127	15	22
127	15	23
127	16	18
127	16	19
127	16	20
127	16	21
127	16	22
127	16	23
127	17	18
127	17	19
127	17	20
127	17	21
127	17	22
127	17	23
127	17	24
127	18	18
127	18	19
127	18	20
127	18	21
127	18	22
127	18	23
127	18	24
127	18	25
127	19	18
127	19	19
127	19	20
127	19	21
127	19	22
127	19	23
127	19	24
127	19	25
127	19	26
127	20	17
127	20	18
127	20	19
127	20	20
127	20	21
127	20	22
127	20	23
127	20	24
127	20	25
127	20	26
127	20	27
127	21	17
127	21	18
127	21	19
127	21	20
127	21	21
127	21	22
127	21	23
127	21	24
127	21	25
127	21	26
127	21	27
127	21	28
127	22	17
127	22	18
127	22	19
127	22	20
127	22	21
127	22	22
127	22	23
127	22	24
127	22	25
127	22	26
127	22	27
127	23	16
127	23	17
127	23	18
127	23	19
127	23	20
127	23	21
127	23	22
127	23	23
127	23	24
127	23	25
127	23	26
127	24	16
127	24	17
127	24	18
127	24	19
127	24	20
127	24	21
127	24	22
127	24	23
127	24	24
127	24	25
127	25	16
127	25	17
127	25	18
127	25	19
127	25	20
127	25	21
127	25	22
127	25	23
127	26	17
127	26	18
127	26	19
127	26	20
