#i	j	k
0	34	41
0	35	39
0	35	40
0	35	41
0	36	39
0	36	40
0	36	41
0	36	42
0	37	39
0	37	40
0	37	41
0	37	42
0	37	43
0	37	44
0	38	38
0	38	39
0	38	40
0	38	41
0	38	42
0	38	43
0	38	44
0	38	45
0	39	40
0	39	41
0	39	42
0	39	43
0	39	44
0	39	45
0	40	40
0	40	41
0	40	42
0	40	43
0	40	44
0	40	45
1	33	42
1	34	41
1	34	42
1	35	38
1	35	39
1	35	40
1	35	41
1	35	42
1	36	38
1	36	39
1	36	40
1	36	41
1	36	42
1	37	38
1	37	39
1	37	40
1	37	41
1	37	42
1	38	38
1	38	39
1	38	40
1	38	41
1	38	42
1	38	43
1	38	44
1	39	37
1	39	38
1	39	39
1	39	40
1	39	41
1	39	42
1	39	43
1	39	44
1	39	45
1	40	39
1	40	40
1	40	41
1	40	42
1	40	43
1	40	44
1	40	45
1	41	39
1	41	40
1	41	41
1	41	42
1	41	43
1	41	44
1	41	45
1	46	38
2	32	42
2	33	41
2	33	42
2	34	41
2	34	42
2	35	38
2	35	39
2	35	40
2	35	41
2	35	42
2	35	43
2	36	37
2	36	38
2	36	39
2	36	40
2	36	41
2	36	42
2	37	37
2	37	38
2	37	39
2	37	40
2	37	41
2	37	42
2	38	37
2	38	38
2	38	39
2	38	40
2	38	41
2	38	42
2	38	43
2	38	44
2	39	37
2	39	38
2	39	39
2	39	40
2	39	41
2	39	42
2	39	43
2	39	44
2	39	45
2	40	36
2	40	37
2	40	38
2	40	39
2	40	40
2	40	41
2	40	42
2	40	43
2	40	44
2	40	45
2	41	39
2	41	40
2	41	41
2	41	42
2	41	43
2	41	44
2	41	45
2	42	39
2	42	40
2	42	41
2	42	42
2	42	43
2	42	44
2	43	39
2	44	39
2	45	39
2	46	39
3	31	42
3	32	41
3	32	42
3	32	43
3	33	41
3	33	42
3	33	43
3	34	38
3	34	39
3	34	40
3	34	41
3	34	42
3	34	43
3	35	38
3	35	39
3	35	40
3	35	41
3	35	42
3	35	43
3	36	37
3	36	38
3	36	39
3	36	40
3	36	41
3	36	42
3	36	43
3	37	37
3	37	38
3	37	39
3	37	40
3	37	41
3	37	42
3	37	43
3	38	37
3	38	38
3	38	39
3	38	40
3	38	41
3	38	42
3	38	43
3	38	44
3	39	36
3	39	37
3	39	38
3	39	39
3	39	40
3	39	41
3	39	42
3	39	43
3	39	44
3	39	45
3	40	36
3	40	37
3	40	38
3	40	39
3	40	40
3	40	41
3	40	42
3	40	43
3	40	44
3	41	35
3	41	36
3	41	37
3	41	38
3	41	39
3	41	40
3	41	41
3	41	42
3	41	43
3	41	44
3	41	45
3	42	38
3	42	39
3	42	40
3	42	41
3	42	42
3	42	43
3	42	44
3	43	38
3	43	39
3	43	40
3	43	41
3	43	42
3	43	43
3	44	38
3	44	39
3	44	40
3	45	38
3	45	39
3	45	40
3	46	38
3	46	39
3	46	40
3	47	38
3	47	39
3	47	40
3	47	41
3	48	38
4	30	41
4	30	42
4	31	41
4	31	42
4	31	43
4	32	41
4	32	42
4	32	43
4	33	38
4	33	39
4	33	40
4	33	41
4	33	42
4	33	43
4	34	38
4	34	39
4	34	40
4	34	41
4	34	42
4	34	43
4	35	37
4	35	38
4	35	39
4	35	40
4	35	41
4	35	42
4	35	43
4	36	37
4	36	38
4	36	39
4	36	40
4	36	41
4	36	42
4	36	43
4	37	37
4	37	38
4	37	39
4	37	40
4	37	41
4	37	42
4	37	43
4	38	36
4	38	37
4	38	38
4	38	39
4	38	40
4	38	41
4	38	42
4	38	43
4	38	44
4	39	36
4	39	37
4	39	38
4	39	39
4	39	40
4	39	41
4	39	42
4	39	43
4	39	44
4	40	36
4	40	37
4	40	38
4	40	39
4	40	40
4	40	41
4	40	42
4	40	43
4	40	44
4	41	35
4	41	36
4	41	37
4	41	38
4	41	39
4	41	40
4	41	41
4	41	42
4	41	43
4	41	44
4	42	36
4	42	37
4	42	38
4	42	39
4	42	40
4	42	41
4	42	42
4	42	43
4	42	44
4	43	37
4	43	38
4	43	39
4	43	40
4	43	41
4	43	42
4	43	43
4	44	37
4	44	38
4	44	39
4	44	40
4	44	41
4	44	42
4	45	37
4	45	38
4	45	39
4	45	40
4	45	41
4	45	42
4	46	38
4	46	39
4	46	40
4	47	37
4	47	38
4	47	39
4	47	40
4	47	41
4	47	42
4	48	36
4	48	37
4	48	38
4	48	39
4	48	40
4	48	41
4	48	42
4	49	37
4	49	38
5	28	42
5	29	41
5	29	42
5	30	41
5	30	42
5	31	40
5	31	41
5	31	42
5	31	43
5	32	40
5	32	41
5	32	42
5	32	43
5	33	38
5	33	39
5	33	40
5	33	41
5	33	42
5	33	43
5	34	38
5	34	39
5	34	40
5	34	41
5	34	42
5	34	43
5	34	44
5	35	37
5	35	38
5	35	39
5	35	40
5	35	41
5	35	42
5	35	43
5	35	44
5	36	37
5	36	38
5	36	39
5	36	40
5	36	41
5	36	42
5	36	43
5	36	44
5	37	36
5	37	37
5	37	38
5	37	39
5	37	40
5	37	41
5	37	42
5	37	43
5	37	44
5	38	36
5	38	37
5	38	38
5	38	39
5	38	40
5	38	41
5	38	42
5	38	43
5	38	44
5	39	36
5	39	37
5	39	38
5	39	39
5	39	40
5	39	41
5	39	42
5	39	43
5	39	44
5	39	45
5	40	35
5	40	36
5	40	37
5	40	38
5	40	39
5	40	40
5	40	41
5	40	42
5	40	43
5	40	44
5	40	45
5	40	46
5	41	35
5	41	36
5	41	37
5	41	38
5	41	39
5	41	40
5	41	41
5	41	42
5	41	43
5	41	44
5	41	45
5	42	36
5	42	37
5	42	38
5	42	39
5	42	40
5	42	41
5	42	42
5	42	43
5	42	44
5	43	36
5	43	37
5	43	38
5	43	39
5	43	40
5	43	41
5	43	42
5	43	43
5	44	36
5	44	37
5	44	38
5	44	39
5	44	40
5	44	41
5	44	42
5	44	43
5	45	36
5	45	37
5	45	38
5	45	39
5	45	40
5	45	41
5	45	42
5	45	43
5	46	36
5	46	37
5	46	38
5	46	39
5	46	40
5	46	41
5	47	35
5	47	36
5	47	37
5	47	38
5	47	39
5	47	40
5	47	41
5	47	42
5	47	43
5	47	44
5	47	45
5	48	35
5	48	38
5	48	39
5	48	40
5	48	41
5	48	42
5	48	43
5	48	44
5	49	38
5	49	39
5	49	40
5	49	41
6	28	42
6	29	41
6	29	42
6	30	40
6	30	41
6	30	42
6	31	40
6	31	41
6	31	42
6	32	37
6	32	38
6	32	39
6	32	40
6	32	41
6	32	42
6	32	43
6	33	37
6	33	38
6	33	39
6	33	40
6	33	41
6	33	42
6	33	43
6	34	37
6	34	38
6	34	39
6	34	40
6	34	41
6	34	42
6	34	43
6	34	44
6	35	37
6	35	38
6	35	39
6	35	40
6	35	41
6	35	42
6	35	43
6	35	44
6	36	37
6	36	38
6	36	39
6	36	40
6	36	41
6	36	42
6	36	43
6	36	44
6	37	36
6	37	37
6	37	38
6	37	39
6	37	40
6	37	41
6	37	42
6	37	43
6	37	44
6	37	45
6	38	36
6	38	37
6	38	38
6	38	39
6	38	40
6	38	41
6	38	42
6	38	43
6	38	44
6	38	45
6	39	35
6	39	36
6	39	37
6	39	38
6	39	39
6	39	40
6	39	41
6	39	42
6	39	43
6	39	44
6	39	45
6	39	46
6	40	35
6	40	36
6	40	37
6	40	38
6	40	39
6	40	40
6	40	41
6	40	42
6	40	43
6	40	44
6	40	45
6	40	46
6	40	47
6	40	48
6	41	35
6	41	36
6	41	37
6	41	38
6	41	39
6	41	40
6	41	41
6	41	42
6	41	43
6	41	44
6	41	45
6	41	46
6	41	47
6	42	35
6	42	36
6	42	37
6	42	38
6	42	39
6	42	40
6	42	41
6	42	42
6	42	43
6	42	44
6	43	35
6	43	36
6	43	37
6	43	38
6	43	39
6	43	40
6	43	41
6	43	42
6	43	43
6	43	44
6	44	35
6	44	36
6	44	37
6	44	38
6	44	39
6	44	40
6	44	41
6	44	42
6	44	43
6	44	44
6	45	35
6	45	36
6	45	37
6	45	38
6	45	39
6	45	40
6	45	41
6	45	42
6	45	43
6	45	44
6	46	33
6	46	35
6	46	36
6	46	37
6	46	38
6	46	39
6	46	40
6	46	41
6	46	42
6	46	43
6	46	44
6	47	33
6	47	34
6	47	35
6	47	36
6	47	39
6	47	40
6	47	41
6	47	42
6	47	43
6	47	44
6	47	45
6	48	33
6	48	34
6	48	39
6	48	40
6	48	41
6	48	42
6	48	43
6	48	44
6	48	45
7	28	42
7	29	41
7	29	42
7	30	40
7	30	41
7	30	42
7	31	38
7	31	39
7	31	40
7	31	41
7	31	42
7	32	37
7	32	38
7	32	39
7	32	40
7	32	41
7	32	42
7	32	43
7	33	37
7	33	38
7	33	39
7	33	40
7	33	41
7	33	42
7	33	43
7	34	37
7	34	38
7	34	39
7	34	40
7	34	41
7	34	42
7	34	43
7	34	44
7	35	37
7	35	38
7	35	39
7	35	40
7	35	41
7	35	42
7	35	43
7	35	44
7	36	37
7	36	38
7	36	39
7	36	40
7	36	41
7	36	42
7	36	43
7	36	44
7	36	45
7	37	36
7	37	37
7	37	38
7	37	39
7	37	40
7	37	41
7	37	42
7	37	43
7	37	44
7	37	45
7	38	35
7	38	36
7	38	37
7	38	38
7	38	39
7	38	40
7	38	41
7	38	42
7	38	43
7	38	44
7	38	45
7	38	46
7	39	35
7	39	36
7	39	37
7	39	38
7	39	39
7	39	40
7	39	41
7	39	42
7	39	43
7	39	44
7	39	45
7	39	46
7	39	47
7	40	35
7	40	36
7	40	37
7	40	38
7	40	39
7	40	40
7	40	41
7	40	42
7	40	43
7	40	44
7	40	45
7	40	46
7	40	47
7	40	48
7	41	35
7	41	36
7	41	37
7	41	38
7	41	39
7	41	40
7	41	41
7	41	42
7	41	43
7	41	44
7	41	45
7	41	46
7	41	47
7	41	48
7	42	35
7	42	36
7	42	37
7	42	38
7	42	39
7	42	40
7	42	41
7	42	42
7	42	43
7	42	44
7	42	45
7	42	47
7	42	48
7	43	35
7	43	36
7	43	37
7	43	38
7	43	39
7	43	40
7	43	41
7	43	42
7	43	43
7	43	44
7	43	45
7	44	34
7	44	35
7	44	36
7	44	37
7	44	38
7	44	39
7	44	40
7	44	41
7	44	42
7	44	43
7	44	44
7	45	34
7	45	35
7	45	36
7	45	37
7	45	38
7	45	39
7	45	40
7	45	41
7	45	42
7	45	43
7	45	44
7	46	33
7	46	34
7	46	35
7	46	36
7	46	37
7	46	38
7	46	39
7	46	40
7	46	41
7	46	42
7	46	43
7	46	44
7	47	33
7	47	34
7	47	35
7	47	39
7	47	40
7	47	41
7	47	42
7	47	43
7	47	44
7	48	33
7	48	34
8	28	42
8	29	41
8	29	42
8	30	37
8	30	38
8	30	39
8	30	40
8	30	41
8	30	42
8	31	37
8	31	38
8	31	39
8	31	40
8	31	41
8	31	42
8	32	37
8	32	38
8	32	39
8	32	40
8	32	41
8	32	42
8	32	43
8	33	37
8	33	38
8	33	39
8	33	40
8	33	41
8	33	42
8	33	43
8	34	37
8	34	38
8	34	39
8	34	40
8	34	41
8	34	42
8	34	43
8	34	44
8	35	37
8	35	38
8	35	39
8	35	40
8	35	41
8	35	42
8	35	43
8	35	44
8	36	37
8	36	38
8	36	39
8	36	40
8	36	41
8	36	42
8	36	43
8	36	44
8	36	45
8	37	36
8	37	37
8	37	38
8	37	39
8	37	40
8	37	41
8	37	42
8	37	43
8	37	44
8	37	45
8	38	35
8	38	36
8	38	37
8	38	38
8	38	39
8	38	40
8	38	41
8	38	42
8	38	43
8	38	44
8	38	45
8	38	46
8	39	34
8	39	35
8	39	36
8	39	37
8	39	38
8	39	39
8	39	40
8	39	41
8	39	42
8	39	43
8	39	44
8	39	45
8	39	46
8	39	47
8	40	34
8	40	35
8	40	36
8	40	37
8	40	38
8	40	39
8	40	40
8	40	41
8	40	42
8	40	43
8	40	44
8	40	45
8	40	46
8	40	47
8	40	48
8	41	35
8	41	36
8	41	37
8	41	38
8	41	39
8	41	40
8	41	41
8	41	42
8	41	43
8	41	44
8	41	45
8	41	46
8	41	47
8	41	48
8	41	49
8	42	35
8	42	36
8	42	37
8	42	38
8	42	39
8	42	40
8	42	41
8	42	42
8	42	43
8	42	44
8	42	45
8	42	46
8	42	47
8	42	48
8	43	35
8	43	36
8	43	37
8	43	38
8	43	39
8	43	40
8	43	41
8	43	42
8	43	43
8	43	44
8	43	45
8	44	34
8	44	35
8	44	36
8	44	37
8	44	38
8	44	39
8	44	40
8	44	41
8	44	42
8	44	43
8	44	44
8	45	33
8	45	34
8	45	35
8	45	36
8	45	37
8	45	38
8	45	39
8	45	40
8	45	41
8	45	42
8	45	43
8	46	33
8	46	34
8	46	35
8	46	36
8	46	40
8	46	41
8	46	42
8	46	43
8	47	33
8	47	34
8	47	35
8	48	33
9	29	36
9	29	37
9	29	38
9	29	39
9	29	40
9	29	41
9	29	42
9	30	36
9	30	37
9	30	38
9	30	39
9	30	40
9	30	41
9	30	42
9	31	36
9	31	37
9	31	38
9	31	39
9	31	40
9	31	41
9	31	42
9	32	36
9	32	37
9	32	38
9	32	39
9	32	40
9	32	41
9	32	42
9	32	43
9	33	37
9	33	38
9	33	39
9	33	40
9	33	41
9	33	42
9	33	43
9	34	37
9	34	38
9	34	39
9	34	40
9	34	41
9	34	42
9	34	43
9	34	44
9	35	37
9	35	38
9	35	39
9	35	40
9	35	41
9	35	42
9	35	43
9	35	44
9	36	37
9	36	38
9	36	39
9	36	40
9	36	41
9	36	42
9	36	43
9	36	44
9	36	45
9	37	35
9	37	36
9	37	37
9	37	38
9	37	39
9	37	40
9	37	41
9	37	42
9	37	43
9	37	44
9	37	45
9	37	46
9	38	34
9	38	35
9	38	36
9	38	37
9	38	38
9	38	39
9	38	40
9	38	41
9	38	42
9	38	43
9	38	44
9	38	45
9	38	46
9	39	34
9	39	35
9	39	36
9	39	37
9	39	38
9	39	39
9	39	40
9	39	41
9	39	42
9	39	43
9	39	44
9	39	45
9	39	46
9	39	47
9	40	34
9	40	35
9	40	36
9	40	37
9	40	38
9	40	39
9	40	40
9	40	41
9	40	42
9	40	43
9	40	44
9	40	45
9	40	46
9	40	47
9	40	48
9	41	34
9	41	35
9	41	36
9	41	37
9	41	38
9	41	39
9	41	40
9	41	41
9	41	42
9	41	43
9	41	44
9	41	45
9	41	46
9	41	47
9	41	48
9	42	34
9	42	35
9	42	36
9	42	37
9	42	38
9	42	39
9	42	40
9	42	41
9	42	42
9	42	43
9	42	44
9	42	45
9	42	46
9	42	48
9	43	34
9	43	35
9	43	36
9	43	37
9	43	38
9	43	39
9	43	40
9	43	41
9	43	42
9	43	43
9	43	44
9	43	45
9	44	34
9	44	35
9	44	36
9	44	37
9	44	38
9	44	39
9	44	40
9	44	41
9	44	42
9	44	43
9	44	44
9	45	33
9	45	34
9	45	35
9	45	36
9	45	37
9	45	38
9	45	39
9	45	40
9	45	41
9	45	42
9	45	43
9	46	33
9	46	34
9	46	35
9	47	33
9	47	34
9	48	33
10	28	36
10	28	37
10	28	38
10	28	39
10	28	40
10	28	41
10	29	36
10	29	37
10	29	38
10	29	39
10	29	40
10	29	41
10	30	36
10	30	37
10	30	38
10	30	39
10	30	40
10	30	41
10	30	42
10	31	35
10	31	36
10	31	37
10	31	38
10	31	39
10	31	40
10	31	41
10	31	42
10	32	36
10	32	37
10	32	38
10	32	39
10	32	40
10	32	41
10	32	42
10	32	43
10	33	36
10	33	37
10	33	38
10	33	39
10	33	40
10	33	41
10	33	42
10	33	43
10	34	36
10	34	37
10	34	38
10	34	39
10	34	40
10	34	41
10	34	42
10	34	43
10	34	44
10	35	37
10	35	38
10	35	39
10	35	40
10	35	41
10	35	42
10	35	43
10	35	44
10	36	34
10	36	35
10	36	36
10	36	37
10	36	38
10	36	39
10	36	40
10	36	41
10	36	42
10	36	43
10	36	44
10	36	45
10	37	33
10	37	34
10	37	35
10	37	36
10	37	37
10	37	38
10	37	39
10	37	40
10	37	41
10	37	42
10	37	43
10	37	44
10	37	45
10	37	46
10	38	33
10	38	34
10	38	35
10	38	36
10	38	37
10	38	38
10	38	39
10	38	40
10	38	41
10	38	42
10	38	43
10	38	44
10	38	45
10	38	46
10	39	33
10	39	34
10	39	35
10	39	36
10	39	37
10	39	38
10	39	39
10	39	40
10	39	41
10	39	42
10	39	43
10	39	44
10	39	45
10	39	46
10	39	47
10	40	33
10	40	34
10	40	35
10	40	36
10	40	37
10	40	38
10	40	39
10	40	40
10	40	41
10	40	42
10	40	43
10	40	44
10	40	45
10	40	46
10	40	47
10	40	48
10	41	33
10	41	34
10	41	35
10	41	36
10	41	37
10	41	38
10	41	39
10	41	40
10	41	41
10	41	42
10	41	43
10	41	44
10	41	45
10	41	47
10	41	48
10	42	33
10	42	34
10	42	35
10	42	36
10	42	37
10	42	38
10	42	39
10	42	40
10	42	41
10	42	42
10	42	43
10	42	44
10	42	45
10	42	48
10	43	33
10	43	34
10	43	35
10	43	36
10	43	37
10	43	38
10	43	39
10	43	40
10	43	41
10	43	42
10	43	43
10	43	44
10	44	33
10	44	34
10	44	35
10	44	36
10	44	37
10	44	38
10	44	39
10	44	40
10	44	41
10	44	42
10	44	43
10	44	44
10	45	33
10	45	34
10	45	35
10	45	36
10	45	37
10	45	38
10	46	33
10	46	34
10	46	35
10	47	33
10	47	34
10	48	33
11	27	37
11	27	38
11	27	39
11	28	36
11	28	37
11	28	38
11	28	39
11	28	40
11	28	41
11	29	36
11	29	37
11	29	38
11	29	39
11	29	40
11	29	41
11	30	36
11	30	37
11	30	38
11	30	39
11	30	40
11	30	41
11	31	35
11	31	36
11	31	37
11	31	38
11	31	39
11	31	40
11	31	41
11	31	42
11	32	35
11	32	36
11	32	37
11	32	38
11	32	39
11	32	40
11	32	41
11	32	42
11	32	43
11	33	35
11	33	36
11	33	37
11	33	38
11	33	39
11	33	40
11	33	41
11	33	42
11	33	43
11	34	36
11	34	37
11	34	38
11	34	39
11	34	40
11	34	41
11	34	42
11	34	43
11	34	44
11	35	33
11	35	34
11	35	35
11	35	36
11	35	37
11	35	38
11	35	39
11	35	40
11	35	41
11	35	42
11	35	43
11	35	44
11	35	45
11	36	33
11	36	34
11	36	35
11	36	36
11	36	37
11	36	38
11	36	39
11	36	40
11	36	41
11	36	42
11	36	43
11	36	44
11	36	45
11	37	32
11	37	33
11	37	34
11	37	35
11	37	36
11	37	37
11	37	38
11	37	39
11	37	40
11	37	41
11	37	42
11	37	43
11	37	44
11	37	45
11	37	46
11	38	32
11	38	33
11	38	34
11	38	35
11	38	36
11	38	37
11	38	38
11	38	39
11	38	40
11	38	41
11	38	42
11	38	43
11	38	44
11	38	45
11	38	46
11	38	47
11	39	33
11	39	34
11	39	35
11	39	36
11	39	37
11	39	38
11	39	39
11	39	40
11	39	41
11	39	42
11	39	43
11	39	44
11	39	45
11	39	46
11	39	47
11	40	33
11	40	34
11	40	35
11	40	36
11	40	37
11	40	38
11	40	39
11	40	40
11	40	41
11	40	42
11	40	43
11	40	44
11	40	45
11	40	46
11	40	47
11	40	48
11	41	32
11	41	33
11	41	34
11	41	35
11	41	36
11	41	37
11	41	38
11	41	39
11	41	40
11	41	41
11	41	42
11	41	43
11	41	44
11	41	45
11	41	47
11	41	48
11	42	32
11	42	33
11	42	34
11	42	35
11	42	36
11	42	37
11	42	38
11	42	39
11	42	40
11	42	41
11	42	42
11	42	43
11	42	44
11	42	48
11	43	32
11	43	33
11	43	34
11	43	35
11	43	36
11	43	37
11	43	38
11	43	39
11	43	40
11	43	41
11	43	42
11	43	43
11	43	44
11	44	32
11	44	33
11	44	34
11	44	35
11	44	36
11	44	37
11	45	32
11	45	33
11	45	34
11	46	32
11	46	33
11	46	34
11	47	33
11	47	34
11	48	33
12	27	38
12	28	36
12	28	37
12	28	38
12	28	39
12	29	36
12	29	37
12	29	38
12	29	39
12	30	36
12	30	37
12	30	38
12	30	39
12	30	40
12	30	41
12	31	35
12	31	36
12	31	37
12	31	38
12	31	39
12	31	40
12	31	41
12	31	42
12	32	35
12	32	36
12	32	37
12	32	38
12	32	39
12	32	40
12	32	41
12	32	42
12	33	35
12	33	36
12	33	37
12	33	38
12	33	39
12	33	40
12	33	41
12	33	42
12	33	43
12	34	34
12	34	35
12	34	36
12	34	37
12	34	38
12	34	39
12	34	40
12	34	41
12	34	42
12	34	43
12	34	44
12	35	33
12	35	34
12	35	35
12	35	36
12	35	37
12	35	38
12	35	39
12	35	40
12	35	41
12	35	42
12	35	43
12	35	44
12	35	45
12	36	33
12	36	34
12	36	35
12	36	36
12	36	37
12	36	38
12	36	39
12	36	40
12	36	41
12	36	42
12	36	43
12	36	44
12	36	45
12	36	46
12	37	32
12	37	33
12	37	34
12	37	35
12	37	36
12	37	37
12	37	38
12	37	39
12	37	40
12	37	41
12	37	42
12	37	43
12	37	44
12	37	45
12	37	46
12	38	32
12	38	33
12	38	34
12	38	35
12	38	36
12	38	37
12	38	38
12	38	39
12	38	40
12	38	41
12	38	42
12	38	43
12	38	44
12	38	45
12	38	46
12	38	47
12	39	32
12	39	33
12	39	34
12	39	35
12	39	36
12	39	37
12	39	38
12	39	39
12	39	40
12	39	41
12	39	42
12	39	43
12	39	44
12	39	45
12	39	46
12	39	47
12	39	48
12	40	32
12	40	33
12	40	34
12	40	35
12	40	36
12	40	37
12	40	38
12	40	39
12	40	40
12	40	41
12	40	42
12	40	43
12	40	44
12	40	45
12	40	46
12	40	47
12	40	48
12	41	31
12	41	32
12	41	33
12	41	34
12	41	35
12	41	36
12	41	37
12	41	38
12	41	39
12	41	40
12	41	41
12	41	42
12	41	43
12	41	44
12	41	45
12	41	47
12	41	48
12	42	31
12	42	32
12	42	33
12	42	34
12	42	35
12	42	36
12	42	37
12	42	38
12	42	39
12	42	40
12	42	41
12	42	42
12	42	43
12	42	44
12	43	31
12	43	32
12	43	33
12	43	34
12	43	35
12	43	36
12	43	37
12	44	31
12	44	32
12	44	33
12	44	34
12	44	35
12	44	36
12	44	37
12	45	31
12	45	32
12	45	33
12	45	34
12	46	32
12	46	33
12	47	33
13	28	37
13	28	38
13	29	36
13	29	37
13	29	38
13	29	39
13	30	36
13	30	37
13	30	38
13	30	39
13	30	40
13	31	35
13	31	36
13	31	37
13	31	38
13	31	39
13	31	40
13	31	41
13	32	35
13	32	36
13	32	37
13	32	38
13	32	39
13	32	40
13	32	41
13	32	42
13	33	35
13	33	36
13	33	37
13	33	38
13	33	39
13	33	40
13	33	41
13	33	42
13	33	43
13	34	34
13	34	35
13	34	36
13	34	37
13	34	38
13	34	39
13	34	40
13	34	41
13	34	42
13	34	43
13	34	44
13	35	33
13	35	34
13	35	35
13	35	36
13	35	37
13	35	38
13	35	39
13	35	40
13	35	41
13	35	42
13	35	43
13	35	44
13	35	45
13	35	46
13	36	33
13	36	34
13	36	35
13	36	36
13	36	37
13	36	38
13	36	39
13	36	40
13	36	41
13	36	42
13	36	43
13	36	44
13	36	45
13	36	46
13	36	47
13	37	32
13	37	33
13	37	34
13	37	35
13	37	36
13	37	37
13	37	38
13	37	39
13	37	40
13	37	41
13	37	42
13	37	43
13	37	44
13	37	45
13	37	46
13	37	47
13	38	32
13	38	33
13	38	34
13	38	35
13	38	36
13	38	37
13	38	38
13	38	39
13	38	40
13	38	41
13	38	42
13	38	43
13	38	44
13	38	45
13	38	46
13	38	47
13	39	32
13	39	33
13	39	34
13	39	35
13	39	36
13	39	37
13	39	38
13	39	39
13	39	40
13	39	41
13	39	42
13	39	43
13	39	44
13	39	45
13	39	46
13	39	47
13	39	48
13	40	31
13	40	32
13	40	33
13	40	34
13	40	35
13	40	36
13	40	37
13	40	38
13	40	39
13	40	40
13	40	41
13	40	42
13	40	43
13	40	44
13	40	45
13	40	46
13	40	47
13	40	48
13	41	31
13	41	32
13	41	33
13	41	34
13	41	35
13	41	36
13	41	37
13	41	38
13	41	39
13	41	40
13	41	41
13	41	42
13	41	43
13	41	44
13	41	45
13	41	47
13	41	48
13	42	31
13	42	32
13	42	33
13	42	34
13	42	35
13	42	36
13	43	30
13	43	31
13	43	32
13	43	33
13	43	34
13	43	35
13	43	36
13	44	31
13	44	32
13	44	33
13	44	34
13	44	35
13	44	36
13	45	31
13	45	32
13	45	33
13	45	34
13	45	35
13	46	31
13	46	32
13	46	33
14	29	37
14	29	38
14	29	39
14	30	37
14	30	38
14	30	39
14	31	36
14	31	37
14	31	38
14	31	39
14	31	40
14	32	35
14	32	36
14	32	37
14	32	38
14	32	39
14	32	40
14	32	41
14	33	34
14	33	35
14	33	36
14	33	37
14	33	38
14	33	39
14	33	40
14	33	41
14	34	34
14	34	35
14	34	36
14	34	37
14	34	38
14	34	39
14	34	40
14	34	41
14	34	42
14	35	34
14	35	35
14	35	36
14	35	37
14	35	38
14	35	39
14	35	40
14	35	41
14	35	42
14	35	43
14	35	44
14	35	45
14	36	33
14	36	34
14	36	35
14	36	36
14	36	37
14	36	38
14	36	39
14	36	40
14	36	41
14	36	42
14	36	43
14	36	44
14	36	45
14	36	46
14	36	47
14	37	32
14	37	33
14	37	34
14	37	35
14	37	36
14	37	37
14	37	38
14	37	39
14	37	40
14	37	41
14	37	42
14	37	43
14	37	44
14	37	45
14	37	46
14	37	47
14	37	48
14	38	32
14	38	33
14	38	34
14	38	35
14	38	36
14	38	37
14	38	38
14	38	39
14	38	40
14	38	41
14	38	42
14	38	43
14	38	44
14	38	45
14	38	46
14	38	47
14	38	48
14	39	31
14	39	32
14	39	33
14	39	34
14	39	35
14	39	36
14	39	37
14	39	38
14	39	39
14	39	40
14	39	41
14	39	42
14	39	43
14	39	44
14	39	45
14	39	46
14	39	47
14	39	48
14	40	31
14	40	32
14	40	33
14	40	34
14	40	35
14	40	36
14	40	37
14	40	38
14	40	39
14	40	40
14	40	41
14	40	42
14	40	43
14	40	44
14	40	45
14	40	46
14	40	47
14	40	48
14	41	31
14	41	32
14	41	33
14	41	34
14	41	35
14	41	47
14	41	48
14	42	31
14	42	32
14	42	33
14	42	34
14	42	35
14	43	30
14	43	31
14	43	32
14	43	33
14	43	34
14	43	35
14	44	31
14	44	32
14	44	33
14	44	34
14	44	35
14	45	31
14	45	32
14	45	33
14	45	34
14	45	35
14	46	31
14	46	32
14	46	33
14	46	34
15	31	36
15	31	37
15	32	35
15	32	36
15	32	37
15	32	38
15	32	39
15	32	40
15	33	34
15	33	35
15	33	36
15	33	37
15	33	38
15	33	39
15	33	40
15	34	34
15	34	35
15	34	36
15	34	37
15	34	38
15	34	39
15	34	40
15	34	41
15	35	34
15	35	35
15	35	36
15	35	37
15	35	38
15	35	39
15	35	40
15	35	41
15	35	46
15	36	33
15	36	34
15	36	35
15	36	36
15	36	37
15	36	38
15	36	39
15	36	40
15	36	41
15	36	42
15	36	43
15	36	44
15	36	45
15	36	46
15	36	47
15	36	48
15	37	33
15	37	34
15	37	35
15	37	36
15	37	37
15	37	38
15	37	39
15	37	40
15	37	41
15	37	42
15	37	43
15	37	44
15	37	45
15	37	46
15	37	47
15	37	48
15	38	32
15	38	33
15	38	34
15	38	35
15	38	36
15	38	37
15	38	38
15	38	39
15	38	40
15	38	41
15	38	42
15	38	43
15	38	44
15	38	45
15	38	46
15	38	47
15	38	48
15	39	31
15	39	32
15	39	33
15	39	34
15	39	35
15	39	36
15	39	37
15	39	38
15	39	39
15	39	40
15	39	41
15	39	42
15	39	43
15	39	44
15	39	45
15	39	46
15	39	47
15	39	48
15	40	31
15	40	32
15	40	33
15	40	34
15	40	47
15	40	48
15	40	49
15	41	31
15	41	32
15	41	33
15	41	34
15	41	47
15	41	48
15	42	31
15	42	32
15	42	33
15	42	34
15	43	30
15	43	31
15	43	32
15	43	33
15	43	34
15	44	31
15	44	32
15	44	33
15	44	34
15	45	31
15	45	32
15	45	33
15	45	34
15	46	31
15	46	32
15	46	33
15	46	34
16	33	35
16	33	36
16	33	37
16	34	34
16	34	35
16	34	36
16	34	37
16	34	38
16	35	33
16	35	34
16	35	35
16	35	36
16	35	37
16	35	38
16	35	39
16	35	48
16	35	49
16	36	33
16	36	34
16	36	35
16	36	36
16	36	37
16	36	38
16	36	39
16	36	40
16	36	48
16	37	33
16	37	34
16	37	35
16	37	36
16	37	37
16	37	38
16	37	39
16	37	40
16	37	41
16	37	45
16	37	46
16	37	47
16	37	48
16	38	32
16	38	33
16	38	34
16	38	35
16	38	36
16	38	37
16	38	38
16	38	39
16	38	40
16	38	41
16	38	42
16	38	43
16	38	44
16	38	45
16	38	46
16	38	47
16	38	48
16	39	31
16	39	32
16	39	33
16	39	38
16	39	48
16	40	31
16	40	32
16	40	33
16	40	48
16	41	31
16	41	32
16	41	33
16	41	48
16	42	31
16	42	32
16	42	33
16	42	48
16	43	30
16	43	31
16	43	32
16	43	33
16	44	31
16	44	32
16	44	33
16	45	31
16	45	32
16	45	33
16	46	31
16	46	32
16	46	33
17	34	35
17	35	32
17	35	34
17	35	35
17	35	36
17	35	37
17	36	32
17	36	33
17	36	34
17	36	35
17	36	36
17	36	37
17	37	32
17	37	33
17	37	34
17	37	35
17	37	36
17	37	37
17	37	38
17	38	32
17	38	33
17	38	37
17	38	38
17	38	39
17	38	48
17	39	31
17	39	32
17	39	38
17	40	31
17	40	32
17	41	32
17	42	32
17	43	32
17	44	32
17	45	32
18	36	34
18	36	35
18	37	32
18	37	36
18	38	36
18	38	37
18	39	36
18	39	37
18	39	38
19	38	35
19	39	35
19	39	36
19	40	36
19	40	37
20	40	35
58	36	43
58	36	44
58	37	43
58	37	44
58	37	45
58	38	43
58	38	44
58	38	45
58	38	46
58	39	43
58	39	44
58	39	45
58	39	46
58	39	47
58	40	43
58	40	44
58	40	45
58	40	46
58	40	47
58	41	43
58	41	44
58	41	45
58	41	46
58	42	43
58	42	44
58	42	45
59	35	42
59	35	43
59	36	42
59	36	43
59	36	44
59	37	42
59	37	43
59	37	44
59	37	45
59	38	42
59	38	43
59	38	44
59	38	45
59	38	46
59	39	42
59	39	43
59	39	44
59	39	45
59	39	46
59	39	47
59	40	42
59	40	43
59	40	44
59	40	45
59	40	46
59	40	47
59	41	42
59	41	43
59	41	44
59	41	45
59	41	46
59	41	47
59	42	43
59	42	44
59	42	45
59	42	46
60	34	42
60	35	41
60	35	42
60	35	43
60	36	41
60	36	42
60	36	43
60	36	44
60	36	45
60	37	41
60	37	42
60	37	43
60	37	44
60	37	45
60	38	42
60	38	43
60	38	44
60	38	45
60	38	46
60	39	42
60	39	43
60	39	44
60	39	45
60	39	46
60	40	42
60	40	43
60	40	44
60	40	45
60	40	46
60	41	44
60	41	45
60	41	46
60	42	46
61	34	42
61	35	41
61	35	42
61	35	43
61	36	41
61	36	42
61	36	43
61	36	44
61	36	45
61	37	41
61	37	42
61	37	43
61	37	44
61	37	45
61	37	46
61	38	42
61	38	43
61	38	44
61	38	45
61	38	46
61	39	43
61	39	44
61	39	45
61	39	46
61	40	43
61	40	44
61	40	45
61	40	46
61	41	45
61	41	46
62	34	42
62	35	41
62	35	42
62	36	41
62	36	42
62	36	43
62	37	41
62	37	42
62	37	43
62	37	44
62	38	41
62	38	42
62	38	43
62	38	44
62	38	45
62	39	46
62	40	46
63	35	41
63	35	42
63	36	41
63	36	42
63	36	43
63	37	41
63	37	42
63	37	43
63	37	44
63	38	41
63	38	42
63	38	43
63	38	44
63	39	40
63	39	41
63	39	42
63	39	43
63	39	44
63	39	45
