#i	j	k
9	6	8
10	6	9
10	7	9
10	7	10
10	7	11
10	8	10
10	8	11
10	8	12
10	9	13
11	6	9
11	6	10
11	7	10
11	7	11
11	7	12
11	7	13
11	8	10
11	8	11
11	8	12
11	8	13
11	8	14
11	9	11
11	9	12
11	9	13
11	9	14
11	9	15
12	5	9
12	5	10
12	6	10
12	6	11
12	6	12
12	7	10
12	7	11
12	7	12
12	7	13
12	7	14
12	7	15
12	8	11
12	8	12
12	8	13
12	8	14
12	8	15
12	9	12
12	9	13
12	9	14
12	9	15
13	5	9
13	5	10
13	5	11
13	5	12
13	6	10
13	6	11
13	6	12
13	6	13
13	6	14
13	7	11
13	7	12
13	7	13
13	7	14
13	7	15
13	8	11
13	8	12
13	8	13
13	8	14
14	4	9
14	4	10
14	5	10
14	5	11
14	5	12
14	5	13
14	6	10
14	6	11
14	6	12
14	6	13
14	6	14
14	6	15
14	6	16
14	7	11
14	7	12
14	7	13
14	7	14
14	7	15
15	5	10
15	5	11
15	5	12
15	5	13
15	6	11
15	6	12
15	6	13
15	6	14
15	6	17
15	7	17
15	10	17
16	5	12
16	5	13
16	6	16
16	6	17
16	7	16
16	7	17
16	7	18
16	8	16
16	8	17
16	8	18
16	8	19
16	9	16
16	9	19
16	10	16
16	10	20
17	4	12
17	5	12
17	5	13
17	5	14
17	5	15
17	5	16
17	5	17
17	6	12
17	6	13
17	6	14
17	6	15
17	6	16
17	6	17
17	6	18
17	6	19
17	7	15
17	7	16
17	7	17
17	7	18
17	7	19
17	8	15
17	8	16
17	8	17
17	8	18
17	8	19
17	8	20
17	9	15
17	9	16
17	9	17
17	9	18
17	9	19
17	9	20
17	9	23
17	10	15
17	10	16
17	10	22
17	10	23
18	3	8
18	3	9
18	3	10
18	3	11
18	3	12
18	4	11
18	4	12
18	4	13
18	4	14
18	4	15
18	4	16
18	4	17
18	5	11
18	5	12
18	5	13
18	5	14
18	5	15
18	5	16
18	5	17
18	5	18
18	5	19
18	6	11
18	6	12
18	6	13
18	6	14
18	6	15
18	6	16
18	6	17
18	6	18
18	6	19
18	7	13
18	7	14
18	7	15
18	7	16
18	7	17
18	7	18
18	7	19
18	7	20
18	8	14
18	8	15
18	8	16
18	8	17
18	8	18
18	8	19
18	8	20
18	9	14
18	9	15
18	9	16
18	9	17
18	9	18
18	9	19
18	9	20
18	9	21
18	9	22
18	9	23
18	9	24
18	10	15
18	10	16
19	1	7
19	1	8
19	1	9
19	2	8
19	2	9
19	2	10
19	2	11
19	2	12
19	3	9
19	3	10
19	3	11
19	3	12
19	3	13
19	3	14
19	3	15
19	3	16
19	4	9
19	4	10
19	4	11
19	4	12
19	4	13
19	4	14
19	4	15
19	4	16
19	4	17
19	4	18
19	5	10
19	5	11
19	5	12
19	5	13
19	5	14
19	5	15
19	5	16
19	5	17
19	5	18
19	5	19
19	6	10
19	6	11
19	6	12
19	6	13
19	6	14
19	6	15
19	6	16
19	6	17
19	6	18
19	6	19
19	7	12
19	7	13
19	7	14
19	7	15
19	7	16
19	7	17
19	7	18
19	7	19
19	7	20
19	8	13
19	8	14
19	8	15
19	8	16
19	8	17
19	8	18
19	8	19
19	8	20
19	9	13
19	9	14
19	9	15
19	9	16
19	9	17
19	9	18
19	9	22
19	9	23
19	10	15
19	10	16
20	1	9
20	1	10
20	1	11
20	2	8
20	2	9
20	2	10
20	2	11
20	2	12
20	2	13
20	2	14
20	3	9
20	3	10
20	3	11
20	3	12
20	3	13
20	3	14
20	3	15
20	3	16
20	3	17
20	3	18
20	4	10
20	4	11
20	4	12
20	4	13
20	4	14
20	4	15
20	4	16
20	4	17
20	4	18
20	4	19
20	5	10
20	5	11
20	5	12
20	5	13
20	5	14
20	5	15
20	5	16
20	5	17
20	5	18
20	5	19
20	6	10
20	6	11
20	6	12
20	6	13
20	6	14
20	6	15
20	6	16
20	6	17
20	6	18
20	6	19
20	6	20
20	7	10
20	7	11
20	7	12
20	7	13
20	7	14
20	7	15
20	7	16
20	7	17
20	7	18
20	7	19
20	7	20
20	8	11
20	8	12
20	8	13
20	8	14
20	8	15
20	8	16
20	8	17
20	8	18
20	8	19
20	9	11
20	9	12
20	9	13
20	9	14
20	9	15
20	9	16
20	9	17
20	9	18
20	10	12
20	10	13
20	10	14
20	10	15
20	10	16
20	10	17
21	1	10
21	1	11
21	2	8
21	2	9
21	2	10
21	2	11
21	2	12
21	2	13
21	2	14
21	2	15
21	2	16
21	3	9
21	3	10
21	3	11
21	3	12
21	3	13
21	3	14
21	3	15
21	3	16
21	3	17
21	3	18
21	3	19
21	4	10
21	4	11
21	4	12
21	4	13
21	4	14
21	4	15
21	4	16
21	4	17
21	4	18
21	4	19
21	5	11
21	5	12
21	5	13
21	5	14
21	5	15
21	5	16
21	5	17
21	5	18
21	5	19
21	5	20
21	6	11
21	6	12
21	6	13
21	6	14
21	6	15
21	6	16
21	6	17
21	6	18
21	6	19
21	6	20
21	7	11
21	7	12
21	7	13
21	7	14
21	7	15
21	7	16
21	7	17
21	7	18
21	7	19
21	7	20
21	8	11
21	8	12
21	8	13
21	8	14
21	8	15
21	8	16
21	8	17
21	8	18
21	8	19
21	9	12
21	9	13
21	9	14
21	9	15
21	9	16
21	9	17
21	9	18
21	10	15
21	10	16
21	10	17
21	11	13
21	11	17
22	1	10
22	1	14
22	1	15
22	2	8
22	2	9
22	2	10
22	2	11
22	2	12
22	2	13
22	2	14
22	2	15
22	2	16
22	2	17
22	2	18
22	3	9
22	3	10
22	3	11
22	3	12
22	3	13
22	3	14
22	3	15
22	3	16
22	3	17
22	3	18
22	3	19
22	4	10
22	4	11
22	4	12
22	4	13
22	4	14
22	4	15
22	4	16
22	4	17
22	4	18
22	4	19
22	4	20
22	5	11
22	5	12
22	5	13
22	5	14
22	5	15
22	5	16
22	5	17
22	5	18
22	5	19
22	5	20
22	6	11
22	6	12
22	6	13
22	6	14
22	6	15
22	6	16
22	6	17
22	6	18
22	6	19
22	6	20
22	6	21
22	7	12
22	7	13
22	7	14
22	7	15
22	7	16
22	7	17
22	7	18
22	7	19
22	7	20
22	8	13
22	8	14
22	8	15
22	8	16
22	8	17
22	8	18
22	8	19
22	9	14
22	9	15
22	9	16
22	9	17
22	9	18
22	10	15
22	10	16
22	10	17
22	10	18
22	11	16
22	11	17
22	11	18
23	0	16
23	1	14
23	1	15
23	1	16
23	1	17
23	2	10
23	2	13
23	2	14
23	2	15
23	2	16
23	2	17
23	2	18
23	2	19
23	3	9
23	3	10
23	3	11
23	3	12
23	3	13
23	3	14
23	3	15
23	3	16
23	3	17
23	3	18
23	3	19
23	4	10
23	4	11
23	4	12
23	4	13
23	4	14
23	4	15
23	4	16
23	4	17
23	4	18
23	4	19
23	4	20
23	5	11
23	5	12
23	5	13
23	5	14
23	5	15
23	5	16
23	5	17
23	5	18
23	5	19
23	5	20
23	5	21
23	6	11
23	6	12
23	6	13
23	6	14
23	6	15
23	6	16
23	6	17
23	6	18
23	6	19
23	6	20
23	6	21
23	7	12
23	7	13
23	7	14
23	7	15
23	7	16
23	7	17
23	7	18
23	7	19
23	7	20
23	8	13
23	8	14
23	8	15
23	8	16
23	8	17
23	8	18
23	8	19
23	8	20
23	9	14
23	9	15
23	9	16
23	9	17
23	9	18
23	9	19
23	10	15
23	10	16
23	10	17
23	10	18
23	10	19
23	11	16
23	11	17
23	11	18
23	12	17
24	0	16
24	0	17
24	0	18
24	1	14
24	1	15
24	1	16
24	1	17
24	1	18
24	2	8
24	2	9
24	2	13
24	2	14
24	2	15
24	2	16
24	2	17
24	2	18
24	2	19
24	3	9
24	3	10
24	3	11
24	3	12
24	3	13
24	3	14
24	3	15
24	3	16
24	3	17
24	3	18
24	3	19
24	3	20
24	4	10
24	4	11
24	4	12
24	4	13
24	4	14
24	4	15
24	4	16
24	4	17
24	4	18
24	4	19
24	4	20
24	4	21
24	5	11
24	5	12
24	5	13
24	5	14
24	5	15
24	5	16
24	5	17
24	5	18
24	5	19
24	5	20
24	5	21
24	6	11
24	6	12
24	6	13
24	6	14
24	6	15
24	6	16
24	6	17
24	6	18
24	6	19
24	6	20
24	6	21
24	7	12
24	7	13
24	7	14
24	7	15
24	7	16
24	7	17
24	7	18
24	7	19
24	7	20
24	8	13
24	8	14
24	8	15
24	8	16
24	8	17
24	8	18
24	8	19
24	9	14
24	9	15
24	9	16
24	9	17
24	9	18
24	9	19
24	10	15
24	10	16
24	10	17
24	10	18
24	10	19
24	11	16
24	11	17
24	11	18
24	12	17
24	63	17
25	0	16
25	0	17
25	0	18
25	0	19
25	1	14
25	1	15
25	1	16
25	1	17
25	1	18
25	1	19
25	2	13
25	2	14
25	2	15
25	2	16
25	2	17
25	2	18
25	2	19
25	3	9
25	3	10
25	3	11
25	3	12
25	3	13
25	3	14
25	3	15
25	3	16
25	3	17
25	3	18
25	3	19
25	3	20
25	4	10
25	4	11
25	4	12
25	4	13
25	4	14
25	4	15
25	4	16
25	4	17
25	4	18
25	4	19
25	4	20
25	4	21
25	5	11
25	5	12
25	5	13
25	5	14
25	5	15
25	5	16
25	5	17
25	5	18
25	5	19
25	5	20
25	5	21
25	5	22
25	6	11
25	6	12
25	6	13
25	6	14
25	6	15
25	6	16
25	6	17
25	6	18
25	6	19
25	6	20
25	6	21
25	7	12
25	7	13
25	7	14
25	7	15
25	7	16
25	7	17
25	7	18
25	7	19
25	7	20
25	8	13
25	8	14
25	8	15
25	8	16
25	8	17
25	8	18
25	8	19
25	9	14
25	9	15
25	9	16
25	9	17
25	9	18
25	9	19
25	10	15
25	10	16
25	10	17
25	10	18
25	10	19
25	11	16
25	11	17
25	11	18
25	12	17
25	62	16
25	62	17
25	63	16
25	63	17
25	63	18
26	0	15
26	0	16
26	0	17
26	0	18
26	0	19
26	1	14
26	1	15
26	1	16
26	1	17
26	1	18
26	1	19
26	2	13
26	2	14
26	2	15
26	2	16
26	2	17
26	2	18
26	2	19
26	2	20
26	3	9
26	3	10
26	3	12
26	3	13
26	3	14
26	3	15
26	3	16
26	3	17
26	3	18
26	3	19
26	3	20
26	4	10
26	4	11
26	4	12
26	4	13
26	4	14
26	4	15
26	4	16
26	4	17
26	4	18
26	4	19
26	4	20
26	4	21
26	5	11
26	5	12
26	5	13
26	5	14
26	5	15
26	5	16
26	5	17
26	5	18
26	5	19
26	5	20
26	5	21
26	5	22
26	6	11
26	6	12
26	6	13
26	6	14
26	6	15
26	6	16
26	6	17
26	6	18
26	6	19
26	6	20
26	6	21
26	7	12
26	7	13
26	7	14
26	7	15
26	7	16
26	7	17
26	7	18
26	7	19
26	7	20
26	8	13
26	8	14
26	8	15
26	8	16
26	8	17
26	8	18
26	8	19
26	9	14
26	9	15
26	9	16
26	9	17
26	9	18
26	9	19
26	10	15
26	10	16
26	10	17
26	10	18
26	10	19
26	11	16
26	11	17
26	11	18
26	12	17
26	61	16
26	61	17
26	62	16
26	62	17
26	62	18
26	63	16
26	63	17
26	63	18
26	63	19
27	0	15
27	0	16
27	0	17
27	0	18
27	0	19
27	1	17
27	1	18
27	1	19
27	2	15
27	2	16
27	2	17
27	2	18
27	2	19
27	2	20
27	3	10
27	3	12
27	3	13
27	3	14
27	3	15
27	3	16
27	3	17
27	3	18
27	3	19
27	3	20
27	4	10
27	4	11
27	4	12
27	4	13
27	4	14
27	4	15
27	4	16
27	4	17
27	4	18
27	4	19
27	4	20
27	4	21
27	5	10
27	5	11
27	5	12
27	5	13
27	5	14
27	5	15
27	5	16
27	5	17
27	5	18
27	5	19
27	5	20
27	5	21
27	6	10
27	6	11
27	6	12
27	6	13
27	6	14
27	6	15
27	6	16
27	6	17
27	6	18
27	6	19
27	6	20
27	6	21
27	7	10
27	7	11
27	7	12
27	7	13
27	7	14
27	7	15
27	7	16
27	7	17
27	7	18
27	7	19
27	7	20
27	8	13
27	8	14
27	8	15
27	8	16
27	8	17
27	8	18
27	8	19
27	9	14
27	9	15
27	9	16
27	9	17
27	9	18
27	9	19
27	10	15
27	10	16
27	10	17
27	10	18
27	11	16
27	11	17
27	11	18
27	12	17
27	60	16
27	61	16
27	61	17
27	62	15
27	62	16
27	62	17
27	62	18
27	63	15
27	63	16
27	63	17
27	63	18
27	63	19
28	0	15
28	0	16
28	0	17
28	0	18
28	0	19
28	1	18
28	1	19
28	2	19
28	3	17
28	3	18
28	3	19
28	4	10
28	4	11
28	4	12
28	4	13
28	4	14
28	4	15
28	4	16
28	4	17
28	4	18
28	4	19
28	5	9
28	5	10
28	5	11
28	5	12
28	5	13
28	5	14
28	5	15
28	5	16
28	5	17
28	5	18
28	5	19
28	5	20
28	6	9
28	6	10
28	6	11
28	6	12
28	6	13
28	6	14
28	6	15
28	6	16
28	6	17
28	6	18
28	6	19
28	6	20
28	7	10
28	7	11
28	7	12
28	7	13
28	7	14
28	7	15
28	7	16
28	7	17
28	7	18
28	7	19
28	8	10
28	8	11
28	8	12
28	8	13
28	8	14
28	8	15
28	8	16
28	8	17
28	8	18
28	8	19
28	9	14
28	9	15
28	9	16
28	9	17
28	9	18
28	10	15
28	10	16
28	10	17
28	11	16
28	11	17
28	60	16
28	60	17
28	61	15
28	61	16
28	61	17
28	61	18
28	62	15
28	62	16
28	62	17
28	62	18
28	62	19
28	63	15
28	63	16
28	63	17
28	63	18
28	63	19
29	0	17
29	0	18
29	0	19
29	1	18
29	1	19
29	2	19
29	4	18
29	5	10
29	5	11
29	5	12
29	5	13
29	5	14
29	5	15
29	5	16
29	5	17
29	5	18
29	5	19
29	6	10
29	6	11
29	6	12
29	6	13
29	6	14
29	6	15
29	6	16
29	6	17
29	6	18
29	6	19
29	7	9
29	7	10
29	7	11
29	7	12
29	7	13
29	7	14
29	7	15
29	7	16
29	7	17
29	7	18
29	7	19
29	8	10
29	8	11
29	8	12
29	8	13
29	8	14
29	8	15
29	8	16
29	8	17
29	8	18
29	9	10
29	9	11
29	9	12
29	9	13
29	9	14
29	9	15
29	9	16
29	9	17
29	10	15
29	10	16
29	10	17
29	11	16
29	59	16
29	60	15
29	60	16
29	60	17
29	60	18
29	61	15
29	61	16
29	61	17
29	61	18
29	61	19
29	62	16
29	62	17
29	62	18
29	62	19
29	63	16
29	63	17
29	63	18
29	63	19
30	0	17
30	0	18
30	0	19
30	1	18
30	1	19
30	2	19
30	5	15
30	5	16
30	5	17
30	5	18
30	6	11
30	6	12
30	6	13
30	6	14
30	6	15
30	6	16
30	6	17
30	6	18
30	7	11
30	7	12
30	7	13
30	7	14
30	7	15
30	7	16
30	7	17
30	8	10
30	8	11
30	8	12
30	8	13
30	8	14
30	8	15
30	8	16
30	9	9
30	9	10
30	9	11
30	9	12
30	9	13
30	9	14
30	9	15
30	10	9
30	10	10
30	10	11
30	10	12
30	10	13
30	10	14
30	10	15
30	59	16
30	59	17
30	59	18
30	60	15
30	60	16
30	60	17
30	60	18
30	60	19
30	61	15
30	61	16
30	61	17
30	61	18
30	61	19
30	62	16
30	62	17
30	62	18
30	62	19
30	62	20
30	63	17
30	63	18
30	63	19
30	63	20
31	0	18
31	0	19
31	1	18
31	1	19
31	5	16
31	5	17
31	6	13
31	6	14
31	6	15
31	6	16
31	6	17
31	7	12
31	7	15
31	8	12
31	10	8
31	10	9
31	11	8
31	59	17
31	59	18
31	59	19
31	60	16
31	60	17
31	60	18
31	60	19
31	60	20
31	61	15
31	61	16
31	61	17
31	61	18
31	61	19
31	61	20
31	62	18
31	62	19
31	62	20
31	63	18
31	63	19
32	11	10
32	59	17
32	59	18
32	59	19
32	59	20
32	60	16
32	60	17
32	60	18
32	60	19
32	60	20
32	61	19
32	62	19
32	63	19
33	59	17
