#i	j	k
0	25	32
0	25	33
0	25	34
0	26	31
0	26	32
0	26	33
0	26	34
0	26	35
0	26	36
0	27	30
0	27	31
0	27	32
0	27	33
0	27	34
0	27	35
0	27	36
0	27	37
0	28	29
0	28	30
0	28	31
0	28	32
0	28	33
0	28	34
0	28	35
0	28	36
0	28	37
0	29	27
0	29	28
0	29	29
0	29	30
0	29	31
0	29	32
0	29	33
0	29	34
0	29	35
0	29	36
0	29	37
0	30	25
0	30	26
0	30	27
0	30	28
0	30	29
0	30	30
0	30	31
0	30	32
0	30	33
0	30	34
0	30	35
0	30	36
0	31	24
0	31	25
0	31	26
0	31	27
0	31	28
0	31	29
0	31	30
0	31	31
0	31	32
0	31	33
0	31	34
0	31	35
0	32	23
0	32	24
0	32	25
0	32	26
0	32	27
0	32	28
0	32	29
0	32	30
0	32	31
0	32	32
0	32	33
0	32	34
0	32	35
0	33	22
0	33	23
0	33	24
0	33	25
0	33	26
0	33	27
0	33	28
0	33	29
0	33	30
0	33	31
0	33	32
0	33	33
0	33	34
0	34	21
0	34	22
0	34	23
0	34	24
0	34	25
0	34	26
0	34	27
0	34	28
0	34	29
0	34	30
0	34	31
0	34	32
0	34	33
0	34	34
0	35	20
0	35	21
0	35	22
0	35	23
0	35	24
0	35	25
0	35	26
0	35	27
0	35	28
0	35	29
0	35	30
0	35	31
0	35	32
0	35	33
0	36	19
0	36	20
0	36	21
0	36	22
0	36	23
0	36	24
0	36	25
0	36	26
0	36	27
0	36	28
0	36	29
0	36	30
0	37	17
0	37	18
0	37	19
0	37	20
0	37	21
0	37	22
0	37	23
0	37	24
0	37	25
0	37	26
0	37	27
0	37	28
0	37	29
0	37	30
0	37	31
0	37	32
0	38	18
0	38	19
0	38	20
0	38	21
0	38	22
0	38	23
0	38	24
0	38	25
0	38	26
0	38	27
0	38	28
0	38	29
0	38	30
0	38	31
0	38	32
0	39	20
0	39	21
0	39	22
0	39	23
0	39	24
0	39	25
0	39	26
0	39	27
0	39	28
0	39	29
0	39	30
0	39	31
0	39	32
0	40	21
0	40	22
0	40	23
0	40	24
0	40	28
0	40	29
0	40	30
0	40	31
0	40	32
0	41	22
0	41	23
0	41	24
0	41	25
0	41	26
0	41	27
0	41	32
0	42	22
0	42	23
0	42	24
0	42	25
0	43	22
0	43	23
0	43	24
0	43	25
0	44	22
0	44	23
0	44	24
0	45	25
0	46	27
0	46	28
0	46	29
0	47	27
0	47	28
0	47	29
0	47	30
0	48	28
0	48	29
0	48	30
0	48	31
0	48	33
0	48	34
0	49	29
0	49	30
0	49	31
0	49	32
0	49	33
0	49	34
0	50	29
0	50	30
0	50	31
0	50	32
0	50	33
0	50	34
0	51	29
0	51	30
0	51	31
0	51	32
0	51	33
0	52	29
0	52	30
0	52	31
0	52	32
0	52	33
0	53	29
0	53	30
0	53	31
0	53	32
0	54	30
0	54	31
0	54	32
0	55	30
1	25	31
1	25	32
1	25	33
1	25	37
1	26	30
1	26	31
1	26	32
1	26	33
1	26	34
1	26	35
1	26	36
1	26	37
1	26	38
1	27	29
1	27	30
1	27	31
1	27	32
1	27	33
1	27	34
1	27	35
1	27	36
1	27	37
1	28	28
1	28	29
1	28	30
1	28	31
1	28	32
1	28	33
1	28	34
1	28	35
1	28	36
1	29	27
1	29	28
1	29	29
1	29	30
1	29	31
1	29	32
1	29	33
1	29	34
1	29	35
1	29	36
1	30	25
1	30	26
1	30	27
1	30	28
1	30	29
1	30	30
1	30	31
1	30	32
1	30	33
1	30	34
1	30	35
1	30	36
1	31	24
1	31	25
1	31	26
1	31	27
1	31	28
1	31	29
1	31	30
1	31	31
1	31	32
1	31	33
1	31	34
1	31	35
1	32	22
1	32	23
1	32	24
1	32	25
1	32	26
1	32	27
1	32	28
1	32	29
1	32	30
1	32	31
1	32	32
1	32	33
1	32	34
1	33	21
1	33	22
1	33	23
1	33	24
1	33	25
1	33	26
1	33	27
1	33	28
1	33	29
1	33	30
1	33	31
1	33	32
1	33	33
1	33	34
1	34	20
1	34	21
1	34	22
1	34	23
1	34	24
1	34	25
1	34	26
1	34	27
1	34	28
1	34	29
1	34	30
1	34	31
1	34	32
1	34	33
1	35	18
1	35	19
1	35	20
1	35	21
1	35	22
1	35	23
1	35	24
1	35	25
1	35	26
1	35	27
1	35	28
1	35	29
1	35	30
1	36	16
1	36	17
1	36	18
1	36	19
1	36	20
1	36	21
1	36	22
1	36	23
1	36	24
1	36	25
1	36	26
1	36	27
1	36	28
1	36	29
1	36	30
1	37	16
1	37	17
1	37	18
1	37	19
1	37	20
1	37	21
1	37	22
1	37	23
1	37	24
1	37	25
1	37	26
1	37	27
1	37	28
1	37	29
1	37	30
1	38	17
1	38	18
1	38	19
1	38	20
1	38	21
1	38	22
1	38	23
1	38	24
1	38	25
1	38	26
1	38	27
1	38	28
1	38	29
1	38	30
1	38	31
1	39	19
1	39	20
1	39	21
1	39	22
1	39	23
1	39	24
1	39	25
1	39	26
1	39	27
1	39	28
1	39	29
1	39	30
1	39	31
1	40	21
1	40	22
1	40	23
1	40	24
1	40	25
1	40	26
1	40	27
1	40	28
1	40	29
1	40	30
1	40	31
1	41	22
1	41	23
1	41	24
1	41	25
1	41	26
1	41	27
1	41	28
1	41	29
1	41	31
1	42	22
1	42	23
1	42	24
1	42	25
1	42	26
1	42	32
1	43	22
1	43	23
1	43	24
1	43	25
1	43	26
1	44	23
1	44	24
1	44	25
1	44	26
1	45	25
1	45	26
1	45	27
1	45	28
1	46	26
1	46	27
1	46	28
1	46	29
1	46	30
1	47	27
1	47	28
1	47	29
1	47	30
1	48	28
1	48	29
1	48	30
1	48	31
1	49	29
1	49	30
1	49	31
1	49	32
1	49	33
1	50	30
1	50	31
1	50	32
1	50	33
1	51	30
1	51	31
1	51	32
1	51	33
1	52	30
1	52	31
1	52	32
1	53	30
1	53	31
1	53	32
1	54	30
1	54	31
2	25	30
2	25	31
2	25	32
2	25	33
2	25	34
2	25	35
2	25	36
2	25	37
2	25	38
2	26	29
2	26	30
2	26	31
2	26	32
2	26	33
2	26	34
2	26	35
2	26	36
2	26	37
2	27	28
2	27	29
2	27	30
2	27	31
2	27	32
2	27	33
2	27	34
2	27	35
2	27	36
2	28	27
2	28	28
2	28	29
2	28	30
2	28	31
2	28	32
2	28	33
2	28	34
2	28	35
2	28	36
2	29	27
2	29	28
2	29	29
2	29	30
2	29	31
2	29	32
2	29	33
2	29	34
2	29	35
2	30	24
2	30	25
2	30	26
2	30	28
2	30	29
2	30	30
2	30	31
2	30	32
2	30	33
2	30	34
2	30	35
2	31	23
2	31	24
2	31	25
2	31	26
2	31	27
2	31	28
2	31	29
2	31	30
2	31	31
2	31	32
2	31	33
2	31	34
2	31	35
2	32	22
2	32	23
2	32	24
2	32	25
2	32	26
2	32	27
2	32	28
2	32	29
2	32	30
2	32	31
2	32	32
2	32	33
2	32	34
2	33	20
2	33	21
2	33	22
2	33	23
2	33	24
2	33	25
2	33	26
2	33	27
2	33	28
2	33	29
2	33	30
2	33	31
2	33	32
2	33	33
2	34	17
2	34	18
2	34	19
2	34	20
2	34	21
2	34	22
2	34	23
2	34	24
2	34	25
2	34	26
2	34	27
2	34	28
2	34	29
2	34	30
2	35	16
2	35	17
2	35	18
2	35	19
2	35	20
2	35	21
2	35	22
2	35	23
2	35	24
2	35	25
2	35	26
2	35	27
2	35	28
2	35	29
2	35	30
2	36	16
2	36	17
2	36	18
2	36	19
2	36	20
2	36	21
2	36	22
2	36	23
2	36	24
2	36	25
2	36	26
2	36	27
2	36	28
2	36	29
2	36	30
2	37	16
2	37	17
2	37	18
2	37	19
2	37	20
2	37	21
2	37	22
2	37	23
2	37	24
2	37	25
2	37	26
2	37	27
2	37	28
2	37	29
2	37	30
2	38	17
2	38	18
2	38	19
2	38	20
2	38	21
2	38	22
2	38	23
2	38	24
2	38	25
2	38	26
2	38	27
2	38	28
2	38	29
2	38	30
2	39	18
2	39	19
2	39	20
2	39	21
2	39	22
2	39	23
2	39	24
2	39	25
2	39	26
2	39	27
2	39	28
2	39	29
2	39	30
2	40	20
2	40	21
2	40	22
2	40	23
2	40	24
2	40	25
2	40	26
2	40	27
2	40	28
2	40	29
2	40	30
2	41	21
2	41	22
2	41	23
2	41	24
2	41	25
2	41	26
2	41	27
2	41	28
2	41	29
2	41	31
2	42	21
2	42	22
2	42	23
2	42	24
2	42	25
2	42	26
2	42	27
2	42	28
2	43	21
2	43	22
2	43	23
2	43	24
2	43	25
2	43	26
2	43	27
2	43	28
2	44	19
2	44	20
2	44	21
2	44	22
2	44	23
2	44	24
2	44	25
2	44	26
2	44	27
2	44	28
2	44	31
2	45	25
2	45	26
2	45	27
2	45	28
2	45	29
2	45	30
2	45	31
2	46	26
2	46	27
2	46	28
2	46	29
2	46	30
2	46	31
2	47	27
2	47	28
2	47	29
2	47	30
2	47	31
2	48	28
2	48	29
2	48	30
2	48	31
2	50	31
2	50	32
2	51	31
2	51	32
2	52	31
2	52	32
2	53	31
2	53	32
2	54	31
3	24	32
3	24	33
3	24	36
3	24	37
3	25	29
3	25	30
3	25	31
3	25	32
3	25	33
3	25	34
3	25	35
3	25	36
3	25	37
3	26	28
3	26	29
3	26	30
3	26	31
3	26	32
3	26	33
3	26	34
3	26	35
3	26	36
3	26	37
3	27	28
3	27	29
3	27	30
3	27	31
3	27	32
3	27	33
3	27	34
3	27	35
3	27	36
3	28	28
3	28	29
3	28	30
3	28	31
3	28	32
3	28	33
3	28	34
3	28	35
3	29	28
3	29	29
3	29	30
3	29	31
3	29	32
3	29	33
3	29	34
3	29	35
3	30	24
3	30	25
3	30	28
3	30	29
3	30	30
3	30	31
3	30	32
3	30	33
3	30	34
3	30	35
3	31	23
3	31	24
3	31	25
3	31	26
3	31	27
3	31	29
3	31	30
3	31	31
3	31	32
3	31	33
3	31	34
3	32	21
3	32	22
3	32	23
3	32	24
3	32	25
3	32	26
3	32	27
3	32	28
3	32	29
3	32	30
3	32	31
3	32	32
3	32	33
3	32	34
3	33	18
3	33	19
3	33	20
3	33	21
3	33	22
3	33	23
3	33	24
3	33	25
3	33	26
3	33	27
3	33	28
3	33	29
3	34	17
3	34	18
3	34	19
3	34	20
3	34	21
3	34	22
3	34	23
3	34	24
3	34	25
3	34	26
3	34	27
3	34	28
3	34	29
3	34	30
3	35	16
3	35	17
3	35	18
3	35	19
3	35	20
3	35	21
3	35	22
3	35	23
3	35	24
3	35	25
3	35	26
3	35	27
3	35	28
3	35	29
3	35	30
3	35	31
3	36	15
3	36	16
3	36	17
3	36	18
3	36	19
3	36	20
3	36	21
3	36	22
3	36	23
3	36	24
3	36	25
3	36	26
3	36	27
3	36	28
3	36	29
3	36	30
3	37	16
3	37	17
3	37	18
3	37	19
3	37	20
3	37	21
3	37	22
3	37	23
3	37	24
3	37	25
3	37	26
3	37	27
3	37	28
3	37	29
3	37	30
3	38	17
3	38	18
3	38	19
3	38	20
3	38	21
3	38	22
3	38	23
3	38	24
3	38	25
3	38	26
3	38	27
3	38	28
3	38	29
3	38	30
3	39	18
3	39	19
3	39	20
3	39	21
3	39	22
3	39	23
3	39	24
3	39	25
3	39	26
3	39	27
3	39	28
3	39	29
3	39	30
3	40	19
3	40	20
3	40	21
3	40	22
3	40	23
3	40	24
3	40	25
3	40	26
3	40	27
3	40	28
3	40	29
3	40	30
3	41	20
3	41	21
3	41	22
3	41	23
3	41	24
3	41	25
3	41	26
3	41	27
3	41	28
3	41	29
3	42	20
3	42	21
3	42	22
3	42	23
3	42	24
3	42	25
3	42	26
3	42	27
3	42	28
3	42	29
3	43	20
3	43	21
3	43	22
3	43	23
3	43	24
3	43	25
3	43	26
3	43	27
3	43	28
3	43	29
3	44	18
3	44	19
3	44	20
3	44	21
3	44	22
3	44	23
3	44	24
3	44	25
3	44	26
3	44	27
3	44	28
3	44	29
3	44	31
3	45	24
3	45	25
3	45	26
3	45	27
3	45	28
3	45	29
3	45	30
3	45	31
3	46	26
3	46	27
3	46	28
3	46	29
3	46	30
3	46	31
3	47	27
3	47	28
3	47	29
3	47	30
3	47	31
3	51	32
4	24	29
4	24	30
4	24	31
4	24	32
4	24	33
4	24	34
4	24	35
4	24	36
4	24	37
4	25	28
4	25	29
4	25	30
4	25	31
4	25	32
4	25	33
4	25	34
4	25	35
4	25	36
4	25	37
4	26	28
4	26	29
4	26	30
4	26	31
4	26	32
4	26	33
4	26	34
4	26	35
4	26	36
4	27	29
4	27	30
4	27	31
4	27	32
4	27	33
4	27	34
4	27	35
4	27	36
4	28	29
4	28	30
4	28	31
4	28	32
4	28	33
4	28	34
4	28	35
4	29	29
4	29	30
4	29	31
4	29	32
4	29	33
4	29	34
4	29	35
4	30	23
4	30	24
4	30	29
4	30	30
4	30	31
4	30	32
4	30	33
4	30	34
4	30	35
4	31	22
4	31	23
4	31	24
4	31	25
4	31	26
4	31	29
4	31	30
4	31	31
4	31	32
4	31	33
4	31	34
4	32	20
4	32	21
4	32	22
4	32	23
4	32	24
4	32	25
4	32	26
4	32	27
4	32	28
4	32	33
4	33	17
4	33	18
4	33	19
4	33	20
4	33	21
4	33	22
4	33	23
4	33	24
4	33	25
4	33	26
4	33	27
4	33	28
4	33	29
4	34	16
4	34	17
4	34	18
4	34	19
4	34	20
4	34	21
4	34	22
4	34	23
4	34	24
4	34	25
4	34	26
4	34	27
4	34	28
4	34	29
4	34	30
4	35	16
4	35	17
4	35	18
4	35	19
4	35	20
4	35	21
4	35	22
4	35	23
4	35	24
4	35	25
4	35	26
4	35	27
4	35	28
4	35	29
4	35	30
4	36	15
4	36	16
4	36	17
4	36	18
4	36	19
4	36	20
4	36	21
4	36	22
4	36	23
4	36	24
4	36	25
4	36	26
4	36	27
4	36	28
4	36	29
4	36	30
4	37	16
4	37	17
4	37	18
4	37	19
4	37	20
4	37	21
4	37	22
4	37	23
4	37	24
4	37	25
4	37	26
4	37	27
4	37	28
4	37	29
4	37	30
4	38	17
4	38	18
4	38	19
4	38	20
4	38	21
4	38	22
4	38	23
4	38	24
4	38	25
4	38	26
4	38	27
4	38	28
4	38	29
4	38	30
4	39	18
4	39	19
4	39	20
4	39	21
4	39	22
4	39	23
4	39	24
4	39	25
4	39	26
4	39	27
4	39	28
4	39	29
4	39	30
4	40	18
4	40	19
4	40	20
4	40	21
4	40	22
4	40	23
4	40	24
4	40	25
4	40	26
4	40	27
4	40	28
4	40	29
4	40	30
4	41	18
4	41	19
4	41	20
4	41	21
4	41	22
4	41	23
4	41	24
4	41	25
4	41	26
4	41	27
4	41	28
4	41	29
4	41	30
4	42	18
4	42	19
4	42	20
4	42	21
4	42	22
4	42	23
4	42	24
4	42	25
4	42	26
4	42	27
4	42	28
4	42	29
4	42	30
4	43	18
4	43	19
4	43	20
4	43	21
4	43	22
4	43	23
4	43	24
4	43	25
4	43	26
4	43	27
4	43	28
4	43	29
4	43	30
4	44	18
4	44	19
4	44	20
4	44	21
4	44	22
4	44	23
4	44	24
4	44	25
4	44	26
4	44	27
4	44	28
4	44	29
4	44	30
4	44	31
4	45	24
4	45	25
4	45	26
4	45	27
4	45	28
4	45	29
4	45	30
4	45	31
4	45	32
4	46	26
4	46	27
4	46	28
4	46	29
4	46	30
4	46	31
4	46	32
4	47	31
5	23	30
5	23	31
5	23	32
5	23	33
5	23	34
5	23	35
5	23	36
5	23	37
5	24	29
5	24	30
5	24	31
5	24	32
5	24	33
5	24	34
5	24	35
5	24	36
5	24	37
5	24	38
5	25	28
5	25	29
5	25	30
5	25	31
5	25	32
5	25	33
5	25	34
5	25	35
5	25	36
5	25	37
5	26	28
5	26	29
5	26	30
5	26	31
5	26	32
5	26	33
5	26	34
5	26	35
5	26	36
5	27	29
5	27	30
5	27	31
5	27	32
5	27	33
5	27	34
5	27	35
5	27	36
5	28	30
5	28	31
5	28	32
5	28	33
5	28	34
5	28	35
5	29	30
5	29	31
5	29	32
5	29	33
5	29	34
5	29	35
5	30	23
5	30	24
5	30	30
5	30	31
5	30	32
5	30	33
5	30	34
5	30	35
5	31	21
5	31	22
5	31	23
5	31	24
5	31	25
5	31	34
5	32	18
5	32	19
5	32	20
5	32	21
5	32	22
5	32	23
5	32	24
5	32	25
5	32	26
5	32	27
5	33	17
5	33	18
5	33	19
5	33	20
5	33	21
5	33	22
5	33	23
5	33	24
5	33	25
5	33	26
5	33	27
5	33	28
5	33	29
5	34	16
5	34	17
5	34	18
5	34	19
5	34	20
5	34	21
5	34	22
5	34	23
5	34	24
5	34	25
5	34	26
5	34	27
5	34	28
5	34	29
5	35	16
5	35	17
5	35	18
5	35	19
5	35	20
5	35	21
5	35	22
5	35	23
5	35	24
5	35	25
5	35	26
5	35	27
5	35	28
5	35	29
5	35	30
5	36	15
5	36	16
5	36	17
5	36	18
5	36	19
5	36	20
5	36	21
5	36	22
5	36	23
5	36	24
5	36	25
5	36	26
5	36	27
5	36	28
5	36	29
5	36	30
5	36	31
5	37	16
5	37	17
5	37	18
5	37	19
5	37	20
5	37	21
5	37	22
5	37	23
5	37	24
5	37	25
5	37	26
5	37	27
5	37	28
5	37	29
5	37	30
5	38	16
5	38	17
5	38	18
5	38	19
5	38	20
5	38	21
5	38	22
5	38	23
5	38	24
5	38	25
5	38	26
5	38	27
5	38	28
5	38	29
5	38	30
5	39	16
5	39	17
5	39	18
5	39	19
5	39	20
5	39	21
5	39	22
5	39	23
5	39	24
5	39	25
5	39	26
5	39	27
5	39	28
5	39	29
5	39	30
5	40	17
5	40	18
5	40	19
5	40	20
5	40	21
5	40	22
5	40	23
5	40	24
5	40	25
5	40	26
5	40	27
5	40	28
5	40	29
5	40	30
5	41	18
5	41	19
5	41	20
5	41	21
5	41	22
5	41	23
5	41	24
5	41	25
5	41	26
5	41	27
5	41	28
5	41	29
5	41	30
5	42	19
5	42	20
5	42	21
5	42	22
5	42	23
5	42	24
5	42	25
5	42	26
5	42	27
5	42	28
5	42	29
5	42	30
5	43	19
5	43	20
5	43	21
5	43	22
5	43	23
5	43	24
5	43	25
5	43	26
5	43	27
5	43	28
5	43	29
5	43	30
5	44	19
5	44	20
5	44	21
5	44	22
5	44	23
5	44	24
5	44	25
5	44	26
5	44	27
5	44	28
5	44	29
5	44	30
5	44	31
5	45	24
5	45	25
5	45	26
5	45	27
5	45	28
5	45	29
5	45	30
5	45	31
5	45	32
5	46	26
5	46	27
5	46	28
5	46	29
5	46	30
5	46	31
5	46	32
5	47	31
5	47	32
6	22	31
6	22	32
6	22	35
6	22	36
6	22	37
6	23	29
6	23	30
6	23	31
6	23	32
6	23	33
6	23	34
6	23	35
6	23	36
6	23	37
6	24	29
6	24	30
6	24	31
6	24	32
6	24	33
6	24	34
6	24	35
6	24	36
6	24	37
6	24	38
6	25	28
6	25	29
6	25	30
6	25	31
6	25	32
6	25	33
6	25	34
6	25	35
6	25	36
6	25	37
6	26	28
6	26	29
6	26	30
6	26	31
6	26	32
6	26	33
6	26	34
6	26	35
6	26	36
6	27	29
6	27	30
6	27	31
6	27	32
6	27	33
6	27	34
6	27	35
6	27	36
6	28	30
6	28	31
6	28	32
6	28	33
6	28	34
6	28	35
6	29	33
6	29	34
6	29	35
6	30	17
6	30	18
6	30	20
6	30	21
6	30	22
6	30	23
6	30	24
6	30	33
6	30	34
6	30	35
6	31	16
6	31	17
6	31	18
6	31	19
6	31	20
6	31	21
6	31	22
6	31	23
6	31	24
6	31	25
6	31	34
6	32	16
6	32	17
6	32	18
6	32	19
6	32	20
6	32	21
6	32	22
6	32	23
6	32	24
6	32	25
6	32	26
6	33	16
6	33	17
6	33	18
6	33	19
6	33	20
6	33	21
6	33	22
6	33	23
6	33	24
6	33	25
6	33	26
6	33	27
6	33	28
6	34	16
6	34	17
6	34	18
6	34	19
6	34	20
6	34	21
6	34	22
6	34	23
6	34	24
6	34	25
6	34	26
6	34	27
6	34	28
6	34	29
6	35	15
6	35	16
6	35	17
6	35	18
6	35	19
6	35	20
6	35	21
6	35	22
6	35	23
6	35	24
6	35	25
6	35	26
6	35	27
6	35	28
6	35	29
6	35	30
6	36	15
6	36	16
6	36	17
6	36	18
6	36	19
6	36	20
6	36	21
6	36	22
6	36	23
6	36	24
6	36	25
6	36	26
6	36	27
6	36	28
6	36	29
6	36	30
6	36	31
6	37	15
6	37	16
6	37	17
6	37	18
6	37	19
6	37	20
6	37	21
6	37	22
6	37	23
6	37	24
6	37	25
6	37	26
6	37	27
6	37	28
6	37	29
6	37	30
6	38	15
6	38	16
6	38	17
6	38	18
6	38	19
6	38	20
6	38	21
6	38	22
6	38	23
6	38	24
6	38	25
6	38	26
6	38	27
6	38	28
6	38	29
6	38	30
6	39	16
6	39	17
6	39	18
6	39	19
6	39	20
6	39	21
6	39	22
6	39	23
6	39	24
6	39	25
6	39	26
6	39	27
6	39	28
6	39	29
6	39	30
6	40	17
6	40	18
6	40	19
6	40	20
6	40	21
6	40	22
6	40	23
6	40	24
6	40	25
6	40	26
6	40	27
6	40	28
6	40	29
6	40	30
6	41	18
6	41	19
6	41	20
6	41	21
6	41	22
6	41	23
6	41	24
6	41	25
6	41	26
6	41	27
6	41	28
6	41	29
6	41	30
6	42	19
6	42	20
6	42	21
6	42	22
6	42	23
6	42	24
6	42	25
6	42	26
6	42	27
6	42	28
6	42	29
6	42	30
6	43	19
6	43	20
6	43	21
6	43	22
6	43	23
6	43	24
6	43	25
6	43	26
6	43	27
6	43	28
6	43	29
6	43	30
6	44	19
6	44	20
6	44	21
6	44	22
6	44	23
6	44	24
6	44	25
6	44	26
6	44	27
6	44	28
6	44	29
6	44	30
6	44	31
6	45	22
6	45	23
6	45	24
6	45	25
6	45	26
6	45	27
6	45	28
6	45	29
6	45	30
6	45	31
6	45	32
6	46	27
6	46	28
6	46	29
6	46	30
6	46	31
6	46	32
6	47	31
6	47	32
7	22	31
7	22	32
7	22	33
7	22	34
7	22	35
7	22	36
7	22	37
7	23	30
7	23	31
7	23	32
7	23	33
7	23	34
7	23	35
7	23	36
7	23	37
7	24	29
7	24	30
7	24	31
7	24	32
7	24	33
7	24	34
7	24	35
7	24	36
7	24	37
7	24	38
7	25	28
7	25	29
7	25	30
7	25	31
7	25	32
7	25	33
7	25	34
7	25	35
7	25	36
7	25	37
7	26	28
7	26	29
7	26	30
7	26	31
7	26	32
7	26	33
7	26	34
7	26	35
7	26	36
7	27	29
7	27	30
7	27	31
7	27	32
7	27	33
7	27	34
7	27	35
7	27	36
7	28	34
7	28	35
7	29	34
7	29	35
7	30	18
7	30	19
7	30	20
7	30	21
7	30	22
7	30	23
7	30	24
7	30	34
7	30	35
7	31	16
7	31	17
7	31	18
7	31	19
7	31	20
7	31	21
7	31	22
7	31	23
7	31	24
7	31	25
7	31	34
7	32	16
7	32	17
7	32	18
7	32	19
7	32	20
7	32	21
7	32	22
7	32	23
7	32	24
7	32	25
7	32	26
7	33	15
7	33	16
7	33	17
7	33	18
7	33	19
7	33	20
7	33	21
7	33	22
7	33	23
7	33	24
7	33	25
7	33	26
7	33	27
7	33	28
7	34	15
7	34	16
7	34	17
7	34	18
7	34	19
7	34	20
7	34	21
7	34	22
7	34	23
7	34	24
7	34	25
7	34	26
7	34	27
7	34	28
7	34	29
7	35	15
7	35	16
7	35	17
7	35	18
7	35	19
7	35	20
7	35	21
7	35	22
7	35	23
7	35	24
7	35	25
7	35	26
7	35	27
7	35	28
7	35	29
7	35	30
7	36	15
7	36	16
7	36	17
7	36	18
7	36	19
7	36	20
7	36	21
7	36	22
7	36	23
7	36	24
7	36	25
7	36	26
7	36	27
7	36	28
7	36	29
7	36	30
7	36	31
7	37	15
7	37	16
7	37	17
7	37	18
7	37	19
7	37	20
7	37	21
7	37	22
7	37	23
7	37	24
7	37	25
7	37	26
7	37	27
7	37	28
7	37	29
7	37	30
7	38	15
7	38	16
7	38	17
7	38	18
7	38	19
7	38	20
7	38	21
7	38	22
7	38	23
7	38	24
7	38	25
7	38	26
7	38	27
7	38	28
7	38	29
7	38	30
7	39	16
7	39	17
7	39	18
7	39	19
7	39	20
7	39	21
7	39	22
7	39	23
7	39	24
7	39	25
7	39	26
7	39	27
7	39	28
7	39	29
7	39	30
7	40	17
7	40	18
7	40	19
7	40	20
7	40	21
7	40	22
7	40	23
7	40	24
7	40	25
7	40	26
7	40	27
7	40	28
7	40	29
7	40	30
7	41	19
7	41	20
7	41	21
7	41	22
7	41	23
7	41	24
7	41	25
7	41	26
7	41	27
7	41	28
7	41	29
7	41	30
7	42	19
7	42	20
7	42	21
7	42	22
7	42	23
7	42	24
7	42	25
7	42	26
7	42	27
7	42	28
7	42	29
7	42	30
7	43	19
7	43	20
7	43	21
7	43	22
7	43	23
7	43	24
7	43	25
7	43	26
7	43	27
7	43	28
7	43	29
7	43	30
7	44	19
7	44	20
7	44	21
7	44	22
7	44	23
7	44	24
7	44	25
7	44	26
7	44	27
7	44	28
7	44	29
7	44	30
7	44	31
7	45	21
7	45	22
7	45	23
7	45	24
7	45	25
7	45	26
7	45	27
7	45	28
7	45	29
7	45	30
7	45	31
7	45	32
7	46	28
7	46	29
7	46	31
7	46	32
7	47	31
7	47	32
7	48	32
8	21	32
8	22	31
8	22	32
8	22	33
8	22	36
8	22	37
8	23	31
8	23	32
8	23	33
8	23	34
8	23	35
8	23	36
8	23	37
8	24	29
8	24	30
8	24	31
8	24	32
8	24	33
8	24	34
8	24	35
8	24	36
8	24	37
8	25	29
8	25	30
8	25	31
8	25	32
8	25	33
8	25	34
8	25	35
8	25	36
8	25	37
8	26	28
8	26	29
8	26	30
8	26	31
8	26	32
8	26	33
8	26	34
8	26	35
8	26	36
8	26	37
8	27	35
8	27	36
8	28	35
8	29	35
8	30	19
8	30	22
8	30	23
8	30	24
8	30	35
8	31	18
8	31	19
8	31	20
8	31	21
8	31	22
8	31	23
8	31	24
8	31	25
8	32	17
8	32	18
8	32	19
8	32	20
8	32	21
8	32	22
8	32	23
8	32	24
8	32	25
8	32	26
8	33	16
8	33	17
8	33	18
8	33	19
8	33	20
8	33	21
8	33	22
8	33	23
8	33	24
8	33	25
8	33	26
8	33	27
8	34	16
8	34	17
8	34	18
8	34	19
8	34	20
8	34	21
8	34	22
8	34	23
8	34	24
8	34	25
8	34	26
8	34	27
8	34	28
8	34	29
8	35	15
8	35	16
8	35	17
8	35	18
8	35	19
8	35	20
8	35	21
8	35	22
8	35	23
8	35	24
8	35	25
8	35	26
8	35	27
8	35	28
8	35	29
8	35	30
8	36	15
8	36	16
8	36	17
8	36	18
8	36	19
8	36	20
8	36	21
8	36	22
8	36	23
8	36	24
8	36	25
8	36	26
8	36	27
8	36	28
8	36	29
8	36	30
8	36	31
8	37	15
8	37	16
8	37	17
8	37	18
8	37	19
8	37	20
8	37	21
8	37	22
8	37	23
8	37	24
8	37	25
8	37	26
8	37	27
8	37	28
8	37	29
8	37	30
8	37	31
8	38	15
8	38	16
8	38	17
8	38	18
8	38	19
8	38	20
8	38	21
8	38	22
8	38	23
8	38	24
8	38	25
8	38	26
8	38	27
8	38	28
8	38	29
8	38	30
8	38	31
8	39	16
8	39	17
8	39	18
8	39	19
8	39	20
8	39	21
8	39	22
8	39	23
8	39	24
8	39	25
8	39	26
8	39	27
8	39	28
8	39	29
8	39	30
8	39	31
8	40	20
8	40	21
8	40	22
8	40	23
8	40	24
8	40	25
8	40	26
8	40	27
8	40	28
8	40	29
8	40	30
8	40	31
8	41	19
8	41	20
8	41	21
8	41	22
8	41	23
8	41	24
8	41	25
8	41	26
8	41	27
8	41	28
8	41	29
8	41	30
8	41	31
8	42	19
8	42	20
8	42	21
8	42	22
8	42	23
8	42	24
8	42	25
8	42	26
8	42	27
8	42	28
8	42	29
8	42	30
8	43	19
8	43	20
8	43	21
8	43	22
8	43	23
8	43	24
8	43	25
8	43	26
8	43	27
8	43	28
8	43	29
8	43	30
8	44	19
8	44	20
8	44	21
8	44	22
8	44	23
8	44	24
8	44	25
8	44	26
8	44	27
8	44	28
8	44	29
8	44	30
8	44	31
8	45	19
8	45	20
8	45	21
8	45	22
8	45	23
8	45	24
8	45	25
8	45	26
8	45	27
8	45	28
8	45	29
8	45	30
8	45	31
8	45	32
8	46	27
8	46	28
8	46	31
8	46	32
8	47	32
8	48	32
9	23	32
9	24	31
9	24	32
9	24	33
9	25	29
9	25	30
9	25	31
9	25	32
9	25	33
9	25	34
9	25	35
9	26	36
9	26	37
9	27	36
9	31	20
9	31	21
9	31	22
9	31	23
9	31	24
9	31	25
9	32	19
9	32	20
9	32	21
9	32	22
9	32	23
9	32	24
9	32	25
9	32	26
9	33	18
9	33	19
9	33	20
9	33	21
9	33	22
9	33	23
9	33	24
9	33	25
9	33	26
9	34	17
9	34	18
9	34	19
9	34	20
9	34	21
9	34	22
9	34	23
9	34	24
9	34	25
9	34	26
9	34	27
9	34	28
9	34	29
9	35	17
9	35	18
9	35	19
9	35	20
9	35	21
9	35	22
9	35	23
9	35	24
9	35	25
9	35	26
9	35	27
9	35	28
9	35	29
9	35	30
9	36	16
9	36	17
9	36	18
9	36	19
9	36	20
9	36	21
9	36	22
9	36	23
9	36	24
9	36	25
9	36	26
9	36	27
9	36	28
9	36	29
9	36	30
9	36	31
9	37	15
9	37	16
9	37	17
9	37	18
9	37	19
9	37	20
9	37	21
9	37	22
9	37	23
9	37	24
9	37	25
9	37	26
9	37	27
9	37	28
9	37	29
9	37	30
9	37	31
9	37	32
9	38	15
9	38	16
9	38	17
9	38	18
9	38	19
9	38	20
9	38	21
9	38	22
9	38	23
9	38	24
9	38	25
9	38	26
9	38	27
9	38	28
9	38	29
9	38	30
9	38	31
9	38	32
9	39	19
9	39	20
9	39	21
9	39	22
9	39	23
9	39	24
9	39	25
9	39	26
9	39	27
9	39	28
9	39	29
9	39	30
9	39	31
9	39	32
9	40	19
9	40	20
9	40	21
9	40	22
9	40	23
9	40	24
9	40	25
9	40	26
9	40	27
9	40	28
9	40	29
9	40	30
9	40	31
9	40	32
9	41	18
9	41	19
9	41	20
9	41	21
9	41	22
9	41	23
9	41	24
9	41	25
9	41	26
9	41	27
9	41	28
9	41	29
9	41	30
9	41	31
9	41	32
9	42	18
9	42	19
9	42	20
9	42	21
9	42	22
9	42	23
9	42	24
9	42	25
9	42	26
9	42	27
9	42	28
9	42	29
9	42	30
9	42	31
9	42	32
9	43	18
9	43	19
9	43	20
9	43	21
9	43	22
9	43	23
9	43	24
9	43	25
9	43	26
9	43	27
9	43	28
9	43	29
9	43	30
9	44	18
9	44	19
9	44	20
9	44	21
9	44	22
9	44	23
9	44	24
9	44	25
9	44	26
9	44	27
9	44	28
9	44	29
9	44	30
9	44	31
9	45	19
9	45	20
9	45	21
9	45	22
9	45	23
9	45	24
9	45	25
9	45	26
9	45	27
9	45	28
9	45	29
9	45	31
9	45	32
9	46	20
9	46	21
9	46	22
9	46	23
9	46	24
9	46	26
9	46	27
9	46	28
9	46	29
9	46	31
9	46	32
9	47	32
10	32	21
10	32	22
10	32	23
10	32	24
10	32	25
10	33	20
10	33	21
10	33	22
10	33	23
10	33	24
10	33	25
10	33	26
10	34	19
10	34	20
10	34	21
10	34	22
10	34	23
10	34	24
10	34	25
10	34	26
10	34	27
10	35	18
10	35	19
10	35	20
10	35	21
10	35	22
10	35	23
10	35	24
10	35	25
10	35	26
10	35	27
10	35	28
10	35	29
10	35	30
10	36	18
10	36	19
10	36	20
10	36	21
10	36	22
10	36	23
10	36	24
10	36	25
10	36	26
10	36	27
10	36	28
10	36	29
10	36	30
10	36	31
10	37	17
10	37	18
10	37	19
10	37	20
10	37	21
10	37	22
10	37	23
10	37	24
10	37	25
10	37	26
10	37	27
10	37	28
10	37	29
10	37	30
10	37	31
10	37	32
10	38	18
10	38	19
10	38	20
10	38	21
10	38	22
10	38	23
10	38	24
10	38	25
10	38	26
10	38	27
10	38	28
10	38	29
10	38	30
10	38	31
10	38	32
10	39	18
10	39	19
10	39	20
10	39	21
10	39	22
10	39	23
10	39	24
10	39	25
10	39	26
10	39	27
10	39	28
10	39	29
10	39	30
10	39	31
10	39	32
10	40	17
10	40	18
10	40	19
10	40	20
10	40	21
10	40	22
10	40	23
10	40	24
10	40	25
10	40	26
10	40	27
10	40	28
10	40	29
10	40	30
10	40	31
10	40	32
10	41	17
10	41	18
10	41	19
10	41	20
10	41	21
10	41	22
10	41	23
10	41	24
10	41	25
10	41	26
10	41	27
10	41	28
10	41	29
10	41	30
10	41	31
10	41	32
10	42	17
10	42	18
10	42	19
10	42	20
10	42	21
10	42	22
10	42	23
10	42	24
10	42	25
10	42	26
10	42	27
10	42	28
10	42	29
10	42	30
10	42	31
10	42	32
10	43	17
10	43	18
10	43	19
10	43	20
10	43	21
10	43	22
10	43	23
10	43	24
10	43	25
10	43	26
10	43	27
10	43	28
10	43	29
10	43	30
10	43	31
10	43	32
10	44	18
10	44	19
10	44	20
10	44	21
10	44	22
10	44	23
10	44	24
10	44	25
10	44	26
10	44	27
10	44	28
10	44	29
10	44	30
10	44	31
10	45	19
10	45	20
10	45	21
10	45	22
10	45	23
10	45	24
10	45	25
10	45	26
10	45	27
10	45	28
10	45	29
10	45	30
10	45	31
10	46	20
10	46	21
10	46	22
10	46	23
10	46	24
10	46	25
10	46	26
10	46	27
10	46	28
10	46	29
10	46	32
10	47	20
10	47	21
10	47	22
10	47	23
10	47	24
10	47	27
10	47	28
10	47	29
10	47	32
11	32	23
11	32	24
11	33	23
11	33	24
11	33	25
11	33	26
11	34	22
11	34	23
11	34	24
11	34	25
11	34	26
11	34	27
11	35	21
11	35	22
11	35	23
11	35	24
11	35	25
11	35	26
11	35	27
11	35	28
11	35	29
11	36	20
11	36	21
11	36	22
11	36	23
11	36	24
11	36	25
11	36	26
11	36	27
11	36	28
11	36	29
11	36	30
11	36	31
11	37	19
11	37	20
11	37	21
11	37	22
11	37	23
11	37	24
11	37	25
11	37	26
11	37	27
11	37	28
11	37	29
11	37	30
11	37	31
11	38	19
11	38	20
11	38	21
11	38	22
11	38	23
11	38	24
11	38	25
11	38	26
11	38	27
11	38	28
11	38	29
11	38	30
11	38	31
11	39	18
11	39	19
11	39	20
11	39	21
11	39	22
11	39	23
11	39	24
11	39	25
11	39	26
11	39	27
11	39	28
11	39	29
11	39	30
11	39	31
11	39	32
11	40	17
11	40	18
11	40	19
11	40	20
11	40	21
11	40	22
11	40	23
11	40	24
11	40	25
11	40	26
11	40	27
11	40	28
11	40	29
11	40	30
11	40	31
11	40	32
11	41	16
11	41	17
11	41	18
11	41	19
11	41	20
11	41	21
11	41	22
11	41	23
11	41	24
11	41	25
11	41	26
11	41	27
11	41	28
11	41	29
11	41	30
11	41	31
11	42	17
11	42	18
11	42	19
11	42	20
11	42	21
11	42	22
11	42	23
11	42	24
11	42	25
11	42	26
11	42	27
11	42	28
11	42	29
11	42	30
11	42	31
11	43	18
11	43	19
11	43	20
11	43	21
11	43	22
11	43	23
11	43	24
11	43	25
11	43	26
11	43	27
11	43	28
11	43	29
11	43	30
11	43	31
11	44	18
11	44	19
11	44	20
11	44	21
11	44	22
11	44	23
11	44	24
11	44	25
11	44	26
11	44	27
11	44	28
11	44	29
11	44	30
11	44	31
11	45	19
11	45	20
11	45	21
11	45	22
11	45	23
11	45	24
11	45	25
11	45	26
11	45	27
11	45	28
11	45	29
11	45	30
11	45	31
11	46	19
11	46	20
11	46	21
11	46	22
11	46	23
11	46	24
11	46	25
11	46	26
11	46	27
11	46	28
11	46	29
11	46	30
11	46	31
11	47	19
11	47	20
11	47	21
11	47	22
11	47	23
11	47	24
11	47	25
11	47	26
11	47	27
11	47	28
11	47	29
11	47	30
11	48	19
11	48	20
11	48	21
11	48	22
11	48	23
11	48	24
11	48	25
11	48	28
11	48	29
11	48	30
12	33	24
12	33	25
12	33	26
12	34	23
12	34	24
12	34	25
12	34	26
12	34	27
12	35	22
12	35	23
12	35	24
12	35	25
12	35	26
12	35	27
12	35	28
12	36	22
12	36	23
12	36	24
12	36	25
12	36	26
12	36	27
12	36	28
12	36	29
12	36	30
12	37	21
12	37	22
12	37	23
12	37	24
12	37	25
12	37	26
12	37	27
12	37	28
12	37	29
12	37	30
12	37	31
12	38	20
12	38	21
12	38	22
12	38	23
12	38	24
12	38	25
12	38	26
12	38	27
12	38	28
12	38	29
12	38	30
12	38	31
12	39	20
12	39	21
12	39	22
12	39	23
12	39	24
12	39	25
12	39	26
12	39	27
12	39	28
12	39	29
12	39	30
12	39	31
12	40	20
12	40	21
12	40	22
12	40	23
12	40	24
12	40	25
12	40	26
12	40	27
12	40	28
12	40	29
12	40	30
12	40	31
12	41	18
12	41	19
12	41	20
12	41	21
12	41	22
12	41	23
12	41	24
12	41	25
12	41	26
12	41	27
12	41	28
12	41	29
12	41	30
12	42	17
12	42	18
12	42	19
12	42	20
12	42	21
12	42	22
12	42	23
12	42	24
12	42	25
12	42	26
12	42	27
12	42	28
12	42	29
12	42	30
12	43	18
12	43	19
12	43	20
12	43	21
12	43	22
12	43	23
12	43	24
12	43	25
12	43	26
12	43	27
12	43	28
12	43	29
12	43	30
12	44	19
12	44	20
12	44	21
12	44	22
12	44	23
12	44	24
12	44	25
12	44	26
12	44	27
12	44	28
12	44	29
12	44	30
12	45	19
12	45	20
12	45	21
12	45	22
12	45	23
12	45	24
12	45	25
12	45	26
12	45	27
12	45	28
12	45	29
12	45	30
12	46	19
12	46	20
12	46	21
12	46	22
12	46	23
12	46	24
12	46	25
12	46	26
12	46	27
12	46	28
12	46	29
12	46	30
12	46	31
12	47	19
12	47	20
12	47	21
12	47	22
12	47	23
12	47	24
12	47	25
12	47	26
12	47	27
12	47	28
12	47	29
12	47	30
12	47	31
12	47	32
12	48	19
12	48	20
12	48	21
12	48	22
12	48	23
12	48	24
12	48	25
12	48	26
12	48	27
12	48	28
12	48	29
12	48	30
12	48	31
12	49	18
12	49	19
12	49	20
12	49	21
12	49	22
12	49	23
12	49	24
12	49	25
12	49	26
12	49	29
12	49	30
12	49	31
13	33	25
13	33	26
13	34	24
13	34	25
13	34	26
13	34	27
13	35	23
13	35	24
13	35	25
13	35	26
13	35	27
13	35	28
13	36	22
13	36	23
13	36	24
13	36	25
13	36	26
13	36	27
13	36	28
13	36	29
13	37	22
13	37	23
13	37	24
13	37	25
13	37	26
13	37	27
13	37	28
13	37	29
13	37	30
13	37	31
13	38	22
13	38	23
13	38	24
13	38	25
13	38	26
13	38	27
13	38	28
13	38	29
13	38	30
13	38	31
13	39	22
13	39	23
13	39	24
13	39	25
13	39	26
13	39	27
13	39	28
13	39	29
13	39	30
13	39	31
13	40	21
13	40	22
13	40	23
13	40	24
13	40	25
13	40	26
13	40	27
13	40	28
13	40	29
13	40	30
13	41	21
13	41	22
13	41	23
13	41	24
13	41	25
13	41	26
13	41	27
13	41	28
13	41	29
13	41	30
13	42	20
13	42	21
13	42	22
13	42	23
13	42	24
13	42	25
13	42	26
13	42	27
13	42	28
13	42	29
13	42	30
13	43	19
13	43	20
13	43	21
13	43	22
13	43	23
13	43	24
13	43	25
13	43	26
13	43	27
13	43	28
13	43	29
13	44	19
13	44	20
13	44	21
13	44	22
13	44	23
13	44	24
13	44	25
13	44	26
13	44	27
13	44	28
13	44	29
13	44	30
13	45	19
13	45	20
13	45	21
13	45	22
13	45	23
13	45	24
13	45	25
13	45	26
13	45	27
13	45	28
13	45	29
13	45	30
13	46	19
13	46	20
13	46	21
13	46	22
13	46	23
13	46	24
13	46	25
13	46	26
13	46	27
13	46	28
13	46	29
13	46	30
13	47	19
13	47	20
13	47	21
13	47	22
13	47	23
13	47	24
13	47	25
13	47	26
13	47	27
13	47	28
13	47	29
13	47	30
13	47	31
13	47	32
13	48	19
13	48	20
13	48	21
13	48	22
13	48	23
13	48	24
13	48	25
13	48	26
13	48	27
13	48	28
13	48	29
13	48	30
13	48	31
13	49	19
13	49	20
13	49	21
13	49	22
13	49	23
13	49	24
13	49	25
13	49	26
13	49	27
13	49	28
13	49	29
13	49	30
13	49	31
13	50	21
13	50	22
13	50	23
13	50	24
13	50	25
13	50	26
13	50	27
13	50	30
14	33	26
14	34	25
14	34	26
14	34	27
14	34	28
14	35	24
14	35	25
14	35	26
14	35	27
14	35	28
14	36	23
14	36	24
14	36	25
14	36	26
14	36	27
14	36	28
14	36	29
14	37	22
14	37	23
14	37	24
14	37	25
14	37	26
14	37	27
14	37	28
14	37	29
14	37	30
14	38	22
14	38	23
14	38	24
14	38	25
14	38	26
14	38	27
14	38	28
14	38	29
14	38	30
14	38	31
14	39	22
14	39	23
14	39	24
14	39	25
14	39	26
14	39	27
14	39	28
14	39	29
14	39	30
14	40	22
14	40	23
14	40	24
14	40	25
14	40	26
14	40	27
14	40	28
14	40	29
14	40	30
14	41	22
14	41	23
14	41	24
14	41	25
14	41	26
14	41	27
14	41	28
14	41	29
14	41	30
14	42	22
14	42	23
14	42	24
14	42	25
14	42	26
14	42	27
14	42	28
14	42	29
14	42	30
14	43	21
14	43	22
14	43	23
14	43	24
14	43	25
14	43	26
14	43	27
14	43	28
14	43	29
14	44	20
14	44	21
14	44	22
14	44	23
14	44	24
14	44	25
14	44	26
14	44	27
14	44	28
14	44	29
14	44	30
14	45	20
14	45	21
14	45	22
14	45	23
14	45	24
14	45	25
14	45	26
14	45	27
14	45	28
14	45	29
14	45	30
14	46	20
14	46	21
14	46	22
14	46	23
14	46	24
14	46	25
14	46	26
14	46	27
14	46	28
14	46	29
14	46	30
14	47	20
14	47	21
14	47	22
14	47	23
14	47	24
14	47	25
14	47	26
14	47	27
14	47	28
14	47	29
14	47	30
14	47	31
14	48	20
14	48	21
14	48	22
14	48	23
14	48	24
14	48	25
14	48	26
14	48	27
14	48	28
14	48	29
14	48	30
14	49	20
14	49	21
14	49	22
14	49	23
14	49	24
14	49	25
14	49	26
14	49	27
14	49	28
14	49	29
14	49	30
14	50	24
14	50	25
14	50	26
14	50	27
14	50	28
14	50	29
15	33	27
15	34	25
15	34	26
15	34	27
15	34	28
15	35	24
15	35	25
15	35	26
15	35	27
15	35	28
15	36	24
15	36	25
15	36	26
15	36	27
15	36	28
15	36	29
15	37	23
15	37	24
15	37	25
15	37	26
15	37	27
15	37	28
15	37	29
15	37	30
15	38	23
15	38	24
15	38	25
15	38	26
15	38	27
15	38	28
15	38	29
15	38	30
15	38	31
15	39	23
15	39	24
15	39	25
15	39	26
15	39	27
15	39	28
15	39	29
15	39	30
15	40	23
15	40	24
15	40	25
15	40	26
15	40	27
15	40	28
15	40	29
15	40	30
15	41	23
15	41	24
15	41	25
15	41	26
15	41	27
15	41	28
15	41	29
15	41	30
15	42	23
15	42	24
15	42	25
15	42	26
15	42	27
15	42	28
15	42	29
15	42	30
15	43	22
15	43	23
15	43	24
15	43	25
15	43	26
15	43	27
15	43	28
15	43	29
15	44	22
15	44	23
15	44	24
15	44	25
15	44	26
15	44	27
15	44	28
15	44	29
15	44	30
15	45	21
15	45	22
15	45	23
15	45	24
15	45	25
15	45	26
15	45	27
15	45	28
15	45	29
15	45	30
15	46	21
15	46	22
15	46	23
15	46	24
15	46	25
15	46	26
15	46	27
15	46	28
15	46	29
15	46	30
15	47	21
15	47	22
15	47	23
15	47	24
15	47	25
15	47	26
15	47	27
15	47	28
15	47	29
15	47	30
15	48	21
15	48	22
15	48	23
15	48	24
15	48	25
15	48	26
15	48	27
15	48	28
15	48	29
15	48	30
15	49	24
15	49	25
15	49	26
15	49	27
15	49	28
15	49	29
15	50	26
15	50	27
15	50	28
16	34	26
16	34	27
16	34	28
16	35	25
16	35	26
16	35	27
16	35	28
16	35	29
16	36	24
16	36	25
16	36	26
16	36	27
16	36	28
16	36	29
16	37	23
16	37	24
16	37	25
16	37	26
16	37	27
16	37	28
16	37	29
16	38	24
16	38	25
16	38	26
16	38	27
16	38	28
16	38	29
16	38	30
16	39	24
16	39	25
16	39	26
16	39	27
16	39	28
16	39	29
16	39	30
16	40	24
16	40	25
16	40	26
16	40	27
16	40	28
16	40	29
16	40	30
16	41	24
16	41	25
16	41	26
16	41	27
16	41	28
16	41	29
16	41	30
16	42	24
16	42	25
16	42	26
16	42	27
16	42	28
16	42	29
16	43	24
16	43	25
16	43	26
16	43	27
16	43	28
16	43	29
16	44	23
16	44	24
16	44	25
16	44	26
16	44	27
16	44	28
16	44	29
16	45	23
16	45	24
16	45	25
16	45	26
16	45	27
16	45	28
16	45	29
16	46	22
16	46	23
16	46	24
16	46	25
16	46	26
16	46	27
16	46	28
16	46	29
16	47	22
16	47	23
16	47	24
16	47	25
16	47	26
16	47	27
16	47	28
16	47	29
16	48	22
16	48	23
16	48	24
16	48	25
16	48	26
16	48	27
16	48	28
16	48	29
16	49	25
16	49	26
16	49	27
16	49	28
17	34	26
17	34	27
17	35	25
17	35	26
17	35	27
17	35	28
17	36	24
17	36	25
17	36	26
17	36	27
17	36	28
17	36	29
17	36	30
17	37	24
17	37	25
17	37	26
17	37	27
17	37	28
17	37	29
17	37	30
17	38	25
17	38	26
17	38	27
17	38	28
17	38	29
17	38	30
17	39	25
17	39	26
17	39	27
17	39	28
17	39	29
17	39	30
17	40	25
17	40	26
17	40	27
17	40	28
17	40	29
17	41	25
17	41	26
17	41	27
17	41	28
17	41	29
17	42	25
17	42	26
17	42	27
17	42	28
17	43	25
17	43	26
17	43	27
17	43	28
17	44	26
17	44	27
17	45	25
17	45	26
17	45	27
17	46	25
17	46	26
17	46	27
17	46	28
17	47	25
17	47	26
17	47	27
17	47	28
17	48	25
17	48	26
17	48	27
17	48	28
17	49	26
17	49	27
18	35	25
18	35	26
18	35	27
18	35	28
18	36	25
18	36	26
18	36	27
18	36	28
18	36	29
18	37	24
18	37	25
18	37	26
18	37	27
18	37	28
18	37	29
18	38	26
18	38	27
18	38	28
18	38	29
18	38	30
18	39	26
18	39	27
18	39	28
18	39	29
18	40	26
18	40	27
18	40	28
18	40	29
18	41	26
18	41	27
18	41	28
18	42	26
18	42	27
18	42	28
19	36	25
19	36	26
19	36	27
19	36	28
19	37	27
19	37	28
19	37	29
19	38	27
19	38	28
19	38	29
19	38	30
19	39	27
19	39	28
19	39	29
19	40	27
19	40	28
19	40	29
19	41	27
19	41	28
19	42	27
20	37	28
20	37	29
20	38	28
20	38	29
20	38	30
20	39	28
20	39	29
20	39	30
20	40	28
20	40	29
20	41	28
21	38	29
21	38	30
21	39	29
21	40	29
49	48	31
50	47	31
50	48	31
50	48	32
51	47	31
51	47	32
51	48	30
51	48	31
51	48	32
51	49	30
51	49	31
51	49	32
52	47	30
52	47	31
52	48	23
52	48	29
52	48	30
52	48	31
52	49	23
52	49	28
52	49	29
52	49	30
52	49	31
53	47	28
53	47	29
53	47	30
53	47	31
53	48	21
53	48	22
53	48	23
53	48	24
53	48	27
53	48	28
53	48	29
53	48	30
53	48	31
53	49	22
53	49	23
53	49	24
53	49	25
53	49	26
53	49	27
53	49	28
53	49	29
53	49	30
53	49	31
53	50	23
53	50	25
53	50	26
53	50	27
53	50	28
53	50	29
53	50	30
53	50	31
53	51	26
53	51	27
54	46	23
54	46	24
54	46	25
54	46	28
54	46	29
54	47	21
54	47	22
54	47	23
54	47	24
54	47	25
54	47	28
54	47	29
54	47	30
54	48	21
54	48	22
54	48	23
54	48	24
54	48	25
54	48	27
54	48	28
54	48	29
54	48	30
54	48	31
54	49	21
54	49	22
54	49	23
54	49	24
54	49	25
54	49	26
54	49	27
54	49	28
54	49	29
54	49	30
54	49	31
54	50	22
54	50	23
54	50	24
54	50	25
54	50	26
54	50	27
54	50	28
54	50	29
54	50	30
54	50	31
54	50	32
54	51	25
54	51	26
54	51	27
54	51	28
54	51	29
54	51	30
54	51	31
54	51	32
54	51	33
54	52	26
54	52	27
54	52	34
54	52	35
55	45	24
55	46	22
55	46	23
55	46	24
55	46	29
55	47	20
55	47	21
55	47	22
55	47	23
55	47	24
55	47	28
55	47	29
55	47	30
55	48	20
55	48	21
55	48	22
55	48	23
55	48	24
55	48	27
55	48	28
55	48	29
55	48	30
55	48	31
55	49	20
55	49	21
55	49	22
55	49	23
55	49	24
55	49	26
55	49	27
55	49	28
55	49	29
55	49	30
55	49	31
55	49	32
55	50	21
55	50	22
55	50	23
55	50	24
55	50	25
55	50	26
55	50	27
55	50	28
55	50	29
55	50	30
55	50	31
55	50	32
55	51	24
55	51	25
55	51	26
55	51	27
55	51	28
55	51	29
55	51	30
55	51	31
55	51	32
55	51	33
55	51	34
55	52	26
55	52	27
55	52	28
55	52	29
55	52	30
55	52	31
55	52	32
55	52	33
55	52	34
55	52	35
55	53	34
55	53	35
55	54	34
56	46	21
56	46	22
56	46	23
56	46	29
56	47	19
56	47	20
56	47	21
56	47	22
56	47	23
56	47	28
56	47	29
56	47	30
56	48	20
56	48	21
56	48	22
56	48	23
56	48	27
56	48	28
56	48	29
56	48	30
56	48	31
56	49	20
56	49	21
56	49	22
56	49	23
56	49	24
56	49	26
56	49	27
56	49	28
56	49	29
56	49	30
56	49	31
56	49	32
56	50	21
56	50	22
56	50	23
56	50	24
56	50	25
56	50	26
56	50	27
56	50	28
56	50	29
56	50	30
56	50	31
56	50	32
56	50	33
56	51	23
56	51	24
56	51	25
56	51	26
56	51	27
56	51	28
56	51	29
56	51	30
56	51	31
56	51	32
56	51	33
56	51	34
56	52	25
56	52	26
56	52	27
56	52	28
56	52	29
56	52	30
56	52	31
56	52	32
56	52	33
56	52	34
56	52	35
56	53	27
56	53	28
56	53	29
56	53	30
56	53	31
56	53	32
56	53	33
56	53	34
56	53	35
56	54	31
56	54	32
56	54	33
56	54	34
56	55	33
57	46	19
57	46	20
57	46	21
57	46	22
57	46	29
57	47	18
57	47	19
57	47	20
57	47	21
57	47	22
57	47	28
57	47	29
57	47	30
57	48	19
57	48	20
57	48	21
57	48	22
57	48	23
57	48	26
57	48	27
57	48	28
57	48	29
57	48	30
57	48	31
57	48	32
57	49	19
57	49	20
57	49	21
57	49	22
57	49	23
57	49	24
57	49	25
57	49	26
57	49	27
57	49	28
57	49	29
57	49	30
57	49	31
57	49	32
57	49	33
57	50	20
57	50	21
57	50	22
57	50	23
57	50	24
57	50	25
57	50	26
57	50	27
57	50	28
57	50	29
57	50	30
57	50	31
57	50	32
57	50	33
57	51	21
57	51	22
57	51	23
57	51	24
57	51	25
57	51	26
57	51	27
57	51	28
57	51	29
57	51	30
57	51	31
57	51	32
57	51	33
57	51	34
57	52	25
57	52	26
57	52	27
57	52	28
57	52	29
57	52	30
57	52	31
57	52	32
57	52	33
57	52	34
57	53	26
57	53	27
57	53	28
57	53	29
57	53	30
57	53	31
57	53	32
57	53	33
57	53	34
57	54	28
57	54	29
57	54	30
57	54	31
57	54	32
57	54	33
57	54	34
57	55	31
57	55	32
57	55	33
58	45	20
58	45	21
58	46	18
58	46	19
58	46	20
58	46	21
58	46	22
58	47	18
58	47	19
58	47	20
58	47	21
58	47	22
58	47	28
58	47	29
58	47	30
58	47	31
58	48	18
58	48	19
58	48	20
58	48	21
58	48	22
58	48	23
58	48	26
58	48	27
58	48	28
58	48	29
58	48	30
58	48	31
58	48	32
58	48	33
58	49	18
58	49	19
58	49	20
58	49	21
58	49	22
58	49	23
58	49	24
58	49	25
58	49	26
58	49	27
58	49	28
58	49	29
58	49	30
58	49	31
58	49	32
58	49	33
58	50	19
58	50	20
58	50	21
58	50	22
58	50	23
58	50	24
58	50	25
58	50	26
58	50	27
58	50	28
58	50	29
58	50	30
58	50	31
58	50	32
58	50	33
58	51	20
58	51	21
58	51	22
58	51	23
58	51	24
58	51	25
58	51	26
58	51	27
58	51	28
58	51	29
58	51	30
58	51	31
58	51	32
58	51	33
58	51	34
58	52	24
58	52	25
58	52	26
58	52	27
58	52	28
58	52	29
58	52	30
58	52	31
58	52	32
58	52	33
58	52	34
58	53	25
58	53	26
58	53	27
58	53	28
58	53	29
58	53	30
58	53	31
58	53	32
58	53	33
58	53	34
58	54	27
58	54	28
58	54	29
58	54	30
58	54	31
58	54	32
58	54	33
58	54	34
58	55	29
58	55	30
58	55	31
58	55	32
58	55	33
58	56	32
58	56	33
59	29	33
59	30	33
59	45	18
59	45	19
59	45	20
59	45	21
59	46	17
59	46	18
59	46	19
59	46	20
59	46	21
59	46	22
59	47	17
59	47	18
59	47	19
59	47	20
59	47	21
59	47	22
59	47	30
59	47	31
59	47	32
59	47	33
59	48	17
59	48	18
59	48	19
59	48	20
59	48	21
59	48	22
59	48	23
59	48	28
59	48	29
59	48	30
59	48	31
59	48	32
59	48	33
59	48	34
59	49	17
59	49	18
59	49	19
59	49	20
59	49	21
59	49	22
59	49	23
59	49	24
59	49	25
59	49	26
59	49	27
59	49	28
59	49	29
59	49	30
59	49	31
59	49	32
59	49	33
59	49	34
59	50	18
59	50	19
59	50	20
59	50	21
59	50	22
59	50	23
59	50	24
59	50	25
59	50	26
59	50	27
59	50	28
59	50	29
59	50	30
59	50	31
59	50	32
59	50	33
59	50	34
59	51	19
59	51	20
59	51	21
59	51	22
59	51	24
59	51	25
59	51	26
59	51	27
59	51	28
59	51	29
59	51	30
59	51	31
59	51	32
59	51	33
59	51	34
59	52	24
59	52	25
59	52	26
59	52	27
59	52	28
59	52	29
59	52	30
59	52	31
59	52	32
59	52	33
59	53	24
59	53	25
59	53	26
59	53	27
59	53	28
59	53	29
59	53	30
59	53	31
59	53	32
59	53	33
59	54	25
59	54	26
59	54	27
59	54	28
59	54	29
59	54	30
59	54	31
59	54	32
59	54	33
59	55	28
59	55	29
59	55	30
59	55	31
59	55	32
59	55	33
59	56	30
59	56	31
59	56	32
59	56	33
59	57	33
60	27	32
60	28	32
60	28	33
60	29	32
60	29	33
60	29	34
60	30	32
60	30	33
60	30	34
60	31	32
60	31	33
60	35	27
60	35	28
60	35	29
60	36	34
60	42	21
60	43	20
60	43	21
60	46	18
60	46	19
60	46	20
60	46	21
60	46	22
60	47	17
60	47	18
60	47	19
60	47	20
60	47	21
60	47	22
60	47	23
60	47	33
60	48	17
60	48	18
60	48	19
60	48	20
60	48	21
60	48	22
60	48	23
60	48	29
60	48	30
60	48	31
60	48	32
60	48	33
60	48	34
60	49	17
60	49	18
60	49	19
60	49	20
60	49	21
60	49	22
60	49	23
60	49	24
60	49	26
60	49	27
60	49	28
60	49	29
60	49	30
60	49	31
60	49	32
60	49	33
60	49	34
60	50	17
60	50	18
60	50	19
60	50	20
60	50	21
60	50	22
60	50	25
60	50	26
60	50	27
60	50	28
60	50	29
60	50	30
60	50	31
60	50	32
60	50	33
60	50	34
60	51	18
60	51	19
60	51	20
60	51	21
60	51	25
60	51	26
60	51	27
60	51	28
60	51	29
60	51	30
60	51	31
60	51	32
60	51	33
60	51	34
60	52	25
60	52	26
60	52	27
60	52	28
60	52	29
60	52	30
60	52	31
60	52	32
60	52	33
60	53	25
60	53	26
60	53	27
60	53	28
60	53	29
60	53	30
60	53	31
60	53	32
60	53	33
60	54	24
60	54	25
60	54	26
60	54	27
60	54	28
60	54	29
60	54	30
60	54	31
60	54	32
60	54	33
60	55	27
60	55	28
60	55	29
60	55	30
60	55	31
60	55	32
60	55	33
60	56	29
60	56	30
60	56	31
60	56	32
60	56	33
60	57	32
60	57	33
61	26	32
61	26	33
61	27	31
61	27	32
61	27	33
61	27	34
61	28	31
61	28	32
61	28	33
61	28	34
61	29	31
61	29	32
61	29	33
61	29	34
61	30	31
61	30	32
61	30	33
61	30	34
61	31	31
61	31	32
61	31	33
61	31	34
61	32	31
61	32	32
61	32	33
61	33	29
61	33	30
61	33	31
61	33	32
61	33	33
61	34	27
61	34	28
61	34	29
61	34	30
61	34	31
61	34	32
61	34	33
61	35	26
61	35	27
61	35	28
61	35	29
61	35	30
61	35	31
61	35	33
61	36	25
61	36	26
61	36	27
61	36	28
61	36	29
61	36	30
61	36	33
61	36	34
61	37	33
61	37	34
61	38	34
61	40	22
61	41	21
61	41	22
61	42	20
61	42	21
61	42	22
61	43	20
61	43	21
61	43	22
61	44	21
61	44	22
61	48	18
61	48	19
61	48	20
61	48	21
61	48	30
61	48	31
61	48	32
61	48	33
61	48	34
61	49	18
61	49	19
61	49	20
61	49	21
61	49	25
61	49	26
61	49	27
61	49	28
61	49	29
61	49	30
61	49	31
61	49	32
61	49	33
61	49	34
61	50	17
61	50	18
61	50	19
61	50	20
61	50	25
61	50	26
61	50	27
61	50	28
61	50	29
61	50	30
61	50	31
61	50	32
61	50	33
61	50	34
61	51	17
61	51	18
61	51	19
61	51	25
61	51	26
61	51	27
61	51	28
61	51	29
61	51	30
61	51	31
61	51	32
61	51	33
61	52	25
61	52	26
61	52	27
61	52	28
61	52	29
61	52	30
61	52	31
61	52	32
61	53	25
61	53	26
61	53	27
61	53	28
61	53	29
61	53	30
61	53	31
61	53	32
61	54	25
61	54	26
61	54	27
61	54	28
61	54	29
61	54	30
61	54	31
61	54	32
61	54	33
61	55	26
61	55	27
61	55	28
61	55	29
61	55	30
61	55	31
61	55	32
61	56	29
61	56	30
61	56	31
61	56	32
62	25	33
62	25	34
62	25	35
62	26	32
62	26	33
62	26	34
62	26	35
62	27	31
62	27	32
62	27	33
62	27	34
62	27	35
62	28	30
62	28	31
62	28	32
62	28	33
62	28	34
62	28	35
62	29	29
62	29	30
62	29	31
62	29	32
62	29	33
62	29	34
62	29	35
62	30	29
62	30	30
62	30	31
62	30	32
62	30	33
62	30	34
62	30	35
62	31	29
62	31	30
62	31	31
62	31	32
62	31	33
62	31	34
62	31	35
62	32	27
62	32	28
62	32	29
62	32	30
62	32	31
62	32	32
62	32	33
62	32	34
62	32	35
62	33	26
62	33	27
62	33	28
62	33	29
62	33	30
62	33	31
62	33	32
62	33	33
62	33	34
62	33	35
62	34	25
62	34	26
62	34	27
62	34	28
62	34	29
62	34	30
62	34	31
62	34	32
62	34	33
62	34	34
62	34	35
62	35	24
62	35	25
62	35	26
62	35	27
62	35	28
62	35	29
62	35	30
62	35	31
62	35	32
62	35	33
62	35	34
62	36	23
62	36	24
62	36	25
62	36	26
62	36	27
62	36	28
62	36	29
62	36	30
62	36	32
62	36	33
62	36	34
62	37	22
62	37	23
62	37	24
62	37	25
62	37	26
62	37	27
62	37	28
62	37	29
62	37	32
62	37	33
62	37	34
62	38	22
62	38	32
62	38	33
62	38	34
62	39	21
62	39	22
62	39	23
62	39	33
62	39	34
62	40	21
62	40	22
62	40	23
62	40	33
62	40	34
62	41	21
62	41	22
62	41	23
62	41	33
62	42	21
62	42	22
62	42	23
62	42	33
62	43	21
62	43	22
62	43	23
62	44	21
62	44	22
62	44	23
62	45	22
62	47	34
62	48	28
62	48	31
62	48	32
62	48	33
62	48	34
62	48	35
62	49	19
62	49	20
62	49	21
62	49	27
62	49	28
62	49	29
62	49	30
62	49	31
62	49	32
62	49	33
62	49	34
62	49	35
62	50	18
62	50	19
62	50	27
62	50	28
62	50	29
62	50	30
62	50	31
62	50	32
62	50	33
62	50	34
62	51	18
62	51	19
62	51	27
62	51	28
62	51	29
62	51	30
62	51	31
62	51	32
62	51	33
62	52	27
62	52	28
62	52	29
62	52	30
62	52	31
62	52	32
62	53	27
62	53	28
62	53	29
62	53	30
62	53	31
62	53	32
62	54	27
62	54	28
62	54	29
62	54	30
62	54	31
62	54	32
62	55	27
62	55	28
62	55	29
62	55	30
62	55	31
62	55	32
62	56	28
62	56	29
62	56	30
62	56	31
63	25	33
63	25	34
63	25	35
63	26	31
63	26	32
63	26	33
63	26	34
63	26	35
63	27	31
63	27	32
63	27	33
63	27	34
63	27	35
63	27	36
63	28	29
63	28	30
63	28	31
63	28	32
63	28	33
63	28	34
63	28	35
63	28	36
63	29	28
63	29	29
63	29	30
63	29	31
63	29	32
63	29	33
63	29	34
63	29	35
63	29	36
63	30	26
63	30	27
63	30	28
63	30	29
63	30	30
63	30	31
63	30	32
63	30	33
63	30	34
63	30	35
63	31	25
63	31	26
63	31	27
63	31	28
63	31	29
63	31	30
63	31	31
63	31	32
63	31	33
63	31	34
63	31	35
63	31	36
63	32	24
63	32	25
63	32	26
63	32	27
63	32	28
63	32	29
63	32	30
63	32	31
63	32	32
63	32	33
63	32	34
63	32	35
63	33	24
63	33	25
63	33	26
63	33	27
63	33	28
63	33	29
63	33	30
63	33	31
63	33	32
63	33	33
63	33	34
63	33	35
63	34	23
63	34	24
63	34	25
63	34	26
63	34	27
63	34	28
63	34	29
63	34	30
63	34	31
63	34	32
63	34	33
63	34	34
63	35	22
63	35	23
63	35	24
63	35	25
63	35	26
63	35	27
63	35	28
63	35	29
63	35	30
63	35	31
63	35	32
63	35	33
63	35	34
63	36	21
63	36	22
63	36	23
63	36	24
63	36	25
63	36	26
63	36	27
63	36	28
63	36	29
63	36	30
63	36	31
63	36	32
63	36	33
63	37	20
63	37	21
63	37	22
63	37	23
63	37	24
63	37	25
63	37	26
63	37	27
63	37	28
63	37	29
63	37	31
63	37	32
63	37	33
63	38	19
63	38	20
63	38	21
63	38	22
63	38	23
63	38	24
63	38	25
63	38	26
63	38	27
63	38	28
63	38	31
63	38	32
63	38	33
63	39	20
63	39	21
63	39	22
63	39	23
63	39	31
63	39	32
63	39	33
63	40	21
63	40	22
63	40	23
63	40	24
63	40	32
63	40	33
63	41	22
63	41	23
63	41	24
63	41	32
63	41	33
63	42	22
63	42	23
63	42	24
63	43	22
63	43	23
63	43	24
63	44	22
63	44	23
63	45	23
63	47	28
63	47	29
63	48	28
63	48	29
63	48	30
63	48	31
63	48	32
63	48	33
63	48	34
63	48	35
63	49	29
63	49	30
63	49	31
63	49	32
63	49	33
63	49	34
63	49	35
63	50	28
63	50	29
63	50	30
63	50	31
63	50	32
63	50	33
63	50	34
63	51	28
63	51	29
63	51	30
63	51	31
63	51	32
63	51	33
63	52	28
63	52	29
63	52	30
63	52	31
63	52	32
63	52	33
63	53	28
63	53	29
63	53	30
63	53	31
63	53	32
63	54	29
63	54	30
63	54	31
63	54	32
63	55	30
63	55	31
63	56	28
63	56	29
63	56	30
