#i	j	k
0	39	37
0	39	38
0	39	39
0	40	36
0	40	37
0	40	38
0	40	39
0	41	34
0	41	35
0	41	36
0	41	37
0	41	38
0	42	33
0	42	34
0	42	35
0	42	36
0	42	37
0	42	38
0	43	33
0	43	34
0	43	35
0	43	36
0	43	37
0	43	38
0	44	34
0	44	35
0	44	36
0	44	37
0	44	38
0	45	33
0	45	35
0	45	36
0	45	37
0	46	35
1	40	36
1	40	37
1	40	38
1	41	34
1	41	35
1	41	36
1	41	37
1	41	38
1	42	34
1	42	35
1	42	36
1	42	37
1	42	38
1	43	33
1	43	34
1	43	35
1	43	36
1	43	37
1	43	38
1	44	33
1	44	34
1	44	35
1	44	36
1	44	37
1	44	38
1	45	33
1	45	34
1	45	35
1	45	36
1	45	37
1	45	38
1	46	35
2	41	35
2	41	36
2	41	37
2	41	38
2	42	34
2	42	35
2	42	36
2	42	37
2	42	38
2	43	34
2	43	35
2	43	36
2	43	37
2	43	38
2	44	33
2	44	34
2	44	35
2	44	36
2	44	37
2	44	38
2	45	33
2	45	34
2	45	35
2	45	36
2	45	37
2	45	38
2	46	34
2	46	35
2	46	36
2	46	37
2	47	36
3	42	34
3	42	35
3	42	36
3	42	37
3	43	34
3	43	35
3	43	36
3	43	37
3	44	33
3	44	34
3	44	35
3	44	36
3	44	37
3	45	32
3	45	33
3	45	34
3	45	35
3	45	36
3	45	37
3	46	34
3	46	35
3	46	36
3	46	37
3	47	35
3	47	36
4	42	34
4	42	35
4	43	34
4	43	35
4	43	36
4	44	33
4	44	34
4	44	35
4	44	36
4	45	33
4	45	34
4	45	35
4	45	36
4	46	33
4	46	34
4	46	35
4	46	36
4	46	37
4	47	34
4	47	35
4	47	36
5	42	35
5	43	34
5	43	35
5	44	33
5	44	34
5	44	35
5	45	33
5	45	34
5	45	35
5	46	33
5	46	34
5	46	35
5	47	33
5	47	34
5	48	36
5	48	37
5	49	36
5	49	37
5	50	36
5	50	37
5	51	36
6	44	33
6	44	34
6	45	33
6	45	34
6	46	34
6	47	37
6	47	38
6	48	35
6	48	36
6	48	37
6	48	38
6	49	35
6	49	36
6	49	37
6	49	38
6	50	36
6	50	37
6	50	38
6	50	39
6	51	36
6	51	37
6	51	38
6	52	36
6	52	37
6	53	36
7	45	33
7	47	36
7	47	37
7	47	38
7	48	35
7	48	36
7	48	37
7	48	38
7	48	39
7	49	35
7	49	36
7	49	37
7	49	38
7	49	39
7	49	40
7	49	41
7	49	42
7	50	35
7	50	36
7	50	37
7	50	38
7	50	39
7	50	40
7	50	41
7	50	42
7	51	35
7	51	36
7	51	37
7	51	38
7	51	39
7	52	35
7	52	36
7	52	37
7	52	38
7	53	35
7	53	36
7	53	37
7	53	38
7	54	36
8	46	37
8	46	38
8	46	39
8	47	36
8	47	37
8	47	38
8	47	39
8	48	34
8	48	35
8	48	36
8	48	37
8	48	38
8	48	39
8	48	40
8	48	41
8	49	34
8	49	35
8	49	36
8	49	37
8	49	38
8	49	39
8	49	40
8	49	41
8	49	42
8	49	43
8	50	34
8	50	35
8	50	36
8	50	37
8	50	38
8	50	39
8	50	40
8	50	41
8	50	42
8	50	43
8	51	34
8	51	35
8	51	36
8	51	37
8	51	38
8	51	39
8	51	40
8	51	41
8	52	34
8	52	35
8	52	36
8	52	37
8	52	38
8	52	39
8	52	40
8	53	35
8	53	36
8	53	37
8	53	38
8	53	39
8	54	35
8	54	36
8	54	37
9	46	36
9	46	37
9	46	38
9	47	35
9	47	36
9	47	37
9	47	38
9	47	39
9	47	40
9	48	34
9	48	35
9	48	36
9	48	37
9	48	38
9	48	39
9	48	40
9	48	41
9	48	42
9	49	33
9	49	34
9	49	35
9	49	36
9	49	37
9	49	38
9	49	39
9	49	40
9	49	41
9	49	42
9	50	33
9	50	34
9	50	35
9	50	36
9	50	37
9	50	38
9	50	39
9	50	40
9	50	41
9	50	42
9	51	33
9	51	34
9	51	35
9	51	36
9	51	37
9	51	38
9	51	39
9	51	40
9	51	41
9	51	42
9	52	33
9	52	34
9	52	35
9	52	36
9	52	37
9	52	38
9	52	39
9	52	40
9	53	34
9	53	35
9	53	36
9	53	37
9	53	38
9	53	39
9	54	35
9	54	36
9	54	37
9	54	38
9	55	36
10	46	36
10	46	37
10	46	38
10	47	35
10	47	36
10	47	37
10	47	38
10	47	39
10	48	34
10	48	35
10	48	36
10	48	37
10	48	38
10	48	39
10	48	40
10	48	41
10	49	33
10	49	34
10	49	35
10	49	36
10	49	37
10	49	38
10	49	39
10	49	40
10	49	41
10	50	33
10	50	34
10	50	35
10	50	36
10	50	37
10	50	38
10	50	39
10	50	40
10	50	41
10	50	42
10	51	33
10	51	34
10	51	35
10	51	36
10	51	37
10	51	38
10	51	39
10	51	40
10	51	41
10	51	42
10	52	32
10	52	33
10	52	34
10	52	35
10	52	36
10	52	37
10	52	38
10	52	39
10	52	40
10	52	41
10	53	35
10	53	36
10	53	37
10	53	38
10	53	39
10	53	40
10	54	36
10	54	37
10	54	38
10	55	36
10	55	37
11	45	35
11	45	36
11	45	37
11	46	35
11	46	36
11	46	37
11	46	38
11	47	35
11	47	36
11	47	37
11	47	38
11	47	39
11	48	34
11	48	35
11	48	36
11	48	37
11	48	38
11	48	39
11	48	40
11	49	33
11	49	34
11	49	35
11	49	36
11	49	37
11	49	38
11	49	39
11	49	40
11	49	41
11	50	32
11	50	33
11	50	34
11	50	35
11	50	36
11	50	37
11	50	38
11	50	39
11	50	40
11	50	41
11	50	42
11	51	32
11	51	33
11	51	34
11	51	35
11	51	36
11	51	37
11	51	38
11	51	39
11	51	40
11	51	41
11	51	42
11	52	32
11	52	33
11	52	34
11	52	35
11	52	36
11	52	37
11	52	38
11	52	39
11	52	40
11	52	41
11	53	35
11	53	36
11	53	37
11	53	38
11	53	39
11	53	40
11	53	41
11	54	36
11	54	37
11	54	38
11	54	39
12	45	35
12	45	36
12	45	37
12	46	34
12	46	35
12	46	36
12	46	37
12	46	38
12	47	34
12	47	35
12	47	36
12	47	37
12	47	38
12	47	39
12	48	33
12	48	34
12	48	35
12	48	36
12	48	37
12	48	38
12	48	39
12	49	32
12	49	33
12	49	34
12	49	35
12	49	36
12	49	37
12	49	38
12	49	39
12	49	40
12	50	32
12	50	33
12	50	34
12	50	35
12	50	36
12	50	37
12	50	38
12	50	39
12	50	40
12	50	41
12	51	32
12	51	33
12	51	34
12	51	35
12	51	36
12	51	37
12	51	38
12	51	39
12	51	40
12	51	41
12	51	42
12	52	32
12	52	33
12	52	34
12	52	35
12	52	36
12	52	37
12	52	38
12	52	39
12	52	40
12	52	41
12	52	42
12	53	35
12	53	36
12	53	37
12	53	38
12	53	39
12	53	40
12	53	41
12	54	40
13	45	36
13	45	37
13	46	34
13	46	35
13	46	36
13	46	37
13	46	38
13	47	33
13	47	34
13	47	35
13	47	36
13	47	37
13	47	38
13	48	33
13	48	34
13	48	35
13	48	36
13	48	37
13	48	38
13	48	39
13	49	32
13	49	33
13	49	34
13	49	35
13	49	36
13	49	37
13	49	38
13	49	39
13	49	40
13	50	32
13	50	33
13	50	34
13	50	35
13	50	36
13	50	37
13	50	38
13	50	39
13	50	40
13	50	41
13	51	32
13	51	33
13	51	34
13	51	35
13	51	36
13	51	37
13	51	38
13	51	39
13	51	40
13	51	41
13	51	42
13	51	43
13	52	32
13	52	33
13	52	34
13	52	35
13	52	36
13	52	37
13	52	38
13	52	39
13	52	40
13	52	41
13	52	42
13	52	43
13	53	33
13	53	34
13	53	35
13	53	36
13	53	37
13	53	38
13	53	39
13	53	40
13	53	41
13	53	42
13	54	39
14	46	35
14	46	36
14	46	37
14	47	33
14	47	34
14	47	35
14	47	36
14	47	37
14	47	38
14	48	33
14	48	34
14	48	35
14	48	36
14	48	37
14	48	38
14	48	39
14	49	32
14	49	33
14	49	34
14	49	35
14	49	36
14	49	37
14	49	38
14	49	39
14	49	40
14	50	32
14	50	33
14	50	34
14	50	35
14	50	36
14	50	37
14	50	38
14	50	39
14	50	40
14	50	41
14	51	32
14	51	33
14	51	34
14	51	35
14	51	36
14	51	37
14	51	38
14	51	39
14	51	40
14	51	41
14	51	42
14	51	43
14	52	33
14	52	34
14	52	35
14	52	36
14	52	37
14	52	38
14	52	39
14	52	40
14	52	41
14	52	42
14	52	43
14	52	44
14	53	35
14	53	36
14	53	40
14	53	41
14	53	42
14	53	43
14	53	44
14	54	41
15	46	35
15	46	36
15	47	34
15	47	35
15	47	36
15	47	37
15	47	38
15	48	33
15	48	34
15	48	35
15	48	36
15	48	37
15	48	38
15	48	39
15	49	32
15	49	33
15	49	34
15	49	35
15	49	36
15	49	37
15	49	38
15	49	39
15	49	40
15	50	32
15	50	33
15	50	34
15	50	35
15	50	36
15	50	37
15	50	38
15	50	39
15	50	40
15	50	41
15	51	32
15	51	33
15	51	34
15	51	35
15	51	36
15	51	37
15	51	38
15	51	39
15	51	40
15	51	41
15	51	42
15	51	43
15	52	33
15	52	34
15	52	35
15	52	36
15	52	37
15	52	38
15	52	39
15	52	40
15	52	41
15	52	42
15	52	43
15	52	44
15	53	36
15	53	41
15	53	42
15	53	43
15	53	44
15	53	45
15	54	44
15	54	45
16	46	35
16	46	36
16	47	33
16	47	34
16	47	35
16	47	36
16	47	37
16	47	38
16	48	33
16	48	34
16	48	35
16	48	36
16	48	37
16	48	38
16	48	39
16	49	32
16	49	33
16	49	34
16	49	35
16	49	36
16	49	37
16	49	38
16	49	39
16	49	40
16	50	32
16	50	33
16	50	34
16	50	35
16	50	36
16	50	37
16	50	38
16	50	39
16	50	40
16	50	41
16	50	42
16	51	32
16	51	33
16	51	34
16	51	35
16	51	36
16	51	37
16	51	38
16	51	39
16	51	40
16	51	41
16	51	42
16	51	43
16	52	33
16	52	34
16	52	35
16	52	36
16	52	37
16	52	38
16	52	39
16	52	40
16	52	41
16	52	42
16	52	43
16	52	44
16	53	43
16	53	44
16	53	45
16	54	45
16	54	46
16	55	45
16	55	46
17	46	34
17	46	35
17	46	36
17	47	33
17	47	34
17	47	35
17	47	36
17	47	37
17	47	38
17	48	33
17	48	34
17	48	35
17	48	36
17	48	37
17	48	38
17	48	39
17	49	32
17	49	33
17	49	34
17	49	35
17	49	36
17	49	37
17	49	38
17	49	39
17	49	40
17	49	41
17	50	32
17	50	33
17	50	34
17	50	35
17	50	36
17	50	37
17	50	38
17	50	39
17	50	40
17	50	41
17	51	33
17	51	34
17	51	35
17	51	36
17	51	37
17	51	38
17	51	39
17	51	40
17	51	41
17	52	33
17	52	34
17	52	35
17	52	36
17	52	37
17	52	38
17	52	39
17	52	40
17	52	41
17	52	42
17	52	43
17	52	44
18	46	34
18	46	35
18	46	36
18	46	37
18	47	33
18	47	34
18	47	35
18	47	36
18	47	37
18	47	38
18	48	33
18	48	34
18	48	35
18	48	36
18	48	37
18	48	38
18	48	39
18	48	40
18	49	33
18	49	34
18	49	35
18	49	36
18	49	37
18	49	38
18	49	39
18	49	40
18	50	33
18	50	34
18	50	35
18	50	36
18	50	37
18	50	38
18	50	39
18	50	40
18	51	33
18	51	34
18	51	35
18	51	36
18	51	37
18	51	38
18	51	39
18	51	40
18	52	37
18	52	38
18	52	39
18	52	40
18	53	41
18	53	42
18	53	43
19	46	34
19	46	35
19	46	36
19	46	37
19	47	34
19	47	35
19	47	36
19	47	37
19	47	38
19	47	39
19	48	34
19	48	35
19	48	36
19	48	37
19	48	38
19	48	39
19	49	33
19	49	34
19	49	35
19	49	36
19	49	37
19	49	38
19	49	39
19	50	34
19	50	35
19	50	36
19	50	37
19	50	38
19	50	39
19	51	35
19	51	36
19	51	37
19	51	38
19	51	39
19	52	39
20	47	38
20	48	35
20	48	36
20	48	37
20	48	38
20	49	36
20	49	37
20	49	38
20	50	37
20	50	38
20	51	36
20	51	37
20	51	38
58	38	33
58	38	34
58	38	35
58	39	33
58	39	34
58	39	35
58	40	33
58	40	34
58	40	35
58	40	36
58	40	39
58	41	33
58	41	34
58	41	35
58	41	36
58	41	37
58	41	38
58	42	35
58	42	36
58	42	37
58	42	38
58	43	36
59	37	33
59	37	34
59	37	35
59	37	36
59	38	33
59	38	34
59	38	35
59	38	36
59	39	33
59	39	34
59	39	35
59	39	36
59	39	37
59	40	33
59	40	34
59	40	35
59	40	36
59	40	37
59	40	38
59	41	34
59	41	35
59	41	36
59	41	37
59	41	38
59	42	34
59	42	35
59	42	36
59	42	37
59	42	38
59	43	35
59	43	36
59	43	37
60	38	34
60	38	35
60	38	36
60	38	37
60	39	34
60	39	35
60	39	36
60	39	37
60	40	34
60	40	35
60	40	36
60	40	37
60	40	38
60	41	34
60	41	35
60	41	36
60	41	37
60	41	38
60	42	34
60	42	35
60	42	36
60	42	37
60	42	38
60	43	35
60	43	36
60	43	37
60	44	34
60	44	35
60	44	36
60	44	37
61	39	34
61	39	35
61	39	36
61	39	37
61	40	34
61	40	35
61	40	36
61	40	37
61	40	38
61	41	34
61	41	35
61	41	36
61	41	37
61	41	38
61	42	34
61	42	35
61	42	36
61	42	37
61	42	38
61	43	34
61	43	35
61	43	36
61	43	37
61	44	34
61	44	35
61	44	36
61	44	37
61	45	36
61	45	37
62	39	37
62	40	35
62	40	36
62	40	37
62	40	38
62	41	34
62	41	35
62	41	36
62	41	37
62	41	38
62	42	34
62	42	35
62	42	36
62	42	37
62	42	38
62	43	34
62	43	35
62	43	36
62	43	37
62	43	38
62	44	34
62	44	35
62	44	36
62	44	37
62	45	35
62	45	36
62	46	33
62	46	35
62	46	36
63	38	38
63	39	37
63	39	38
63	39	39
63	40	36
63	40	37
63	40	38
63	41	34
63	41	35
63	41	36
63	41	37
63	41	38
63	42	33
63	42	34
63	42	35
63	42	36
63	42	37
63	42	38
63	43	33
63	43	34
63	43	35
63	43	36
63	43	37
63	43	38
63	44	34
63	44	35
63	44	36
63	44	37
63	45	33
63	45	35
63	45	36
63	46	32
63	46	33
63	46	35
63	46	36
