#i	j	k
0	57	37
0	58	34
0	58	35
0	58	36
0	58	37
0	59	33
0	59	34
0	59	35
0	59	36
0	59	49
0	59	50
0	59	51
0	59	52
0	60	33
0	60	34
0	60	35
0	60	48
0	60	49
0	60	50
0	60	51
0	61	34
0	61	35
0	61	48
0	61	49
0	62	46
0	62	47
0	62	48
0	63	45
0	63	46
0	63	47
0	63	48
1	58	34
1	59	33
1	59	34
1	59	35
1	59	50
1	59	51
1	59	52
1	60	33
1	60	34
1	60	35
1	60	48
1	60	49
1	60	50
1	60	51
1	60	52
1	61	33
1	61	34
1	61	35
1	61	47
1	61	48
1	61	49
1	61	50
1	61	51
1	62	46
1	62	47
1	62	48
1	62	49
1	62	50
1	63	45
1	63	46
1	63	47
1	63	48
1	63	49
2	0	47
2	0	48
2	59	34
2	59	51
2	60	33
2	60	34
2	60	49
2	60	50
2	60	51
2	61	33
2	61	34
2	61	35
2	61	47
2	61	48
2	61	49
2	61	50
2	61	51
2	62	34
2	62	35
2	62	45
2	62	46
2	62	47
2	62	48
2	62	49
2	62	50
2	63	44
2	63	45
2	63	46
2	63	47
2	63	48
2	63	49
3	0	45
3	0	46
3	0	47
3	0	48
3	0	49
3	60	49
3	60	50
3	61	46
3	61	47
3	61	48
3	61	49
3	61	50
3	62	45
3	62	46
3	62	47
3	62	48
3	62	49
3	62	50
3	63	44
3	63	45
3	63	46
3	63	47
3	63	48
3	63	49
3	63	50
4	0	44
4	0	45
4	0	46
4	0	47
4	0	48
4	0	49
4	1	46
4	1	47
4	1	48
4	60	49
4	61	46
4	61	47
4	61	48
4	61	49
4	62	45
4	62	46
4	62	47
4	62	48
4	62	49
4	62	50
4	63	44
4	63	45
4	63	46
4	63	47
4	63	48
4	63	49
4	63	50
5	0	43
5	0	44
5	0	45
5	0	46
5	0	47
5	0	48
5	0	49
5	1	44
5	1	45
5	1	46
5	1	47
5	1	48
5	2	46
5	2	47
5	2	48
5	60	49
5	61	46
5	61	47
5	61	48
5	61	49
5	62	45
5	62	46
5	62	47
5	62	48
5	62	49
5	63	44
5	63	45
5	63	46
5	63	47
5	63	48
5	63	49
6	0	43
6	0	44
6	0	45
6	0	46
6	0	47
6	0	48
6	0	49
6	1	44
6	1	45
6	1	46
6	1	47
6	1	48
6	2	45
6	2	46
6	2	47
6	2	48
6	3	46
6	61	46
6	61	47
6	61	48
6	62	45
6	62	46
6	62	47
6	62	48
6	63	43
6	63	44
6	63	45
6	63	46
6	63	47
6	63	48
6	63	49
7	0	43
7	0	44
7	0	45
7	0	46
7	0	47
7	0	48
7	1	42
7	1	44
7	1	45
7	1	46
7	1	47
7	1	48
7	2	45
7	2	46
7	2	47
7	3	46
7	61	48
7	62	45
7	62	46
7	62	47
7	62	48
7	63	44
7	63	45
7	63	46
7	63	47
7	63	48
8	0	43
8	0	44
8	0	45
8	0	46
8	0	47
8	0	48
8	1	42
8	1	44
8	1	45
8	1	46
8	1	47
8	2	45
8	2	46
8	61	47
8	62	45
8	62	46
8	62	47
8	62	48
8	63	44
8	63	45
8	63	46
8	63	47
8	63	48
9	0	43
9	0	44
9	0	45
9	0	46
9	0	47
9	1	42
9	1	43
9	1	44
9	1	45
9	1	46
9	2	44
9	2	45
9	3	44
9	61	46
9	61	47
9	62	45
9	62	46
9	62	47
9	63	44
9	63	45
9	63	46
9	63	47
9	63	48
10	0	43
10	0	44
10	0	45
10	0	46
10	1	42
10	1	43
10	1	44
10	1	45
10	2	43
10	61	46
10	62	46
10	62	47
10	63	45
10	63	46
10	63	47
54	54	39
54	54	40
54	55	39
54	55	40
54	56	39
54	56	40
54	57	39
54	57	40
54	57	41
54	58	40
54	58	41
54	58	42
55	54	38
55	54	39
55	54	40
55	54	41
55	55	37
55	55	38
55	55	39
55	55	40
55	55	41
55	56	37
55	56	38
55	56	39
55	56	40
55	56	41
55	57	38
55	57	39
55	57	40
55	57	41
55	58	39
55	58	40
55	58	41
56	54	38
56	55	37
56	55	38
56	55	39
56	55	40
56	56	36
56	56	37
56	56	38
56	56	39
56	56	40
56	57	37
56	57	38
56	57	39
56	57	40
56	58	38
56	58	39
56	58	40
56	59	39
56	59	40
56	59	41
56	60	40
56	60	41
56	60	42
57	55	37
57	55	38
57	55	39
57	56	36
57	56	37
57	56	38
57	56	39
57	57	36
57	57	37
57	57	38
57	57	39
57	58	37
57	58	38
57	58	39
57	58	40
57	59	39
57	59	40
57	59	41
57	60	40
57	60	41
57	60	42
57	61	41
57	61	42
58	55	37
58	56	36
58	56	37
58	56	38
58	57	36
58	57	37
58	57	38
58	57	39
58	58	36
58	58	37
58	58	38
58	58	39
58	58	40
58	59	37
58	59	38
58	59	39
58	59	40
58	59	41
58	60	39
58	60	40
58	60	41
58	61	41
58	61	42
58	62	42
58	62	43
59	56	37
59	56	38
59	57	36
59	57	37
59	57	38
59	57	39
59	58	36
59	58	37
59	58	38
59	58	39
59	58	40
59	59	36
59	59	37
59	59	38
59	59	39
59	59	40
59	60	38
59	60	39
59	60	40
59	60	41
59	61	40
59	61	41
59	61	42
59	62	42
59	62	43
59	63	44
60	56	37
60	56	38
60	57	36
60	57	37
60	57	38
60	57	39
60	58	34
60	58	35
60	58	36
60	58	37
60	58	38
60	58	39
60	59	36
60	59	37
60	59	38
60	59	39
60	59	40
60	60	37
60	60	38
60	60	39
60	60	40
60	60	41
60	61	39
60	61	40
60	61	41
60	61	42
60	62	41
60	62	42
60	62	43
60	63	43
60	63	44
61	56	37
61	56	38
61	57	35
61	57	36
61	57	37
61	57	38
61	57	39
61	58	33
61	58	34
61	58	35
61	58	36
61	58	37
61	58	38
61	58	39
61	59	34
61	59	35
61	59	36
61	59	37
61	59	38
61	59	39
61	59	40
61	60	37
61	60	38
61	60	39
61	60	40
61	60	41
61	61	39
61	61	40
61	61	41
61	61	42
61	62	41
61	62	42
61	62	43
61	63	42
61	63	43
61	63	44
62	56	38
62	57	35
62	57	36
62	57	37
62	57	38
62	58	33
62	58	34
62	58	35
62	58	36
62	58	37
62	58	38
62	58	39
62	59	33
62	59	34
62	59	35
62	59	36
62	59	37
62	59	38
62	59	39
62	59	40
62	60	35
62	60	36
62	60	37
62	60	38
62	60	39
62	60	40
62	60	41
62	61	39
62	61	40
62	61	41
62	61	42
62	62	41
62	62	42
62	62	43
62	63	42
62	63	43
62	63	44
63	57	35
63	57	36
63	57	37
63	57	38
63	58	34
63	58	35
63	58	36
63	58	37
63	58	38
63	59	33
63	59	34
63	59	35
63	59	36
63	59	37
63	59	38
63	60	34
63	60	35
63	60	36
63	60	39
63	60	49
63	61	40
63	61	41
63	61	42
63	62	41
63	62	42
63	62	43
63	63	42
63	63	43
63	63	44
