#i	j	k
24	7	16
24	7	17
24	7	18
24	8	16
24	8	17
24	8	18
24	9	15
24	9	16
24	9	17
24	9	18
24	10	15
24	10	16
24	10	17
24	10	18
24	11	15
24	11	16
24	11	17
24	11	18
24	12	16
24	12	17
24	12	18
24	13	16
24	13	17
24	13	18
24	14	16
24	14	17
24	14	18
24	15	16
24	15	17
24	15	18
24	16	16
24	16	17
24	16	18
24	16	19
24	17	15
24	17	16
24	17	17
24	17	18
24	17	19
24	18	15
24	18	16
24	18	17
24	18	18
24	18	19
24	19	15
24	19	16
24	19	17
24	19	18
24	19	19
24	20	15
24	20	16
24	21	14
24	21	15
25	6	17
25	7	16
25	7	17
25	7	18
25	7	19
25	8	15
25	8	16
25	8	17
25	8	18
25	8	19
25	9	15
25	9	16
25	9	17
25	9	18
25	9	19
25	9	20
25	10	13
25	10	14
25	10	15
25	10	16
25	10	17
25	10	18
25	10	19
25	10	20
25	10	21
25	10	22
25	11	13
25	11	14
25	11	15
25	11	16
25	11	17
25	11	18
25	11	19
25	11	20
25	11	21
25	11	22
25	12	13
25	12	14
25	12	15
25	12	16
25	12	17
25	12	18
25	12	19
25	12	20
25	13	13
25	13	14
25	13	15
25	13	16
25	13	17
25	13	18
25	13	19
25	13	20
25	14	13
25	14	14
25	14	15
25	14	16
25	14	17
25	14	18
25	14	19
25	15	14
25	15	15
25	15	16
25	15	17
25	15	18
25	15	19
25	16	15
25	16	16
25	16	17
25	16	18
25	16	19
25	17	15
25	17	16
25	17	17
25	17	18
25	17	19
25	17	20
25	18	15
25	18	16
25	18	17
25	18	18
25	18	19
25	18	20
25	19	15
25	19	16
25	19	17
25	19	18
25	19	19
25	19	20
25	20	15
25	20	16
25	20	17
25	21	15
25	21	16
26	6	17
26	6	18
26	7	16
26	7	17
26	7	18
26	7	19
26	8	15
26	8	16
26	8	17
26	8	18
26	8	19
26	8	20
26	9	14
26	9	15
26	9	16
26	9	17
26	9	18
26	9	19
26	9	20
26	9	21
26	9	22
26	10	14
26	10	15
26	10	16
26	10	17
26	10	18
26	10	19
26	10	20
26	10	21
26	10	22
26	11	14
26	11	15
26	11	16
26	11	17
26	11	18
26	11	19
26	11	20
26	11	21
26	11	22
26	12	14
26	12	15
26	12	16
26	12	17
26	12	18
26	12	19
26	12	20
26	12	21
26	12	22
26	13	14
26	13	15
26	13	16
26	13	17
26	13	18
26	13	19
26	13	20
26	13	21
26	14	14
26	14	15
26	14	16
26	14	17
26	14	18
26	14	19
26	14	20
26	15	14
26	15	15
26	15	16
26	15	17
26	15	18
26	15	19
26	15	20
26	16	14
26	16	15
26	16	16
26	16	17
26	16	18
26	16	19
26	16	20
26	17	15
26	17	16
26	17	17
26	17	18
26	17	19
26	17	20
26	18	15
26	18	16
26	18	17
26	18	18
26	18	19
26	18	20
26	19	15
26	19	16
26	19	17
26	19	18
26	19	19
26	19	20
26	20	16
26	20	17
26	20	18
26	20	19
27	6	17
27	6	18
27	6	19
27	7	16
27	7	17
27	7	18
27	7	19
27	8	15
27	8	16
27	8	17
27	8	18
27	8	19
27	8	20
27	9	14
27	9	15
27	9	16
27	9	17
27	9	18
27	9	19
27	9	20
27	9	21
27	9	22
27	10	14
27	10	15
27	10	16
27	10	17
27	10	18
27	10	19
27	10	20
27	10	21
27	10	22
27	11	14
27	11	15
27	11	16
27	11	17
27	11	18
27	11	19
27	11	20
27	11	21
27	11	22
27	12	15
27	12	16
27	12	17
27	12	18
27	12	19
27	12	20
27	12	21
27	12	22
27	13	15
27	13	16
27	13	17
27	13	18
27	13	19
27	13	20
27	13	21
27	13	22
27	14	15
27	14	16
27	14	17
27	14	18
27	14	19
27	14	20
27	14	21
27	15	15
27	15	16
27	15	17
27	15	18
27	15	19
27	15	20
27	15	21
27	16	15
27	16	16
27	16	17
27	16	18
27	16	19
27	16	20
27	16	21
27	17	15
27	17	16
27	17	17
27	17	18
27	17	19
27	17	20
27	17	21
27	18	16
27	18	17
27	18	18
27	18	19
27	18	20
27	18	21
27	19	17
27	19	18
27	19	19
27	19	20
27	19	21
27	20	21
28	6	17
28	6	18
28	6	19
28	6	20
28	7	17
28	7	18
28	7	19
28	7	20
28	7	21
28	7	22
28	8	14
28	8	15
28	8	16
28	8	17
28	8	18
28	8	19
28	8	20
28	8	21
28	8	22
28	9	14
28	9	15
28	9	16
28	9	17
28	9	18
28	9	19
28	9	20
28	9	21
28	9	22
28	10	13
28	10	14
28	10	15
28	10	16
28	10	17
28	10	18
28	10	19
28	10	20
28	10	21
28	10	22
28	11	13
28	11	14
28	11	15
28	11	16
28	11	17
28	11	18
28	11	19
28	11	20
28	11	21
28	11	22
28	12	15
28	12	16
28	12	17
28	12	18
28	12	19
28	12	20
28	12	21
28	12	22
28	13	16
28	13	17
28	13	18
28	13	19
28	13	20
28	13	21
28	13	22
28	14	16
28	14	17
28	14	18
28	14	19
28	14	20
28	14	21
28	14	22
28	15	16
28	15	17
28	15	18
28	15	19
28	15	20
28	15	21
28	15	22
28	16	16
28	16	17
28	16	18
28	16	19
28	16	20
28	16	21
28	16	22
28	17	17
28	17	18
28	17	19
28	17	20
28	17	21
28	17	22
28	18	18
28	18	19
28	18	20
28	18	21
28	18	22
28	19	20
28	19	21
28	20	21
29	6	19
29	6	20
29	7	17
29	7	18
29	7	19
29	7	20
29	7	21
29	7	22
29	8	15
29	8	16
29	8	17
29	8	18
29	8	19
29	8	20
29	8	21
29	8	22
29	8	23
29	9	14
29	9	15
29	9	16
29	9	17
29	9	18
29	9	19
29	9	20
29	9	21
29	9	22
29	10	13
29	10	14
29	10	15
29	10	16
29	10	17
29	10	18
29	10	19
29	10	20
29	10	21
29	10	22
29	11	12
29	11	13
29	11	14
29	11	15
29	11	16
29	11	17
29	11	18
29	11	19
29	11	20
29	11	21
29	11	22
29	12	12
29	12	13
29	12	14
29	12	15
29	12	16
29	12	17
29	12	18
29	12	19
29	12	20
29	12	21
29	12	22
29	13	12
29	13	16
29	13	17
29	13	18
29	13	19
29	13	20
29	13	21
29	13	22
29	14	17
29	14	18
29	14	19
29	14	20
29	14	21
29	14	22
29	15	17
29	15	18
29	15	19
29	15	20
29	15	21
29	15	22
29	15	23
29	16	17
29	16	18
29	16	19
29	16	20
29	16	21
29	16	22
29	16	23
29	17	18
29	17	19
29	17	20
29	17	21
29	17	22
29	17	23
29	18	19
29	18	20
29	18	21
29	18	22
29	19	20
29	19	21
29	19	22
29	20	21
30	6	20
30	7	19
30	7	20
30	7	21
30	8	19
30	8	20
30	8	21
30	8	22
30	8	23
30	9	14
30	9	15
30	9	16
30	9	19
30	9	20
30	9	21
30	9	22
30	10	13
30	10	14
30	10	15
30	10	16
30	10	17
30	10	18
30	10	19
30	10	20
30	10	21
30	10	22
30	11	11
30	11	12
30	11	13
30	11	14
30	11	15
30	11	16
30	11	17
30	11	18
30	11	19
30	11	20
30	11	21
30	11	22
30	12	11
30	12	12
30	12	13
30	12	14
30	12	15
30	12	16
30	12	17
30	12	18
30	12	19
30	12	20
30	12	21
30	12	22
30	13	12
30	13	13
30	13	14
30	13	15
30	13	16
30	13	17
30	13	18
30	13	19
30	13	20
30	13	21
30	13	22
30	14	12
30	14	13
30	14	17
30	14	18
30	14	19
30	14	20
30	14	21
30	14	22
30	14	23
30	15	13
30	15	17
30	15	18
30	15	19
30	15	20
30	15	21
30	15	22
30	15	23
30	16	13
30	16	18
30	16	19
30	16	20
30	16	21
30	16	22
30	16	23
30	17	19
30	17	20
30	17	21
30	17	22
30	17	23
30	18	19
30	18	20
30	18	21
30	18	22
30	18	23
30	19	20
30	19	21
30	19	22
30	20	21
30	20	22
31	7	20
31	7	21
31	8	20
31	8	21
31	8	22
31	9	12
31	9	13
31	9	14
31	9	15
31	9	16
31	9	20
31	9	21
31	9	22
31	10	10
31	10	11
31	10	12
31	10	13
31	10	14
31	10	15
31	10	16
31	10	17
31	10	19
31	10	20
31	10	21
31	10	22
31	10	23
31	11	10
31	11	11
31	11	12
31	11	13
31	11	14
31	11	15
31	11	16
31	11	17
31	11	18
31	11	19
31	11	20
31	11	21
31	11	22
31	12	11
31	12	12
31	12	13
31	12	14
31	12	15
31	12	16
31	12	17
31	12	18
31	12	19
31	12	20
31	12	21
31	12	22
31	13	11
31	13	12
31	13	13
31	13	14
31	13	15
31	13	16
31	13	17
31	13	18
31	13	19
31	13	20
31	13	21
31	13	22
31	14	12
31	14	13
31	14	14
31	14	15
31	14	16
31	14	18
31	14	19
31	14	20
31	14	21
31	14	22
31	14	23
31	15	12
31	15	13
31	15	14
31	15	19
31	15	20
31	15	21
31	15	22
31	15	23
31	16	13
31	16	14
31	16	20
31	16	21
31	16	22
31	16	23
31	17	20
31	17	21
31	17	22
31	17	23
31	18	20
31	18	21
31	18	22
31	18	23
31	19	20
31	19	21
31	19	22
31	19	23
31	20	21
31	20	22
32	7	20
32	8	20
32	8	21
32	8	22
32	9	10
32	9	11
32	9	12
32	9	13
32	9	14
32	9	15
32	9	20
32	9	21
32	9	22
32	10	10
32	10	11
32	10	12
32	10	13
32	10	14
32	10	15
32	10	16
32	10	17
32	10	18
32	10	19
32	10	20
32	10	21
32	10	22
32	11	9
32	11	10
32	11	11
32	11	12
32	11	13
32	11	14
32	11	15
32	11	16
32	11	17
32	11	18
32	11	19
32	11	20
32	11	21
32	11	22
32	12	9
32	12	10
32	12	11
32	12	12
32	12	13
32	12	14
32	12	15
32	12	16
32	12	17
32	12	18
32	12	19
32	12	20
32	12	21
32	12	22
32	13	10
32	13	11
32	13	12
32	13	13
32	13	14
32	13	15
32	13	16
32	13	17
32	13	19
32	13	20
32	13	21
32	13	22
32	14	12
32	14	13
32	14	14
32	14	15
32	14	16
32	14	20
32	14	21
32	14	22
32	15	12
32	15	13
32	15	14
32	15	15
32	15	21
32	15	22
32	15	23
32	16	13
32	16	14
32	16	21
32	16	22
32	16	23
32	17	21
32	17	22
32	17	23
32	18	21
32	18	22
32	18	23
32	19	21
32	19	22
32	20	21
32	20	22
33	9	20
33	9	21
33	9	22
33	10	12
33	10	13
33	10	14
33	10	15
33	10	16
33	10	17
33	10	18
33	10	19
33	10	20
33	10	21
33	10	22
33	11	12
33	11	13
33	11	14
33	11	15
33	11	16
33	11	17
33	11	18
33	11	19
33	11	20
33	11	21
33	12	10
33	12	11
33	12	12
33	12	13
33	12	14
33	12	15
33	12	16
33	12	17
33	12	18
33	12	20
33	12	21
33	13	10
33	13	11
33	13	12
33	13	13
33	13	14
33	13	15
33	13	16
33	13	17
33	13	21
33	13	22
33	14	11
33	14	12
33	14	13
33	14	14
33	14	15
33	14	16
33	15	12
33	15	13
33	15	14
33	15	15
33	15	16
33	16	13
33	16	14
33	16	15
33	16	16
33	16	23
33	17	22
33	17	23
33	18	22
33	19	22
33	20	22
34	9	21
34	9	22
34	10	13
34	10	14
34	10	15
34	10	16
34	10	17
34	10	18
34	10	19
34	10	20
34	10	21
34	10	22
34	11	13
34	11	14
34	11	15
34	11	16
34	11	17
34	11	18
34	11	19
34	11	21
34	12	12
34	12	13
34	12	14
34	12	15
34	12	16
34	12	17
34	12	18
34	13	11
34	13	12
34	13	13
34	13	14
34	13	15
34	13	16
34	13	17
34	14	11
34	14	12
34	14	13
34	14	14
34	14	15
34	14	16
34	14	17
34	15	11
34	15	12
34	15	13
34	15	14
34	15	15
34	15	16
34	15	17
34	16	12
34	16	13
34	16	14
34	16	15
34	16	16
34	16	17
34	17	14
34	17	15
34	17	16
34	17	17
35	10	14
35	10	15
35	10	16
35	10	17
35	10	18
35	11	13
35	11	14
35	11	15
35	11	16
35	11	17
35	11	18
35	11	19
35	12	12
35	12	13
35	12	14
35	12	15
35	12	16
35	12	17
35	12	18
35	13	12
35	13	13
35	13	14
35	13	15
35	13	16
35	13	17
35	13	18
35	14	10
35	14	11
35	14	12
35	14	13
35	14	14
35	14	15
35	14	16
35	14	17
35	14	18
35	15	11
35	15	12
35	15	13
35	15	14
35	15	15
35	15	16
35	15	17
35	15	18
35	16	11
35	16	12
35	16	13
35	16	14
35	16	15
35	16	16
35	16	17
35	16	18
35	17	11
35	17	12
35	17	13
35	17	14
35	17	15
35	17	16
35	17	17
35	17	18
35	18	15
35	18	16
35	18	17
35	18	18
36	10	14
36	10	15
36	10	16
36	10	17
36	10	18
36	11	13
36	11	14
36	11	15
36	11	16
36	11	17
36	11	18
36	11	19
36	12	12
36	12	13
36	12	14
36	12	15
36	12	16
36	12	17
36	12	18
36	12	19
36	13	12
36	13	13
36	13	14
36	13	15
36	13	16
36	13	17
36	13	18
36	13	19
36	14	10
36	14	11
36	14	12
36	14	13
36	14	14
36	14	15
36	14	16
36	14	17
36	14	18
36	14	19
36	15	10
36	15	11
36	15	12
36	15	13
36	15	14
36	15	15
36	15	16
36	15	17
36	15	18
36	15	19
36	16	10
36	16	12
36	16	13
36	16	14
36	16	15
36	16	16
36	16	17
36	16	18
36	16	19
36	17	10
36	17	15
36	17	16
36	17	17
36	17	18
36	17	19
36	18	10
36	18	15
36	18	16
36	18	17
36	18	18
36	18	19
36	19	16
36	19	17
36	19	18
36	19	19
37	10	14
37	10	15
37	10	16
37	10	17
37	11	13
37	11	14
37	11	15
37	11	16
37	11	17
37	11	18
37	11	19
37	12	13
37	12	14
37	12	15
37	12	16
37	12	17
37	12	18
37	12	19
37	12	20
37	13	12
37	13	13
37	13	14
37	13	15
37	13	16
37	13	17
37	13	18
37	13	19
37	13	20
37	14	11
37	14	12
37	14	13
37	14	14
37	14	15
37	14	16
37	14	17
37	14	18
37	14	19
37	14	20
37	15	9
37	15	11
37	15	12
37	15	13
37	15	14
37	15	15
37	15	16
37	15	17
37	15	18
37	15	19
37	15	20
37	16	9
37	16	13
37	16	14
37	16	15
37	16	16
37	16	17
37	16	18
37	16	19
37	16	20
37	17	9
37	17	15
37	17	16
37	17	17
37	17	18
37	17	19
37	17	20
37	18	9
37	18	15
37	18	16
37	18	17
37	18	18
37	18	19
37	18	20
37	19	9
37	19	16
37	19	17
37	19	18
37	19	19
37	19	20
37	20	17
37	20	18
37	20	19
37	20	20
38	10	16
38	11	13
38	11	14
38	11	15
38	11	16
38	11	17
38	11	18
38	12	13
38	12	14
38	12	15
38	12	16
38	12	17
38	12	18
38	12	19
38	13	12
38	13	13
38	13	14
38	13	15
38	13	16
38	13	17
38	13	18
38	13	19
38	13	20
38	14	11
38	14	12
38	14	13
38	14	14
38	14	15
38	14	16
38	14	17
38	14	18
38	14	19
38	14	20
38	15	12
38	15	13
38	15	14
38	15	15
38	15	16
38	15	17
38	15	18
38	15	19
38	15	20
38	16	14
38	16	15
38	16	16
38	16	17
38	16	18
38	16	19
38	16	20
38	17	15
38	17	16
38	17	17
38	17	18
38	17	19
38	17	20
38	17	21
38	18	16
38	18	17
38	18	18
38	18	19
38	18	20
38	18	21
38	19	16
38	19	17
38	19	18
38	19	19
38	19	20
38	19	21
38	20	17
38	20	18
38	20	19
38	20	20
38	20	21
38	21	18
38	21	19
38	21	20
39	11	15
39	11	16
39	11	17
39	12	11
39	12	12
39	12	13
39	12	14
39	12	15
39	12	16
39	12	17
39	12	18
39	13	11
39	13	12
39	13	13
39	13	14
39	13	15
39	13	16
39	13	17
39	13	18
39	13	19
39	14	11
39	14	12
39	14	13
39	14	14
39	14	15
39	14	16
39	14	17
39	14	18
39	14	19
39	14	20
39	15	12
39	15	13
39	15	14
39	15	15
39	15	16
39	15	17
39	15	18
39	15	19
39	15	20
39	16	12
39	16	13
39	16	14
39	16	15
39	16	16
39	16	17
39	16	18
39	16	19
39	16	20
39	17	15
39	17	16
39	17	17
39	17	18
39	17	19
39	17	20
39	18	16
39	18	17
39	18	18
39	18	19
39	18	20
39	18	21
39	19	17
39	19	18
39	19	19
39	19	20
39	19	21
39	20	17
39	20	18
39	20	19
39	20	20
39	21	17
39	21	18
40	12	10
40	12	11
40	12	12
40	12	13
40	12	14
40	12	15
40	12	16
40	12	17
40	13	10
40	13	11
40	13	12
40	13	13
40	13	14
40	13	15
40	13	16
40	13	17
40	13	18
40	13	19
40	14	10
40	14	11
40	14	12
40	14	13
40	14	14
40	14	15
40	14	16
40	14	17
40	14	18
40	14	19
40	15	11
40	15	12
40	15	13
40	15	14
40	15	15
40	15	16
40	15	17
40	15	18
40	15	19
40	15	20
40	16	12
40	16	13
40	16	14
40	16	15
40	16	16
40	16	17
40	16	18
40	16	19
40	16	20
40	17	13
40	17	14
40	17	15
40	17	16
40	17	17
40	17	18
40	17	19
40	17	20
40	18	16
40	18	17
40	18	18
40	18	19
40	18	20
40	19	17
40	19	18
40	19	19
40	19	20
40	20	18
40	20	19
41	12	15
41	12	16
41	13	14
41	13	15
41	13	16
41	13	17
41	13	18
41	14	13
41	14	14
41	14	15
41	14	16
41	14	17
41	14	18
41	15	11
41	15	12
41	15	13
41	15	14
41	15	15
41	15	16
41	15	17
41	15	18
41	15	19
41	16	12
41	16	13
41	16	14
41	16	15
41	16	16
41	16	17
41	16	18
41	16	19
41	17	12
41	17	13
41	17	14
41	17	15
41	17	16
41	17	17
41	17	18
41	17	19
41	17	20
41	18	12
41	18	13
41	18	14
41	18	15
41	18	16
41	18	17
41	18	18
41	18	19
41	18	20
41	19	17
41	19	18
41	19	19
42	13	16
42	14	15
42	14	16
42	14	17
42	15	14
42	15	15
42	15	16
42	15	17
42	15	18
42	16	12
42	16	13
42	16	14
42	16	15
42	16	16
42	16	17
42	16	18
42	16	19
42	17	12
42	17	15
42	17	16
42	17	17
42	17	18
42	17	19
42	18	12
42	18	13
42	18	14
42	18	15
42	18	16
42	18	17
42	18	18
42	18	19
43	14	16
43	15	15
43	15	16
43	15	17
43	16	16
43	16	17
43	16	18
43	17	16
43	17	17
43	17	18
43	17	19
43	18	17
43	18	18
43	18	19
44	17	17
44	17	18
