#i	j	k
44	17	46
44	18	46
44	18	47
44	19	47
44	19	48
44	20	47
44	20	48
45	16	46
45	17	46
45	17	47
45	17	48
45	17	49
45	18	46
45	18	47
45	18	48
45	18	49
45	19	47
45	19	48
45	19	49
45	20	47
45	20	48
45	59	48
46	15	49
46	15	50
46	15	51
46	16	46
46	16	47
46	16	48
46	16	49
46	16	50
46	16	51
46	16	52
46	17	46
46	17	47
46	17	48
46	17	49
46	17	50
46	17	51
46	18	46
46	18	47
46	18	48
46	18	49
46	18	50
46	19	47
46	19	48
46	19	49
46	19	50
46	20	47
46	20	48
46	58	49
46	59	48
46	60	47
46	60	48
46	62	45
47	13	54
47	14	49
47	14	50
47	14	51
47	14	52
47	14	53
47	14	54
47	15	44
47	15	47
47	15	48
47	15	49
47	15	50
47	15	51
47	15	52
47	15	53
47	16	44
47	16	45
47	16	46
47	16	47
47	16	48
47	16	49
47	16	50
47	16	51
47	16	52
47	17	43
47	17	44
47	17	45
47	17	46
47	17	47
47	17	48
47	17	49
47	17	50
47	17	51
47	17	52
47	18	43
47	18	44
47	18	46
47	18	47
47	18	48
47	18	49
47	18	50
47	18	51
47	19	46
47	19	47
47	19	48
47	19	49
47	19	50
47	20	47
47	20	48
47	57	50
47	58	49
47	59	48
47	59	49
47	60	47
47	60	48
47	61	46
47	61	47
47	61	48
47	61	49
47	62	44
47	62	45
47	62	46
47	62	47
47	62	48
47	62	49
47	62	50
47	63	44
47	63	45
47	63	46
47	63	47
47	63	48
47	63	49
47	63	50
47	63	51
48	0	44
48	0	45
48	0	46
48	0	47
48	0	48
48	0	49
48	0	50
48	1	45
48	1	46
48	13	51
48	13	52
48	13	53
48	13	54
48	14	44
48	14	49
48	14	50
48	14	51
48	14	52
48	14	53
48	14	54
48	15	43
48	15	44
48	15	45
48	15	48
48	15	49
48	15	50
48	15	51
48	15	52
48	15	53
48	15	54
48	16	42
48	16	43
48	16	44
48	16	45
48	16	46
48	16	47
48	16	48
48	16	49
48	16	50
48	16	51
48	16	52
48	16	53
48	17	41
48	17	42
48	17	43
48	17	44
48	17	45
48	17	46
48	17	47
48	17	48
48	17	49
48	17	50
48	17	51
48	17	52
48	18	42
48	18	43
48	18	44
48	18	45
48	18	46
48	18	47
48	18	48
48	18	49
48	18	50
48	18	51
48	19	43
48	19	45
48	19	46
48	19	47
48	19	48
48	19	49
48	19	50
48	20	46
48	20	47
48	57	50
48	58	49
48	58	50
48	59	48
48	59	49
48	60	47
48	60	48
48	60	49
48	60	50
48	61	45
48	61	46
48	61	47
48	61	48
48	61	49
48	61	50
48	61	51
48	62	45
48	62	46
48	62	47
48	62	48
48	62	49
48	62	50
48	62	51
48	63	44
48	63	45
48	63	46
48	63	47
48	63	48
48	63	49
48	63	50
48	63	51
49	0	43
49	0	44
49	0	45
49	0	46
49	0	47
49	0	48
49	0	49
49	0	50
49	1	44
49	1	45
49	1	46
49	6	45
49	7	45
49	7	46
49	8	45
49	8	46
49	8	47
49	8	48
49	9	45
49	9	46
49	9	47
49	9	48
49	10	45
49	10	46
49	10	47
49	10	48
49	11	45
49	11	46
49	11	47
49	11	48
49	12	45
49	12	46
49	13	50
49	13	51
49	13	52
49	13	53
49	14	43
49	14	44
49	14	48
49	14	49
49	14	50
49	14	51
49	14	52
49	14	53
49	14	54
49	15	41
49	15	42
49	15	43
49	15	44
49	15	45
49	15	47
49	15	48
49	15	49
49	15	50
49	15	51
49	15	52
49	15	53
49	15	54
49	16	41
49	16	42
49	16	43
49	16	44
49	16	45
49	16	46
49	16	47
49	16	48
49	16	49
49	16	50
49	16	51
49	16	52
49	16	53
49	17	41
49	17	42
49	17	43
49	17	44
49	17	45
49	17	46
49	17	47
49	17	48
49	17	49
49	17	50
49	17	51
49	17	52
49	18	42
49	18	43
49	18	44
49	18	45
49	18	46
49	18	47
49	18	48
49	18	49
49	18	50
49	19	42
49	19	43
49	19	44
49	19	45
49	19	46
49	19	47
49	19	48
49	20	45
49	20	46
49	57	50
49	58	50
49	59	48
49	59	50
49	59	51
49	60	47
49	60	48
49	60	49
49	60	50
49	60	51
49	61	46
49	61	47
49	61	48
49	61	49
49	61	50
49	62	45
49	62	46
49	62	47
49	62	48
49	62	49
49	62	50
49	63	44
49	63	45
49	63	46
49	63	47
49	63	48
49	63	49
49	63	50
50	0	43
50	0	44
50	0	45
50	0	46
50	0	47
50	0	48
50	0	49
50	0	50
50	1	42
50	1	43
50	1	44
50	1	45
50	1	46
50	2	43
50	2	44
50	2	45
50	4	45
50	5	45
50	6	45
50	6	46
50	7	44
50	7	45
50	7	46
50	7	47
50	7	48
50	8	44
50	8	45
50	8	46
50	8	47
50	8	48
50	9	44
50	9	45
50	9	46
50	9	47
50	9	48
50	10	44
50	10	45
50	10	46
50	10	47
50	10	48
50	10	49
50	11	44
50	11	45
50	11	46
50	11	47
50	11	48
50	11	49
50	12	44
50	12	45
50	12	46
50	12	47
50	12	48
50	12	49
50	12	50
50	13	43
50	13	44
50	13	45
50	13	48
50	13	49
50	13	50
50	13	51
50	13	52
50	13	53
50	14	41
50	14	42
50	14	43
50	14	44
50	14	45
50	14	47
50	14	48
50	14	49
50	14	50
50	14	51
50	14	52
50	14	53
50	15	39
50	15	40
50	15	41
50	15	42
50	15	43
50	15	44
50	15	45
50	15	46
50	15	47
50	15	48
50	15	49
50	15	50
50	15	51
50	15	52
50	15	53
50	16	40
50	16	41
50	16	42
50	16	43
50	16	44
50	16	45
50	16	46
50	16	47
50	16	48
50	16	49
50	16	50
50	16	51
50	16	52
50	17	41
50	17	42
50	17	43
50	17	44
50	17	45
50	17	46
50	17	47
50	17	48
50	17	49
50	17	50
50	18	41
50	18	42
50	18	43
50	18	44
50	18	45
50	18	46
50	18	47
50	18	48
50	18	49
50	19	42
50	19	43
50	19	44
50	19	45
50	19	46
50	19	47
50	20	43
50	59	51
50	60	47
50	60	48
50	60	49
50	60	51
50	61	46
50	61	47
50	61	48
50	61	49
50	62	45
50	62	46
50	62	47
50	62	48
50	62	49
50	63	44
50	63	45
50	63	46
50	63	47
50	63	48
50	63	49
50	63	51
51	0	43
51	0	44
51	0	45
51	0	46
51	0	47
51	0	48
51	1	42
51	1	43
51	1	44
51	1	45
51	1	46
51	2	43
51	2	44
51	2	45
51	4	45
51	5	45
51	6	45
51	6	46
51	6	48
51	7	44
51	7	45
51	7	46
51	7	47
51	7	48
51	8	44
51	8	45
51	8	46
51	8	47
51	8	48
51	9	44
51	9	45
51	9	46
51	9	47
51	9	48
51	9	49
51	10	44
51	10	45
51	10	46
51	10	47
51	10	48
51	10	49
51	10	50
51	11	44
51	11	45
51	11	46
51	11	47
51	11	48
51	11	49
51	11	50
51	11	51
51	12	43
51	12	44
51	12	45
51	12	46
51	12	47
51	12	48
51	12	49
51	12	50
51	12	51
51	12	52
51	12	53
51	13	41
51	13	42
51	13	43
51	13	44
51	13	45
51	13	46
51	13	47
51	13	48
51	13	49
51	13	50
51	13	51
51	13	52
51	13	53
51	13	54
51	14	38
51	14	39
51	14	40
51	14	41
51	14	42
51	14	43
51	14	44
51	14	45
51	14	46
51	14	47
51	14	48
51	14	49
51	14	50
51	14	51
51	14	52
51	14	53
51	15	39
51	15	40
51	15	41
51	15	42
51	15	43
51	15	44
51	15	45
51	15	46
51	15	47
51	15	48
51	15	49
51	15	50
51	15	51
51	15	52
51	16	40
51	16	41
51	16	42
51	16	43
51	16	44
51	16	45
51	16	46
51	16	47
51	16	48
51	16	49
51	16	50
51	17	40
51	17	41
51	17	42
51	17	43
51	17	44
51	17	45
51	17	46
51	17	47
51	17	48
51	17	49
51	18	41
51	18	42
51	18	43
51	18	44
51	18	45
51	18	46
51	18	47
51	18	48
51	19	42
51	19	43
51	19	44
51	19	45
51	19	46
51	19	47
51	20	43
51	20	44
51	60	47
51	60	48
51	61	46
51	61	47
51	61	48
51	61	49
51	62	45
51	62	46
51	62	47
51	62	48
51	62	49
51	63	44
51	63	45
51	63	46
51	63	47
51	63	48
51	63	49
52	0	43
52	0	44
52	0	45
52	0	46
52	0	47
52	0	48
52	1	42
52	1	43
52	1	44
52	1	45
52	1	46
52	1	47
52	1	48
52	2	43
52	2	44
52	2	45
52	2	46
52	2	47
52	3	44
52	4	44
52	4	45
52	5	44
52	5	45
52	5	46
52	6	44
52	6	45
52	6	46
52	6	48
52	7	44
52	7	45
52	7	46
52	7	47
52	7	48
52	8	43
52	8	44
52	8	45
52	8	46
52	8	47
52	8	48
52	9	43
52	9	44
52	9	45
52	9	46
52	9	47
52	9	48
52	9	49
52	10	43
52	10	44
52	10	45
52	10	46
52	10	47
52	10	48
52	10	49
52	10	50
52	10	51
52	11	41
52	11	42
52	11	43
52	11	44
52	11	45
52	11	46
52	11	47
52	11	48
52	11	49
52	11	50
52	11	51
52	11	52
52	11	53
52	12	40
52	12	41
52	12	42
52	12	43
52	12	44
52	12	45
52	12	46
52	12	47
52	12	48
52	12	49
52	12	50
52	12	51
52	12	52
52	12	53
52	12	54
52	13	39
52	13	40
52	13	41
52	13	42
52	13	43
52	13	44
52	13	45
52	13	46
52	13	47
52	13	48
52	13	49
52	13	50
52	13	51
52	13	52
52	13	53
52	13	54
52	14	38
52	14	39
52	14	40
52	14	41
52	14	42
52	14	43
52	14	44
52	14	45
52	14	46
52	14	47
52	14	48
52	14	49
52	14	50
52	14	51
52	14	52
52	14	53
52	15	39
52	15	40
52	15	41
52	15	42
52	15	43
52	15	44
52	15	45
52	15	46
52	15	47
52	15	48
52	15	49
52	15	50
52	15	51
52	16	40
52	16	41
52	16	42
52	16	43
52	16	44
52	16	45
52	16	46
52	16	47
52	16	48
52	16	49
52	17	41
52	17	42
52	17	43
52	17	44
52	17	45
52	17	46
52	17	47
52	17	48
52	18	42
52	18	43
52	18	44
52	18	45
52	18	46
52	18	47
52	18	48
52	19	42
52	19	43
52	19	44
52	19	45
52	19	46
52	19	47
52	20	43
52	20	44
52	20	45
52	21	44
52	60	47
52	60	48
52	61	47
52	61	48
52	62	45
52	62	46
52	62	47
52	62	48
52	63	44
52	63	45
52	63	46
52	63	47
52	63	48
52	63	49
53	0	43
53	0	44
53	0	45
53	0	46
53	0	47
53	1	42
53	1	43
53	1	44
53	1	45
53	1	46
53	1	47
53	1	48
53	2	42
53	2	43
53	2	44
53	2	45
53	2	46
53	2	47
53	2	48
53	2	49
53	3	44
53	3	45
53	3	46
53	4	44
53	4	45
53	4	46
53	5	44
53	5	45
53	5	46
53	6	44
53	6	45
53	6	46
53	6	47
53	7	43
53	7	44
53	7	45
53	7	46
53	7	47
53	7	48
53	8	42
53	8	43
53	8	44
53	8	45
53	8	46
53	8	47
53	8	48
53	9	42
53	9	43
53	9	44
53	9	45
53	9	46
53	9	47
53	9	48
53	9	49
53	9	50
53	10	40
53	10	41
53	10	42
53	10	43
53	10	44
53	10	45
53	10	46
53	10	47
53	10	48
53	10	49
53	10	50
53	10	51
53	10	52
53	10	53
53	11	39
53	11	40
53	11	41
53	11	42
53	11	43
53	11	44
53	11	45
53	11	46
53	11	47
53	11	48
53	11	49
53	11	50
53	11	51
53	11	52
53	11	53
53	11	54
53	12	39
53	12	40
53	12	41
53	12	42
53	12	43
53	12	44
53	12	45
53	12	46
53	12	47
53	12	48
53	12	49
53	12	50
53	12	51
53	12	52
53	12	53
53	12	54
53	13	39
53	13	40
53	13	41
53	13	42
53	13	43
53	13	44
53	13	45
53	13	46
53	13	47
53	13	48
53	13	49
53	13	50
53	13	51
53	13	52
53	13	53
53	13	54
53	14	39
53	14	40
53	14	41
53	14	42
53	14	43
53	14	44
53	14	45
53	14	46
53	14	47
53	14	48
53	14	49
53	14	50
53	14	51
53	15	40
53	15	41
53	15	42
53	15	43
53	15	44
53	15	45
53	15	46
53	15	47
53	15	48
53	15	49
53	16	41
53	16	42
53	16	43
53	16	44
53	16	45
53	16	46
53	16	47
53	16	48
53	17	42
53	17	43
53	17	44
53	17	45
53	17	46
53	17	47
53	17	48
53	18	42
53	18	43
53	18	44
53	18	45
53	18	46
53	18	47
53	18	48
53	19	42
53	19	43
53	19	44
53	19	45
53	19	46
53	20	43
53	20	44
53	61	47
53	62	47
53	63	44
53	63	45
53	63	46
53	63	47
54	0	43
54	0	44
54	0	45
54	0	46
54	1	42
54	1	43
54	1	44
54	1	45
54	1	46
54	1	47
54	1	48
54	2	42
54	2	43
54	2	44
54	6	43
54	6	44
54	6	45
54	6	46
54	7	42
54	7	43
54	7	44
54	7	45
54	7	46
54	7	47
54	8	42
54	8	43
54	8	44
54	8	45
54	8	46
54	8	47
54	8	48
54	9	40
54	9	41
54	9	42
54	9	43
54	9	44
54	9	45
54	9	46
54	9	47
54	9	48
54	9	49
54	9	50
54	10	38
54	10	39
54	10	40
54	10	41
54	10	42
54	10	43
54	10	44
54	10	45
54	10	46
54	10	47
54	10	48
54	10	49
54	10	50
54	10	51
54	10	52
54	10	53
54	10	54
54	11	38
54	11	39
54	11	40
54	11	41
54	11	42
54	11	43
54	11	44
54	11	45
54	11	46
54	11	47
54	11	48
54	11	49
54	11	50
54	11	51
54	11	52
54	11	53
54	11	54
54	12	38
54	12	39
54	12	40
54	12	41
54	12	42
54	12	43
54	12	44
54	12	45
54	12	46
54	12	47
54	12	48
54	12	49
54	12	50
54	12	51
54	12	52
54	12	53
54	12	54
54	13	39
54	13	40
54	13	41
54	13	42
54	13	43
54	13	44
54	13	45
54	13	46
54	13	47
54	13	48
54	13	49
54	13	50
54	13	51
54	13	52
54	13	53
54	13	54
54	14	40
54	14	41
54	14	42
54	14	43
54	14	44
54	14	45
54	14	46
54	14	47
54	14	48
54	14	49
54	15	42
54	15	43
54	15	44
54	15	45
54	15	46
54	15	47
54	15	48
54	15	49
54	16	43
54	16	44
54	16	45
54	16	46
54	16	47
54	16	48
54	17	43
54	17	44
54	17	45
54	17	46
54	18	45
55	1	42
55	1	43
55	1	44
55	1	45
55	2	43
55	6	43
55	6	44
55	7	41
55	7	42
55	7	43
55	7	44
55	7	45
55	7	46
55	8	40
55	8	41
55	8	42
55	8	43
55	8	44
55	8	45
55	8	46
55	9	39
55	9	40
55	9	41
55	9	42
55	9	43
55	9	44
55	9	45
55	9	46
55	9	47
55	9	48
55	9	49
55	10	38
55	10	39
55	10	40
55	10	41
55	10	42
55	10	43
55	10	44
55	10	45
55	10	46
55	10	47
55	10	48
55	10	49
55	10	54
55	11	38
55	11	39
55	11	40
55	11	41
55	11	42
55	11	43
55	11	44
55	11	45
55	11	46
55	11	47
55	11	48
55	11	49
55	11	54
55	12	39
55	12	40
55	12	41
55	12	42
55	12	43
55	12	44
55	12	45
55	12	46
55	12	47
55	12	48
55	12	49
55	12	54
55	13	41
55	13	42
55	13	43
55	13	46
55	13	47
55	13	48
55	13	49
55	13	51
55	13	52
55	13	53
55	13	54
55	14	46
55	14	47
55	14	48
55	15	46
56	2	43
56	6	43
56	7	40
56	7	41
56	7	42
56	7	43
56	7	44
56	8	39
56	8	40
56	8	41
56	8	42
56	8	43
56	8	44
56	8	45
56	9	38
56	9	39
56	9	40
56	9	41
56	9	42
56	9	43
56	9	44
56	9	45
56	10	38
56	10	39
56	10	40
56	10	41
56	10	42
56	10	43
56	10	44
56	10	45
56	11	39
56	11	40
56	11	41
56	11	42
56	11	43
56	11	44
56	12	41
56	12	42
56	12	47
57	6	42
57	6	43
57	7	40
57	7	41
57	7	42
57	7	43
57	7	44
57	8	38
57	8	39
57	8	40
57	8	41
57	8	42
57	8	43
57	8	44
57	9	39
57	9	40
57	9	41
57	9	42
57	9	43
57	9	44
57	10	39
57	10	40
57	10	41
57	10	42
57	10	43
57	10	44
57	11	41
57	11	42
57	11	43
58	6	40
58	6	41
58	6	42
58	6	43
58	7	39
58	7	40
58	7	41
58	7	42
58	7	43
58	7	44
58	8	40
58	8	41
58	8	42
58	8	43
58	8	44
58	9	40
58	9	41
58	9	42
58	9	43
58	9	44
58	10	41
58	10	42
58	10	43
59	5	41
59	6	40
59	6	41
59	6	42
59	6	43
59	7	40
59	7	41
59	7	42
59	7	43
59	7	44
59	8	40
59	8	41
59	8	42
59	8	43
59	8	44
59	8	45
59	9	41
59	9	42
59	9	43
59	9	44
59	9	45
59	10	42
60	5	40
60	5	41
60	6	40
60	6	41
60	6	42
60	7	40
60	7	41
60	7	42
60	7	43
60	8	41
60	8	42
60	8	43
60	8	44
60	8	45
60	9	42
60	9	43
61	6	40
61	6	41
61	7	41
61	7	42
61	8	41
61	8	42
