#i	j	k
0	34	40
0	34	41
0	34	42
0	34	43
0	34	44
0	35	38
0	35	39
0	35	40
0	35	41
0	35	42
0	35	43
0	35	44
0	35	45
0	35	46
0	35	47
0	35	48
0	35	49
0	35	50
0	36	37
0	36	38
0	36	39
0	36	40
0	36	41
0	36	42
0	36	43
0	36	44
0	36	45
0	36	46
0	36	47
0	36	48
0	36	49
0	36	50
0	36	51
0	36	52
0	37	37
0	37	38
0	37	39
0	37	40
0	37	41
0	37	42
0	37	43
0	37	44
0	37	45
0	37	46
0	37	47
0	37	48
0	37	49
0	37	50
0	37	51
0	37	52
0	37	53
0	38	36
0	38	37
0	38	38
0	38	39
0	38	40
0	38	41
0	38	42
0	38	43
0	38	44
0	38	45
0	38	46
0	38	47
0	38	48
0	38	49
0	38	50
0	38	51
0	38	52
0	38	53
0	39	36
0	39	37
0	39	38
0	39	39
0	39	40
0	39	41
0	39	42
0	39	43
0	39	44
0	39	45
0	39	46
0	39	47
0	39	48
0	39	49
0	39	50
0	39	51
0	39	52
0	39	53
0	40	36
0	40	37
0	40	38
0	40	39
0	40	40
0	40	41
0	40	42
0	40	43
0	40	44
0	40	45
0	40	46
0	40	47
0	40	48
0	40	49
0	40	50
0	40	51
0	40	52
0	40	53
0	41	35
0	41	36
0	41	37
0	41	38
0	41	39
0	41	40
0	41	41
0	41	42
0	41	43
0	41	44
0	41	45
0	41	46
0	41	47
0	41	48
0	41	49
0	41	50
0	41	51
0	41	52
0	41	53
0	42	33
0	42	34
0	42	35
0	42	36
0	42	37
0	42	38
0	42	39
0	42	40
0	42	41
0	42	42
0	42	43
0	42	44
0	42	45
0	42	46
0	42	47
0	42	48
0	42	49
0	42	50
0	42	51
0	42	52
0	42	53
0	43	33
0	43	34
0	43	35
0	43	36
0	43	37
0	43	38
0	43	39
0	43	40
0	43	41
0	43	42
0	43	43
0	43	44
0	43	45
0	43	46
0	43	47
0	43	48
0	43	49
0	43	50
0	43	51
0	43	52
0	43	53
0	43	54
0	44	33
0	44	34
0	44	35
0	44	36
0	44	37
0	44	38
0	44	39
0	44	40
0	44	41
0	44	42
0	44	43
0	44	44
0	44	45
0	44	46
0	44	47
0	44	48
0	44	49
0	44	50
0	44	51
0	44	52
0	44	53
0	44	54
0	45	33
0	45	34
0	45	35
0	45	36
0	45	37
0	45	38
0	45	39
0	45	40
0	45	41
0	45	42
0	45	43
0	45	44
0	45	45
0	45	46
0	45	47
0	45	48
0	45	49
0	45	50
0	45	51
0	45	52
0	45	53
0	45	54
0	46	33
0	46	34
0	46	35
0	46	36
0	46	37
0	46	38
0	46	39
0	46	40
0	46	41
0	46	42
0	46	43
0	46	44
0	46	45
0	46	46
0	46	47
0	46	48
0	46	49
0	46	50
0	46	51
0	46	52
0	46	53
0	46	54
0	47	33
0	47	34
0	47	35
0	47	36
0	47	37
0	47	38
0	47	39
0	47	40
0	47	41
0	47	42
0	47	43
0	47	44
0	47	45
0	47	46
0	47	47
0	47	48
0	47	49
0	47	50
0	47	51
0	47	52
0	47	53
0	48	33
0	48	34
0	48	35
0	48	36
0	48	37
0	48	38
0	48	39
0	48	40
0	48	41
0	48	42
0	48	43
0	48	44
0	48	45
0	48	46
0	48	47
0	48	48
0	48	49
0	48	50
0	48	51
0	48	52
0	49	33
0	49	34
0	49	35
0	49	36
0	49	37
0	49	38
0	49	39
0	49	40
0	49	41
0	49	42
0	49	43
0	49	44
0	49	45
0	49	46
0	49	47
0	49	48
0	49	49
0	49	50
0	50	33
0	50	34
0	50	35
0	50	36
0	50	37
0	50	38
0	50	39
0	50	40
0	50	41
0	50	42
0	50	43
0	50	44
0	50	45
0	50	46
0	50	47
0	50	48
0	50	49
0	51	33
0	51	34
0	51	35
0	51	36
0	51	37
0	51	38
0	51	39
0	51	40
0	51	41
0	51	42
0	51	43
0	51	44
0	51	45
0	51	46
0	51	47
0	51	48
0	52	32
0	52	33
0	52	34
0	52	35
0	52	36
0	52	37
0	52	38
0	52	39
0	52	40
0	52	41
0	52	42
0	52	43
0	52	44
0	52	45
0	52	46
0	52	47
0	52	48
0	53	33
0	53	34
0	53	35
0	53	36
0	53	37
0	53	38
0	53	39
0	53	40
0	53	41
0	53	42
0	53	43
0	53	44
0	53	45
0	53	46
0	53	47
0	54	39
0	54	40
1	35	41
1	35	42
1	35	43
1	35	44
1	35	45
1	35	46
1	36	40
1	36	41
1	36	42
1	36	43
1	36	44
1	36	45
1	36	46
1	36	47
1	36	48
1	36	49
1	36	50
1	36	51
1	37	39
1	37	40
1	37	41
1	37	42
1	37	43
1	37	44
1	37	45
1	37	46
1	37	47
1	37	48
1	37	49
1	37	50
1	37	51
1	37	52
1	38	39
1	38	40
1	38	41
1	38	42
1	38	43
1	38	44
1	38	45
1	38	46
1	38	47
1	38	48
1	38	49
1	38	50
1	38	51
1	38	52
1	39	40
1	39	41
1	39	42
1	39	43
1	39	44
1	39	45
1	39	46
1	39	47
1	39	48
1	39	49
1	39	50
1	39	51
1	40	39
1	40	40
1	40	41
1	40	42
1	40	43
1	40	44
1	40	45
1	40	46
1	40	47
1	40	48
1	40	49
1	40	50
1	40	51
1	41	36
1	41	37
1	41	38
1	41	39
1	41	40
1	41	41
1	41	42
1	41	43
1	41	44
1	41	45
1	41	46
1	41	47
1	41	48
1	41	49
1	41	50
1	41	51
1	41	52
1	42	34
1	42	35
1	42	36
1	42	37
1	42	38
1	42	39
1	42	40
1	42	41
1	42	42
1	42	43
1	42	44
1	42	45
1	42	46
1	42	47
1	42	48
1	42	49
1	42	50
1	42	51
1	42	52
1	43	33
1	43	34
1	43	35
1	43	36
1	43	37
1	43	38
1	43	39
1	43	40
1	43	41
1	43	42
1	43	43
1	43	44
1	43	45
1	43	46
1	43	47
1	43	48
1	43	49
1	43	50
1	43	51
1	43	52
1	43	53
1	44	33
1	44	34
1	44	35
1	44	36
1	44	37
1	44	38
1	44	39
1	44	40
1	44	41
1	44	42
1	44	43
1	44	44
1	44	45
1	44	46
1	44	47
1	44	48
1	44	49
1	44	50
1	44	51
1	44	52
1	44	53
1	45	33
1	45	34
1	45	35
1	45	36
1	45	37
1	45	38
1	45	39
1	45	40
1	45	41
1	45	42
1	45	43
1	45	44
1	45	45
1	45	46
1	45	47
1	45	48
1	45	49
1	45	50
1	45	51
1	45	52
1	45	53
1	46	33
1	46	34
1	46	35
1	46	36
1	46	37
1	46	38
1	46	39
1	46	40
1	46	41
1	46	42
1	46	43
1	46	44
1	46	45
1	46	46
1	46	47
1	46	48
1	46	49
1	46	50
1	46	51
1	46	52
1	46	53
1	47	33
1	47	34
1	47	35
1	47	36
1	47	37
1	47	38
1	47	39
1	47	40
1	47	41
1	47	42
1	47	43
1	47	44
1	47	45
1	47	46
1	47	47
1	47	48
1	47	49
1	47	50
1	47	51
1	47	52
1	48	33
1	48	34
1	48	35
1	48	36
1	48	37
1	48	38
1	48	39
1	48	40
1	48	41
1	48	42
1	48	43
1	48	44
1	48	45
1	48	46
1	48	47
1	48	48
1	48	49
1	48	50
1	48	51
1	48	52
1	49	33
1	49	34
1	49	35
1	49	36
1	49	37
1	49	38
1	49	39
1	49	40
1	49	41
1	49	42
1	49	43
1	49	44
1	49	45
1	49	46
1	49	47
1	49	48
1	49	49
1	49	50
1	50	33
1	50	34
1	50	35
1	50	36
1	50	37
1	50	38
1	50	39
1	50	40
1	50	41
1	50	42
1	50	43
1	50	44
1	50	45
1	50	46
1	50	47
1	50	48
1	50	49
1	51	33
1	51	34
1	51	35
1	51	36
1	51	37
1	51	38
1	51	39
1	51	40
1	51	41
1	51	42
1	51	43
1	51	44
1	51	45
1	51	46
1	51	47
1	51	48
1	52	33
1	52	34
1	52	35
1	52	36
1	52	37
1	52	38
1	52	39
1	52	40
1	52	41
1	52	42
1	52	43
1	52	44
1	52	45
1	52	46
1	52	47
1	52	48
1	53	34
1	53	35
1	53	36
1	53	37
1	53	38
1	53	39
1	53	44
1	53	45
1	53	46
2	37	43
2	37	44
2	37	45
2	37	46
2	37	47
2	37	48
2	38	45
2	38	46
2	38	47
2	38	48
2	39	45
2	39	46
2	39	47
2	40	43
2	40	44
2	40	45
2	40	46
2	40	47
2	40	48
2	41	40
2	41	41
2	41	42
2	41	43
2	41	44
2	41	45
2	41	46
2	41	47
2	41	48
2	41	49
2	42	35
2	42	36
2	42	37
2	42	38
2	42	39
2	42	40
2	42	41
2	42	42
2	42	43
2	42	44
2	42	45
2	42	46
2	42	47
2	42	48
2	42	49
2	42	50
2	43	34
2	43	35
2	43	36
2	43	37
2	43	38
2	43	39
2	43	40
2	43	41
2	43	42
2	43	43
2	43	44
2	43	45
2	43	46
2	43	47
2	43	48
2	43	49
2	43	50
2	43	51
2	43	52
2	44	33
2	44	34
2	44	35
2	44	36
2	44	37
2	44	38
2	44	39
2	44	40
2	44	41
2	44	42
2	44	43
2	44	44
2	44	45
2	44	46
2	44	47
2	44	48
2	44	49
2	44	50
2	44	51
2	44	52
2	45	33
2	45	34
2	45	35
2	45	36
2	45	37
2	45	38
2	45	39
2	45	40
2	45	41
2	45	42
2	45	43
2	45	44
2	45	45
2	45	46
2	45	47
2	45	48
2	45	49
2	45	50
2	45	51
2	45	52
2	46	33
2	46	34
2	46	35
2	46	36
2	46	37
2	46	38
2	46	39
2	46	40
2	46	41
2	46	42
2	46	43
2	46	44
2	46	45
2	46	46
2	46	47
2	46	48
2	46	49
2	46	50
2	46	51
2	46	52
2	47	32
2	47	33
2	47	34
2	47	35
2	47	36
2	47	37
2	47	38
2	47	39
2	47	40
2	47	41
2	47	42
2	47	43
2	47	44
2	47	45
2	47	46
2	47	47
2	47	48
2	47	49
2	47	50
2	47	51
2	47	52
2	48	32
2	48	33
2	48	34
2	48	35
2	48	36
2	48	37
2	48	38
2	48	39
2	48	40
2	48	41
2	48	42
2	48	43
2	48	44
2	48	45
2	48	46
2	48	47
2	48	48
2	48	49
2	48	50
2	48	51
2	48	52
2	49	32
2	49	33
2	49	34
2	49	35
2	49	36
2	49	37
2	49	38
2	49	39
2	49	40
2	49	41
2	49	42
2	49	43
2	49	44
2	49	45
2	49	46
2	49	47
2	49	48
2	49	49
2	49	50
2	50	32
2	50	33
2	50	34
2	50	35
2	50	36
2	50	37
2	50	38
2	50	39
2	50	40
2	50	41
2	50	42
2	50	43
2	50	44
2	50	45
2	50	46
2	50	47
2	50	48
2	50	49
2	51	32
2	51	33
2	51	34
2	51	35
2	51	36
2	51	37
2	51	38
2	51	39
2	51	40
2	51	41
2	51	42
2	51	43
2	51	44
2	51	45
2	51	46
2	51	47
2	51	48
2	51	49
2	52	33
2	52	34
2	52	35
2	52	36
2	52	37
2	52	38
2	52	39
2	52	40
2	52	41
2	52	42
2	52	43
2	52	44
2	52	45
2	52	46
2	52	47
2	52	48
2	52	49
2	53	34
2	53	35
2	53	36
2	53	37
2	53	38
2	53	45
2	53	46
3	42	36
3	42	37
3	42	38
3	42	39
3	42	40
3	42	41
3	42	42
3	42	43
3	42	44
3	42	45
3	42	46
3	42	47
3	42	48
3	43	35
3	43	36
3	43	37
3	43	38
3	43	39
3	43	40
3	43	41
3	43	42
3	43	43
3	43	44
3	43	45
3	43	46
3	43	47
3	43	48
3	43	49
3	43	50
3	44	34
3	44	35
3	44	36
3	44	37
3	44	38
3	44	39
3	44	40
3	44	41
3	44	42
3	44	43
3	44	44
3	44	45
3	44	46
3	44	47
3	44	48
3	44	49
3	44	50
3	44	51
3	45	33
3	45	34
3	45	35
3	45	36
3	45	37
3	45	38
3	45	39
3	45	40
3	45	41
3	45	42
3	45	43
3	45	44
3	45	45
3	45	46
3	45	47
3	45	48
3	45	49
3	45	50
3	45	51
3	46	33
3	46	34
3	46	35
3	46	36
3	46	37
3	46	38
3	46	39
3	46	40
3	46	41
3	46	42
3	46	43
3	46	44
3	46	45
3	46	46
3	46	47
3	46	48
3	46	49
3	46	50
3	46	51
3	46	52
3	47	32
3	47	33
3	47	34
3	47	35
3	47	36
3	47	37
3	47	38
3	47	39
3	47	40
3	47	41
3	47	42
3	47	43
3	47	44
3	47	45
3	47	46
3	47	47
3	47	48
3	47	49
3	47	50
3	47	51
3	47	52
3	48	32
3	48	33
3	48	34
3	48	35
3	48	36
3	48	37
3	48	38
3	48	39
3	48	40
3	48	41
3	48	42
3	48	43
3	48	44
3	48	45
3	48	46
3	48	47
3	48	48
3	48	49
3	48	50
3	48	51
3	48	52
3	49	32
3	49	33
3	49	34
3	49	35
3	49	36
3	49	37
3	49	38
3	49	39
3	49	40
3	49	41
3	49	42
3	49	43
3	49	44
3	49	45
3	49	46
3	49	47
3	49	48
3	49	49
3	49	50
3	49	51
3	50	32
3	50	33
3	50	34
3	50	35
3	50	36
3	50	37
3	50	38
3	50	39
3	50	40
3	50	41
3	50	42
3	50	43
3	50	44
3	50	45
3	50	46
3	50	47
3	50	48
3	50	49
3	50	50
3	50	51
3	51	32
3	51	33
3	51	34
3	51	35
3	51	36
3	51	37
3	51	38
3	51	39
3	51	40
3	51	41
3	51	42
3	51	43
3	51	44
3	51	45
3	51	46
3	51	47
3	51	48
3	51	49
3	51	50
3	51	51
3	52	32
3	52	33
3	52	34
3	52	35
3	52	36
3	52	37
3	52	38
3	52	39
3	52	40
3	52	41
3	52	42
3	52	43
3	52	44
3	52	45
3	52	46
3	52	47
3	52	48
3	52	49
3	52	50
3	52	51
3	52	52
3	52	53
3	53	32
3	53	33
3	53	34
3	53	35
3	53	36
3	53	37
3	53	38
3	53	39
3	53	43
3	53	44
3	53	45
3	53	46
3	53	47
3	53	48
3	53	49
3	53	50
3	53	51
3	54	32
3	54	33
3	54	38
3	54	39
3	54	44
3	54	45
3	54	46
3	54	47
3	55	32
4	42	39
4	42	40
4	42	41
4	42	42
4	42	43
4	42	44
4	43	36
4	43	37
4	43	38
4	43	39
4	43	40
4	43	41
4	43	42
4	43	43
4	43	44
4	43	45
4	43	46
4	43	47
4	44	35
4	44	36
4	44	37
4	44	38
4	44	39
4	44	40
4	44	41
4	44	42
4	44	43
4	44	44
4	44	45
4	44	46
4	44	47
4	44	48
4	44	49
4	45	34
4	45	35
4	45	36
4	45	37
4	45	38
4	45	39
4	45	40
4	45	41
4	45	42
4	45	43
4	45	44
4	45	45
4	45	46
4	45	47
4	45	48
4	45	49
4	45	50
4	46	33
4	46	34
4	46	35
4	46	36
4	46	37
4	46	38
4	46	39
4	46	40
4	46	41
4	46	42
4	46	43
4	46	44
4	46	45
4	46	46
4	46	47
4	46	48
4	46	49
4	46	50
4	46	51
4	47	33
4	47	34
4	47	35
4	47	36
4	47	37
4	47	38
4	47	39
4	47	40
4	47	41
4	47	42
4	47	43
4	47	44
4	47	45
4	47	46
4	47	47
4	47	48
4	47	49
4	47	50
4	47	51
4	47	52
4	48	32
4	48	33
4	48	34
4	48	35
4	48	36
4	48	37
4	48	38
4	48	39
4	48	40
4	48	41
4	48	42
4	48	43
4	48	44
4	48	45
4	48	46
4	48	47
4	48	48
4	48	49
4	48	50
4	48	51
4	48	52
4	48	53
4	49	32
4	49	33
4	49	34
4	49	35
4	49	36
4	49	37
4	49	38
4	49	39
4	49	40
4	49	41
4	49	42
4	49	43
4	49	44
4	49	45
4	49	46
4	49	47
4	49	48
4	49	49
4	49	50
4	49	51
4	49	52
4	49	53
4	50	32
4	50	33
4	50	34
4	50	35
4	50	36
4	50	37
4	50	38
4	50	39
4	50	40
4	50	41
4	50	42
4	50	43
4	50	44
4	50	45
4	50	46
4	50	47
4	50	48
4	50	49
4	50	50
4	50	51
4	50	52
4	51	32
4	51	33
4	51	34
4	51	35
4	51	36
4	51	37
4	51	38
4	51	39
4	51	40
4	51	41
4	51	42
4	51	43
4	51	44
4	51	45
4	51	46
4	51	47
4	51	48
4	51	49
4	51	50
4	51	51
4	51	52
4	52	32
4	52	33
4	52	34
4	52	35
4	52	36
4	52	37
4	52	38
4	52	39
4	52	40
4	52	41
4	52	42
4	52	43
4	52	44
4	52	45
4	52	46
4	52	47
4	52	48
4	52	49
4	52	50
4	52	51
4	52	52
4	53	32
4	53	33
4	53	34
4	53	35
4	53	36
4	53	37
4	53	38
4	53	39
4	53	40
4	53	41
4	53	42
4	53	43
4	53	44
4	53	45
4	53	46
4	53	47
4	53	48
4	53	49
4	53	50
4	53	51
4	53	52
4	54	32
4	54	33
4	54	34
4	54	35
4	54	36
4	54	37
4	54	38
4	54	39
4	54	40
4	54	41
4	54	42
4	54	43
4	54	44
4	54	45
4	54	46
4	54	47
4	54	48
4	54	49
4	54	50
4	55	32
4	55	33
4	55	34
4	55	37
4	55	38
4	55	39
4	55	40
4	55	41
4	55	42
4	55	43
4	55	44
4	55	45
4	55	46
4	55	47
4	55	48
4	56	32
4	56	33
5	43	38
5	43	39
5	43	40
5	43	41
5	43	42
5	43	43
5	43	44
5	43	45
5	44	36
5	44	37
5	44	38
5	44	39
5	44	40
5	44	41
5	44	42
5	44	43
5	44	44
5	44	45
5	44	46
5	44	47
5	45	35
5	45	36
5	45	37
5	45	38
5	45	39
5	45	40
5	45	41
5	45	42
5	45	43
5	45	44
5	45	45
5	45	46
5	45	47
5	45	48
5	45	49
5	46	34
5	46	35
5	46	36
5	46	37
5	46	38
5	46	39
5	46	40
5	46	41
5	46	42
5	46	43
5	46	44
5	46	45
5	46	46
5	46	47
5	46	48
5	46	49
5	46	50
5	46	51
5	47	35
5	47	36
5	47	37
5	47	38
5	47	39
5	47	40
5	47	41
5	47	42
5	47	43
5	47	44
5	47	45
5	47	46
5	47	47
5	47	48
5	47	49
5	47	50
5	47	51
5	47	52
5	48	35
5	48	36
5	48	37
5	48	38
5	48	39
5	48	40
5	48	41
5	48	42
5	48	43
5	48	44
5	48	45
5	48	46
5	48	47
5	48	48
5	48	49
5	48	50
5	48	51
5	48	52
5	48	53
5	49	34
5	49	35
5	49	36
5	49	37
5	49	38
5	49	39
5	49	40
5	49	41
5	49	42
5	49	43
5	49	44
5	49	45
5	49	46
5	49	47
5	49	48
5	49	49
5	49	50
5	49	51
5	49	52
5	50	32
5	50	33
5	50	34
5	50	35
5	50	36
5	50	37
5	50	38
5	50	39
5	50	40
5	50	41
5	50	42
5	50	43
5	50	44
5	50	45
5	50	46
5	50	47
5	50	48
5	50	49
5	50	50
5	50	51
5	50	52
5	51	32
5	51	33
5	51	34
5	51	35
5	51	36
5	51	37
5	51	38
5	51	39
5	51	40
5	51	41
5	51	42
5	51	43
5	51	44
5	51	45
5	51	46
5	51	47
5	51	48
5	51	49
5	51	50
5	51	51
5	52	32
5	52	33
5	52	34
5	52	35
5	52	36
5	52	37
5	52	38
5	52	39
5	52	40
5	52	41
5	52	42
5	52	43
5	52	44
5	52	45
5	52	46
5	52	47
5	52	48
5	52	49
5	52	50
5	52	51
5	53	32
5	53	33
5	53	34
5	53	35
5	53	36
5	53	37
5	53	38
5	53	39
5	53	40
5	53	41
5	53	42
5	53	43
5	53	44
5	53	45
5	53	46
5	53	47
5	53	48
5	53	49
5	53	50
5	53	51
5	54	32
5	54	33
5	54	34
5	54	35
5	54	36
5	54	37
5	54	38
5	54	39
5	54	40
5	54	41
5	54	42
5	54	43
5	54	44
5	54	45
5	54	46
5	54	47
5	54	48
5	54	49
5	54	50
5	54	51
5	55	32
5	55	33
5	55	34
5	55	35
5	55	36
5	55	37
5	55	38
5	55	39
5	55	40
5	55	41
5	55	42
5	55	43
5	55	44
5	55	45
5	55	46
5	55	47
5	55	48
5	55	49
5	56	32
5	56	33
5	56	34
5	56	35
5	56	38
5	56	39
5	56	40
5	56	41
5	56	42
5	56	43
5	56	44
5	56	45
5	56	46
5	56	47
5	57	32
5	57	33
5	57	34
5	58	32
5	58	33
5	58	34
6	43	40
6	43	41
6	43	42
6	43	43
6	44	38
6	44	39
6	44	40
6	44	41
6	44	42
6	44	43
6	44	44
6	44	45
6	45	37
6	45	38
6	45	39
6	45	40
6	45	41
6	45	42
6	45	43
6	45	44
6	45	45
6	45	46
6	45	47
6	45	48
6	46	36
6	46	37
6	46	38
6	46	39
6	46	40
6	46	41
6	46	42
6	46	43
6	46	44
6	46	45
6	46	46
6	46	47
6	46	48
6	46	49
6	46	50
6	46	51
6	47	37
6	47	38
6	47	39
6	47	40
6	47	41
6	47	42
6	47	43
6	47	44
6	47	45
6	47	46
6	47	47
6	47	48
6	47	49
6	47	50
6	47	51
6	47	52
6	47	53
6	48	37
6	48	38
6	48	39
6	48	40
6	48	41
6	48	42
6	48	43
6	48	44
6	48	45
6	48	46
6	48	47
6	48	48
6	48	49
6	48	50
6	48	51
6	48	52
6	48	53
6	49	36
6	49	37
6	49	38
6	49	39
6	49	40
6	49	41
6	49	42
6	49	43
6	49	44
6	49	45
6	49	46
6	49	47
6	49	48
6	49	49
6	49	50
6	49	51
6	49	52
6	50	33
6	50	34
6	50	35
6	50	36
6	50	37
6	50	38
6	50	39
6	50	40
6	50	41
6	50	42
6	50	43
6	50	44
6	50	45
6	50	46
6	50	47
6	50	48
6	50	49
6	50	50
6	50	51
6	51	33
6	51	34
6	51	35
6	51	36
6	51	37
6	51	38
6	51	39
6	51	40
6	51	41
6	51	42
6	51	43
6	51	44
6	51	45
6	51	46
6	51	47
6	51	48
6	51	49
6	51	50
6	51	51
6	52	33
6	52	34
6	52	35
6	52	36
6	52	37
6	52	38
6	52	39
6	52	40
6	52	41
6	52	42
6	52	43
6	52	44
6	52	45
6	52	46
6	52	47
6	52	48
6	52	49
6	52	50
6	53	33
6	53	34
6	53	35
6	53	36
6	53	37
6	53	38
6	53	39
6	53	40
6	53	41
6	53	42
6	53	43
6	53	44
6	53	45
6	53	46
6	53	47
6	53	48
6	53	49
6	53	50
6	54	33
6	54	34
6	54	35
6	54	36
6	54	37
6	54	38
6	54	39
6	54	40
6	54	41
6	54	42
6	54	43
6	54	44
6	54	45
6	54	46
6	54	47
6	54	48
6	54	49
6	54	50
6	55	33
6	55	34
6	55	35
6	55	36
6	55	37
6	55	38
6	55	39
6	55	40
6	55	41
6	55	42
6	55	43
6	55	44
6	55	45
6	55	46
6	55	47
6	55	48
6	55	49
6	55	50
6	56	33
6	56	34
6	56	35
6	56	36
6	56	37
6	56	38
6	56	39
6	56	40
6	56	41
6	56	42
6	56	43
6	56	44
6	56	45
6	56	46
6	56	47
6	56	48
6	57	33
6	57	34
6	57	35
6	57	36
6	57	39
6	57	40
6	57	41
6	57	42
6	57	43
6	57	44
6	57	45
6	57	46
6	58	33
6	58	34
6	59	33
7	44	40
7	44	41
7	45	38
7	45	39
7	45	40
7	45	41
7	45	42
7	45	43
7	45	44
7	45	45
7	46	38
7	46	39
7	46	40
7	46	41
7	46	42
7	46	43
7	46	44
7	46	45
7	46	46
7	46	47
7	46	48
7	46	49
7	46	50
7	47	38
7	47	39
7	47	40
7	47	41
7	47	42
7	47	43
7	47	44
7	47	45
7	47	46
7	47	47
7	47	48
7	47	49
7	47	50
7	47	51
7	47	52
7	47	53
7	48	38
7	48	39
7	48	40
7	48	41
7	48	42
7	48	43
7	48	44
7	48	45
7	48	46
7	48	47
7	48	48
7	48	49
7	48	50
7	48	51
7	48	52
7	48	53
7	49	37
7	49	38
7	49	39
7	49	40
7	49	41
7	49	42
7	49	43
7	49	44
7	49	45
7	49	46
7	49	47
7	49	48
7	49	49
7	49	50
7	49	51
7	49	52
7	50	34
7	50	35
7	50	36
7	50	37
7	50	38
7	50	39
7	50	40
7	50	41
7	50	42
7	50	43
7	50	44
7	50	45
7	50	46
7	50	47
7	50	48
7	50	49
7	50	50
7	50	51
7	51	34
7	51	35
7	51	36
7	51	37
7	51	38
7	51	39
7	51	40
7	51	41
7	51	42
7	51	43
7	51	44
7	51	45
7	51	46
7	51	47
7	51	48
7	51	49
7	51	50
7	52	34
7	52	35
7	52	36
7	52	37
7	52	38
7	52	39
7	52	40
7	52	41
7	52	42
7	52	43
7	52	44
7	52	45
7	52	46
7	52	47
7	52	48
7	52	49
7	52	50
7	53	34
7	53	35
7	53	36
7	53	37
7	53	38
7	53	39
7	53	40
7	53	41
7	53	42
7	53	43
7	53	44
7	53	45
7	53	46
7	53	47
7	53	48
7	53	49
7	54	34
7	54	35
7	54	36
7	54	37
7	54	38
7	54	39
7	54	40
7	54	41
7	54	42
7	54	43
7	54	44
7	54	45
7	54	46
7	54	47
7	54	48
7	54	49
7	55	34
7	55	35
7	55	36
7	55	37
7	55	38
7	55	39
7	55	40
7	55	41
7	55	42
7	55	43
7	55	44
7	55	45
7	55	46
7	55	47
7	55	48
7	55	49
7	56	34
7	56	35
7	56	36
7	56	37
7	56	38
7	56	39
7	56	40
7	56	41
7	56	42
7	56	43
7	56	44
7	56	45
7	56	46
7	56	47
7	56	48
7	56	49
7	57	34
7	57	35
7	57	36
7	57	37
7	57	38
7	57	39
7	57	40
7	57	41
7	57	42
7	57	43
7	57	44
7	57	45
7	57	46
7	57	47
7	58	34
7	58	41
7	58	42
7	58	43
7	58	44
7	58	45
8	46	46
8	46	47
8	46	48
8	46	49
8	46	50
8	47	40
8	47	41
8	47	42
8	47	43
8	47	44
8	47	45
8	47	46
8	47	47
8	47	48
8	47	49
8	47	50
8	47	51
8	47	52
8	48	39
8	48	40
8	48	41
8	48	42
8	48	43
8	48	44
8	48	45
8	48	46
8	48	47
8	48	48
8	48	49
8	48	50
8	48	51
8	48	52
8	48	53
8	49	37
8	49	38
8	49	39
8	49	40
8	49	41
8	49	42
8	49	43
8	49	44
8	49	45
8	49	46
8	49	47
8	49	48
8	49	49
8	49	50
8	49	51
8	49	52
8	50	35
8	50	36
8	50	37
8	50	38
8	50	39
8	50	40
8	50	41
8	50	42
8	50	43
8	50	44
8	50	45
8	50	46
8	50	47
8	50	48
8	50	49
8	50	50
8	50	51
8	51	35
8	51	36
8	51	37
8	51	38
8	51	39
8	51	40
8	51	41
8	51	42
8	51	43
8	51	44
8	51	45
8	51	46
8	51	47
8	51	48
8	51	49
8	51	50
8	52	35
8	52	36
8	52	37
8	52	38
8	52	39
8	52	40
8	52	41
8	52	42
8	52	43
8	52	44
8	52	45
8	52	46
8	52	47
8	52	48
8	52	49
8	53	35
8	53	36
8	53	37
8	53	38
8	53	39
8	53	40
8	53	41
8	53	42
8	53	43
8	53	44
8	53	45
8	53	46
8	53	47
8	53	48
8	53	49
8	54	35
8	54	36
8	54	37
8	54	38
8	54	39
8	54	40
8	54	41
8	54	42
8	54	43
8	54	44
8	54	45
8	54	46
8	54	47
8	54	48
8	55	35
8	55	36
8	55	37
8	55	38
8	55	39
8	55	40
8	55	41
8	55	42
8	55	43
8	55	44
8	55	45
8	55	46
8	55	47
8	55	48
8	56	35
8	56	36
8	56	37
8	56	38
8	56	39
8	56	40
8	56	41
8	56	42
8	56	43
8	56	44
8	56	45
8	56	46
8	56	47
8	56	48
8	57	35
8	57	36
8	57	37
8	57	38
8	57	39
8	57	40
8	57	41
8	57	42
8	57	43
8	57	44
8	57	45
8	57	46
8	57	47
8	57	48
8	58	35
8	58	41
8	58	42
8	58	43
8	58	44
8	58	45
9	47	46
9	47	47
9	47	48
9	47	49
9	47	50
9	47	51
9	48	44
9	48	45
9	48	46
9	48	47
9	48	48
9	48	49
9	48	50
9	48	51
9	48	52
9	48	53
9	49	38
9	49	39
9	49	40
9	49	41
9	49	42
9	49	43
9	49	44
9	49	45
9	49	46
9	49	47
9	49	48
9	49	49
9	49	50
9	49	51
9	49	52
9	50	35
9	50	36
9	50	37
9	50	38
9	50	39
9	50	40
9	50	41
9	50	42
9	50	43
9	50	44
9	50	45
9	50	46
9	50	47
9	50	48
9	50	49
9	50	50
9	50	51
9	51	36
9	51	37
9	51	38
9	51	39
9	51	40
9	51	41
9	51	42
9	51	43
9	51	44
9	51	45
9	51	46
9	51	47
9	51	48
9	51	49
9	51	50
9	52	36
9	52	37
9	52	38
9	52	39
9	52	40
9	52	41
9	52	42
9	52	43
9	52	44
9	52	45
9	52	46
9	52	47
9	52	48
9	53	36
9	53	37
9	53	38
9	53	39
9	53	40
9	53	41
9	53	42
9	53	43
9	53	44
9	53	45
9	53	46
9	53	47
9	53	48
9	54	36
9	54	37
9	54	38
9	54	39
9	54	40
9	54	41
9	54	42
9	54	43
9	54	44
9	54	45
9	54	46
9	54	47
9	54	48
9	55	36
9	55	37
9	55	38
9	55	39
9	55	40
9	55	41
9	55	42
9	55	43
9	55	44
9	55	45
9	55	46
9	55	47
9	56	36
9	56	37
9	56	38
9	56	39
9	56	40
9	56	41
9	56	42
9	56	43
9	56	44
9	56	45
9	56	46
9	56	47
9	57	36
9	57	37
9	57	38
9	57	39
9	57	40
9	57	41
9	57	42
9	57	43
9	57	44
9	57	45
9	57	46
9	57	47
9	58	35
9	58	41
9	58	42
9	58	43
9	58	44
9	58	45
9	58	46
9	58	47
10	47	49
10	47	50
10	48	47
10	48	48
10	48	49
10	48	50
10	48	51
10	48	52
10	48	53
10	49	44
10	49	45
10	49	46
10	49	47
10	49	48
10	49	49
10	49	50
10	49	51
10	49	52
10	50	35
10	50	36
10	50	37
10	50	38
10	50	39
10	50	40
10	50	41
10	50	42
10	50	43
10	50	44
10	50	45
10	50	46
10	50	47
10	50	48
10	50	49
10	50	50
10	50	51
10	51	36
10	51	37
10	51	38
10	51	39
10	51	40
10	51	41
10	51	42
10	51	43
10	51	44
10	51	45
10	51	46
10	51	47
10	51	48
10	51	49
10	52	37
10	52	38
10	52	39
10	52	40
10	52	41
10	52	42
10	52	43
10	52	44
10	52	45
10	52	46
10	52	47
10	52	48
10	53	37
10	53	38
10	53	39
10	53	40
10	53	41
10	53	42
10	53	43
10	53	44
10	53	45
10	53	46
10	53	47
10	54	37
10	54	38
10	54	39
10	54	40
10	54	41
10	54	42
10	54	43
10	54	44
10	54	45
10	54	46
10	54	47
10	55	37
10	55	38
10	55	39
10	55	40
10	55	41
10	55	42
10	55	43
10	55	44
10	55	45
10	55	46
10	55	47
10	56	37
10	56	38
10	56	39
10	56	40
10	56	41
10	56	42
10	56	43
10	56	44
10	56	45
10	56	46
10	57	37
10	57	38
10	57	39
10	57	40
10	57	41
10	57	42
10	57	43
10	57	44
10	57	45
10	57	46
10	58	39
10	58	40
10	58	41
10	58	42
10	58	43
10	58	44
10	58	45
10	58	46
10	59	42
10	59	43
10	59	44
10	59	45
11	48	50
11	48	51
11	48	52
11	48	53
11	49	47
11	49	48
11	49	49
11	49	50
11	49	51
11	49	52
11	50	37
11	50	38
11	50	39
11	50	40
11	50	41
11	50	43
11	50	44
11	50	45
11	50	46
11	50	47
11	50	48
11	50	49
11	50	50
11	51	36
11	51	37
11	51	38
11	51	39
11	51	40
11	51	41
11	51	42
11	51	43
11	51	44
11	51	45
11	51	46
11	51	47
11	51	48
11	51	49
11	52	37
11	52	38
11	52	39
11	52	40
11	52	41
11	52	42
11	52	43
11	52	44
11	52	45
11	52	46
11	52	47
11	52	48
11	53	38
11	53	39
11	53	40
11	53	41
11	53	42
11	53	43
11	53	44
11	53	45
11	53	46
11	53	47
11	54	38
11	54	39
11	54	40
11	54	41
11	54	42
11	54	43
11	54	44
11	54	45
11	54	46
11	55	38
11	55	39
11	55	40
11	55	41
11	55	42
11	55	43
11	55	44
11	55	45
11	55	46
11	56	38
11	56	39
11	56	40
11	56	41
11	56	42
11	56	43
11	56	44
11	56	45
11	57	38
11	57	39
11	57	40
11	57	41
11	57	42
11	57	43
11	57	44
11	58	36
11	58	37
11	58	38
11	58	39
11	58	40
11	58	41
11	58	42
11	58	43
11	59	39
11	59	40
11	59	41
11	59	42
11	59	43
11	60	41
11	60	42
11	60	43
12	48	52
12	48	53
12	49	50
12	49	51
12	50	47
12	50	48
12	50	49
12	50	50
12	51	39
12	51	40
12	51	41
12	51	42
12	51	43
12	51	44
12	51	45
12	51	46
12	51	47
12	51	48
12	51	49
12	52	39
12	52	40
12	52	41
12	52	42
12	52	43
12	52	44
12	52	45
12	52	46
12	52	47
12	52	48
12	53	39
12	53	40
12	53	41
12	53	42
12	53	43
12	53	44
12	53	45
12	54	39
12	54	40
12	54	41
12	54	42
12	54	43
12	54	44
12	55	39
12	55	40
12	55	41
12	55	42
12	55	43
12	56	39
12	56	40
12	56	41
12	56	42
12	56	43
12	57	39
12	57	40
12	57	41
12	57	42
12	58	38
12	58	39
12	58	40
12	58	41
12	58	42
12	59	36
12	59	37
12	59	38
12	59	39
12	59	40
12	59	41
12	59	42
12	60	38
12	60	39
12	60	40
12	60	41
12	61	40
12	61	41
13	51	40
13	51	41
13	51	42
13	51	43
13	51	46
13	51	47
13	51	48
13	51	49
13	52	40
13	52	41
13	52	42
13	52	43
13	52	44
13	53	40
13	53	41
13	53	42
13	53	43
13	54	40
13	54	41
13	54	42
13	55	40
13	55	41
13	55	42
13	56	40
13	56	41
13	57	40
13	58	39
13	59	38
13	60	37
13	60	38
13	61	38
13	62	39
14	51	41
14	51	42
14	52	41
14	52	42
14	53	41
14	53	42
14	54	41
15	51	42
15	52	42
15	53	42
16	52	43
115	39	45
115	40	43
115	40	44
115	40	45
115	40	46
115	40	47
116	38	44
116	38	45
116	38	46
116	38	47
116	39	43
116	39	44
116	39	45
116	39	46
116	39	47
116	39	48
116	40	42
116	40	43
116	40	44
116	40	45
116	40	46
116	40	47
116	40	48
116	41	41
116	41	42
116	41	43
116	41	44
116	41	45
116	41	46
116	41	47
116	41	48
116	42	41
116	42	42
116	42	43
116	42	44
116	42	45
116	42	46
117	36	46
117	36	47
117	37	42
117	37	43
117	37	44
117	37	45
117	37	46
117	37	47
117	37	48
117	37	49
117	38	41
117	38	42
117	38	43
117	38	44
117	38	45
117	38	46
117	38	47
117	38	48
117	38	49
117	38	50
117	39	40
117	39	41
117	39	42
117	39	43
117	39	44
117	39	45
117	39	46
117	39	47
117	39	48
117	39	49
117	39	50
117	39	51
117	40	40
117	40	41
117	40	42
117	40	43
117	40	44
117	40	45
117	40	46
117	40	47
117	40	48
117	40	49
117	40	50
117	41	40
117	41	41
117	41	42
117	41	43
117	41	44
117	41	45
117	41	46
117	41	47
117	41	48
117	41	49
117	42	40
117	42	41
117	42	42
117	42	43
117	42	44
117	42	45
117	42	46
117	42	47
117	42	48
117	43	40
117	43	41
117	43	42
117	43	43
117	43	44
117	43	45
117	43	46
117	43	47
117	43	48
117	44	41
117	44	42
117	44	43
117	44	44
117	44	45
117	44	46
117	44	47
118	35	44
118	35	45
118	35	46
118	36	39
118	36	40
118	36	41
118	36	42
118	36	43
118	36	44
118	36	45
118	36	46
118	36	47
118	36	48
118	36	49
118	36	50
118	37	37
118	37	38
118	37	39
118	37	40
118	37	41
118	37	42
118	37	43
118	37	44
118	37	45
118	37	46
118	37	47
118	37	48
118	37	49
118	37	50
118	37	51
118	37	52
118	38	36
118	38	37
118	38	38
118	38	39
118	38	40
118	38	41
118	38	42
118	38	43
118	38	44
118	38	45
118	38	46
118	38	47
118	38	48
118	38	49
118	38	50
118	38	51
118	38	52
118	39	36
118	39	37
118	39	38
118	39	39
118	39	40
118	39	41
118	39	42
118	39	43
118	39	44
118	39	45
118	39	46
118	39	47
118	39	48
118	39	49
118	39	50
118	39	51
118	39	52
118	39	53
118	40	37
118	40	38
118	40	39
118	40	40
118	40	41
118	40	42
118	40	43
118	40	44
118	40	45
118	40	46
118	40	47
118	40	48
118	40	49
118	40	50
118	40	51
118	40	52
118	41	37
118	41	38
118	41	39
118	41	40
118	41	41
118	41	42
118	41	43
118	41	44
118	41	45
118	41	46
118	41	47
118	41	48
118	41	49
118	41	50
118	42	38
118	42	39
118	42	40
118	42	41
118	42	42
118	42	43
118	42	44
118	42	45
118	42	46
118	42	47
118	42	48
118	42	49
118	43	39
118	43	40
118	43	41
118	43	42
118	43	43
118	43	44
118	43	45
118	43	46
118	43	47
118	43	48
118	44	41
118	44	42
118	44	43
118	44	44
118	44	45
118	44	46
118	44	47
119	35	38
119	35	39
119	35	40
119	35	41
119	35	42
119	35	43
119	35	44
119	35	45
119	35	46
119	35	47
119	35	48
119	35	49
119	36	37
119	36	38
119	36	39
119	36	40
119	36	41
119	36	42
119	36	43
119	36	44
119	36	45
119	36	46
119	36	47
119	36	48
119	36	49
119	36	50
119	36	51
119	36	52
119	37	35
119	37	36
119	37	37
119	37	38
119	37	39
119	37	40
119	37	41
119	37	42
119	37	43
119	37	44
119	37	45
119	37	46
119	37	47
119	37	48
119	37	49
119	37	50
119	37	51
119	37	52
119	37	53
119	38	35
119	38	36
119	38	37
119	38	38
119	38	39
119	38	40
119	38	41
119	38	42
119	38	43
119	38	44
119	38	45
119	38	46
119	38	47
119	38	48
119	38	49
119	38	50
119	38	51
119	38	52
119	38	53
119	39	35
119	39	36
119	39	37
119	39	38
119	39	39
119	39	40
119	39	41
119	39	42
119	39	43
119	39	44
119	39	45
119	39	46
119	39	47
119	39	48
119	39	49
119	39	50
119	39	51
119	39	52
119	39	53
119	40	35
119	40	36
119	40	37
119	40	38
119	40	39
119	40	40
119	40	41
119	40	42
119	40	43
119	40	44
119	40	45
119	40	46
119	40	47
119	40	48
119	40	49
119	40	50
119	40	51
119	40	52
119	40	53
119	41	35
119	41	36
119	41	37
119	41	38
119	41	39
119	41	40
119	41	41
119	41	42
119	41	43
119	41	44
119	41	45
119	41	46
119	41	47
119	41	48
119	41	49
119	41	50
119	41	51
119	41	52
119	42	36
119	42	37
119	42	38
119	42	39
119	42	40
119	42	41
119	42	42
119	42	43
119	42	44
119	42	45
119	42	46
119	42	47
119	42	48
119	42	49
119	42	50
119	42	51
119	43	37
119	43	38
119	43	39
119	43	40
119	43	41
119	43	42
119	43	43
119	43	44
119	43	45
119	43	46
119	43	47
119	43	48
119	43	49
119	43	50
119	44	40
119	44	41
119	44	42
119	44	43
119	44	44
119	44	45
119	44	46
119	44	47
119	44	48
119	44	49
119	44	50
119	45	45
119	45	46
119	45	47
119	45	48
119	45	49
119	45	50
119	45	51
119	46	48
120	34	38
120	34	39
120	34	40
120	34	41
120	34	42
120	34	43
120	34	44
120	34	45
120	34	46
120	34	47
120	35	37
120	35	38
120	35	39
120	35	40
120	35	41
120	35	42
120	35	43
120	35	44
120	35	45
120	35	46
120	35	47
120	35	48
120	35	49
120	35	50
120	36	36
120	36	37
120	36	38
120	36	39
120	36	40
120	36	41
120	36	42
120	36	43
120	36	44
120	36	45
120	36	46
120	36	47
120	36	48
120	36	49
120	36	50
120	36	51
120	36	52
120	37	35
120	37	36
120	37	37
120	37	38
120	37	39
120	37	40
120	37	41
120	37	42
120	37	43
120	37	44
120	37	45
120	37	46
120	37	47
120	37	48
120	37	49
120	37	50
120	37	51
120	37	52
120	37	53
120	38	34
120	38	35
120	38	36
120	38	37
120	38	38
120	38	39
120	38	40
120	38	41
120	38	42
120	38	43
120	38	44
120	38	45
120	38	46
120	38	47
120	38	48
120	38	49
120	38	50
120	38	51
120	38	52
120	38	53
120	38	54
120	39	33
120	39	34
120	39	35
120	39	36
120	39	37
120	39	38
120	39	39
120	39	40
120	39	41
120	39	42
120	39	43
120	39	44
120	39	45
120	39	46
120	39	47
120	39	48
120	39	49
120	39	50
120	39	51
120	39	52
120	39	53
120	39	54
120	40	33
120	40	34
120	40	35
120	40	36
120	40	37
120	40	38
120	40	39
120	40	40
120	40	41
120	40	42
120	40	43
120	40	44
120	40	45
120	40	46
120	40	47
120	40	48
120	40	49
120	40	50
120	40	51
120	40	52
120	40	53
120	41	34
120	41	35
120	41	36
120	41	37
120	41	38
120	41	39
120	41	40
120	41	41
120	41	42
120	41	43
120	41	44
120	41	45
120	41	46
120	41	47
120	41	48
120	41	49
120	41	50
120	41	51
120	41	52
120	41	53
120	42	35
120	42	36
120	42	37
120	42	38
120	42	39
120	42	40
120	42	41
120	42	42
120	42	43
120	42	44
120	42	45
120	42	46
120	42	47
120	42	48
120	42	49
120	42	50
120	42	51
120	42	52
120	42	53
120	43	36
120	43	37
120	43	38
120	43	39
120	43	40
120	43	41
120	43	42
120	43	43
120	43	44
120	43	45
120	43	46
120	43	47
120	43	48
120	43	49
120	43	50
120	43	51
120	43	52
120	43	53
120	43	54
120	43	55
120	44	38
120	44	39
120	44	40
120	44	41
120	44	42
120	44	43
120	44	44
120	44	45
120	44	46
120	44	47
120	44	48
120	44	49
120	44	50
120	44	51
120	44	52
120	44	53
120	45	42
120	45	43
120	45	44
120	45	45
120	45	46
120	45	47
120	45	48
120	45	49
120	45	50
120	45	51
120	45	52
120	46	47
120	46	48
120	46	49
120	46	50
121	33	39
121	33	40
121	33	41
121	33	42
121	33	43
121	33	44
121	34	37
121	34	38
121	34	39
121	34	40
121	34	41
121	34	42
121	34	43
121	34	44
121	34	45
121	34	46
121	34	47
121	34	48
121	35	36
121	35	37
121	35	38
121	35	39
121	35	40
121	35	41
121	35	42
121	35	43
121	35	44
121	35	45
121	35	46
121	35	47
121	35	48
121	35	49
121	35	50
121	35	51
121	36	35
121	36	36
121	36	37
121	36	38
121	36	39
121	36	40
121	36	41
121	36	42
121	36	43
121	36	44
121	36	45
121	36	46
121	36	47
121	36	48
121	36	49
121	36	50
121	36	51
121	36	52
121	37	34
121	37	35
121	37	36
121	37	37
121	37	38
121	37	39
121	37	40
121	37	41
121	37	42
121	37	43
121	37	44
121	37	45
121	37	46
121	37	47
121	37	48
121	37	49
121	37	50
121	37	51
121	37	52
121	37	53
121	38	33
121	38	34
121	38	35
121	38	36
121	38	37
121	38	38
121	38	39
121	38	40
121	38	41
121	38	42
121	38	43
121	38	44
121	38	45
121	38	46
121	38	47
121	38	48
121	38	49
121	38	50
121	38	51
121	38	52
121	38	53
121	38	54
121	39	32
121	39	33
121	39	34
121	39	35
121	39	36
121	39	37
121	39	38
121	39	39
121	39	40
121	39	41
121	39	42
121	39	43
121	39	44
121	39	45
121	39	46
121	39	47
121	39	48
121	39	49
121	39	50
121	39	51
121	39	52
121	39	53
121	39	54
121	40	32
121	40	33
121	40	34
121	40	35
121	40	36
121	40	37
121	40	38
121	40	39
121	40	40
121	40	41
121	40	42
121	40	43
121	40	44
121	40	45
121	40	46
121	40	47
121	40	48
121	40	49
121	40	50
121	40	51
121	40	52
121	40	53
121	40	54
121	41	33
121	41	34
121	41	35
121	41	36
121	41	37
121	41	38
121	41	39
121	41	40
121	41	41
121	41	42
121	41	43
121	41	44
121	41	45
121	41	46
121	41	47
121	41	48
121	41	49
121	41	50
121	41	51
121	41	52
121	41	53
121	41	54
121	42	34
121	42	35
121	42	36
121	42	37
121	42	38
121	42	39
121	42	40
121	42	41
121	42	42
121	42	43
121	42	44
121	42	45
121	42	46
121	42	47
121	42	48
121	42	49
121	42	50
121	42	51
121	42	52
121	42	53
121	42	54
121	43	35
121	43	36
121	43	37
121	43	38
121	43	39
121	43	40
121	43	41
121	43	42
121	43	43
121	43	44
121	43	45
121	43	46
121	43	47
121	43	48
121	43	49
121	43	50
121	43	51
121	43	52
121	43	53
121	43	54
121	43	55
121	44	36
121	44	37
121	44	38
121	44	39
121	44	40
121	44	41
121	44	42
121	44	43
121	44	44
121	44	45
121	44	46
121	44	47
121	44	48
121	44	49
121	44	50
121	44	51
121	44	52
121	44	53
121	44	54
121	45	38
121	45	39
121	45	40
121	45	41
121	45	42
121	45	43
121	45	44
121	45	45
121	45	46
121	45	47
121	45	48
121	45	49
121	45	50
121	45	51
121	45	52
121	45	53
121	46	46
121	46	47
121	46	48
121	46	49
121	46	50
121	46	51
121	46	52
121	47	48
121	47	49
121	50	35
121	50	36
121	50	37
121	50	38
121	50	44
121	50	45
121	51	37
121	51	38
121	51	39
121	51	40
121	51	41
121	51	42
121	51	43
121	51	44
121	52	43
122	33	38
122	33	39
122	33	40
122	33	41
122	33	42
122	33	43
122	33	44
122	34	37
122	34	38
122	34	39
122	34	40
122	34	41
122	34	42
122	34	43
122	34	44
122	34	45
122	34	46
122	34	47
122	34	48
122	35	36
122	35	37
122	35	38
122	35	39
122	35	40
122	35	41
122	35	42
122	35	43
122	35	44
122	35	45
122	35	46
122	35	47
122	35	48
122	35	49
122	35	50
122	35	51
122	36	34
122	36	35
122	36	36
122	36	37
122	36	38
122	36	39
122	36	40
122	36	41
122	36	42
122	36	43
122	36	44
122	36	45
122	36	46
122	36	47
122	36	48
122	36	49
122	36	50
122	36	51
122	36	52
122	37	33
122	37	34
122	37	35
122	37	36
122	37	37
122	37	38
122	37	39
122	37	40
122	37	41
122	37	42
122	37	43
122	37	44
122	37	45
122	37	46
122	37	47
122	37	48
122	37	49
122	37	50
122	37	51
122	37	52
122	37	53
122	38	32
122	38	33
122	38	34
122	38	35
122	38	36
122	38	37
122	38	38
122	38	39
122	38	40
122	38	41
122	38	42
122	38	43
122	38	44
122	38	45
122	38	46
122	38	47
122	38	48
122	38	49
122	38	50
122	38	51
122	38	52
122	38	53
122	38	54
122	39	31
122	39	32
122	39	33
122	39	34
122	39	35
122	39	36
122	39	37
122	39	38
122	39	39
122	39	40
122	39	41
122	39	42
122	39	43
122	39	44
122	39	45
122	39	46
122	39	47
122	39	48
122	39	49
122	39	50
122	39	51
122	39	52
122	39	53
122	39	54
122	40	32
122	40	33
122	40	34
122	40	35
122	40	36
122	40	37
122	40	38
122	40	39
122	40	40
122	40	41
122	40	42
122	40	43
122	40	44
122	40	45
122	40	46
122	40	47
122	40	48
122	40	49
122	40	50
122	40	51
122	40	52
122	40	53
122	40	54
122	41	33
122	41	34
122	41	35
122	41	36
122	41	37
122	41	38
122	41	39
122	41	40
122	41	41
122	41	42
122	41	43
122	41	44
122	41	45
122	41	46
122	41	47
122	41	48
122	41	49
122	41	50
122	41	51
122	41	52
122	41	53
122	41	54
122	42	34
122	42	35
122	42	36
122	42	37
122	42	38
122	42	39
122	42	40
122	42	41
122	42	42
122	42	43
122	42	44
122	42	45
122	42	46
122	42	47
122	42	48
122	42	49
122	42	50
122	42	51
122	42	52
122	42	53
122	42	54
122	43	35
122	43	36
122	43	37
122	43	38
122	43	39
122	43	40
122	43	41
122	43	42
122	43	43
122	43	44
122	43	45
122	43	46
122	43	47
122	43	48
122	43	49
122	43	50
122	43	51
122	43	52
122	43	53
122	43	54
122	43	55
122	44	35
122	44	36
122	44	37
122	44	38
122	44	39
122	44	40
122	44	41
122	44	42
122	44	43
122	44	44
122	44	45
122	44	46
122	44	47
122	44	48
122	44	49
122	44	50
122	44	51
122	44	52
122	44	53
122	44	54
122	45	35
122	45	36
122	45	37
122	45	38
122	45	39
122	45	40
122	45	41
122	45	42
122	45	43
122	45	44
122	45	45
122	45	46
122	45	47
122	45	48
122	45	49
122	45	50
122	45	51
122	45	52
122	45	53
122	46	35
122	46	36
122	46	37
122	46	38
122	46	39
122	46	40
122	46	41
122	46	42
122	46	43
122	46	44
122	46	45
122	46	46
122	46	47
122	46	48
122	46	49
122	46	50
122	46	51
122	46	52
122	46	53
122	47	35
122	47	36
122	47	37
122	47	38
122	47	39
122	47	40
122	47	41
122	47	42
122	47	43
122	47	44
122	47	45
122	47	46
122	47	47
122	47	48
122	47	49
122	47	50
122	47	51
122	47	52
122	47	53
122	48	34
122	48	35
122	48	36
122	48	37
122	48	38
122	48	39
122	48	40
122	48	41
122	48	42
122	48	43
122	48	44
122	48	45
122	48	46
122	48	47
122	48	48
122	48	49
122	48	50
122	48	51
122	48	52
122	49	34
122	49	35
122	49	36
122	49	37
122	49	38
122	49	39
122	49	40
122	49	41
122	49	42
122	49	43
122	49	44
122	49	45
122	49	46
122	49	47
122	49	48
122	49	49
122	49	50
122	50	34
122	50	35
122	50	36
122	50	37
122	50	38
122	50	39
122	50	40
122	50	41
122	50	42
122	50	43
122	50	44
122	50	45
122	50	46
122	50	47
122	50	48
122	50	49
122	51	36
122	51	37
122	51	38
122	51	39
122	51	40
122	51	41
122	51	42
122	51	43
122	51	44
122	51	45
122	51	46
122	51	47
122	51	48
122	52	38
122	52	39
122	52	40
122	52	41
122	52	42
122	52	43
122	52	44
122	52	45
122	52	46
122	53	42
122	53	43
122	53	44
122	53	45
123	33	38
123	33	39
123	33	40
123	33	41
123	33	42
123	33	43
123	33	44
123	34	37
123	34	38
123	34	39
123	34	40
123	34	41
123	34	42
123	34	43
123	34	44
123	34	45
123	34	46
123	34	47
123	34	48
123	35	35
123	35	36
123	35	37
123	35	38
123	35	39
123	35	40
123	35	41
123	35	42
123	35	43
123	35	44
123	35	45
123	35	46
123	35	47
123	35	48
123	35	49
123	35	50
123	35	51
123	36	34
123	36	35
123	36	36
123	36	37
123	36	38
123	36	39
123	36	40
123	36	41
123	36	42
123	36	43
123	36	44
123	36	45
123	36	46
123	36	47
123	36	48
123	36	49
123	36	50
123	36	51
123	36	52
123	37	33
123	37	34
123	37	35
123	37	36
123	37	37
123	37	38
123	37	39
123	37	40
123	37	41
123	37	42
123	37	43
123	37	44
123	37	45
123	37	46
123	37	47
123	37	48
123	37	49
123	37	50
123	37	51
123	37	52
123	37	53
123	38	32
123	38	33
123	38	34
123	38	35
123	38	36
123	38	37
123	38	38
123	38	39
123	38	40
123	38	41
123	38	42
123	38	43
123	38	44
123	38	45
123	38	46
123	38	47
123	38	48
123	38	49
123	38	50
123	38	51
123	38	52
123	38	53
123	38	54
123	39	31
123	39	32
123	39	33
123	39	34
123	39	35
123	39	36
123	39	37
123	39	38
123	39	39
123	39	40
123	39	41
123	39	42
123	39	43
123	39	44
123	39	45
123	39	46
123	39	47
123	39	48
123	39	49
123	39	50
123	39	51
123	39	52
123	39	53
123	39	54
123	40	32
123	40	33
123	40	34
123	40	35
123	40	36
123	40	37
123	40	38
123	40	39
123	40	40
123	40	41
123	40	42
123	40	43
123	40	44
123	40	45
123	40	46
123	40	47
123	40	48
123	40	49
123	40	50
123	40	51
123	40	52
123	40	53
123	40	54
123	41	33
123	41	34
123	41	35
123	41	36
123	41	37
123	41	38
123	41	39
123	41	40
123	41	41
123	41	42
123	41	43
123	41	44
123	41	45
123	41	46
123	41	47
123	41	48
123	41	49
123	41	50
123	41	51
123	41	52
123	41	53
123	41	54
123	42	34
123	42	35
123	42	36
123	42	37
123	42	38
123	42	39
123	42	40
123	42	41
123	42	42
123	42	43
123	42	44
123	42	45
123	42	46
123	42	47
123	42	48
123	42	49
123	42	50
123	42	51
123	42	52
123	42	53
123	42	54
123	43	35
123	43	36
123	43	37
123	43	38
123	43	39
123	43	40
123	43	41
123	43	42
123	43	43
123	43	44
123	43	45
123	43	46
123	43	47
123	43	48
123	43	49
123	43	50
123	43	51
123	43	52
123	43	53
123	43	54
123	44	35
123	44	36
123	44	37
123	44	38
123	44	39
123	44	40
123	44	41
123	44	42
123	44	43
123	44	44
123	44	45
123	44	46
123	44	47
123	44	48
123	44	49
123	44	50
123	44	51
123	44	52
123	44	53
123	44	54
123	45	34
123	45	35
123	45	36
123	45	37
123	45	38
123	45	39
123	45	40
123	45	41
123	45	42
123	45	43
123	45	44
123	45	45
123	45	46
123	45	47
123	45	48
123	45	49
123	45	50
123	45	51
123	45	52
123	45	53
123	45	54
123	46	34
123	46	35
123	46	36
123	46	37
123	46	38
123	46	39
123	46	40
123	46	41
123	46	42
123	46	43
123	46	44
123	46	45
123	46	46
123	46	47
123	46	48
123	46	49
123	46	50
123	46	51
123	46	52
123	46	53
123	46	54
123	47	33
123	47	34
123	47	35
123	47	36
123	47	37
123	47	38
123	47	39
123	47	40
123	47	41
123	47	42
123	47	43
123	47	44
123	47	45
123	47	46
123	47	47
123	47	48
123	47	49
123	47	50
123	47	51
123	47	52
123	47	53
123	47	54
123	48	33
123	48	34
123	48	35
123	48	36
123	48	37
123	48	38
123	48	39
123	48	40
123	48	41
123	48	42
123	48	43
123	48	44
123	48	45
123	48	46
123	48	47
123	48	48
123	48	49
123	48	50
123	48	51
123	48	52
123	48	53
123	49	33
123	49	34
123	49	35
123	49	36
123	49	37
123	49	38
123	49	39
123	49	40
123	49	41
123	49	42
123	49	43
123	49	44
123	49	45
123	49	46
123	49	47
123	49	48
123	49	49
123	49	50
123	49	51
123	49	52
123	50	34
123	50	35
123	50	36
123	50	37
123	50	38
123	50	39
123	50	40
123	50	41
123	50	42
123	50	43
123	50	44
123	50	45
123	50	46
123	50	47
123	50	48
123	50	49
123	50	50
123	50	51
123	51	35
123	51	36
123	51	37
123	51	38
123	51	39
123	51	40
123	51	41
123	51	42
123	51	43
123	51	44
123	51	45
123	51	46
123	51	47
123	51	48
123	51	49
123	52	37
123	52	38
123	52	39
123	52	40
123	52	41
123	52	42
123	52	43
123	52	44
123	52	45
123	52	46
123	52	47
123	52	48
123	53	38
123	53	39
123	53	40
123	53	41
123	53	42
123	53	43
123	53	44
123	53	45
123	53	46
123	53	47
123	54	43
123	54	44
123	54	45
123	54	46
124	33	39
124	33	40
124	33	41
124	33	42
124	33	43
124	33	44
124	34	37
124	34	38
124	34	39
124	34	40
124	34	41
124	34	42
124	34	43
124	34	44
124	34	45
124	34	46
124	34	47
124	34	48
124	35	36
124	35	37
124	35	38
124	35	39
124	35	40
124	35	41
124	35	42
124	35	43
124	35	44
124	35	45
124	35	46
124	35	47
124	35	48
124	35	49
124	35	50
124	35	51
124	36	34
124	36	35
124	36	36
124	36	37
124	36	38
124	36	39
124	36	40
124	36	41
124	36	42
124	36	43
124	36	44
124	36	45
124	36	46
124	36	47
124	36	48
124	36	49
124	36	50
124	36	51
124	36	52
124	37	34
124	37	35
124	37	36
124	37	37
124	37	38
124	37	39
124	37	40
124	37	41
124	37	42
124	37	43
124	37	44
124	37	45
124	37	46
124	37	47
124	37	48
124	37	49
124	37	50
124	37	51
124	37	52
124	37	53
124	38	33
124	38	34
124	38	35
124	38	36
124	38	37
124	38	38
124	38	39
124	38	40
124	38	41
124	38	42
124	38	43
124	38	44
124	38	45
124	38	46
124	38	47
124	38	48
124	38	49
124	38	50
124	38	51
124	38	52
124	38	53
124	38	54
124	39	32
124	39	33
124	39	34
124	39	35
124	39	36
124	39	37
124	39	38
124	39	39
124	39	40
124	39	41
124	39	42
124	39	43
124	39	44
124	39	45
124	39	46
124	39	47
124	39	48
124	39	49
124	39	50
124	39	51
124	39	52
124	39	53
124	39	54
124	40	33
124	40	34
124	40	35
124	40	36
124	40	37
124	40	38
124	40	39
124	40	40
124	40	41
124	40	42
124	40	43
124	40	44
124	40	45
124	40	46
124	40	47
124	40	48
124	40	49
124	40	50
124	40	51
124	40	52
124	40	53
124	40	54
124	41	34
124	41	35
124	41	36
124	41	37
124	41	38
124	41	39
124	41	40
124	41	41
124	41	42
124	41	43
124	41	44
124	41	45
124	41	46
124	41	47
124	41	48
124	41	49
124	41	50
124	41	51
124	41	52
124	41	53
124	41	54
124	42	34
124	42	35
124	42	36
124	42	37
124	42	38
124	42	39
124	42	40
124	42	41
124	42	42
124	42	43
124	42	44
124	42	45
124	42	46
124	42	47
124	42	48
124	42	49
124	42	50
124	42	51
124	42	52
124	42	53
124	42	54
124	43	35
124	43	36
124	43	37
124	43	38
124	43	39
124	43	40
124	43	41
124	43	42
124	43	43
124	43	44
124	43	45
124	43	46
124	43	47
124	43	48
124	43	49
124	43	50
124	43	51
124	43	52
124	43	53
124	43	54
124	44	34
124	44	35
124	44	36
124	44	37
124	44	38
124	44	39
124	44	40
124	44	41
124	44	42
124	44	43
124	44	44
124	44	45
124	44	46
124	44	47
124	44	48
124	44	49
124	44	50
124	44	51
124	44	52
124	44	53
124	44	54
124	45	34
124	45	35
124	45	36
124	45	37
124	45	38
124	45	39
124	45	40
124	45	41
124	45	42
124	45	43
124	45	44
124	45	45
124	45	46
124	45	47
124	45	48
124	45	49
124	45	50
124	45	51
124	45	52
124	45	53
124	45	54
124	46	33
124	46	34
124	46	35
124	46	36
124	46	37
124	46	38
124	46	39
124	46	40
124	46	41
124	46	42
124	46	43
124	46	44
124	46	45
124	46	46
124	46	47
124	46	48
124	46	49
124	46	50
124	46	51
124	46	52
124	46	53
124	46	54
124	47	33
124	47	34
124	47	35
124	47	36
124	47	37
124	47	38
124	47	39
124	47	40
124	47	41
124	47	42
124	47	43
124	47	44
124	47	45
124	47	46
124	47	47
124	47	48
124	47	49
124	47	50
124	47	51
124	47	52
124	47	53
124	47	54
124	48	33
124	48	34
124	48	35
124	48	36
124	48	37
124	48	38
124	48	39
124	48	40
124	48	41
124	48	42
124	48	43
124	48	44
124	48	45
124	48	46
124	48	47
124	48	48
124	48	49
124	48	50
124	48	51
124	48	52
124	48	53
124	49	33
124	49	34
124	49	35
124	49	36
124	49	37
124	49	38
124	49	39
124	49	40
124	49	41
124	49	42
124	49	43
124	49	44
124	49	45
124	49	46
124	49	47
124	49	48
124	49	49
124	49	50
124	49	51
124	49	52
124	50	34
124	50	35
124	50	36
124	50	37
124	50	38
124	50	39
124	50	40
124	50	41
124	50	42
124	50	43
124	50	44
124	50	45
124	50	46
124	50	47
124	50	48
124	50	49
124	50	50
124	50	51
124	51	35
124	51	36
124	51	37
124	51	38
124	51	39
124	51	40
124	51	41
124	51	42
124	51	43
124	51	44
124	51	45
124	51	46
124	51	47
124	51	48
124	51	49
124	51	50
124	52	35
124	52	36
124	52	37
124	52	38
124	52	39
124	52	40
124	52	41
124	52	42
124	52	43
124	52	44
124	52	45
124	52	46
124	52	47
124	52	48
124	52	49
124	53	36
124	53	37
124	53	38
124	53	39
124	53	40
124	53	41
124	53	42
124	53	43
124	53	44
124	53	45
124	53	46
124	53	47
124	53	48
124	54	40
124	54	41
124	54	42
124	54	43
124	54	44
124	54	45
124	54	46
125	33	40
125	33	41
125	33	42
125	33	43
125	34	37
125	34	38
125	34	39
125	34	40
125	34	41
125	34	42
125	34	43
125	34	44
125	34	45
125	34	46
125	34	47
125	35	36
125	35	37
125	35	38
125	35	39
125	35	40
125	35	41
125	35	42
125	35	43
125	35	44
125	35	45
125	35	46
125	35	47
125	35	48
125	35	49
125	35	50
125	36	35
125	36	36
125	36	37
125	36	38
125	36	39
125	36	40
125	36	41
125	36	42
125	36	43
125	36	44
125	36	45
125	36	46
125	36	47
125	36	48
125	36	49
125	36	50
125	36	51
125	36	52
125	37	34
125	37	35
125	37	36
125	37	37
125	37	38
125	37	39
125	37	40
125	37	41
125	37	42
125	37	43
125	37	44
125	37	45
125	37	46
125	37	47
125	37	48
125	37	49
125	37	50
125	37	51
125	37	52
125	37	53
125	38	33
125	38	34
125	38	35
125	38	36
125	38	37
125	38	38
125	38	39
125	38	40
125	38	41
125	38	42
125	38	43
125	38	44
125	38	45
125	38	46
125	38	47
125	38	48
125	38	49
125	38	50
125	38	51
125	38	52
125	38	53
125	38	54
125	39	33
125	39	34
125	39	35
125	39	36
125	39	37
125	39	38
125	39	39
125	39	40
125	39	41
125	39	42
125	39	43
125	39	44
125	39	45
125	39	46
125	39	47
125	39	48
125	39	49
125	39	50
125	39	51
125	39	52
125	39	53
125	39	54
125	40	33
125	40	34
125	40	35
125	40	36
125	40	37
125	40	38
125	40	39
125	40	40
125	40	41
125	40	42
125	40	43
125	40	44
125	40	45
125	40	46
125	40	47
125	40	48
125	40	49
125	40	50
125	40	51
125	40	52
125	40	53
125	40	54
125	41	34
125	41	35
125	41	36
125	41	37
125	41	38
125	41	39
125	41	40
125	41	41
125	41	42
125	41	43
125	41	44
125	41	45
125	41	46
125	41	47
125	41	48
125	41	49
125	41	50
125	41	51
125	41	52
125	41	53
125	41	54
125	42	34
125	42	35
125	42	36
125	42	37
125	42	38
125	42	39
125	42	40
125	42	41
125	42	42
125	42	43
125	42	44
125	42	45
125	42	46
125	42	47
125	42	48
125	42	49
125	42	50
125	42	51
125	42	52
125	42	53
125	42	54
125	43	34
125	43	35
125	43	36
125	43	37
125	43	38
125	43	39
125	43	40
125	43	41
125	43	42
125	43	43
125	43	44
125	43	45
125	43	46
125	43	47
125	43	48
125	43	49
125	43	50
125	43	51
125	43	52
125	43	53
125	43	54
125	44	34
125	44	35
125	44	36
125	44	37
125	44	38
125	44	39
125	44	40
125	44	41
125	44	42
125	44	43
125	44	44
125	44	45
125	44	46
125	44	47
125	44	48
125	44	49
125	44	50
125	44	51
125	44	52
125	44	53
125	44	54
125	45	33
125	45	34
125	45	35
125	45	36
125	45	37
125	45	38
125	45	39
125	45	40
125	45	41
125	45	42
125	45	43
125	45	44
125	45	45
125	45	46
125	45	47
125	45	48
125	45	49
125	45	50
125	45	51
125	45	52
125	45	53
125	45	54
125	46	33
125	46	34
125	46	35
125	46	36
125	46	37
125	46	38
125	46	39
125	46	40
125	46	41
125	46	42
125	46	43
125	46	44
125	46	45
125	46	46
125	46	47
125	46	48
125	46	49
125	46	50
125	46	51
125	46	52
125	46	53
125	46	54
125	47	33
125	47	34
125	47	35
125	47	36
125	47	37
125	47	38
125	47	39
125	47	40
125	47	41
125	47	42
125	47	43
125	47	44
125	47	45
125	47	46
125	47	47
125	47	48
125	47	49
125	47	50
125	47	51
125	47	52
125	47	53
125	47	54
125	48	33
125	48	34
125	48	35
125	48	36
125	48	37
125	48	38
125	48	39
125	48	40
125	48	41
125	48	42
125	48	43
125	48	44
125	48	45
125	48	46
125	48	47
125	48	48
125	48	49
125	48	50
125	48	51
125	48	52
125	48	53
125	49	33
125	49	34
125	49	35
125	49	36
125	49	37
125	49	38
125	49	39
125	49	40
125	49	41
125	49	42
125	49	43
125	49	44
125	49	45
125	49	46
125	49	47
125	49	48
125	49	49
125	49	50
125	49	51
125	49	52
125	50	34
125	50	35
125	50	36
125	50	37
125	50	38
125	50	39
125	50	40
125	50	41
125	50	42
125	50	43
125	50	44
125	50	45
125	50	46
125	50	47
125	50	48
125	50	49
125	50	50
125	50	51
125	51	34
125	51	35
125	51	36
125	51	37
125	51	38
125	51	39
125	51	40
125	51	41
125	51	42
125	51	43
125	51	44
125	51	45
125	51	46
125	51	47
125	51	48
125	51	49
125	51	50
125	52	34
125	52	35
125	52	36
125	52	37
125	52	38
125	52	39
125	52	40
125	52	41
125	52	42
125	52	43
125	52	44
125	52	45
125	52	46
125	52	47
125	52	48
125	52	49
125	52	50
125	53	34
125	53	35
125	53	36
125	53	37
125	53	38
125	53	39
125	53	40
125	53	41
125	53	42
125	53	43
125	53	44
125	53	45
125	53	46
125	53	47
125	53	48
125	53	49
125	54	35
125	54	36
125	54	37
125	54	38
125	54	39
125	54	40
125	54	41
125	54	42
125	54	43
125	54	44
125	54	45
125	54	46
126	33	41
126	33	42
126	33	43
126	34	38
126	34	39
126	34	40
126	34	41
126	34	42
126	34	43
126	34	44
126	34	45
126	34	46
126	34	47
126	35	36
126	35	37
126	35	38
126	35	39
126	35	40
126	35	41
126	35	42
126	35	43
126	35	44
126	35	45
126	35	46
126	35	47
126	35	48
126	35	49
126	35	50
126	36	35
126	36	36
126	36	37
126	36	38
126	36	39
126	36	40
126	36	41
126	36	42
126	36	43
126	36	44
126	36	45
126	36	46
126	36	47
126	36	48
126	36	49
126	36	50
126	36	51
126	36	52
126	37	35
126	37	36
126	37	37
126	37	38
126	37	39
126	37	40
126	37	41
126	37	42
126	37	43
126	37	44
126	37	45
126	37	46
126	37	47
126	37	48
126	37	49
126	37	50
126	37	51
126	37	52
126	37	53
126	38	34
126	38	35
126	38	36
126	38	37
126	38	38
126	38	39
126	38	40
126	38	41
126	38	42
126	38	43
126	38	44
126	38	45
126	38	46
126	38	47
126	38	48
126	38	49
126	38	50
126	38	51
126	38	52
126	38	53
126	38	54
126	39	34
126	39	35
126	39	36
126	39	37
126	39	38
126	39	39
126	39	40
126	39	41
126	39	42
126	39	43
126	39	44
126	39	45
126	39	46
126	39	47
126	39	48
126	39	49
126	39	50
126	39	51
126	39	52
126	39	53
126	39	54
126	40	34
126	40	35
126	40	36
126	40	37
126	40	38
126	40	39
126	40	40
126	40	41
126	40	42
126	40	43
126	40	44
126	40	45
126	40	46
126	40	47
126	40	48
126	40	49
126	40	50
126	40	51
126	40	52
126	40	53
126	40	54
126	41	34
126	41	35
126	41	36
126	41	37
126	41	38
126	41	39
126	41	40
126	41	41
126	41	42
126	41	43
126	41	44
126	41	45
126	41	46
126	41	47
126	41	48
126	41	49
126	41	50
126	41	51
126	41	52
126	41	53
126	41	54
126	42	34
126	42	35
126	42	36
126	42	37
126	42	38
126	42	39
126	42	40
126	42	41
126	42	42
126	42	43
126	42	44
126	42	45
126	42	46
126	42	47
126	42	48
126	42	49
126	42	50
126	42	51
126	42	52
126	42	53
126	42	54
126	43	34
126	43	35
126	43	36
126	43	37
126	43	38
126	43	39
126	43	40
126	43	41
126	43	42
126	43	43
126	43	44
126	43	45
126	43	46
126	43	47
126	43	48
126	43	49
126	43	50
126	43	51
126	43	52
126	43	53
126	43	54
126	44	33
126	44	34
126	44	35
126	44	36
126	44	37
126	44	38
126	44	39
126	44	40
126	44	41
126	44	42
126	44	43
126	44	44
126	44	45
126	44	46
126	44	47
126	44	48
126	44	49
126	44	50
126	44	51
126	44	52
126	44	53
126	44	54
126	45	33
126	45	34
126	45	35
126	45	36
126	45	37
126	45	38
126	45	39
126	45	40
126	45	41
126	45	42
126	45	43
126	45	44
126	45	45
126	45	46
126	45	47
126	45	48
126	45	49
126	45	50
126	45	51
126	45	52
126	45	53
126	45	54
126	46	33
126	46	34
126	46	35
126	46	36
126	46	37
126	46	38
126	46	39
126	46	40
126	46	41
126	46	42
126	46	43
126	46	44
126	46	45
126	46	46
126	46	47
126	46	48
126	46	49
126	46	50
126	46	51
126	46	52
126	46	53
126	46	54
126	47	33
126	47	34
126	47	35
126	47	36
126	47	37
126	47	38
126	47	39
126	47	40
126	47	41
126	47	42
126	47	43
126	47	44
126	47	45
126	47	46
126	47	47
126	47	48
126	47	49
126	47	50
126	47	51
126	47	52
126	47	53
126	47	54
126	48	33
126	48	34
126	48	35
126	48	36
126	48	37
126	48	38
126	48	39
126	48	40
126	48	41
126	48	42
126	48	43
126	48	44
126	48	45
126	48	46
126	48	47
126	48	48
126	48	49
126	48	50
126	48	51
126	48	52
126	48	53
126	49	33
126	49	34
126	49	35
126	49	36
126	49	37
126	49	38
126	49	39
126	49	40
126	49	41
126	49	42
126	49	43
126	49	44
126	49	45
126	49	46
126	49	47
126	49	48
126	49	49
126	49	50
126	49	51
126	50	33
126	50	34
126	50	35
126	50	36
126	50	37
126	50	38
126	50	39
126	50	40
126	50	41
126	50	42
126	50	43
126	50	44
126	50	45
126	50	46
126	50	47
126	50	48
126	50	49
126	50	50
126	51	33
126	51	34
126	51	35
126	51	36
126	51	37
126	51	38
126	51	39
126	51	40
126	51	41
126	51	42
126	51	43
126	51	44
126	51	45
126	51	46
126	51	47
126	51	48
126	51	49
126	52	33
126	52	34
126	52	35
126	52	36
126	52	37
126	52	38
126	52	39
126	52	40
126	52	41
126	52	42
126	52	43
126	52	44
126	52	45
126	52	46
126	52	47
126	52	48
126	52	49
126	53	33
126	53	34
126	53	35
126	53	36
126	53	37
126	53	38
126	53	39
126	53	40
126	53	41
126	53	42
126	53	43
126	53	44
126	53	45
126	53	46
126	53	47
126	53	48
126	53	49
126	54	34
126	54	35
126	54	36
126	54	37
126	54	38
126	54	39
126	54	40
126	54	41
126	54	42
126	54	43
126	54	44
126	54	45
126	54	46
127	34	39
127	34	40
127	34	41
127	34	42
127	34	43
127	34	44
127	34	45
127	34	46
127	35	37
127	35	38
127	35	39
127	35	40
127	35	41
127	35	42
127	35	43
127	35	44
127	35	45
127	35	46
127	35	47
127	35	48
127	35	49
127	35	50
127	36	36
127	36	37
127	36	38
127	36	39
127	36	40
127	36	41
127	36	42
127	36	43
127	36	44
127	36	45
127	36	46
127	36	47
127	36	48
127	36	49
127	36	50
127	36	51
127	36	52
127	37	35
127	37	36
127	37	37
127	37	38
127	37	39
127	37	40
127	37	41
127	37	42
127	37	43
127	37	44
127	37	45
127	37	46
127	37	47
127	37	48
127	37	49
127	37	50
127	37	51
127	37	52
127	37	53
127	37	54
127	38	35
127	38	36
127	38	37
127	38	38
127	38	39
127	38	40
127	38	41
127	38	42
127	38	43
127	38	44
127	38	45
127	38	46
127	38	47
127	38	48
127	38	49
127	38	50
127	38	51
127	38	52
127	38	53
127	38	54
127	39	34
127	39	35
127	39	36
127	39	37
127	39	38
127	39	39
127	39	40
127	39	41
127	39	42
127	39	43
127	39	44
127	39	45
127	39	46
127	39	47
127	39	48
127	39	49
127	39	50
127	39	51
127	39	52
127	39	53
127	39	54
127	40	34
127	40	35
127	40	36
127	40	37
127	40	38
127	40	39
127	40	40
127	40	41
127	40	42
127	40	43
127	40	44
127	40	45
127	40	46
127	40	47
127	40	48
127	40	49
127	40	50
127	40	51
127	40	52
127	40	53
127	41	34
127	41	35
127	41	36
127	41	37
127	41	38
127	41	39
127	41	40
127	41	41
127	41	42
127	41	43
127	41	44
127	41	45
127	41	46
127	41	47
127	41	48
127	41	49
127	41	50
127	41	51
127	41	52
127	41	53
127	42	34
127	42	35
127	42	36
127	42	37
127	42	38
127	42	39
127	42	40
127	42	41
127	42	42
127	42	43
127	42	44
127	42	45
127	42	46
127	42	47
127	42	48
127	42	49
127	42	50
127	42	51
127	42	52
127	42	53
127	42	54
127	43	33
127	43	34
127	43	35
127	43	36
127	43	37
127	43	38
127	43	39
127	43	40
127	43	41
127	43	42
127	43	43
127	43	44
127	43	45
127	43	46
127	43	47
127	43	48
127	43	49
127	43	50
127	43	51
127	43	52
127	43	53
127	43	54
127	44	33
127	44	34
127	44	35
127	44	36
127	44	37
127	44	38
127	44	39
127	44	40
127	44	41
127	44	42
127	44	43
127	44	44
127	44	45
127	44	46
127	44	47
127	44	48
127	44	49
127	44	50
127	44	51
127	44	52
127	44	53
127	44	54
127	45	33
127	45	34
127	45	35
127	45	36
127	45	37
127	45	38
127	45	39
127	45	40
127	45	41
127	45	42
127	45	43
127	45	44
127	45	45
127	45	46
127	45	47
127	45	48
127	45	49
127	45	50
127	45	51
127	45	52
127	45	53
127	45	54
127	46	33
127	46	34
127	46	35
127	46	36
127	46	37
127	46	38
127	46	39
127	46	40
127	46	41
127	46	42
127	46	43
127	46	44
127	46	45
127	46	46
127	46	47
127	46	48
127	46	49
127	46	50
127	46	51
127	46	52
127	46	53
127	46	54
127	47	33
127	47	34
127	47	35
127	47	36
127	47	37
127	47	38
127	47	39
127	47	40
127	47	41
127	47	42
127	47	43
127	47	44
127	47	45
127	47	46
127	47	47
127	47	48
127	47	49
127	47	50
127	47	51
127	47	52
127	47	53
127	47	54
127	48	33
127	48	34
127	48	35
127	48	36
127	48	37
127	48	38
127	48	39
127	48	40
127	48	41
127	48	42
127	48	43
127	48	44
127	48	45
127	48	46
127	48	47
127	48	48
127	48	49
127	48	50
127	48	51
127	48	52
127	49	33
127	49	34
127	49	35
127	49	36
127	49	37
127	49	38
127	49	39
127	49	40
127	49	41
127	49	42
127	49	43
127	49	44
127	49	45
127	49	46
127	49	47
127	49	48
127	49	49
127	49	50
127	49	51
127	50	33
127	50	34
127	50	35
127	50	36
127	50	37
127	50	38
127	50	39
127	50	40
127	50	41
127	50	42
127	50	43
127	50	44
127	50	45
127	50	46
127	50	47
127	50	48
127	50	49
127	50	50
127	51	33
127	51	34
127	51	35
127	51	36
127	51	37
127	51	38
127	51	39
127	51	40
127	51	41
127	51	42
127	51	43
127	51	44
127	51	45
127	51	46
127	51	47
127	51	48
127	51	49
127	52	32
127	52	33
127	52	34
127	52	35
127	52	36
127	52	37
127	52	38
127	52	39
127	52	40
127	52	41
127	52	42
127	52	43
127	52	44
127	52	45
127	52	46
127	52	47
127	52	48
127	52	49
127	53	32
127	53	33
127	53	34
127	53	35
127	53	36
127	53	37
127	53	38
127	53	39
127	53	40
127	53	41
127	53	42
127	53	43
127	53	44
127	53	45
127	53	46
127	53	47
127	53	48
127	54	35
127	54	36
127	54	37
127	54	38
127	54	39
127	54	40
127	54	41
127	54	42
127	54	43
127	54	44
