#i	j	k
99	49	68
99	50	67
99	50	68
99	53	71
100	46	69
100	46	70
100	47	69
100	47	70
100	48	68
100	48	69
100	48	70
100	49	67
100	49	68
100	49	69
100	49	70
100	50	67
100	50	68
100	50	69
100	50	70
100	51	66
100	51	67
100	51	68
100	51	69
100	51	70
100	51	71
100	52	70
100	52	71
100	53	70
100	53	71
100	54	70
100	54	71
100	55	70
101	46	69
101	47	68
101	47	69
101	47	70
101	48	68
101	48	69
101	48	70
101	48	71
101	49	67
101	49	68
101	49	69
101	49	70
101	49	71
101	50	66
101	50	67
101	50	68
101	50	69
101	50	70
101	50	71
101	50	72
101	51	66
101	51	67
101	51	68
101	51	69
101	51	70
101	51	71
101	51	72
101	52	65
101	52	66
101	52	67
101	52	68
101	52	69
101	52	70
101	52	71
101	52	72
101	53	69
101	53	70
101	53	71
101	53	72
101	54	69
101	54	70
101	54	71
101	54	72
101	55	69
101	55	70
101	55	71
101	56	69
101	56	70
101	57	69
101	61	70
102	46	68
102	46	69
102	47	68
102	47	69
102	47	70
102	48	67
102	48	68
102	48	69
102	48	70
102	48	71
102	49	67
102	49	68
102	49	69
102	49	70
102	49	71
102	49	72
102	50	66
102	50	67
102	50	68
102	50	69
102	50	70
102	50	71
102	50	72
102	50	73
102	51	65
102	51	66
102	51	67
102	51	68
102	51	69
102	51	70
102	51	71
102	51	72
102	51	73
102	52	65
102	52	66
102	52	67
102	52	68
102	52	69
102	52	70
102	52	71
102	52	72
102	52	73
102	53	64
102	53	65
102	53	66
102	53	67
102	53	68
102	53	69
102	53	70
102	53	71
102	53	72
102	53	73
102	54	68
102	54	69
102	54	70
102	54	71
102	54	72
102	55	68
102	55	69
102	55	70
102	55	71
102	56	68
102	56	69
102	56	70
102	57	69
102	57	70
102	58	69
102	59	69
102	60	69
102	60	70
102	61	69
102	61	70
102	62	69
102	62	70
103	46	67
103	46	68
103	46	69
103	47	67
103	47	68
103	47	69
103	47	70
103	48	67
103	48	68
103	48	69
103	48	70
103	48	71
103	49	66
103	49	67
103	49	68
103	49	69
103	49	70
103	49	71
103	49	72
103	50	66
103	50	67
103	50	68
103	50	69
103	50	70
103	50	71
103	50	72
103	50	73
103	51	65
103	51	66
103	51	67
103	51	68
103	51	69
103	51	70
103	51	71
103	51	72
103	51	73
103	51	74
103	52	64
103	52	65
103	52	66
103	52	67
103	52	68
103	52	69
103	52	70
103	52	71
103	52	72
103	52	73
103	52	74
103	53	64
103	53	65
103	53	66
103	53	67
103	53	68
103	53	69
103	53	70
103	53	71
103	53	72
103	53	73
103	53	74
103	54	62
103	54	63
103	54	64
103	54	65
103	54	66
103	54	67
103	54	68
103	54	69
103	54	70
103	54	71
103	54	72
103	54	73
103	55	67
103	55	68
103	55	69
103	55	70
103	55	71
103	55	72
103	56	68
103	56	69
103	56	70
103	56	71
103	57	68
103	57	69
103	57	70
103	57	71
103	58	68
103	58	69
103	58	70
103	59	68
103	59	69
103	59	70
103	60	68
103	60	69
103	60	70
103	61	68
103	61	69
103	61	70
103	61	71
103	62	68
103	62	69
103	62	70
103	62	71
103	62	72
103	63	68
103	63	69
103	63	70
103	63	71
103	64	68
103	64	69
103	65	67
103	65	68
103	67	65
104	46	67
104	46	68
104	46	69
104	47	66
104	47	67
104	47	68
104	47	69
104	47	70
104	48	66
104	48	67
104	48	68
104	48	69
104	48	70
104	48	71
104	48	72
104	49	66
104	49	67
104	49	68
104	49	69
104	49	70
104	49	71
104	49	72
104	49	73
104	50	65
104	50	66
104	50	67
104	50	68
104	50	69
104	50	70
104	50	71
104	50	72
104	50	73
104	50	74
104	51	65
104	51	66
104	51	67
104	51	68
104	51	69
104	51	70
104	51	71
104	51	72
104	51	73
104	51	74
104	52	64
104	52	65
104	52	66
104	52	67
104	52	68
104	52	69
104	52	70
104	52	71
104	52	72
104	52	73
104	52	74
104	53	63
104	53	64
104	53	65
104	53	66
104	53	67
104	53	68
104	53	69
104	53	70
104	53	71
104	53	72
104	53	73
104	53	74
104	54	61
104	54	62
104	54	63
104	54	64
104	54	65
104	54	66
104	54	67
104	54	68
104	54	69
104	54	70
104	54	71
104	54	72
104	54	73
104	55	62
104	55	63
104	55	64
104	55	65
104	55	66
104	55	67
104	55	68
104	55	69
104	55	70
104	55	71
104	55	72
104	55	73
104	56	66
104	56	67
104	56	68
104	56	69
104	56	70
104	56	71
104	56	72
104	57	67
104	57	68
104	57	69
104	57	70
104	57	71
104	58	67
104	58	68
104	58	69
104	58	70
104	58	71
104	59	67
104	59	68
104	59	69
104	59	70
104	59	71
104	60	67
104	60	68
104	60	69
104	60	70
104	60	71
104	61	67
104	61	68
104	61	69
104	61	70
104	61	71
104	61	72
104	62	67
104	62	68
104	62	69
104	62	70
104	62	71
104	62	72
104	62	73
104	63	67
104	63	68
104	63	69
104	63	70
104	63	71
104	63	72
104	64	66
104	64	67
104	64	68
104	64	69
104	64	70
104	64	71
104	65	66
104	65	67
104	65	68
104	65	69
104	65	70
104	66	63
104	66	64
104	66	65
104	66	66
104	66	67
104	66	68
104	66	69
104	67	63
104	67	64
104	67	65
104	67	66
104	67	67
104	67	68
104	68	65
104	68	66
105	46	67
105	46	68
105	46	69
105	47	66
105	47	67
105	47	68
105	47	69
105	47	70
105	48	65
105	48	66
105	48	67
105	48	68
105	48	69
105	48	70
105	48	71
105	48	72
105	49	65
105	49	66
105	49	67
105	49	68
105	49	69
105	49	70
105	49	71
105	49	72
105	49	73
105	50	65
105	50	66
105	50	67
105	50	68
105	50	69
105	50	70
105	50	71
105	50	72
105	50	73
105	50	74
105	51	64
105	51	65
105	51	66
105	51	67
105	51	68
105	51	69
105	51	70
105	51	71
105	51	72
105	51	73
105	51	74
105	51	75
105	52	63
105	52	64
105	52	65
105	52	66
105	52	67
105	52	68
105	52	69
105	52	70
105	52	71
105	52	72
105	52	73
105	52	74
105	52	75
105	53	61
105	53	62
105	53	63
105	53	64
105	53	65
105	53	66
105	53	67
105	53	68
105	53	69
105	53	70
105	53	71
105	53	72
105	53	73
105	53	74
105	54	61
105	54	62
105	54	63
105	54	64
105	54	65
105	54	66
105	54	67
105	54	68
105	54	69
105	54	70
105	54	71
105	54	72
105	54	73
105	54	74
105	55	62
105	55	63
105	55	64
105	55	65
105	55	66
105	55	67
105	55	68
105	55	69
105	55	70
105	55	71
105	55	72
105	55	73
105	56	63
105	56	64
105	56	65
105	56	66
105	56	67
105	56	68
105	56	69
105	56	70
105	56	71
105	56	72
105	56	73
105	57	65
105	57	66
105	57	67
105	57	68
105	57	69
105	57	70
105	57	71
105	57	72
105	58	66
105	58	67
105	58	68
105	58	69
105	58	70
105	58	71
105	58	72
105	59	66
105	59	67
105	59	68
105	59	69
105	59	70
105	59	71
105	59	72
105	60	66
105	60	67
105	60	68
105	60	69
105	60	70
105	60	71
105	60	72
105	61	66
105	61	67
105	61	68
105	61	69
105	61	70
105	61	71
105	61	72
105	61	73
105	62	66
105	62	67
105	62	68
105	62	69
105	62	70
105	62	71
105	62	72
105	62	73
105	62	74
105	63	65
105	63	66
105	63	67
105	63	68
105	63	69
105	63	70
105	63	71
105	63	72
105	63	73
105	64	65
105	64	66
105	64	67
105	64	68
105	64	69
105	64	70
105	64	71
105	64	72
105	65	64
105	65	65
105	65	66
105	65	67
105	65	68
105	65	69
105	65	70
105	65	71
105	65	72
105	66	63
105	66	64
105	66	65
105	66	66
105	66	67
105	66	68
105	66	69
105	66	70
105	66	71
105	67	62
105	67	63
105	67	64
105	67	65
105	67	66
105	67	67
105	67	68
105	67	69
105	67	70
105	68	63
105	68	64
105	68	65
105	68	66
105	68	67
105	68	68
105	68	69
105	69	66
105	69	67
106	46	67
106	46	68
106	47	66
106	47	67
106	47	68
106	47	69
106	47	70
106	48	65
106	48	66
106	48	67
106	48	68
106	48	69
106	48	70
106	48	71
106	48	72
106	49	64
106	49	65
106	49	66
106	49	67
106	49	68
106	49	69
106	49	70
106	49	71
106	49	72
106	49	73
106	50	64
106	50	65
106	50	66
106	50	67
106	50	68
106	50	69
106	50	70
106	50	71
106	50	72
106	50	73
106	50	74
106	51	63
106	51	64
106	51	65
106	51	66
106	51	67
106	51	68
106	51	69
106	51	70
106	51	71
106	51	72
106	51	73
106	51	74
106	51	75
106	52	62
106	52	63
106	52	64
106	52	65
106	52	66
106	52	67
106	52	68
106	52	69
106	52	70
106	52	71
106	52	72
106	52	73
106	52	74
106	52	75
106	53	60
106	53	61
106	53	62
106	53	63
106	53	64
106	53	65
106	53	66
106	53	67
106	53	68
106	53	69
106	53	70
106	53	71
106	53	72
106	53	73
106	53	74
106	53	75
106	54	61
106	54	62
106	54	63
106	54	64
106	54	65
106	54	66
106	54	67
106	54	68
106	54	69
106	54	70
106	54	71
106	54	72
106	54	73
106	54	74
106	55	62
106	55	63
106	55	64
106	55	65
106	55	66
106	55	67
106	55	68
106	55	69
106	55	70
106	55	71
106	55	72
106	55	73
106	55	74
106	56	63
106	56	64
106	56	65
106	56	66
106	56	67
106	56	68
106	56	69
106	56	70
106	56	71
106	56	72
106	56	73
106	57	64
106	57	65
106	57	66
106	57	67
106	57	68
106	57	69
106	57	70
106	57	71
106	57	72
106	57	73
106	58	65
106	58	66
106	58	67
106	58	68
106	58	69
106	58	70
106	58	71
106	58	72
106	58	73
106	59	65
106	59	66
106	59	67
106	59	68
106	59	69
106	59	70
106	59	71
106	59	72
106	59	73
106	60	65
106	60	66
106	60	67
106	60	68
106	60	69
106	60	70
106	60	71
106	60	72
106	60	73
106	61	65
106	61	66
106	61	67
106	61	68
106	61	69
106	61	70
106	61	71
106	61	72
106	61	73
106	61	74
106	62	65
106	62	66
106	62	67
106	62	68
106	62	69
106	62	70
106	62	71
106	62	72
106	62	73
106	62	74
106	62	75
106	63	65
106	63	66
106	63	67
106	63	68
106	63	69
106	63	70
106	63	71
106	63	72
106	63	73
106	63	74
106	64	65
106	64	66
106	64	67
106	64	68
106	64	69
106	64	70
106	64	71
106	64	72
106	64	73
106	65	64
106	65	65
106	65	66
106	65	67
106	65	68
106	65	69
106	65	70
106	65	71
106	65	72
106	65	73
106	66	63
106	66	64
106	66	65
106	66	66
106	66	67
106	66	68
106	66	69
106	66	70
106	66	71
106	66	72
106	67	62
106	67	63
106	67	64
106	67	65
106	67	66
106	67	67
106	67	68
106	67	69
106	67	70
106	67	71
106	68	61
106	68	62
106	68	63
106	68	64
106	68	65
106	68	66
106	68	67
106	68	68
106	68	69
106	68	70
106	68	71
106	69	63
106	69	64
106	69	65
106	69	66
106	69	67
106	69	68
106	69	69
106	69	70
106	70	67
106	70	68
107	46	66
107	46	67
107	46	68
107	47	65
107	47	66
107	47	67
107	47	68
107	47	69
107	47	70
107	47	71
107	48	64
107	48	65
107	48	66
107	48	67
107	48	68
107	48	69
107	48	70
107	48	71
107	48	72
107	49	63
107	49	64
107	49	65
107	49	66
107	49	67
107	49	68
107	49	69
107	49	70
107	49	71
107	49	72
107	49	73
107	49	74
107	50	62
107	50	63
107	50	64
107	50	65
107	50	66
107	50	67
107	50	68
107	50	69
107	50	70
107	50	71
107	50	72
107	50	73
107	50	74
107	50	75
107	51	62
107	51	63
107	51	64
107	51	65
107	51	66
107	51	67
107	51	68
107	51	69
107	51	70
107	51	71
107	51	72
107	51	73
107	51	74
107	51	75
107	52	61
107	52	62
107	52	63
107	52	64
107	52	65
107	52	66
107	52	67
107	52	68
107	52	69
107	52	70
107	52	71
107	52	72
107	52	73
107	52	74
107	52	75
107	53	61
107	53	62
107	53	63
107	53	64
107	53	65
107	53	66
107	53	67
107	53	68
107	53	69
107	53	70
107	53	71
107	53	72
107	53	73
107	53	74
107	53	75
107	54	61
107	54	62
107	54	63
107	54	64
107	54	65
107	54	66
107	54	67
107	54	68
107	54	69
107	54	70
107	54	71
107	54	72
107	54	73
107	54	74
107	54	75
107	55	62
107	55	63
107	55	64
107	55	65
107	55	66
107	55	67
107	55	68
107	55	69
107	55	70
107	55	71
107	55	72
107	55	73
107	55	74
107	56	63
107	56	64
107	56	65
107	56	66
107	56	67
107	56	68
107	56	69
107	56	70
107	56	71
107	56	72
107	56	73
107	56	74
107	57	64
107	57	65
107	57	66
107	57	67
107	57	68
107	57	69
107	57	70
107	57	71
107	57	72
107	57	73
107	57	74
107	58	65
107	58	66
107	58	67
107	58	68
107	58	69
107	58	70
107	58	71
107	58	72
107	58	73
107	58	74
107	59	65
107	59	66
107	59	67
107	59	68
107	59	69
107	59	70
107	59	71
107	59	72
107	59	73
107	59	74
107	60	65
107	60	66
107	60	67
107	60	68
107	60	69
107	60	70
107	60	71
107	60	72
107	60	73
107	60	74
107	60	75
107	61	65
107	61	66
107	61	67
107	61	68
107	61	69
107	61	70
107	61	71
107	61	72
107	61	73
107	61	74
107	61	75
107	61	76
107	61	77
107	61	78
107	62	65
107	62	66
107	62	67
107	62	68
107	62	69
107	62	70
107	62	71
107	62	72
107	62	73
107	62	74
107	62	75
107	62	76
107	63	65
107	63	66
107	63	67
107	63	68
107	63	69
107	63	70
107	63	71
107	63	72
107	63	73
107	63	74
107	63	75
107	64	64
107	64	65
107	64	66
107	64	67
107	64	68
107	64	69
107	64	70
107	64	71
107	64	72
107	64	73
107	64	74
107	65	64
107	65	65
107	65	66
107	65	67
107	65	68
107	65	69
107	65	70
107	65	71
107	65	72
107	65	73
107	65	74
107	66	63
107	66	64
107	66	65
107	66	66
107	66	67
107	66	68
107	66	69
107	66	70
107	66	71
107	66	72
107	66	73
107	67	62
107	67	63
107	67	64
107	67	65
107	67	66
107	67	67
107	67	68
107	67	69
107	67	70
107	67	71
107	67	72
107	68	61
107	68	62
107	68	63
107	68	64
107	68	65
107	68	66
107	68	67
107	68	68
107	68	69
107	68	70
107	69	62
107	69	63
107	69	64
107	69	65
107	69	66
107	69	67
107	69	68
107	69	69
107	69	70
107	70	62
107	70	63
107	70	64
107	70	65
107	70	66
107	70	67
107	70	68
107	70	69
107	71	68
108	46	66
108	46	67
108	46	68
108	47	64
108	47	65
108	47	66
108	47	67
108	47	68
108	47	69
108	47	70
108	47	71
108	48	62
108	48	63
108	48	64
108	48	65
108	48	66
108	48	67
108	48	68
108	48	69
108	48	70
108	48	71
108	48	72
108	48	73
108	49	61
108	49	62
108	49	63
108	49	64
108	49	65
108	49	66
108	49	67
108	49	68
108	49	69
108	49	70
108	49	71
108	49	72
108	49	73
108	49	74
108	49	75
108	50	61
108	50	62
108	50	63
108	50	64
108	50	65
108	50	66
108	50	67
108	50	68
108	50	69
108	50	70
108	50	71
108	50	72
108	50	73
108	50	74
108	50	75
108	50	76
108	51	61
108	51	62
108	51	63
108	51	64
108	51	65
108	51	66
108	51	67
108	51	68
108	51	69
108	51	70
108	51	71
108	51	72
108	51	73
108	51	74
108	51	75
108	51	76
108	52	61
108	52	62
108	52	63
108	52	64
108	52	65
108	52	66
108	52	67
108	52	68
108	52	69
108	52	70
108	52	71
108	52	72
108	52	73
108	52	74
108	52	75
108	52	76
108	53	61
108	53	62
108	53	63
108	53	64
108	53	65
108	53	66
108	53	67
108	53	68
108	53	69
108	53	70
108	53	71
108	53	72
108	53	73
108	53	74
108	53	75
108	53	76
108	54	61
108	54	62
108	54	63
108	54	64
108	54	65
108	54	66
108	54	67
108	54	68
108	54	69
108	54	70
108	54	71
108	54	72
108	54	73
108	54	74
108	54	75
108	55	62
108	55	63
108	55	64
108	55	65
108	55	66
108	55	67
108	55	68
108	55	69
108	55	70
108	55	71
108	55	72
108	55	73
108	55	74
108	55	75
108	56	63
108	56	64
108	56	65
108	56	66
108	56	67
108	56	68
108	56	69
108	56	70
108	56	71
108	56	72
108	56	73
108	56	74
108	56	75
108	57	64
108	57	65
108	57	66
108	57	67
108	57	68
108	57	69
108	57	70
108	57	71
108	57	72
108	57	73
108	57	74
108	58	64
108	58	65
108	58	66
108	58	67
108	58	68
108	58	69
108	58	70
108	58	71
108	58	72
108	58	73
108	58	74
108	58	75
108	59	64
108	59	65
108	59	66
108	59	67
108	59	68
108	59	69
108	59	70
108	59	71
108	59	72
108	59	73
108	59	74
108	59	75
108	59	76
108	60	64
108	60	65
108	60	66
108	60	67
108	60	68
108	60	69
108	60	70
108	60	71
108	60	72
108	60	73
108	60	74
108	60	75
108	60	76
108	60	77
108	61	64
108	61	65
108	61	66
108	61	67
108	61	68
108	61	69
108	61	70
108	61	71
108	61	72
108	61	73
108	61	74
108	61	75
108	61	76
108	61	77
108	61	78
108	62	64
108	62	65
108	62	66
108	62	67
108	62	68
108	62	69
108	62	70
108	62	71
108	62	72
108	62	73
108	62	74
108	62	75
108	62	76
108	62	77
108	63	64
108	63	65
108	63	66
108	63	67
108	63	68
108	63	69
108	63	70
108	63	71
108	63	72
108	63	73
108	63	74
108	63	75
108	63	76
108	64	64
108	64	65
108	64	66
108	64	67
108	64	68
108	64	69
108	64	70
108	64	71
108	64	72
108	64	73
108	64	74
108	64	75
108	65	63
108	65	64
108	65	65
108	65	66
108	65	67
108	65	68
108	65	69
108	65	70
108	65	71
108	65	72
108	65	73
108	65	74
108	65	75
108	66	63
108	66	64
108	66	65
108	66	66
108	66	67
108	66	68
108	66	69
108	66	70
108	66	71
108	66	72
108	66	73
108	66	74
108	67	62
108	67	63
108	67	64
108	67	65
108	67	66
108	67	67
108	67	68
108	67	69
108	67	70
108	67	71
108	67	72
108	67	73
108	68	62
108	68	63
108	68	64
108	68	65
108	68	66
108	68	67
108	68	68
108	68	69
108	68	70
108	68	71
108	69	61
108	69	62
108	69	63
108	69	64
108	69	65
108	69	66
108	69	67
108	69	68
108	69	69
108	69	70
108	70	62
108	70	63
108	70	64
108	70	65
108	70	66
108	70	67
108	70	68
108	70	69
108	71	62
108	71	63
108	71	64
108	71	65
108	71	66
108	71	67
108	71	68
109	46	65
109	46	66
109	46	67
109	46	68
109	47	61
109	47	62
109	47	63
109	47	64
109	47	65
109	47	66
109	47	67
109	47	68
109	47	69
109	47	70
109	47	71
109	48	61
109	48	62
109	48	63
109	48	64
109	48	65
109	48	66
109	48	67
109	48	68
109	48	69
109	48	70
109	48	71
109	48	72
109	48	73
109	48	74
109	49	61
109	49	62
109	49	63
109	49	64
109	49	65
109	49	66
109	49	67
109	49	68
109	49	69
109	49	70
109	49	71
109	49	72
109	49	73
109	49	74
109	49	75
109	49	76
109	50	62
109	50	63
109	50	64
109	50	65
109	50	66
109	50	67
109	50	68
109	50	69
109	50	70
109	50	71
109	50	72
109	50	73
109	50	74
109	50	75
109	50	76
109	50	77
109	51	62
109	51	63
109	51	64
109	51	65
109	51	66
109	51	67
109	51	68
109	51	69
109	51	70
109	51	71
109	51	72
109	51	73
109	51	74
109	51	75
109	51	76
109	51	77
109	52	62
109	52	63
109	52	64
109	52	65
109	52	66
109	52	67
109	52	68
109	52	69
109	52	70
109	52	71
109	52	72
109	52	73
109	52	74
109	52	75
109	52	76
109	53	61
109	53	62
109	53	63
109	53	64
109	53	65
109	53	66
109	53	67
109	53	68
109	53	69
109	53	70
109	53	71
109	53	72
109	53	73
109	53	74
109	53	75
109	53	76
109	54	61
109	54	62
109	54	63
109	54	64
109	54	65
109	54	66
109	54	67
109	54	68
109	54	69
109	54	70
109	54	71
109	54	72
109	54	73
109	54	74
109	54	75
109	54	76
109	55	62
109	55	63
109	55	64
109	55	65
109	55	66
109	55	67
109	55	68
109	55	69
109	55	70
109	55	71
109	55	72
109	55	73
109	55	74
109	55	75
109	56	63
109	56	64
109	56	65
109	56	66
109	56	67
109	56	68
109	56	69
109	56	70
109	56	71
109	56	72
109	56	73
109	56	74
109	56	75
109	57	63
109	57	64
109	57	65
109	57	66
109	57	67
109	57	68
109	57	69
109	57	70
109	57	71
109	57	72
109	57	73
109	57	74
109	57	75
109	58	63
109	58	64
109	58	65
109	58	66
109	58	67
109	58	68
109	58	69
109	58	70
109	58	71
109	58	72
109	58	73
109	58	74
109	58	75
109	58	76
109	59	63
109	59	64
109	59	65
109	59	66
109	59	67
109	59	68
109	59	69
109	59	70
109	59	71
109	59	72
109	59	73
109	59	74
109	59	75
109	59	76
109	59	77
109	60	63
109	60	64
109	60	65
109	60	66
109	60	67
109	60	68
109	60	69
109	60	70
109	60	71
109	60	72
109	60	73
109	60	74
109	60	75
109	60	76
109	60	77
109	61	63
109	61	64
109	61	65
109	61	66
109	61	67
109	61	68
109	61	69
109	61	70
109	61	71
109	61	72
109	61	73
109	61	74
109	61	75
109	61	76
109	61	77
109	61	78
109	62	63
109	62	64
109	62	65
109	62	66
109	62	67
109	62	68
109	62	69
109	62	70
109	62	71
109	62	72
109	62	73
109	62	74
109	62	75
109	62	76
109	62	77
109	63	63
109	63	64
109	63	65
109	63	66
109	63	67
109	63	68
109	63	69
109	63	70
109	63	71
109	63	72
109	63	73
109	63	74
109	63	75
109	63	76
109	63	77
109	64	63
109	64	64
109	64	65
109	64	66
109	64	67
109	64	68
109	64	69
109	64	70
109	64	71
109	64	72
109	64	73
109	64	74
109	64	75
109	64	76
109	64	77
109	65	63
109	65	64
109	65	65
109	65	66
109	65	67
109	65	68
109	65	69
109	65	70
109	65	71
109	65	72
109	65	73
109	65	74
109	65	75
109	65	76
109	66	62
109	66	63
109	66	64
109	66	65
109	66	66
109	66	67
109	66	68
109	66	69
109	66	70
109	66	71
109	66	72
109	66	73
109	66	74
109	66	75
109	67	63
109	67	64
109	67	65
109	67	66
109	67	67
109	67	68
109	67	69
109	67	70
109	67	71
109	67	72
109	67	73
109	67	74
109	68	63
109	68	64
109	68	65
109	68	66
109	68	67
109	68	68
109	68	69
109	68	70
109	68	71
109	69	63
109	69	64
109	69	65
109	69	66
109	69	67
109	69	68
109	69	69
109	69	70
109	70	62
109	70	63
109	70	64
109	70	65
109	70	66
109	70	67
109	70	68
109	70	69
109	71	63
109	71	64
109	71	65
109	71	66
109	71	67
109	71	68
109	72	65
109	72	66
109	72	67
109	72	68
110	45	66
110	46	62
110	46	63
110	46	64
110	46	65
110	46	66
110	46	67
110	46	68
110	47	62
110	47	63
110	47	64
110	47	65
110	47	66
110	47	67
110	47	68
110	47	69
110	47	70
110	47	71
110	47	72
110	48	62
110	48	63
110	48	64
110	48	65
110	48	66
110	48	67
110	48	68
110	48	69
110	48	70
110	48	71
110	48	72
110	48	73
110	48	74
110	48	75
110	49	62
110	49	63
110	49	64
110	49	65
110	49	66
110	49	67
110	49	68
110	49	69
110	49	70
110	49	71
110	49	72
110	49	73
110	49	74
110	49	75
110	49	76
110	50	62
110	50	63
110	50	64
110	50	65
110	50	66
110	50	67
110	50	68
110	50	69
110	50	70
110	50	71
110	50	72
110	50	73
110	50	74
110	50	75
110	50	76
110	50	77
110	51	62
110	51	63
110	51	64
110	51	65
110	51	66
110	51	67
110	51	68
110	51	69
110	51	70
110	51	71
110	51	72
110	51	73
110	51	74
110	51	75
110	51	76
110	51	77
110	52	62
110	52	63
110	52	64
110	52	65
110	52	66
110	52	67
110	52	68
110	52	69
110	52	70
110	52	71
110	52	72
110	52	73
110	52	74
110	52	75
110	52	76
110	52	77
110	53	62
110	53	63
110	53	64
110	53	65
110	53	66
110	53	67
110	53	68
110	53	69
110	53	70
110	53	71
110	53	72
110	53	73
110	53	74
110	53	75
110	53	76
110	54	61
110	54	62
110	54	63
110	54	64
110	54	65
110	54	66
110	54	67
110	54	68
110	54	69
110	54	70
110	54	71
110	54	72
110	54	73
110	54	74
110	54	75
110	54	76
110	55	62
110	55	63
110	55	64
110	55	65
110	55	66
110	55	67
110	55	68
110	55	69
110	55	70
110	55	71
110	55	72
110	55	73
110	55	74
110	55	75
110	55	76
110	56	62
110	56	63
110	56	64
110	56	65
110	56	66
110	56	67
110	56	68
110	56	69
110	56	70
110	56	71
110	56	72
110	56	73
110	56	74
110	56	75
110	57	62
110	57	63
110	57	64
110	57	65
110	57	66
110	57	67
110	57	68
110	57	69
110	57	70
110	57	71
110	57	72
110	57	73
110	57	74
110	57	75
110	58	62
110	58	63
110	58	64
110	58	65
110	58	66
110	58	67
110	58	68
110	58	69
110	58	70
110	58	71
110	58	72
110	58	73
110	58	74
110	58	75
110	58	76
110	59	62
110	59	63
110	59	64
110	59	65
110	59	66
110	59	67
110	59	68
110	59	69
110	59	70
110	59	71
110	59	72
110	59	73
110	59	74
110	59	75
110	59	76
110	59	77
110	60	63
110	60	64
110	60	65
110	60	66
110	60	67
110	60	68
110	60	69
110	60	70
110	60	71
110	60	72
110	60	73
110	60	74
110	60	75
110	60	76
110	60	77
110	61	63
110	61	64
110	61	65
110	61	66
110	61	67
110	61	68
110	61	69
110	61	70
110	61	71
110	61	72
110	61	73
110	61	74
110	61	75
110	61	76
110	61	77
110	62	63
110	62	64
110	62	65
110	62	66
110	62	67
110	62	68
110	62	69
110	62	70
110	62	71
110	62	72
110	62	73
110	62	74
110	62	75
110	62	76
110	62	77
110	63	63
110	63	64
110	63	65
110	63	66
110	63	67
110	63	68
110	63	69
110	63	70
110	63	71
110	63	72
110	63	73
110	63	74
110	63	75
110	63	76
110	63	77
110	64	62
110	64	63
110	64	64
110	64	65
110	64	66
110	64	67
110	64	68
110	64	69
110	64	70
110	64	71
110	64	72
110	64	73
110	64	74
110	64	75
110	64	76
110	65	62
110	65	63
110	65	64
110	65	65
110	65	66
110	65	67
110	65	68
110	65	69
110	65	70
110	65	71
110	65	72
110	65	73
110	65	74
110	65	75
110	65	76
110	66	63
110	66	64
110	66	65
110	66	66
110	66	67
110	66	68
110	66	69
110	66	70
110	66	71
110	66	72
110	66	73
110	66	74
110	67	64
110	67	65
110	67	66
110	67	67
110	67	68
110	67	69
110	67	70
110	67	71
110	67	72
110	67	73
110	68	64
110	68	65
110	68	66
110	68	67
110	68	68
110	68	69
110	68	70
110	68	71
110	69	64
110	69	65
110	69	66
110	69	67
110	69	68
110	69	69
110	69	70
110	70	64
110	70	65
110	70	66
110	70	67
110	70	68
110	70	69
110	71	64
110	71	65
110	71	66
110	71	67
110	71	68
110	72	65
110	72	66
110	72	67
110	73	66
111	45	63
111	45	64
111	45	65
111	45	66
111	46	63
111	46	64
111	46	65
111	46	66
111	46	67
111	46	68
111	46	69
111	47	62
111	47	63
111	47	64
111	47	65
111	47	66
111	47	67
111	47	68
111	47	69
111	47	70
111	47	71
111	47	72
111	47	73
111	48	62
111	48	63
111	48	64
111	48	65
111	48	66
111	48	67
111	48	68
111	48	69
111	48	70
111	48	71
111	48	72
111	48	73
111	48	74
111	48	75
111	49	62
111	49	63
111	49	64
111	49	65
111	49	66
111	49	67
111	49	68
111	49	69
111	49	70
111	49	71
111	49	72
111	49	73
111	49	74
111	49	75
111	49	76
111	50	63
111	50	64
111	50	65
111	50	66
111	50	67
111	50	68
111	50	69
111	50	70
111	50	71
111	50	72
111	50	73
111	50	74
111	50	75
111	50	76
111	50	77
111	51	63
111	51	64
111	51	65
111	51	66
111	51	67
111	51	68
111	51	69
111	51	70
111	51	71
111	51	72
111	51	73
111	51	74
111	51	75
111	51	76
111	51	77
111	52	62
111	52	63
111	52	64
111	52	65
111	52	66
111	52	67
111	52	68
111	52	69
111	52	70
111	52	71
111	52	72
111	52	73
111	52	74
111	52	75
111	52	76
111	53	62
111	53	63
111	53	64
111	53	65
111	53	66
111	53	67
111	53	68
111	53	69
111	53	70
111	53	71
111	53	72
111	53	73
111	53	74
111	53	75
111	53	76
111	54	62
111	54	63
111	54	64
111	54	65
111	54	66
111	54	67
111	54	68
111	54	69
111	54	70
111	54	71
111	54	72
111	54	73
111	54	74
111	54	75
111	54	76
111	55	61
111	55	62
111	55	63
111	55	64
111	55	65
111	55	66
111	55	67
111	55	68
111	55	69
111	55	70
111	55	71
111	55	72
111	55	73
111	55	74
111	55	75
111	55	76
111	56	62
111	56	63
111	56	64
111	56	65
111	56	66
111	56	67
111	56	68
111	56	69
111	56	70
111	56	71
111	56	72
111	56	73
111	56	74
111	56	75
111	57	62
111	57	63
111	57	64
111	57	65
111	57	66
111	57	67
111	57	68
111	57	69
111	57	70
111	57	71
111	57	72
111	57	73
111	57	74
111	57	75
111	58	63
111	58	64
111	58	65
111	58	66
111	58	67
111	58	68
111	58	69
111	58	70
111	58	71
111	58	72
111	58	73
111	58	74
111	58	75
111	59	63
111	59	64
111	59	65
111	59	66
111	59	67
111	59	68
111	59	69
111	59	70
111	59	71
111	59	72
111	59	73
111	59	74
111	59	75
111	59	76
111	60	63
111	60	64
111	60	65
111	60	66
111	60	67
111	60	68
111	60	69
111	60	70
111	60	71
111	60	72
111	60	73
111	60	74
111	60	75
111	60	76
111	60	77
111	61	64
111	61	65
111	61	66
111	61	67
111	61	68
111	61	69
111	61	70
111	61	71
111	61	72
111	61	73
111	61	74
111	61	75
111	61	76
111	61	77
111	62	64
111	62	65
111	62	66
111	62	67
111	62	68
111	62	69
111	62	70
111	62	71
111	62	72
111	62	73
111	62	74
111	62	75
111	62	76
111	62	77
111	63	64
111	63	65
111	63	66
111	63	67
111	63	68
111	63	69
111	63	70
111	63	71
111	63	72
111	63	73
111	63	74
111	63	75
111	63	76
111	64	63
111	64	64
111	64	65
111	64	66
111	64	67
111	64	68
111	64	69
111	64	70
111	64	71
111	64	72
111	64	73
111	64	74
111	64	75
111	64	76
111	65	62
111	65	63
111	65	64
111	65	65
111	65	66
111	65	67
111	65	68
111	65	69
111	65	70
111	65	71
111	65	72
111	65	73
111	65	74
111	65	75
111	66	64
111	66	65
111	66	66
111	66	67
111	66	68
111	66	69
111	66	70
111	66	71
111	66	72
111	66	73
111	66	74
111	67	65
111	67	66
111	67	67
111	67	68
111	67	69
111	67	70
111	67	71
111	67	72
111	67	73
111	68	66
111	68	67
111	68	68
111	68	69
111	68	70
111	68	71
111	68	72
111	69	67
111	69	68
111	69	69
111	69	70
111	70	68
112	45	64
112	45	65
112	45	66
112	46	63
112	46	64
112	46	65
112	46	66
112	46	67
112	46	68
112	46	69
112	47	63
112	47	64
112	47	65
112	47	66
112	47	67
112	47	68
112	47	69
112	47	70
112	47	71
112	47	72
112	47	73
112	48	63
112	48	64
112	48	65
112	48	66
112	48	67
112	48	68
112	48	69
112	48	70
112	48	71
112	48	72
112	48	73
112	48	74
112	48	75
112	49	63
112	49	64
112	49	65
112	49	66
112	49	67
112	49	68
112	49	69
112	49	70
112	49	71
112	49	72
112	49	73
112	49	74
112	49	75
112	49	76
112	50	63
112	50	64
112	50	65
112	50	66
112	50	67
112	50	68
112	50	69
112	50	70
112	50	71
112	50	72
112	50	73
112	50	74
112	50	75
112	50	76
112	50	77
112	51	63
112	51	64
112	51	65
112	51	66
112	51	67
112	51	68
112	51	69
112	51	70
112	51	71
112	51	72
112	51	73
112	51	74
112	51	75
112	51	76
112	52	63
112	52	64
112	52	65
112	52	66
112	52	67
112	52	68
112	52	69
112	52	70
112	52	71
112	52	72
112	52	73
112	52	74
112	52	75
112	52	76
112	53	62
112	53	63
112	53	64
112	53	65
112	53	66
112	53	67
112	53	68
112	53	69
112	53	70
112	53	71
112	53	72
112	53	73
112	53	74
112	53	75
112	53	76
112	54	62
112	54	63
112	54	64
112	54	65
112	54	66
112	54	67
112	54	68
112	54	69
112	54	70
112	54	71
112	54	72
112	54	73
112	54	74
112	54	75
112	54	76
112	55	62
112	55	63
112	55	64
112	55	65
112	55	66
112	55	67
112	55	68
112	55	69
112	55	70
112	55	71
112	55	72
112	55	73
112	55	74
112	55	75
112	55	76
112	56	62
112	56	63
112	56	64
112	56	65
112	56	66
112	56	67
112	56	68
112	56	69
112	56	70
112	56	71
112	56	72
112	56	73
112	56	74
112	56	75
112	57	63
112	57	64
112	57	65
112	57	66
112	57	67
112	57	68
112	57	69
112	57	70
112	57	71
112	57	72
112	57	73
112	57	74
112	57	75
112	58	63
112	58	64
112	58	65
112	58	66
112	58	67
112	58	68
112	58	69
112	58	70
112	58	71
112	58	72
112	58	73
112	58	74
112	58	75
112	59	63
112	59	64
112	59	65
112	59	66
112	59	67
112	59	68
112	59	69
112	59	70
112	59	71
112	59	72
112	59	73
112	59	74
112	59	75
112	59	76
112	60	64
112	60	65
112	60	66
112	60	67
112	60	68
112	60	69
112	60	70
112	60	71
112	60	72
112	60	73
112	60	74
112	60	75
112	60	76
112	61	64
112	61	65
112	61	66
112	61	67
112	61	68
112	61	69
112	61	70
112	61	71
112	61	72
112	61	73
112	61	74
112	61	75
112	61	76
112	61	77
112	62	64
112	62	65
112	62	66
112	62	67
112	62	68
112	62	69
112	62	70
112	62	71
112	62	72
112	62	73
112	62	74
112	62	75
112	62	76
112	63	64
112	63	65
112	63	66
112	63	67
112	63	68
112	63	69
112	63	70
112	63	71
112	63	72
112	63	73
112	63	74
112	63	75
112	63	76
112	64	63
112	64	64
112	64	65
112	64	66
112	64	67
112	64	68
112	64	69
112	64	70
112	64	71
112	64	72
112	64	73
112	64	74
112	64	75
112	64	76
112	65	63
112	65	64
112	65	65
112	65	66
112	65	67
112	65	68
112	65	69
112	65	70
112	65	71
112	65	72
112	65	73
112	65	74
112	65	75
112	66	65
112	66	66
112	66	67
112	66	68
112	66	69
112	66	70
112	66	71
112	66	72
112	66	73
112	66	74
112	67	66
112	67	67
112	67	68
112	67	69
112	67	70
112	67	71
112	67	72
112	67	73
112	68	67
112	68	68
112	68	69
112	68	70
112	68	71
112	69	69
113	45	64
113	45	65
113	45	66
113	46	63
113	46	64
113	46	65
113	46	66
113	46	67
113	46	68
113	46	69
113	47	63
113	47	64
113	47	65
113	47	66
113	47	67
113	47	68
113	47	69
113	47	70
113	47	71
113	47	72
113	47	73
113	48	63
113	48	64
113	48	65
113	48	66
113	48	67
113	48	68
113	48	69
113	48	70
113	48	71
113	48	72
113	48	73
113	48	74
113	48	75
113	49	63
113	49	64
113	49	65
113	49	66
113	49	67
113	49	68
113	49	69
113	49	70
113	49	71
113	49	72
113	49	73
113	49	74
113	49	75
113	49	76
113	50	63
113	50	64
113	50	65
113	50	66
113	50	67
113	50	68
113	50	69
113	50	70
113	50	71
113	50	72
113	50	73
113	50	74
113	50	75
113	50	76
113	51	63
113	51	64
113	51	65
113	51	66
113	51	67
113	51	68
113	51	69
113	51	70
113	51	71
113	51	72
113	51	73
113	51	74
113	51	75
113	51	76
113	52	63
113	52	64
113	52	65
113	52	66
113	52	67
113	52	68
113	52	69
113	52	70
113	52	71
113	52	72
113	52	73
113	52	74
113	52	75
113	52	76
113	53	62
113	53	63
113	53	64
113	53	65
113	53	66
113	53	67
113	53	68
113	53	69
113	53	70
113	53	71
113	53	72
113	53	73
113	53	74
113	53	75
113	53	76
113	54	61
113	54	62
113	54	63
113	54	64
113	54	65
113	54	66
113	54	67
113	54	68
113	54	69
113	54	70
113	54	71
113	54	72
113	54	73
113	54	74
113	54	75
113	55	62
113	55	63
113	55	64
113	55	65
113	55	66
113	55	67
113	55	68
113	55	69
113	55	70
113	55	71
113	55	72
113	55	73
113	55	74
113	55	75
113	56	63
113	56	64
113	56	65
113	56	66
113	56	67
113	56	68
113	56	69
113	56	70
113	56	71
113	56	72
113	56	73
113	56	74
113	56	75
113	57	64
113	57	65
113	57	66
113	57	67
113	57	68
113	57	69
113	57	70
113	57	71
113	57	72
113	57	73
113	57	74
113	58	64
113	58	65
113	58	66
113	58	67
113	58	68
113	58	69
113	58	70
113	58	71
113	58	72
113	58	73
113	58	74
113	59	64
113	59	65
113	59	66
113	59	67
113	59	68
113	59	69
113	59	70
113	59	71
113	59	72
113	59	73
113	59	74
113	59	75
113	60	64
113	60	65
113	60	66
113	60	67
113	60	68
113	60	69
113	60	70
113	60	71
113	60	72
113	60	73
113	60	74
113	60	75
113	60	76
113	61	65
113	61	66
113	61	67
113	61	68
113	61	69
113	61	70
113	61	71
113	61	72
113	61	73
113	61	74
113	61	75
113	61	76
113	62	65
113	62	66
113	62	67
113	62	68
113	62	69
113	62	70
113	62	71
113	62	72
113	62	73
113	62	74
113	62	75
113	62	76
113	63	65
113	63	66
113	63	67
113	63	68
113	63	69
113	63	70
113	63	71
113	63	72
113	63	73
113	63	74
113	63	75
113	63	76
113	64	64
113	64	65
113	64	66
113	64	67
113	64	68
113	64	69
113	64	70
113	64	71
113	64	72
113	64	73
113	64	74
113	64	75
113	65	65
113	65	66
113	65	67
113	65	68
113	65	69
113	65	70
113	65	71
113	65	72
113	65	73
113	65	74
113	65	75
113	66	67
113	66	68
113	66	69
113	66	70
113	66	71
113	66	72
113	66	73
113	67	68
113	67	69
113	67	70
113	67	71
113	67	72
114	45	64
114	45	65
114	45	66
114	46	64
114	46	65
114	46	66
114	46	67
114	46	68
114	46	69
114	47	63
114	47	64
114	47	65
114	47	66
114	47	67
114	47	68
114	47	69
114	47	70
114	47	71
114	47	72
114	47	73
114	48	63
114	48	64
114	48	65
114	48	66
114	48	67
114	48	68
114	48	69
114	48	70
114	48	71
114	48	72
114	48	73
114	48	74
114	48	75
114	49	64
114	49	65
114	49	66
114	49	67
114	49	68
114	49	69
114	49	70
114	49	71
114	49	72
114	49	73
114	49	74
114	49	75
114	49	76
114	50	64
114	50	65
114	50	66
114	50	67
114	50	68
114	50	69
114	50	70
114	50	71
114	50	72
114	50	73
114	50	74
114	50	75
114	50	76
114	51	63
114	51	64
114	51	65
114	51	66
114	51	67
114	51	68
114	51	69
114	51	70
114	51	71
114	51	72
114	51	73
114	51	74
114	51	75
114	51	76
114	52	61
114	52	62
114	52	63
114	52	64
114	52	65
114	52	66
114	52	67
114	52	68
114	52	69
114	52	70
114	52	71
114	52	72
114	52	73
114	52	74
114	52	75
114	52	76
114	53	60
114	53	61
114	53	62
114	53	63
114	53	64
114	53	65
114	53	66
114	53	67
114	53	68
114	53	69
114	53	70
114	53	71
114	53	72
114	53	73
114	53	74
114	53	75
114	54	61
114	54	62
114	54	63
114	54	64
114	54	65
114	54	66
114	54	67
114	54	68
114	54	69
114	54	70
114	54	71
114	54	72
114	54	73
114	54	74
114	54	75
114	55	62
114	55	63
114	55	64
114	55	65
114	55	66
114	55	67
114	55	68
114	55	69
114	55	70
114	55	71
114	55	72
114	55	73
114	55	74
114	55	75
114	56	63
114	56	64
114	56	65
114	56	66
114	56	67
114	56	68
114	56	69
114	56	70
114	56	71
114	56	72
114	56	73
114	56	74
114	57	64
114	57	65
114	57	66
114	57	67
114	57	68
114	57	69
114	57	70
114	57	71
114	57	72
114	57	73
114	58	64
114	58	65
114	58	66
114	58	67
114	58	68
114	58	69
114	58	70
114	58	71
114	58	72
114	59	64
114	59	65
114	59	66
114	59	67
114	59	68
114	59	69
114	59	70
114	59	71
114	59	72
114	60	65
114	60	66
114	60	67
114	60	68
114	60	69
114	60	70
114	60	71
114	60	72
114	60	73
114	60	74
114	61	65
114	61	66
114	61	67
114	61	68
114	61	69
114	61	70
114	61	71
114	61	72
114	61	73
114	61	74
114	61	75
114	62	66
114	62	67
114	62	68
114	62	69
114	62	70
114	62	71
114	62	72
114	62	73
114	62	74
114	62	75
114	63	66
114	63	67
114	63	68
114	63	69
114	63	70
114	63	71
114	63	72
114	63	73
114	63	74
114	63	75
114	64	65
114	64	66
114	64	67
114	64	68
114	64	69
114	64	70
114	64	71
114	64	72
114	64	73
114	64	74
114	65	68
114	65	69
114	65	70
114	65	71
114	65	72
114	65	73
114	65	74
114	66	69
114	66	70
114	66	71
115	45	65
115	45	66
115	46	64
115	46	65
115	46	66
115	46	67
115	46	68
115	47	64
115	47	65
115	47	66
115	47	67
115	47	68
115	47	69
115	47	70
115	47	71
115	47	72
115	48	65
115	48	66
115	48	67
115	48	68
115	48	69
115	48	70
115	48	71
115	48	72
115	48	73
115	48	74
115	48	75
115	49	65
115	49	66
115	49	67
115	49	68
115	49	69
115	49	70
115	49	71
115	49	72
115	49	73
115	49	74
115	49	75
115	49	76
115	50	64
115	50	65
115	50	66
115	50	67
115	50	68
115	50	69
115	50	70
115	50	71
115	50	72
115	50	73
115	50	74
115	50	75
115	50	76
115	51	60
115	51	61
115	51	62
115	51	63
115	51	64
115	51	65
115	51	66
115	51	67
115	51	68
115	51	69
115	51	70
115	51	71
115	51	72
115	51	73
115	51	74
115	51	75
115	52	59
115	52	60
115	52	61
115	52	62
115	52	63
115	52	64
115	52	65
115	52	66
115	52	67
115	52	68
115	52	69
115	52	70
115	52	71
115	52	72
115	52	73
115	52	74
115	52	75
115	53	60
115	53	61
115	53	62
115	53	63
115	53	64
115	53	65
115	53	66
115	53	67
115	53	68
115	53	69
115	53	70
115	53	71
115	53	72
115	53	73
115	53	74
115	53	75
115	54	61
115	54	62
115	54	63
115	54	64
115	54	65
115	54	66
115	54	67
115	54	68
115	54	69
115	54	70
115	54	71
115	54	72
115	54	73
115	54	74
115	55	62
115	55	63
115	55	64
115	55	65
115	55	66
115	55	67
115	55	68
115	55	69
115	55	70
115	55	71
115	55	72
115	55	73
115	55	74
115	56	63
115	56	64
115	56	65
115	56	66
115	56	67
115	56	68
115	56	69
115	56	70
115	56	71
115	56	72
115	56	73
115	57	64
115	57	65
115	57	66
115	57	67
115	57	68
115	57	69
115	57	70
115	57	71
115	58	64
115	58	65
115	58	66
115	58	67
115	58	68
115	58	69
115	58	70
115	58	71
115	59	65
115	59	66
115	59	67
115	59	68
115	59	69
115	59	70
115	60	65
115	60	66
115	60	67
115	60	68
115	60	69
115	61	66
115	61	67
115	61	68
115	62	66
115	62	67
116	45	65
116	46	65
116	46	66
116	46	67
116	47	66
116	47	67
116	47	68
116	47	69
116	48	66
116	48	67
116	48	68
116	48	69
116	48	70
116	48	71
116	48	72
116	49	65
116	49	66
116	49	67
116	49	68
116	49	69
116	49	70
116	49	71
116	49	72
116	49	73
116	49	74
116	50	59
116	50	60
116	50	61
116	50	62
116	50	63
116	50	64
116	50	65
116	50	66
116	50	67
116	50	68
116	50	69
116	50	70
116	50	71
116	50	72
116	50	73
116	50	74
116	50	75
116	51	58
116	51	59
116	51	60
116	51	61
116	51	62
116	51	63
116	51	64
116	51	65
116	51	66
116	51	67
116	51	68
116	51	69
116	51	70
116	51	71
116	51	72
116	51	73
116	51	74
116	51	75
116	52	59
116	52	60
116	52	61
116	52	62
116	52	63
116	52	64
116	52	65
116	52	66
116	52	67
116	52	68
116	52	69
116	52	70
116	52	71
116	52	72
116	52	73
116	52	74
116	52	75
116	53	60
116	53	61
116	53	62
116	53	63
116	53	64
116	53	65
116	53	66
116	53	67
116	53	68
116	53	69
116	53	70
116	53	71
116	53	72
116	53	73
116	53	74
116	54	61
116	54	62
116	54	63
116	54	64
116	54	65
116	54	66
116	54	67
116	54	68
116	54	69
116	54	70
116	54	71
116	54	72
116	54	73
116	54	74
116	55	62
116	55	63
116	55	64
116	55	65
116	55	66
116	55	67
116	55	68
116	55	69
116	55	70
116	55	71
116	55	72
116	55	73
116	56	63
116	56	64
116	56	65
116	56	66
116	56	67
116	56	68
116	56	69
116	56	70
116	56	71
116	57	63
116	57	64
116	57	65
116	57	66
116	57	67
116	57	68
116	57	69
116	57	70
116	58	63
116	58	64
116	58	65
116	58	66
116	58	67
116	58	68
116	58	69
116	59	65
116	59	66
116	59	67
116	59	68
116	60	66
116	60	67
117	48	66
117	48	67
117	48	68
117	49	60
117	49	61
117	49	62
117	49	63
117	49	64
117	49	65
117	49	66
117	49	67
117	49	68
117	49	69
117	49	70
117	50	59
117	50	60
117	50	61
117	50	62
117	50	63
117	50	64
117	50	65
117	50	66
117	50	67
117	50	68
117	50	69
117	50	70
117	50	71
117	51	60
117	51	61
117	51	62
117	51	63
117	51	64
117	51	65
117	51	66
117	51	67
117	51	68
117	51	69
117	51	70
117	51	71
117	51	72
117	51	73
117	52	61
117	52	62
117	52	63
117	52	64
117	52	65
117	52	66
117	52	67
117	52	68
117	52	69
117	52	70
117	52	71
117	52	72
117	52	73
117	53	60
117	53	61
117	53	62
117	53	63
117	53	64
117	53	65
117	53	66
117	53	67
117	53	68
117	53	69
117	53	70
117	53	71
117	53	72
117	53	73
117	54	61
117	54	62
117	54	63
117	54	64
117	54	65
117	54	66
117	54	67
117	54	68
117	54	69
117	54	70
117	54	71
117	54	72
117	54	73
117	55	62
117	55	63
117	55	64
117	55	65
117	55	66
117	55	67
117	55	68
117	55	69
117	55	70
117	55	71
117	56	62
117	56	63
117	56	64
117	56	65
117	56	66
117	56	67
117	56	68
117	56	69
117	56	70
117	57	62
117	57	63
117	57	64
117	57	65
117	57	66
117	57	67
117	57	68
117	57	69
117	58	64
117	58	65
117	58	66
117	58	67
117	59	64
117	59	65
118	48	61
118	48	62
118	48	63
118	48	64
118	49	60
118	49	61
118	49	62
118	49	63
118	49	64
118	49	65
118	50	61
118	50	62
118	50	63
118	50	64
118	50	65
118	50	66
118	50	67
118	51	62
118	51	63
118	51	64
118	51	65
118	51	66
118	51	67
118	51	68
118	51	69
118	52	61
118	52	62
118	52	63
118	52	64
118	52	65
118	52	66
118	52	67
118	52	68
118	52	69
118	52	70
118	53	62
118	53	63
118	53	64
118	53	65
118	53	66
118	53	67
118	53	68
118	53	69
118	53	70
118	53	71
118	54	63
118	54	64
118	54	65
118	54	66
118	54	67
118	54	68
118	54	69
118	54	70
118	55	63
118	55	64
118	55	65
118	55	66
118	55	67
118	55	68
118	55	69
118	55	70
118	56	63
118	56	64
119	47	62
119	48	61
119	48	62
119	48	63
119	49	62
119	49	63
119	50	63
119	51	62
119	51	63
119	52	63
