#i	j	k
0	98	119
0	99	119
0	99	120
0	100	119
0	100	120
0	100	121
0	101	119
0	101	120
0	101	121
0	101	122
0	102	119
0	102	120
0	102	121
0	102	122
0	102	123
0	103	119
0	103	120
0	103	121
0	103	122
0	103	123
0	103	124
0	103	125
0	104	119
0	104	120
0	104	121
0	104	122
0	104	123
0	104	124
0	104	125
0	104	126
0	105	118
0	105	119
0	105	120
0	105	121
0	105	122
0	105	123
0	105	124
0	105	125
0	105	126
0	105	127
0	106	118
0	106	119
0	106	120
0	106	121
0	106	122
0	106	123
0	106	124
0	106	125
0	106	126
0	107	118
0	107	119
0	107	120
0	107	121
0	107	122
0	107	123
0	107	124
0	107	125
0	107	126
0	107	127
0	108	118
0	108	119
0	108	120
0	108	121
0	108	122
0	108	123
0	108	124
0	108	125
0	108	126
0	108	127
0	109	117
0	109	118
0	109	119
0	109	120
0	109	121
0	109	122
0	109	123
0	109	124
0	109	125
0	109	126
0	109	127
0	110	117
0	110	118
0	110	119
0	110	120
0	110	121
0	110	122
0	110	123
0	110	124
0	110	125
0	110	126
0	111	117
0	111	118
0	111	119
0	111	120
0	111	121
0	111	122
0	111	123
0	111	124
0	111	125
0	111	126
0	112	117
0	112	118
0	112	119
0	112	120
0	112	121
0	112	122
0	112	123
0	112	124
0	112	125
0	112	126
0	113	117
0	113	118
0	113	119
0	113	120
0	113	121
0	113	122
0	113	123
0	113	124
0	113	125
0	113	126
0	113	127
0	114	118
0	114	119
0	114	120
0	114	121
0	114	122
0	114	123
0	114	124
0	114	125
0	114	126
0	114	127
0	115	119
0	115	120
0	115	121
0	115	122
0	115	123
0	115	124
0	115	125
0	115	126
0	115	127
0	116	0
0	116	120
0	116	121
0	116	122
0	116	123
0	116	124
0	116	125
0	116	126
0	116	127
0	117	0
0	117	121
0	117	122
0	117	123
0	117	124
0	117	125
0	117	126
0	117	127
0	118	0
0	118	122
0	118	123
0	118	124
0	118	125
0	118	126
0	118	127
0	119	0
0	119	123
0	119	124
0	119	125
0	119	126
0	119	127
0	120	0
0	120	124
0	120	125
0	120	126
0	120	127
0	121	125
0	121	126
1	97	118
1	98	119
1	99	119
1	99	120
1	100	119
1	100	120
1	100	121
1	101	119
1	101	120
1	101	121
1	101	122
1	102	119
1	102	120
1	102	121
1	102	122
1	102	123
1	103	119
1	103	120
1	103	121
1	103	122
1	103	123
1	103	124
1	103	125
1	104	118
1	104	119
1	104	120
1	104	121
1	104	122
1	104	123
1	104	124
1	104	125
1	104	126
1	105	117
1	105	118
1	105	119
1	105	120
1	105	121
1	105	122
1	105	123
1	105	124
1	105	125
1	105	126
1	105	127
1	106	117
1	106	118
1	106	119
1	106	120
1	106	121
1	106	122
1	106	123
1	106	124
1	106	125
1	106	126
1	107	117
1	107	118
1	107	119
1	107	120
1	107	121
1	107	122
1	107	123
1	107	124
1	107	125
1	107	126
1	107	127
1	108	117
1	108	118
1	108	119
1	108	120
1	108	121
1	108	122
1	108	123
1	108	124
1	108	125
1	108	126
1	108	127
1	109	117
1	109	118
1	109	119
1	109	120
1	109	121
1	109	122
1	109	123
1	109	124
1	109	125
1	109	126
1	109	127
1	110	0
1	110	117
1	110	118
1	110	119
1	110	120
1	110	121
1	110	122
1	110	123
1	110	124
1	110	125
1	110	126
1	110	127
1	111	0
1	111	117
1	111	118
1	111	119
1	111	120
1	111	121
1	111	122
1	111	123
1	111	124
1	111	125
1	111	126
1	111	127
1	112	0
1	112	116
1	112	117
1	112	118
1	112	119
1	112	120
1	112	121
1	112	122
1	112	123
1	112	124
1	112	125
1	112	126
1	112	127
1	113	0
1	113	117
1	113	118
1	113	119
1	113	120
1	113	121
1	113	122
1	113	123
1	113	124
1	113	125
1	113	126
1	113	127
1	114	0
1	114	118
1	114	119
1	114	120
1	114	121
1	114	122
1	114	123
1	114	124
1	114	125
1	114	126
1	114	127
1	115	0
1	115	119
1	115	120
1	115	121
1	115	122
1	115	123
1	115	124
1	115	125
1	115	126
1	115	127
1	116	120
1	116	121
1	116	122
1	116	123
1	116	124
1	116	125
1	116	126
1	116	127
1	117	121
1	117	122
1	117	123
1	117	124
1	117	125
1	117	126
1	117	127
1	118	122
1	118	123
1	118	124
1	118	125
1	118	126
1	118	127
1	119	123
1	119	124
1	119	125
1	119	126
1	119	127
1	120	124
1	120	125
1	120	126
1	120	127
1	121	125
1	121	126
2	97	118
2	98	118
2	98	119
2	99	118
2	99	119
2	99	120
2	100	118
2	100	119
2	100	120
2	100	121
2	101	118
2	101	119
2	101	120
2	101	121
2	101	122
2	102	118
2	102	119
2	102	120
2	102	121
2	102	122
2	102	123
2	103	117
2	103	118
2	103	119
2	103	120
2	103	121
2	103	122
2	103	123
2	103	124
2	103	125
2	104	116
2	104	117
2	104	118
2	104	119
2	104	120
2	104	121
2	104	122
2	104	123
2	104	124
2	104	125
2	104	126
2	105	116
2	105	117
2	105	118
2	105	119
2	105	120
2	105	121
2	105	122
2	105	123
2	105	124
2	105	125
2	105	126
2	105	127
2	106	116
2	106	117
2	106	118
2	106	119
2	106	120
2	106	121
2	106	122
2	106	123
2	106	124
2	106	125
2	106	126
2	106	127
2	107	116
2	107	117
2	107	118
2	107	119
2	107	120
2	107	121
2	107	122
2	107	123
2	107	124
2	107	125
2	107	126
2	107	127
2	108	116
2	108	117
2	108	118
2	108	119
2	108	120
2	108	121
2	108	122
2	108	123
2	108	124
2	108	125
2	108	126
2	108	127
2	109	116
2	109	117
2	109	118
2	109	119
2	109	120
2	109	121
2	109	122
2	109	123
2	109	124
2	109	125
2	109	126
2	109	127
2	110	0
2	110	116
2	110	117
2	110	118
2	110	119
2	110	120
2	110	121
2	110	122
2	110	123
2	110	124
2	110	125
2	110	126
2	110	127
2	111	0
2	111	116
2	111	117
2	111	118
2	111	119
2	111	120
2	111	121
2	111	122
2	111	123
2	111	124
2	111	125
2	111	126
2	111	127
2	112	0
2	112	116
2	112	117
2	112	118
2	112	119
2	112	120
2	112	121
2	112	122
2	112	123
2	112	124
2	112	125
2	112	126
2	112	127
2	113	0
2	113	117
2	113	118
2	113	119
2	113	120
2	113	121
2	113	122
2	113	123
2	113	124
2	113	125
2	113	126
2	113	127
2	114	0
2	114	118
2	114	119
2	114	120
2	114	121
2	114	122
2	114	123
2	114	124
2	114	125
2	114	126
2	114	127
2	115	0
2	115	119
2	115	120
2	115	121
2	115	122
2	115	123
2	115	124
2	115	125
2	115	126
2	115	127
2	116	119
2	116	120
2	116	121
2	116	122
2	116	123
2	116	124
2	116	125
2	116	126
2	116	127
2	117	121
2	117	122
2	117	123
2	117	124
2	117	125
2	117	126
2	117	127
2	118	122
2	118	123
2	118	124
2	118	125
2	118	126
2	118	127
2	119	123
2	119	124
2	119	125
2	119	126
2	119	127
2	120	124
2	120	125
2	120	126
2	121	124
2	121	125
2	121	126
3	96	117
3	97	117
3	97	118
3	98	118
3	98	119
3	99	118
3	99	119
3	99	120
3	100	118
3	100	119
3	100	120
3	100	121
3	101	117
3	101	118
3	101	119
3	101	120
3	101	121
3	101	122
3	102	116
3	102	117
3	102	118
3	102	119
3	102	120
3	102	121
3	102	122
3	102	123
3	102	124
3	103	116
3	103	117
3	103	118
3	103	119
3	103	120
3	103	121
3	103	122
3	103	123
3	103	124
3	104	116
3	104	117
3	104	118
3	104	119
3	104	120
3	104	121
3	104	122
3	104	123
3	104	124
3	104	125
3	104	126
3	105	116
3	105	117
3	105	118
3	105	119
3	105	120
3	105	121
3	105	122
3	105	123
3	105	124
3	105	125
3	105	126
3	105	127
3	106	115
3	106	116
3	106	117
3	106	118
3	106	119
3	106	120
3	106	121
3	106	122
3	106	123
3	106	124
3	106	125
3	106	126
3	106	127
3	107	115
3	107	116
3	107	117
3	107	118
3	107	119
3	107	120
3	107	121
3	107	122
3	107	123
3	107	124
3	107	125
3	107	126
3	107	127
3	108	115
3	108	116
3	108	117
3	108	118
3	108	119
3	108	120
3	108	121
3	108	122
3	108	123
3	108	124
3	108	125
3	108	126
3	108	127
3	109	115
3	109	116
3	109	117
3	109	118
3	109	119
3	109	120
3	109	121
3	109	122
3	109	123
3	109	124
3	109	125
3	109	126
3	109	127
3	110	0
3	110	115
3	110	116
3	110	117
3	110	118
3	110	119
3	110	120
3	110	121
3	110	122
3	110	123
3	110	124
3	110	125
3	110	126
3	110	127
3	111	0
3	111	115
3	111	116
3	111	117
3	111	118
3	111	119
3	111	120
3	111	121
3	111	122
3	111	123
3	111	124
3	111	125
3	111	126
3	111	127
3	112	0
3	112	116
3	112	117
3	112	118
3	112	119
3	112	120
3	112	121
3	112	122
3	112	123
3	112	124
3	112	125
3	112	126
3	112	127
3	113	0
3	113	117
3	113	118
3	113	119
3	113	120
3	113	121
3	113	122
3	113	123
3	113	124
3	113	125
3	113	126
3	113	127
3	114	0
3	114	118
3	114	119
3	114	120
3	114	121
3	114	122
3	114	123
3	114	124
3	114	125
3	114	126
3	114	127
3	115	0
3	115	118
3	115	119
3	115	120
3	115	121
3	115	122
3	115	123
3	115	124
3	115	125
3	115	126
3	115	127
3	116	118
3	116	119
3	116	120
3	116	121
3	116	122
3	116	123
3	116	124
3	116	125
3	116	126
3	116	127
3	117	118
3	117	119
3	117	120
3	117	121
3	117	122
3	117	123
3	117	124
3	117	125
3	117	126
3	117	127
3	118	122
3	118	123
3	118	124
3	118	125
3	118	126
3	118	127
3	119	123
3	119	124
3	119	125
3	119	126
3	119	127
3	120	123
3	120	124
3	120	125
3	120	126
3	121	124
3	121	125
3	121	126
3	122	125
4	97	118
4	98	118
4	98	119
4	99	118
4	99	119
4	99	120
4	100	118
4	100	119
4	100	120
4	100	121
4	100	122
4	101	117
4	101	118
4	101	119
4	101	120
4	101	121
4	101	122
4	101	123
4	102	117
4	102	118
4	102	119
4	102	120
4	102	121
4	102	122
4	102	123
4	103	116
4	103	117
4	103	118
4	103	119
4	103	120
4	103	121
4	103	122
4	103	123
4	103	124
4	104	116
4	104	117
4	104	118
4	104	119
4	104	120
4	104	121
4	104	122
4	104	123
4	104	124
4	104	125
4	105	116
4	105	117
4	105	118
4	105	119
4	105	120
4	105	121
4	105	122
4	105	123
4	105	124
4	105	125
4	105	126
4	106	116
4	106	117
4	106	118
4	106	119
4	106	120
4	106	121
4	106	122
4	106	123
4	106	124
4	106	125
4	106	126
4	107	115
4	107	116
4	107	117
4	107	118
4	107	119
4	107	120
4	107	121
4	107	122
4	107	123
4	107	124
4	107	125
4	107	126
4	107	127
4	108	0
4	108	115
4	108	116
4	108	117
4	108	118
4	108	119
4	108	120
4	108	121
4	108	122
4	108	123
4	108	124
4	108	125
4	108	126
4	108	127
4	109	0
4	109	115
4	109	116
4	109	117
4	109	118
4	109	119
4	109	120
4	109	121
4	109	122
4	109	123
4	109	124
4	109	125
4	109	126
4	109	127
4	110	0
4	110	115
4	110	116
4	110	117
4	110	118
4	110	119
4	110	120
4	110	121
4	110	122
4	110	123
4	110	124
4	110	125
4	110	126
4	110	127
4	111	0
4	111	1
4	111	115
4	111	116
4	111	117
4	111	118
4	111	119
4	111	120
4	111	121
4	111	122
4	111	123
4	111	124
4	111	125
4	111	126
4	111	127
4	112	0
4	112	1
4	112	116
4	112	117
4	112	118
4	112	119
4	112	120
4	112	121
4	112	122
4	112	123
4	112	124
4	112	125
4	112	126
4	112	127
4	113	0
4	113	1
4	113	117
4	113	118
4	113	119
4	113	120
4	113	121
4	113	122
4	113	123
4	113	124
4	113	125
4	113	126
4	113	127
4	114	0
4	114	117
4	114	118
4	114	119
4	114	120
4	114	121
4	114	122
4	114	123
4	114	124
4	114	125
4	114	126
4	114	127
4	115	117
4	115	118
4	115	119
4	115	120
4	115	121
4	115	122
4	115	123
4	115	124
4	115	125
4	115	126
4	115	127
4	116	117
4	116	118
4	116	119
4	116	120
4	116	121
4	116	122
4	116	123
4	116	124
4	116	125
4	116	126
4	116	127
4	117	118
4	117	119
4	117	120
4	117	121
4	117	122
4	117	123
4	117	124
4	117	125
4	117	126
4	117	127
4	118	118
4	118	119
4	118	120
4	118	121
4	118	122
4	118	123
4	118	124
4	118	125
4	118	126
4	118	127
4	119	122
4	119	123
4	119	124
4	119	125
4	119	126
4	120	123
4	120	124
4	120	125
4	120	126
4	121	124
4	121	125
4	121	126
4	122	125
5	97	118
5	98	118
5	98	119
5	99	118
5	99	119
5	99	120
5	100	118
5	100	119
5	100	120
5	100	121
5	100	122
5	101	118
5	101	119
5	101	120
5	101	121
5	101	122
5	101	123
5	102	118
5	102	119
5	102	120
5	102	121
5	102	122
5	102	123
5	103	117
5	103	118
5	103	119
5	103	120
5	103	121
5	103	122
5	103	123
5	103	124
5	104	117
5	104	118
5	104	119
5	104	120
5	104	121
5	104	122
5	104	123
5	104	124
5	105	116
5	105	117
5	105	118
5	105	119
5	105	120
5	105	121
5	105	122
5	105	123
5	105	124
5	105	125
5	106	116
5	106	117
5	106	118
5	106	119
5	106	120
5	106	121
5	106	122
5	106	123
5	106	124
5	106	125
5	106	126
5	107	116
5	107	117
5	107	118
5	107	119
5	107	120
5	107	121
5	107	122
5	107	123
5	107	124
5	107	125
5	107	126
5	107	127
5	108	0
5	108	115
5	108	116
5	108	117
5	108	118
5	108	119
5	108	120
5	108	121
5	108	122
5	108	123
5	108	124
5	108	125
5	108	126
5	108	127
5	109	0
5	109	1
5	109	2
5	109	3
5	109	115
5	109	116
5	109	117
5	109	118
5	109	119
5	109	120
5	109	121
5	109	122
5	109	123
5	109	124
5	109	125
5	109	126
5	109	127
5	110	0
5	110	1
5	110	2
5	110	3
5	110	115
5	110	116
5	110	117
5	110	118
5	110	119
5	110	120
5	110	121
5	110	122
5	110	123
5	110	124
5	110	125
5	110	126
5	110	127
5	111	0
5	111	1
5	111	2
5	111	115
5	111	116
5	111	117
5	111	118
5	111	119
5	111	120
5	111	121
5	111	122
5	111	123
5	111	124
5	111	125
5	111	126
5	111	127
5	112	0
5	112	1
5	112	2
5	112	115
5	112	116
5	112	117
5	112	118
5	112	119
5	112	120
5	112	121
5	112	122
5	112	123
5	112	124
5	112	125
5	112	126
5	112	127
5	113	0
5	113	1
5	113	116
5	113	117
5	113	118
5	113	119
5	113	120
5	113	121
5	113	122
5	113	123
5	113	124
5	113	125
5	113	126
5	113	127
5	114	0
5	114	117
5	114	118
5	114	119
5	114	120
5	114	121
5	114	122
5	114	123
5	114	124
5	114	125
5	114	126
5	114	127
5	115	117
5	115	118
5	115	119
5	115	120
5	115	121
5	115	122
5	115	123
5	115	124
5	115	125
5	115	126
5	115	127
5	116	118
5	116	119
5	116	120
5	116	121
5	116	122
5	116	123
5	116	124
5	116	125
5	116	126
5	116	127
5	117	118
5	117	119
5	117	120
5	117	121
5	117	122
5	117	123
5	117	124
5	117	125
5	117	126
5	117	127
5	118	121
5	118	122
5	118	123
5	118	124
5	118	125
5	118	126
5	118	127
5	119	122
5	119	123
5	119	124
5	119	125
5	119	126
5	119	127
5	120	123
5	120	124
5	120	125
5	120	126
5	121	124
5	121	125
5	121	126
5	122	125
6	97	118
6	98	118
6	98	119
6	99	118
6	99	119
6	99	120
6	100	118
6	100	119
6	100	120
6	100	121
6	100	122
6	100	123
6	100	124
6	101	118
6	101	119
6	101	120
6	101	121
6	101	122
6	101	123
6	101	124
6	101	125
6	102	118
6	102	119
6	102	120
6	102	121
6	102	122
6	102	123
6	102	124
6	102	125
6	103	118
6	103	119
6	103	120
6	103	121
6	103	122
6	103	123
6	103	124
6	103	125
6	103	126
6	104	117
6	104	118
6	104	119
6	104	120
6	104	121
6	104	122
6	104	123
6	104	124
6	104	125
6	104	126
6	105	116
6	105	117
6	105	118
6	105	119
6	105	120
6	105	121
6	105	122
6	105	123
6	105	124
6	105	125
6	105	126
6	105	127
6	106	0
6	106	116
6	106	117
6	106	118
6	106	119
6	106	120
6	106	121
6	106	122
6	106	123
6	106	124
6	106	125
6	106	126
6	106	127
6	107	0
6	107	1
6	107	2
6	107	3
6	107	116
6	107	117
6	107	118
6	107	119
6	107	120
6	107	121
6	107	122
6	107	123
6	107	124
6	107	125
6	107	126
6	107	127
6	108	0
6	108	1
6	108	2
6	108	3
6	108	115
6	108	116
6	108	117
6	108	118
6	108	119
6	108	120
6	108	121
6	108	122
6	108	123
6	108	124
6	108	125
6	108	126
6	108	127
6	109	0
6	109	1
6	109	2
6	109	3
6	109	115
6	109	116
6	109	117
6	109	118
6	109	119
6	109	120
6	109	121
6	109	122
6	109	123
6	109	124
6	109	125
6	109	126
6	109	127
6	110	0
6	110	1
6	110	2
6	110	3
6	110	115
6	110	116
6	110	117
6	110	118
6	110	119
6	110	120
6	110	121
6	110	122
6	110	123
6	110	124
6	110	125
6	110	126
6	110	127
6	111	0
6	111	1
6	111	2
6	111	3
6	111	115
6	111	116
6	111	117
6	111	118
6	111	119
6	111	120
6	111	121
6	111	122
6	111	123
6	111	124
6	111	125
6	111	126
6	111	127
6	112	0
6	112	1
6	112	2
6	112	114
6	112	115
6	112	116
6	112	117
6	112	118
6	112	119
6	112	120
6	112	121
6	112	122
6	112	123
6	112	124
6	112	125
6	112	126
6	112	127
6	113	0
6	113	1
6	113	2
6	113	116
6	113	117
6	113	118
6	113	119
6	113	120
6	113	121
6	113	122
6	113	123
6	113	124
6	113	125
6	113	126
6	113	127
6	114	0
6	114	117
6	114	118
6	114	119
6	114	120
6	114	121
6	114	122
6	114	123
6	114	124
6	114	125
6	114	126
6	114	127
6	115	0
6	115	118
6	115	119
6	115	120
6	115	121
6	115	122
6	115	123
6	115	124
6	115	125
6	115	126
6	115	127
6	116	121
6	116	122
6	116	123
6	116	124
6	116	125
6	116	126
6	116	127
6	117	121
6	117	122
6	117	123
6	117	124
6	117	125
6	117	126
6	117	127
6	118	121
6	118	122
6	118	123
6	118	124
6	118	125
6	118	126
6	118	127
6	119	122
6	119	123
6	119	124
6	119	125
6	119	126
6	119	127
6	120	123
6	120	124
6	120	125
6	120	126
6	121	124
6	121	125
6	121	126
6	122	125
7	98	119
7	98	120
7	98	121
7	98	122
7	98	123
7	98	124
7	98	125
7	99	119
7	99	120
7	99	121
7	99	122
7	99	123
7	99	124
7	99	125
7	99	126
7	100	119
7	100	120
7	100	121
7	100	122
7	100	123
7	100	124
7	100	125
7	100	126
7	101	118
7	101	119
7	101	120
7	101	121
7	101	122
7	101	123
7	101	124
7	101	125
7	101	126
7	101	127
7	102	119
7	102	120
7	102	121
7	102	122
7	102	123
7	102	124
7	102	125
7	102	126
7	102	127
7	103	117
7	103	118
7	103	119
7	103	120
7	103	121
7	103	122
7	103	123
7	103	124
7	103	125
7	103	126
7	103	127
7	104	0
7	104	116
7	104	117
7	104	118
7	104	119
7	104	120
7	104	121
7	104	122
7	104	123
7	104	124
7	104	125
7	104	126
7	104	127
7	105	0
7	105	1
7	105	2
7	105	116
7	105	117
7	105	118
7	105	119
7	105	120
7	105	121
7	105	122
7	105	123
7	105	124
7	105	125
7	105	126
7	105	127
7	106	0
7	106	1
7	106	2
7	106	3
7	106	115
7	106	116
7	106	117
7	106	118
7	106	119
7	106	120
7	106	121
7	106	122
7	106	123
7	106	124
7	106	125
7	106	126
7	106	127
7	107	0
7	107	1
7	107	2
7	107	3
7	107	4
7	107	115
7	107	116
7	107	117
7	107	118
7	107	119
7	107	120
7	107	121
7	107	122
7	107	123
7	107	124
7	107	125
7	107	126
7	107	127
7	108	0
7	108	1
7	108	2
7	108	3
7	108	114
7	108	115
7	108	116
7	108	117
7	108	118
7	108	119
7	108	120
7	108	121
7	108	122
7	108	123
7	108	124
7	108	125
7	108	126
7	108	127
7	109	0
7	109	1
7	109	2
7	109	3
7	109	115
7	109	116
7	109	117
7	109	118
7	109	119
7	109	120
7	109	121
7	109	122
7	109	123
7	109	124
7	109	125
7	109	126
7	109	127
7	110	0
7	110	1
7	110	2
7	110	115
7	110	116
7	110	117
7	110	118
7	110	119
7	110	120
7	110	121
7	110	122
7	110	123
7	110	124
7	110	125
7	110	126
7	110	127
7	111	0
7	111	1
7	111	2
7	111	114
7	111	115
7	111	116
7	111	117
7	111	118
7	111	119
7	111	120
7	111	121
7	111	122
7	111	123
7	111	124
7	111	125
7	111	126
7	111	127
7	112	0
7	112	1
7	112	2
7	112	113
7	112	114
7	112	115
7	112	116
7	112	117
7	112	118
7	112	119
7	112	120
7	112	121
7	112	122
7	112	123
7	112	124
7	112	125
7	112	126
7	112	127
7	113	0
7	113	1
7	113	2
7	113	114
7	113	115
7	113	116
7	113	117
7	113	118
7	113	119
7	113	120
7	113	121
7	113	122
7	113	123
7	113	124
7	113	125
7	113	126
7	113	127
7	114	0
7	114	1
7	114	117
7	114	118
7	114	119
7	114	120
7	114	121
7	114	122
7	114	123
7	114	124
7	114	125
7	114	126
7	114	127
7	115	0
7	115	1
7	115	122
7	115	123
7	115	124
7	115	125
7	115	126
7	115	127
7	116	0
7	116	122
7	116	123
7	116	124
7	116	125
7	116	126
7	116	127
7	117	122
7	117	123
7	117	124
7	117	125
7	117	126
7	117	127
7	118	122
7	118	123
7	118	124
7	118	125
7	118	126
7	118	127
7	119	122
7	119	123
7	119	124
7	119	125
7	119	126
7	119	127
7	120	123
7	120	124
7	120	125
7	120	126
7	120	127
7	121	124
7	121	125
7	121	126
7	122	125
7	122	126
8	96	119
8	96	120
8	96	121
8	97	119
8	97	120
8	97	121
8	97	122
8	97	123
8	97	124
8	97	125
8	97	126
8	98	118
8	98	119
8	98	120
8	98	121
8	98	122
8	98	123
8	98	124
8	98	125
8	98	126
8	99	118
8	99	119
8	99	120
8	99	121
8	99	122
8	99	123
8	99	124
8	99	125
8	99	126
8	99	127
8	100	118
8	100	119
8	100	120
8	100	121
8	100	122
8	100	123
8	100	124
8	100	125
8	100	126
8	100	127
8	101	118
8	101	119
8	101	120
8	101	121
8	101	122
8	101	123
8	101	124
8	101	125
8	101	126
8	101	127
8	102	0
8	102	117
8	102	118
8	102	119
8	102	120
8	102	121
8	102	122
8	102	123
8	102	124
8	102	125
8	102	126
8	102	127
8	103	0
8	103	117
8	103	118
8	103	119
8	103	120
8	103	121
8	103	122
8	103	123
8	103	124
8	103	125
8	103	126
8	103	127
8	104	0
8	104	1
8	104	116
8	104	117
8	104	118
8	104	119
8	104	120
8	104	121
8	104	122
8	104	123
8	104	124
8	104	125
8	104	126
8	104	127
8	105	0
8	105	1
8	105	2
8	105	3
8	105	4
8	105	115
8	105	116
8	105	117
8	105	118
8	105	119
8	105	120
8	105	121
8	105	122
8	105	123
8	105	124
8	105	125
8	105	126
8	105	127
8	106	0
8	106	1
8	106	2
8	106	3
8	106	4
8	106	115
8	106	116
8	106	117
8	106	118
8	106	119
8	106	120
8	106	121
8	106	122
8	106	123
8	106	124
8	106	125
8	106	126
8	106	127
8	107	0
8	107	1
8	107	2
8	107	3
8	107	4
8	107	114
8	107	115
8	107	116
8	107	117
8	107	118
8	107	119
8	107	120
8	107	121
8	107	122
8	107	123
8	107	124
8	107	125
8	107	126
8	107	127
8	108	0
8	108	1
8	108	2
8	108	3
8	108	114
8	108	115
8	108	116
8	108	117
8	108	118
8	108	119
8	108	120
8	108	121
8	108	122
8	108	123
8	108	124
8	108	125
8	108	126
8	108	127
8	109	0
8	109	1
8	109	2
8	109	113
8	109	114
8	109	115
8	109	116
8	109	117
8	109	118
8	109	119
8	109	120
8	109	121
8	109	122
8	109	123
8	109	124
8	109	125
8	109	126
8	109	127
8	110	0
8	110	1
8	110	2
8	110	114
8	110	115
8	110	116
8	110	117
8	110	118
8	110	119
8	110	120
8	110	121
8	110	122
8	110	123
8	110	124
8	110	125
8	110	126
8	110	127
8	111	0
8	111	1
8	111	113
8	111	114
8	111	115
8	111	116
8	111	117
8	111	118
8	111	119
8	111	120
8	111	121
8	111	122
8	111	123
8	111	124
8	111	125
8	111	126
8	111	127
8	112	0
8	112	1
8	112	112
8	112	113
8	112	114
8	112	115
8	112	116
8	112	117
8	112	118
8	112	119
8	112	120
8	112	121
8	112	122
8	112	123
8	112	124
8	112	125
8	112	126
8	112	127
8	113	0
8	113	1
8	113	112
8	113	113
8	113	114
8	113	115
8	113	116
8	113	117
8	113	118
8	113	119
8	113	120
8	113	121
8	113	122
8	113	123
8	113	124
8	113	125
8	113	126
8	113	127
8	114	0
8	114	1
8	114	112
8	114	113
8	114	115
8	114	116
8	114	117
8	114	123
8	114	124
8	114	125
8	114	126
8	114	127
8	115	0
8	115	113
8	115	123
8	115	124
8	115	125
8	115	126
8	115	127
8	116	113
8	116	123
8	116	124
8	116	125
8	116	126
8	117	123
8	117	124
8	117	125
8	117	126
8	118	123
8	118	124
8	118	125
8	118	126
8	118	127
8	119	123
8	119	124
8	119	125
8	119	126
8	119	127
8	120	123
8	120	124
8	120	125
8	120	126
8	120	127
8	121	124
8	121	125
8	121	126
8	121	127
8	122	125
8	122	126
9	94	121
9	95	119
9	95	120
9	95	121
9	96	119
9	96	120
9	96	121
9	96	122
9	96	123
9	96	124
9	96	125
9	96	126
9	96	127
9	97	119
9	97	120
9	97	121
9	97	122
9	97	123
9	97	124
9	97	125
9	97	126
9	97	127
9	98	118
9	98	119
9	98	120
9	98	121
9	98	122
9	98	123
9	98	124
9	98	125
9	98	126
9	98	127
9	99	118
9	99	119
9	99	120
9	99	121
9	99	122
9	99	123
9	99	124
9	99	125
9	99	126
9	99	127
9	100	0
9	100	118
9	100	119
9	100	120
9	100	121
9	100	122
9	100	123
9	100	124
9	100	125
9	100	126
9	100	127
9	101	0
9	101	117
9	101	118
9	101	119
9	101	120
9	101	121
9	101	122
9	101	123
9	101	124
9	101	125
9	101	126
9	101	127
9	102	0
9	102	117
9	102	118
9	102	119
9	102	120
9	102	121
9	102	122
9	102	123
9	102	124
9	102	125
9	102	126
9	102	127
9	103	0
9	103	1
9	103	116
9	103	117
9	103	118
9	103	119
9	103	120
9	103	121
9	103	122
9	103	123
9	103	124
9	103	125
9	103	126
9	103	127
9	104	0
9	104	1
9	104	2
9	104	115
9	104	116
9	104	117
9	104	118
9	104	119
9	104	120
9	104	121
9	104	122
9	104	123
9	104	124
9	104	125
9	104	126
9	104	127
9	105	0
9	105	1
9	105	2
9	105	3
9	105	4
9	105	115
9	105	116
9	105	117
9	105	118
9	105	119
9	105	120
9	105	121
9	105	122
9	105	123
9	105	124
9	105	125
9	105	126
9	105	127
9	106	0
9	106	1
9	106	2
9	106	3
9	106	4
9	106	115
9	106	116
9	106	117
9	106	118
9	106	119
9	106	120
9	106	121
9	106	122
9	106	123
9	106	124
9	106	125
9	106	126
9	106	127
9	107	0
9	107	1
9	107	2
9	107	3
9	107	114
9	107	115
9	107	116
9	107	117
9	107	118
9	107	119
9	107	120
9	107	121
9	107	122
9	107	123
9	107	124
9	107	125
9	107	126
9	107	127
9	108	0
9	108	1
9	108	2
9	108	3
9	108	114
9	108	115
9	108	116
9	108	117
9	108	118
9	108	119
9	108	120
9	108	121
9	108	122
9	108	123
9	108	124
9	108	125
9	108	126
9	108	127
9	109	0
9	109	1
9	109	2
9	109	113
9	109	114
9	109	115
9	109	116
9	109	117
9	109	118
9	109	119
9	109	120
9	109	121
9	109	122
9	109	123
9	109	124
9	109	125
9	109	126
9	109	127
9	110	0
9	110	1
9	110	113
9	110	114
9	110	115
9	110	116
9	110	117
9	110	118
9	110	119
9	110	120
9	110	121
9	110	122
9	110	123
9	110	124
9	110	125
9	110	126
9	110	127
9	111	0
9	111	1
9	111	113
9	111	114
9	111	115
9	111	116
9	111	117
9	111	118
9	111	119
9	111	120
9	111	121
9	111	122
9	111	123
9	111	124
9	111	125
9	111	126
9	111	127
9	112	0
9	112	1
9	112	112
9	112	113
9	112	114
9	112	115
9	112	116
9	112	117
9	112	118
9	112	119
9	112	120
9	112	121
9	112	122
9	112	123
9	112	124
9	112	125
9	112	126
9	112	127
9	113	0
9	113	112
9	113	113
9	113	114
9	113	115
9	113	116
9	113	117
9	113	118
9	113	119
9	113	120
9	113	121
9	113	122
9	113	123
9	113	124
9	113	125
9	113	126
9	113	127
9	114	0
9	114	112
9	114	113
9	114	114
9	114	115
9	114	116
9	114	117
9	114	118
9	114	119
9	114	120
9	114	121
9	114	122
9	114	123
9	114	124
9	114	125
9	114	126
9	114	127
9	115	112
9	115	113
9	115	114
9	115	123
9	115	124
9	115	125
9	115	126
9	115	127
9	116	112
9	116	113
9	116	124
9	116	125
9	116	126
9	117	124
9	117	125
9	117	126
9	118	124
9	118	125
9	118	126
9	119	124
9	119	125
9	119	126
9	120	124
9	120	125
9	120	126
9	121	124
9	121	125
9	121	126
9	122	125
9	122	126
10	93	121
10	94	120
10	94	121
10	95	0
10	95	119
10	95	120
10	95	121
10	95	122
10	95	123
10	95	124
10	95	125
10	95	126
10	95	127
10	96	0
10	96	119
10	96	120
10	96	121
10	96	122
10	96	123
10	96	124
10	96	125
10	96	126
10	96	127
10	97	0
10	97	119
10	97	120
10	97	121
10	97	122
10	97	123
10	97	124
10	97	125
10	97	126
10	97	127
10	98	0
10	98	118
10	98	119
10	98	120
10	98	121
10	98	122
10	98	123
10	98	124
10	98	125
10	98	126
10	98	127
10	99	0
10	99	118
10	99	119
10	99	120
10	99	121
10	99	122
10	99	123
10	99	124
10	99	125
10	99	126
10	99	127
10	100	0
10	100	117
10	100	118
10	100	119
10	100	120
10	100	121
10	100	122
10	100	123
10	100	124
10	100	125
10	100	126
10	100	127
10	101	0
10	101	1
10	101	117
10	101	118
10	101	119
10	101	120
10	101	121
10	101	122
10	101	123
10	101	124
10	101	125
10	101	126
10	101	127
10	102	0
10	102	1
10	102	116
10	102	117
10	102	118
10	102	119
10	102	120
10	102	121
10	102	122
10	102	123
10	102	124
10	102	125
10	102	126
10	102	127
10	103	0
10	103	1
10	103	2
10	103	116
10	103	117
10	103	118
10	103	119
10	103	120
10	103	121
10	103	122
10	103	123
10	103	124
10	103	125
10	103	126
10	103	127
10	104	0
10	104	1
10	104	2
10	104	3
10	104	4
10	104	115
10	104	116
10	104	117
10	104	118
10	104	119
10	104	120
10	104	121
10	104	122
10	104	123
10	104	124
10	104	125
10	104	126
10	104	127
10	105	0
10	105	1
10	105	2
10	105	3
10	105	4
10	105	115
10	105	116
10	105	117
10	105	118
10	105	119
10	105	120
10	105	121
10	105	122
10	105	123
10	105	124
10	105	125
10	105	126
10	105	127
10	106	0
10	106	1
10	106	2
10	106	3
10	106	114
10	106	115
10	106	116
10	106	117
10	106	118
10	106	119
10	106	120
10	106	121
10	106	122
10	106	123
10	106	124
10	106	125
10	106	126
10	106	127
10	107	0
10	107	1
10	107	2
10	107	3
10	107	114
10	107	115
10	107	116
10	107	117
10	107	118
10	107	119
10	107	120
10	107	121
10	107	122
10	107	123
10	107	124
10	107	125
10	107	126
10	107	127
10	108	0
10	108	1
10	108	2
10	108	114
10	108	115
10	108	116
10	108	117
10	108	118
10	108	119
10	108	120
10	108	121
10	108	122
10	108	123
10	108	124
10	108	125
10	108	126
10	108	127
10	109	0
10	109	1
10	109	2
10	109	113
10	109	114
10	109	115
10	109	116
10	109	117
10	109	118
10	109	119
10	109	120
10	109	121
10	109	122
10	109	123
10	109	124
10	109	125
10	109	126
10	109	127
10	110	0
10	110	1
10	110	113
10	110	114
10	110	115
10	110	116
10	110	117
10	110	118
10	110	119
10	110	120
10	110	121
10	110	122
10	110	123
10	110	124
10	110	125
10	110	126
10	110	127
10	111	0
10	111	1
10	111	112
10	111	113
10	111	114
10	111	115
10	111	116
10	111	117
10	111	118
10	111	119
10	111	120
10	111	121
10	111	122
10	111	123
10	111	124
10	111	125
10	111	126
10	111	127
10	112	0
10	112	1
10	112	112
10	112	113
10	112	114
10	112	115
10	112	116
10	112	117
10	112	118
10	112	119
10	112	120
10	112	121
10	112	122
10	112	123
10	112	124
10	112	125
10	112	126
10	112	127
10	113	0
10	113	112
10	113	113
10	113	114
10	113	115
10	113	116
10	113	117
10	113	118
10	113	119
10	113	120
10	113	121
10	113	122
10	113	123
10	113	124
10	113	125
10	113	126
10	113	127
10	114	0
10	114	111
10	114	112
10	114	113
10	114	114
10	114	115
10	114	116
10	114	117
10	114	118
10	114	119
10	114	120
10	114	121
10	114	122
10	114	123
10	114	124
10	114	125
10	114	126
10	114	127
10	115	111
10	115	112
10	115	113
10	115	114
10	115	121
10	115	122
10	115	123
10	115	124
10	115	125
10	115	126
10	115	127
10	116	112
10	116	113
10	116	124
10	116	125
10	116	126
10	117	125
10	117	126
10	118	125
10	118	126
10	119	125
10	119	126
10	120	125
10	120	126
10	121	125
11	92	121
11	93	120
11	93	121
11	94	0
11	94	120
11	94	121
11	94	122
11	94	123
11	94	124
11	94	125
11	94	126
11	94	127
11	95	0
11	95	119
11	95	120
11	95	121
11	95	122
11	95	123
11	95	124
11	95	125
11	95	126
11	95	127
11	96	0
11	96	1
11	96	119
11	96	120
11	96	121
11	96	122
11	96	123
11	96	124
11	96	125
11	96	126
11	96	127
11	97	0
11	97	1
11	97	119
11	97	120
11	97	121
11	97	122
11	97	123
11	97	124
11	97	125
11	97	126
11	97	127
11	98	0
11	98	1
11	98	118
11	98	119
11	98	120
11	98	121
11	98	122
11	98	123
11	98	124
11	98	125
11	98	126
11	98	127
11	99	0
11	99	1
11	99	118
11	99	119
11	99	120
11	99	121
11	99	122
11	99	123
11	99	124
11	99	125
11	99	126
11	99	127
11	100	0
11	100	1
11	100	2
11	100	117
11	100	118
11	100	119
11	100	120
11	100	121
11	100	122
11	100	123
11	100	124
11	100	125
11	100	126
11	100	127
11	101	0
11	101	1
11	101	2
11	101	117
11	101	118
11	101	119
11	101	120
11	101	121
11	101	122
11	101	123
11	101	124
11	101	125
11	101	126
11	101	127
11	102	0
11	102	1
11	102	2
11	102	116
11	102	117
11	102	118
11	102	119
11	102	120
11	102	121
11	102	122
11	102	123
11	102	124
11	102	125
11	102	126
11	102	127
11	103	0
11	103	1
11	103	2
11	103	3
11	103	4
11	103	115
11	103	116
11	103	117
11	103	118
11	103	119
11	103	120
11	103	121
11	103	122
11	103	123
11	103	124
11	103	125
11	103	126
11	103	127
11	104	0
11	104	1
11	104	2
11	104	3
11	104	4
11	104	115
11	104	116
11	104	117
11	104	118
11	104	119
11	104	120
11	104	121
11	104	122
11	104	123
11	104	124
11	104	125
11	104	126
11	104	127
11	105	0
11	105	1
11	105	2
11	105	3
11	105	4
11	105	115
11	105	116
11	105	117
11	105	118
11	105	119
11	105	120
11	105	121
11	105	122
11	105	123
11	105	124
11	105	125
11	105	126
11	105	127
11	106	0
11	106	1
11	106	2
11	106	3
11	106	114
11	106	115
11	106	116
11	106	117
11	106	118
11	106	119
11	106	120
11	106	121
11	106	122
11	106	123
11	106	124
11	106	125
11	106	126
11	106	127
11	107	0
11	107	1
11	107	2
11	107	114
11	107	115
11	107	116
11	107	117
11	107	118
11	107	119
11	107	120
11	107	121
11	107	122
11	107	123
11	107	124
11	107	125
11	107	126
11	107	127
11	108	0
11	108	1
11	108	2
11	108	113
11	108	114
11	108	115
11	108	116
11	108	117
11	108	118
11	108	119
11	108	120
11	108	121
11	108	122
11	108	123
11	108	124
11	108	125
11	108	126
11	108	127
11	109	0
11	109	1
11	109	113
11	109	114
11	109	115
11	109	116
11	109	117
11	109	118
11	109	119
11	109	120
11	109	121
11	109	122
11	109	123
11	109	124
11	109	125
11	109	126
11	109	127
11	110	0
11	110	1
11	110	113
11	110	114
11	110	115
11	110	116
11	110	117
11	110	118
11	110	119
11	110	120
11	110	121
11	110	122
11	110	123
11	110	124
11	110	125
11	110	126
11	110	127
11	111	0
11	111	112
11	111	113
11	111	114
11	111	115
11	111	116
11	111	117
11	111	118
11	111	119
11	111	120
11	111	121
11	111	122
11	111	123
11	111	124
11	111	125
11	111	126
11	111	127
11	112	0
11	112	112
11	112	113
11	112	114
11	112	115
11	112	116
11	112	117
11	112	118
11	112	119
11	112	120
11	112	121
11	112	122
11	112	123
11	112	124
11	112	125
11	112	126
11	112	127
11	113	111
11	113	112
11	113	113
11	113	114
11	113	115
11	113	116
11	113	117
11	113	118
11	113	119
11	113	120
11	113	121
11	113	122
11	113	123
11	113	124
11	113	125
11	113	126
11	113	127
11	114	111
11	114	112
11	114	113
11	114	114
11	114	115
11	114	116
11	114	117
11	114	118
11	114	119
11	114	120
11	114	121
11	114	122
11	114	123
11	114	124
11	114	125
11	114	126
11	114	127
11	115	111
11	115	112
11	115	113
11	115	114
11	115	115
11	115	116
11	115	117
11	115	118
11	115	119
11	115	120
11	115	121
11	115	122
11	115	123
11	115	124
11	115	125
11	115	126
11	116	112
11	116	113
11	116	122
11	116	123
11	116	124
11	116	125
11	116	126
11	117	124
11	117	125
11	118	124
11	118	125
11	119	125
12	92	121
12	93	0
12	93	120
12	93	121
12	93	122
12	93	123
12	93	124
12	93	125
12	93	126
12	93	127
12	94	0
12	94	120
12	94	121
12	94	122
12	94	123
12	94	124
12	94	125
12	94	126
12	94	127
12	95	0
12	95	1
12	95	119
12	95	120
12	95	121
12	95	122
12	95	123
12	95	124
12	95	125
12	95	126
12	95	127
12	96	0
12	96	1
12	96	119
12	96	120
12	96	121
12	96	122
12	96	123
12	96	124
12	96	125
12	96	126
12	96	127
12	97	0
12	97	1
12	97	2
12	97	119
12	97	120
12	97	121
12	97	122
12	97	123
12	97	124
12	97	125
12	97	126
12	97	127
12	98	0
12	98	1
12	98	2
12	98	118
12	98	119
12	98	120
12	98	121
12	98	122
12	98	123
12	98	124
12	98	125
12	98	126
12	98	127
12	99	0
12	99	1
12	99	2
12	99	118
12	99	119
12	99	120
12	99	121
12	99	122
12	99	123
12	99	124
12	99	125
12	99	126
12	99	127
12	100	0
12	100	1
12	100	2
12	100	3
12	100	117
12	100	118
12	100	119
12	100	120
12	100	121
12	100	122
12	100	123
12	100	124
12	100	125
12	100	126
12	100	127
12	101	0
12	101	1
12	101	2
12	101	3
12	101	4
12	101	117
12	101	118
12	101	119
12	101	120
12	101	121
12	101	122
12	101	123
12	101	124
12	101	125
12	101	126
12	101	127
12	102	0
12	102	1
12	102	2
12	102	3
12	102	4
12	102	5
12	102	116
12	102	117
12	102	118
12	102	119
12	102	120
12	102	121
12	102	122
12	102	123
12	102	124
12	102	125
12	102	126
12	102	127
12	103	0
12	103	1
12	103	2
12	103	3
12	103	4
12	103	116
12	103	117
12	103	118
12	103	119
12	103	120
12	103	121
12	103	122
12	103	123
12	103	124
12	103	125
12	103	126
12	103	127
12	104	0
12	104	1
12	104	2
12	104	3
12	104	115
12	104	116
12	104	117
12	104	118
12	104	119
12	104	120
12	104	121
12	104	122
12	104	123
12	104	124
12	104	125
12	104	126
12	104	127
12	105	0
12	105	1
12	105	2
12	105	3
12	105	114
12	105	115
12	105	116
12	105	117
12	105	118
12	105	119
12	105	120
12	105	121
12	105	122
12	105	123
12	105	124
12	105	125
12	105	126
12	105	127
12	106	0
12	106	1
12	106	2
12	106	3
12	106	114
12	106	115
12	106	116
12	106	117
12	106	118
12	106	119
12	106	120
12	106	121
12	106	122
12	106	123
12	106	124
12	106	125
12	106	126
12	106	127
12	107	0
12	107	1
12	107	2
12	107	114
12	107	115
12	107	116
12	107	117
12	107	118
12	107	119
12	107	120
12	107	121
12	107	122
12	107	123
12	107	124
12	107	125
12	107	126
12	107	127
12	108	0
12	108	1
12	108	113
12	108	114
12	108	115
12	108	116
12	108	117
12	108	118
12	108	119
12	108	120
12	108	121
12	108	122
12	108	123
12	108	124
12	108	125
12	108	126
12	108	127
12	109	0
12	109	1
12	109	113
12	109	114
12	109	115
12	109	116
12	109	117
12	109	118
12	109	119
12	109	120
12	109	121
12	109	122
12	109	123
12	109	124
12	109	125
12	109	126
12	109	127
12	110	0
12	110	112
12	110	113
12	110	114
12	110	115
12	110	116
12	110	117
12	110	118
12	110	119
12	110	120
12	110	121
12	110	122
12	110	123
12	110	124
12	110	125
12	110	126
12	110	127
12	111	0
12	111	112
12	111	113
12	111	114
12	111	115
12	111	116
12	111	117
12	111	118
12	111	119
12	111	120
12	111	121
12	111	122
12	111	123
12	111	124
12	111	125
12	111	126
12	111	127
12	112	111
12	112	112
12	112	113
12	112	114
12	112	115
12	112	116
12	112	117
12	112	118
12	112	119
12	112	120
12	112	121
12	112	122
12	112	123
12	112	124
12	112	125
12	112	126
12	112	127
12	113	111
12	113	112
12	113	113
12	113	114
12	113	115
12	113	116
12	113	117
12	113	118
12	113	119
12	113	120
12	113	121
12	113	122
12	113	123
12	113	124
12	113	125
12	113	126
12	113	127
12	114	111
12	114	112
12	114	113
12	114	114
12	114	115
12	114	116
12	114	117
12	114	118
12	114	119
12	114	120
12	114	121
12	114	122
12	114	123
12	114	124
12	114	125
12	114	126
12	115	110
12	115	111
12	115	112
12	115	113
12	115	114
12	115	115
12	115	116
12	115	117
12	115	118
12	115	119
12	115	120
12	115	121
12	115	122
12	115	123
12	115	124
12	115	125
12	115	126
12	116	113
12	116	114
12	116	115
12	116	116
12	116	117
12	116	118
12	116	119
12	116	120
12	116	121
12	116	122
12	116	123
12	116	124
12	116	125
12	117	113
12	117	122
12	117	123
12	117	124
12	117	125
12	118	124
13	92	0
13	92	121
13	92	122
13	92	123
13	92	124
13	92	125
13	92	126
13	92	127
13	93	0
13	93	120
13	93	121
13	93	122
13	93	123
13	93	124
13	93	125
13	93	126
13	93	127
13	94	0
13	94	120
13	94	121
13	94	122
13	94	123
13	94	124
13	94	125
13	94	126
13	94	127
13	95	0
13	95	1
13	95	119
13	95	120
13	95	121
13	95	122
13	95	123
13	95	124
13	95	125
13	95	126
13	95	127
13	96	0
13	96	1
13	96	2
13	96	119
13	96	120
13	96	121
13	96	122
13	96	123
13	96	124
13	96	125
13	96	126
13	96	127
13	97	0
13	97	1
13	97	2
13	97	119
13	97	120
13	97	121
13	97	122
13	97	123
13	97	124
13	97	125
13	97	126
13	97	127
13	98	0
13	98	1
13	98	2
13	98	3
13	98	118
13	98	119
13	98	120
13	98	121
13	98	122
13	98	123
13	98	124
13	98	125
13	98	126
13	98	127
13	99	0
13	99	1
13	99	2
13	99	118
13	99	119
13	99	120
13	99	121
13	99	122
13	99	123
13	99	124
13	99	125
13	99	126
13	99	127
13	100	0
13	100	1
13	100	2
13	100	3
13	100	117
13	100	118
13	100	119
13	100	120
13	100	121
13	100	122
13	100	123
13	100	124
13	100	125
13	100	126
13	100	127
13	101	0
13	101	1
13	101	2
13	101	3
13	101	4
13	101	117
13	101	118
13	101	119
13	101	120
13	101	121
13	101	122
13	101	123
13	101	124
13	101	125
13	101	126
13	101	127
13	102	0
13	102	1
13	102	2
13	102	3
13	102	4
13	102	116
13	102	117
13	102	118
13	102	119
13	102	120
13	102	121
13	102	122
13	102	123
13	102	124
13	102	125
13	102	126
13	102	127
13	103	0
13	103	1
13	103	2
13	103	3
13	103	4
13	103	116
13	103	117
13	103	118
13	103	119
13	103	120
13	103	121
13	103	122
13	103	123
13	103	124
13	103	125
13	103	126
13	103	127
13	104	0
13	104	1
13	104	2
13	104	3
13	104	115
13	104	116
13	104	117
13	104	118
13	104	119
13	104	120
13	104	121
13	104	122
13	104	123
13	104	124
13	104	125
13	104	126
13	104	127
13	105	0
13	105	1
13	105	2
13	105	114
13	105	115
13	105	116
13	105	117
13	105	118
13	105	119
13	105	120
13	105	121
13	105	122
13	105	123
13	105	124
13	105	125
13	105	126
13	105	127
13	106	0
13	106	1
13	106	2
13	106	114
13	106	115
13	106	116
13	106	117
13	106	118
13	106	119
13	106	120
13	106	121
13	106	122
13	106	123
13	106	124
13	106	125
13	106	126
13	106	127
13	107	0
13	107	1
13	107	114
13	107	115
13	107	116
13	107	117
13	107	118
13	107	119
13	107	120
13	107	121
13	107	122
13	107	123
13	107	124
13	107	125
13	107	126
13	107	127
13	108	0
13	108	1
13	108	113
13	108	114
13	108	115
13	108	116
13	108	117
13	108	118
13	108	119
13	108	120
13	108	121
13	108	122
13	108	123
13	108	124
13	108	125
13	108	126
13	108	127
13	109	0
13	109	113
13	109	114
13	109	115
13	109	116
13	109	117
13	109	118
13	109	119
13	109	120
13	109	121
13	109	122
13	109	123
13	109	124
13	109	125
13	109	126
13	109	127
13	110	0
13	110	112
13	110	113
13	110	114
13	110	115
13	110	116
13	110	117
13	110	118
13	110	119
13	110	120
13	110	121
13	110	122
13	110	123
13	110	124
13	110	125
13	110	126
13	110	127
13	111	112
13	111	113
13	111	114
13	111	115
13	111	116
13	111	117
13	111	118
13	111	119
13	111	120
13	111	121
13	111	122
13	111	123
13	111	124
13	111	125
13	111	126
13	111	127
13	112	111
13	112	112
13	112	113
13	112	114
13	112	115
13	112	116
13	112	117
13	112	118
13	112	119
13	112	120
13	112	121
13	112	122
13	112	123
13	112	124
13	112	125
13	112	126
13	112	127
13	113	111
13	113	112
13	113	113
13	113	114
13	113	115
13	113	116
13	113	117
13	113	118
13	113	119
13	113	120
13	113	121
13	113	122
13	113	123
13	113	124
13	113	125
13	113	126
13	114	110
13	114	111
13	114	112
13	114	113
13	114	114
13	114	115
13	114	116
13	114	117
13	114	118
13	114	119
13	114	120
13	114	121
13	114	122
13	114	123
13	114	124
13	114	125
13	114	126
13	115	110
13	115	111
13	115	112
13	115	113
13	115	114
13	115	115
13	115	116
13	115	117
13	115	118
13	115	119
13	115	120
13	115	121
13	115	122
13	115	123
13	115	124
13	115	125
13	116	112
13	116	113
13	116	114
13	116	115
13	116	116
13	116	117
13	116	118
13	116	119
13	116	120
13	116	121
13	116	122
13	116	123
13	116	124
13	116	125
13	117	113
13	117	114
13	117	123
14	91	123
14	91	124
14	91	125
14	91	126
14	91	127
14	92	0
14	92	121
14	92	122
14	92	123
14	92	124
14	92	125
14	92	126
14	92	127
14	93	0
14	93	121
14	93	122
14	93	123
14	93	124
14	93	125
14	93	126
14	93	127
14	94	0
14	94	1
14	94	120
14	94	121
14	94	122
14	94	123
14	94	124
14	94	125
14	94	126
14	94	127
14	95	0
14	95	1
14	95	120
14	95	121
14	95	122
14	95	123
14	95	124
14	95	125
14	95	126
14	95	127
14	96	0
14	96	1
14	96	2
14	96	119
14	96	120
14	96	121
14	96	122
14	96	123
14	96	124
14	96	125
14	96	126
14	96	127
14	97	0
14	97	1
14	97	119
14	97	120
14	97	121
14	97	122
14	97	123
14	97	124
14	97	125
14	97	126
14	97	127
14	98	0
14	98	1
14	98	118
14	98	119
14	98	120
14	98	121
14	98	122
14	98	123
14	98	124
14	98	125
14	98	126
14	98	127
14	99	0
14	99	1
14	99	2
14	99	118
14	99	119
14	99	120
14	99	121
14	99	122
14	99	123
14	99	124
14	99	125
14	99	126
14	99	127
14	100	0
14	100	1
14	100	2
14	100	117
14	100	118
14	100	119
14	100	120
14	100	121
14	100	122
14	100	123
14	100	124
14	100	125
14	100	126
14	100	127
14	101	0
14	101	1
14	101	2
14	101	3
14	101	4
14	101	117
14	101	118
14	101	119
14	101	120
14	101	121
14	101	122
14	101	123
14	101	124
14	101	125
14	101	126
14	101	127
14	102	0
14	102	1
14	102	2
14	102	3
14	102	4
14	102	116
14	102	117
14	102	118
14	102	119
14	102	120
14	102	121
14	102	122
14	102	123
14	102	124
14	102	125
14	102	126
14	102	127
14	103	0
14	103	1
14	103	2
14	103	3
14	103	116
14	103	117
14	103	118
14	103	119
14	103	120
14	103	121
14	103	122
14	103	123
14	103	124
14	103	125
14	103	126
14	103	127
14	104	0
14	104	1
14	104	2
14	104	115
14	104	116
14	104	117
14	104	118
14	104	119
14	104	120
14	104	121
14	104	122
14	104	123
14	104	124
14	104	125
14	104	126
14	104	127
14	105	0
14	105	1
14	105	114
14	105	115
14	105	116
14	105	117
14	105	118
14	105	119
14	105	120
14	105	121
14	105	122
14	105	123
14	105	124
14	105	125
14	105	126
14	105	127
14	106	0
14	106	1
14	106	114
14	106	115
14	106	116
14	106	117
14	106	118
14	106	119
14	106	120
14	106	121
14	106	122
14	106	123
14	106	124
14	106	125
14	106	126
14	106	127
14	107	0
14	107	114
14	107	115
14	107	116
14	107	117
14	107	118
14	107	119
14	107	120
14	107	121
14	107	122
14	107	123
14	107	124
14	107	125
14	107	126
14	107	127
14	108	0
14	108	113
14	108	114
14	108	115
14	108	116
14	108	117
14	108	118
14	108	119
14	108	120
14	108	121
14	108	122
14	108	123
14	108	124
14	108	125
14	108	126
14	108	127
14	109	113
14	109	114
14	109	115
14	109	116
14	109	117
14	109	118
14	109	119
14	109	120
14	109	121
14	109	122
14	109	123
14	109	124
14	109	125
14	109	126
14	109	127
14	110	112
14	110	113
14	110	114
14	110	115
14	110	116
14	110	117
14	110	118
14	110	119
14	110	120
14	110	121
14	110	122
14	110	123
14	110	124
14	110	125
14	110	126
14	110	127
14	111	112
14	111	113
14	111	114
14	111	115
14	111	116
14	111	117
14	111	118
14	111	119
14	111	120
14	111	121
14	111	122
14	111	123
14	111	124
14	111	125
14	111	126
14	111	127
14	112	111
14	112	112
14	112	113
14	112	114
14	112	115
14	112	116
14	112	117
14	112	118
14	112	119
14	112	120
14	112	121
14	112	122
14	112	123
14	112	124
14	112	125
14	112	126
14	113	111
14	113	112
14	113	113
14	113	114
14	113	115
14	113	116
14	113	117
14	113	118
14	113	119
14	113	120
14	113	121
14	113	122
14	113	123
14	113	124
14	113	125
14	113	126
14	114	110
14	114	111
14	114	112
14	114	113
14	114	114
14	114	115
14	114	116
14	114	117
14	114	118
14	114	119
14	114	120
14	114	121
14	114	122
14	114	123
14	114	124
14	114	125
14	115	110
14	115	111
14	115	112
14	115	113
14	115	114
14	115	115
14	115	116
14	115	117
14	115	118
14	115	119
14	115	120
14	115	121
14	115	122
14	115	123
14	115	124
14	115	125
14	116	112
14	116	113
14	116	114
14	116	115
14	116	122
14	116	123
14	116	124
14	117	123
15	90	127
15	91	0
15	91	124
15	91	125
15	91	126
15	91	127
15	92	0
15	92	121
15	92	122
15	92	123
15	92	124
15	92	125
15	92	126
15	92	127
15	93	0
15	93	1
15	93	121
15	93	122
15	93	123
15	93	124
15	93	125
15	93	126
15	93	127
15	94	0
15	94	1
15	94	120
15	94	121
15	94	122
15	94	123
15	94	124
15	94	125
15	94	126
15	94	127
15	95	0
15	95	120
15	95	121
15	95	122
15	95	123
15	95	124
15	95	125
15	95	126
15	95	127
15	96	0
15	96	119
15	96	120
15	96	121
15	96	122
15	96	123
15	96	124
15	96	125
15	96	126
15	96	127
15	97	0
15	97	119
15	97	120
15	97	121
15	97	122
15	97	123
15	97	124
15	97	125
15	97	126
15	97	127
15	98	0
15	98	1
15	98	118
15	98	119
15	98	120
15	98	121
15	98	122
15	98	123
15	98	124
15	98	125
15	98	126
15	98	127
15	99	0
15	99	1
15	99	118
15	99	119
15	99	120
15	99	121
15	99	122
15	99	123
15	99	124
15	99	125
15	99	126
15	99	127
15	100	0
15	100	1
15	100	2
15	100	117
15	100	118
15	100	119
15	100	120
15	100	121
15	100	122
15	100	123
15	100	124
15	100	125
15	100	126
15	100	127
15	101	0
15	101	1
15	101	2
15	101	3
15	101	117
15	101	118
15	101	119
15	101	120
15	101	121
15	101	122
15	101	123
15	101	124
15	101	125
15	101	126
15	101	127
15	102	0
15	102	1
15	102	2
15	102	3
15	102	116
15	102	117
15	102	118
15	102	119
15	102	120
15	102	121
15	102	122
15	102	123
15	102	124
15	102	125
15	102	126
15	102	127
15	103	0
15	103	1
15	103	2
15	103	116
15	103	117
15	103	118
15	103	119
15	103	120
15	103	121
15	103	122
15	103	123
15	103	124
15	103	125
15	103	126
15	103	127
15	104	0
15	104	1
15	104	115
15	104	116
15	104	117
15	104	118
15	104	119
15	104	120
15	104	121
15	104	122
15	104	123
15	104	124
15	104	125
15	104	126
15	104	127
15	105	0
15	105	114
15	105	115
15	105	116
15	105	117
15	105	118
15	105	119
15	105	120
15	105	121
15	105	122
15	105	123
15	105	124
15	105	125
15	105	126
15	105	127
15	106	0
15	106	114
15	106	115
15	106	116
15	106	117
15	106	118
15	106	119
15	106	120
15	106	121
15	106	122
15	106	123
15	106	124
15	106	125
15	106	126
15	106	127
15	107	114
15	107	115
15	107	116
15	107	117
15	107	118
15	107	119
15	107	120
15	107	121
15	107	122
15	107	123
15	107	124
15	107	125
15	107	126
15	107	127
15	108	113
15	108	114
15	108	115
15	108	116
15	108	117
15	108	118
15	108	119
15	108	120
15	108	121
15	108	122
15	108	123
15	108	124
15	108	125
15	108	126
15	108	127
15	109	113
15	109	114
15	109	115
15	109	116
15	109	117
15	109	118
15	109	119
15	109	120
15	109	121
15	109	122
15	109	123
15	109	124
15	109	125
15	109	126
15	109	127
15	110	112
15	110	113
15	110	114
15	110	115
15	110	116
15	110	117
15	110	118
15	110	119
15	110	120
15	110	121
15	110	122
15	110	123
15	110	124
15	110	125
15	110	126
15	111	112
15	111	113
15	111	114
15	111	115
15	111	116
15	111	117
15	111	118
15	111	119
15	111	120
15	111	121
15	111	122
15	111	123
15	111	124
15	111	125
15	111	126
15	112	111
15	112	112
15	112	113
15	112	114
15	112	115
15	112	116
15	112	117
15	112	118
15	112	119
15	112	120
15	112	121
15	112	122
15	112	123
15	112	124
15	112	125
15	113	111
15	113	112
15	113	113
15	113	114
15	113	115
15	113	116
15	113	117
15	113	118
15	113	119
15	113	120
15	113	121
15	113	122
15	113	123
15	113	124
15	113	125
15	114	110
15	114	111
15	114	112
15	114	113
15	114	114
15	114	115
15	114	116
15	114	117
15	114	118
15	114	119
15	114	120
15	114	121
15	114	122
15	114	123
15	114	124
15	114	125
15	115	110
15	115	111
15	115	112
15	115	113
15	115	114
15	115	115
15	115	116
15	115	118
15	115	119
15	115	120
15	115	121
15	115	122
15	115	123
15	115	124
15	115	125
15	116	112
15	116	122
15	116	123
15	116	124
15	117	123
16	92	123
16	92	124
16	92	125
16	92	126
16	93	121
16	93	122
16	93	123
16	93	124
16	93	125
16	93	126
16	93	127
16	94	121
16	94	122
16	94	123
16	94	124
16	94	125
16	94	126
16	94	127
16	95	120
16	95	121
16	95	122
16	95	123
16	95	124
16	95	125
16	95	126
16	95	127
16	96	0
16	96	120
16	96	121
16	96	122
16	96	123
16	96	124
16	96	125
16	96	126
16	96	127
16	97	0
16	97	119
16	97	120
16	97	121
16	97	122
16	97	123
16	97	124
16	97	125
16	97	126
16	97	127
16	98	0
16	98	118
16	98	119
16	98	120
16	98	121
16	98	122
16	98	123
16	98	124
16	98	125
16	98	126
16	98	127
16	99	0
16	99	118
16	99	119
16	99	120
16	99	121
16	99	122
16	99	123
16	99	124
16	99	125
16	99	126
16	99	127
16	100	0
16	100	1
16	100	117
16	100	118
16	100	119
16	100	120
16	100	121
16	100	122
16	100	123
16	100	124
16	100	125
16	100	126
16	100	127
16	101	0
16	101	1
16	101	2
16	101	117
16	101	118
16	101	119
16	101	120
16	101	121
16	101	122
16	101	123
16	101	124
16	101	125
16	101	126
16	101	127
16	102	0
16	102	1
16	102	2
16	102	117
16	102	118
16	102	119
16	102	120
16	102	121
16	102	122
16	102	123
16	102	124
16	102	125
16	102	126
16	102	127
16	103	0
16	103	1
16	103	116
16	103	117
16	103	118
16	103	119
16	103	120
16	103	121
16	103	122
16	103	123
16	103	124
16	103	125
16	103	126
16	103	127
16	104	0
16	104	115
16	104	116
16	104	117
16	104	118
16	104	119
16	104	120
16	104	121
16	104	122
16	104	123
16	104	124
16	104	125
16	104	126
16	104	127
16	105	0
16	105	114
16	105	115
16	105	116
16	105	117
16	105	118
16	105	119
16	105	120
16	105	121
16	105	122
16	105	123
16	105	124
16	105	125
16	105	126
16	105	127
16	106	114
16	106	115
16	106	116
16	106	117
16	106	118
16	106	119
16	106	120
16	106	121
16	106	122
16	106	123
16	106	124
16	106	125
16	106	126
16	106	127
16	107	113
16	107	114
16	107	115
16	107	116
16	107	117
16	107	118
16	107	119
16	107	120
16	107	121
16	107	122
16	107	123
16	107	124
16	107	125
16	107	126
16	107	127
16	108	113
16	108	114
16	108	115
16	108	116
16	108	117
16	108	118
16	108	119
16	108	120
16	108	121
16	108	122
16	108	123
16	108	124
16	108	125
16	108	126
16	108	127
16	109	113
16	109	114
16	109	115
16	109	116
16	109	117
16	109	118
16	109	119
16	109	120
16	109	121
16	109	122
16	109	123
16	109	124
16	109	125
16	109	126
16	110	112
16	110	113
16	110	114
16	110	115
16	110	116
16	110	117
16	110	118
16	110	119
16	110	120
16	110	121
16	110	122
16	110	123
16	110	124
16	110	125
16	110	126
16	111	111
16	111	112
16	111	113
16	111	114
16	111	115
16	111	116
16	111	117
16	111	118
16	111	119
16	111	120
16	111	121
16	111	122
16	111	123
16	111	124
16	111	125
16	112	111
16	112	112
16	112	113
16	112	114
16	112	115
16	112	116
16	112	117
16	112	118
16	112	119
16	112	120
16	112	121
16	112	122
16	112	123
16	112	124
16	112	125
16	113	111
16	113	112
16	113	113
16	113	114
16	113	115
16	113	116
16	113	117
16	113	118
16	113	119
16	113	120
16	113	121
16	113	122
16	113	123
16	113	124
16	113	125
16	114	110
16	114	111
16	114	112
16	114	113
16	114	114
16	114	115
16	114	116
16	114	117
16	114	118
16	114	119
16	114	120
16	114	121
16	114	122
16	114	123
16	114	124
16	114	125
16	115	110
16	115	111
16	115	112
16	115	113
16	115	122
16	115	123
16	115	124
16	116	111
16	116	112
16	116	124
17	93	123
17	93	124
17	93	125
17	94	121
17	94	122
17	94	123
17	94	124
17	94	125
17	94	126
17	95	121
17	95	122
17	95	123
17	95	124
17	95	125
17	95	126
17	95	127
17	96	120
17	96	121
17	96	122
17	96	123
17	96	124
17	96	125
17	96	126
17	96	127
17	97	119
17	97	120
17	97	121
17	97	122
17	97	123
17	97	124
17	97	125
17	97	126
17	97	127
17	98	119
17	98	120
17	98	121
17	98	122
17	98	123
17	98	124
17	98	125
17	98	126
17	98	127
17	99	118
17	99	119
17	99	120
17	99	121
17	99	122
17	99	123
17	99	124
17	99	125
17	99	126
17	99	127
17	100	0
17	100	118
17	100	119
17	100	120
17	100	121
17	100	122
17	100	123
17	100	124
17	100	125
17	100	126
17	100	127
17	101	0
17	101	1
17	101	117
17	101	118
17	101	119
17	101	120
17	101	121
17	101	122
17	101	123
17	101	124
17	101	125
17	101	126
17	101	127
17	102	0
17	102	1
17	102	117
17	102	118
17	102	119
17	102	120
17	102	121
17	102	122
17	102	123
17	102	124
17	102	125
17	102	126
17	102	127
17	103	0
17	103	116
17	103	117
17	103	118
17	103	119
17	103	120
17	103	121
17	103	122
17	103	123
17	103	124
17	103	125
17	103	126
17	103	127
17	104	0
17	104	115
17	104	116
17	104	117
17	104	118
17	104	119
17	104	120
17	104	121
17	104	122
17	104	123
17	104	124
17	104	125
17	104	126
17	104	127
17	105	114
17	105	115
17	105	116
17	105	117
17	105	118
17	105	119
17	105	120
17	105	121
17	105	122
17	105	123
17	105	124
17	105	125
17	105	126
17	105	127
17	106	114
17	106	115
17	106	116
17	106	117
17	106	118
17	106	119
17	106	120
17	106	121
17	106	122
17	106	123
17	106	124
17	106	125
17	106	126
17	106	127
17	107	113
17	107	114
17	107	115
17	107	116
17	107	117
17	107	118
17	107	119
17	107	120
17	107	121
17	107	122
17	107	123
17	107	124
17	107	125
17	107	126
17	107	127
17	108	113
17	108	114
17	108	115
17	108	116
17	108	117
17	108	118
17	108	119
17	108	120
17	108	121
17	108	122
17	108	123
17	108	124
17	108	125
17	108	126
17	109	112
17	109	113
17	109	114
17	109	115
17	109	116
17	109	117
17	109	118
17	109	119
17	109	120
17	109	121
17	109	122
17	109	123
17	109	124
17	109	125
17	110	112
17	110	113
17	110	114
17	110	115
17	110	116
17	110	117
17	110	118
17	110	119
17	110	120
17	110	121
17	110	122
17	110	123
17	110	124
17	110	125
17	111	111
17	111	112
17	111	113
17	111	114
17	111	115
17	111	116
17	111	117
17	111	118
17	111	119
17	111	120
17	111	121
17	111	122
17	111	123
17	111	124
17	111	125
17	112	111
17	112	112
17	112	113
17	112	114
17	112	115
17	112	116
17	112	117
17	112	118
17	112	119
17	112	120
17	112	121
17	112	122
17	112	123
17	112	124
17	112	125
17	113	110
17	113	111
17	113	112
17	113	113
17	113	114
17	113	115
17	113	116
17	113	117
17	113	118
17	113	119
17	113	120
17	113	121
17	113	122
17	113	123
17	113	124
17	113	125
17	114	110
17	114	111
17	114	112
17	114	113
17	114	114
17	114	122
17	114	123
17	114	124
17	115	110
17	115	111
17	115	112
17	115	113
17	115	122
17	115	123
17	115	124
17	116	111
17	116	123
18	95	121
18	95	122
18	95	123
18	95	124
18	95	125
18	96	120
18	96	121
18	96	122
18	96	123
18	96	124
18	96	125
18	97	120
18	97	121
18	97	122
18	97	123
18	97	124
18	97	125
18	97	126
18	98	119
18	98	120
18	98	121
18	98	122
18	98	123
18	98	124
18	98	125
18	98	126
18	99	119
18	99	120
18	99	121
18	99	122
18	99	123
18	99	124
18	99	125
18	99	126
18	99	127
18	100	118
18	100	119
18	100	120
18	100	121
18	100	122
18	100	123
18	100	124
18	100	125
18	100	126
18	100	127
18	101	117
18	101	118
18	101	119
18	101	120
18	101	121
18	101	122
18	101	123
18	101	124
18	101	125
18	101	126
18	101	127
18	102	0
18	102	117
18	102	118
18	102	119
18	102	120
18	102	121
18	102	122
18	102	123
18	102	124
18	102	125
18	102	126
18	102	127
18	103	0
18	103	116
18	103	117
18	103	118
18	103	119
18	103	120
18	103	121
18	103	122
18	103	123
18	103	124
18	103	125
18	103	126
18	103	127
18	104	115
18	104	116
18	104	117
18	104	118
18	104	119
18	104	120
18	104	121
18	104	122
18	104	123
18	104	124
18	104	125
18	104	126
18	104	127
18	105	114
18	105	115
18	105	116
18	105	117
18	105	118
18	105	119
18	105	120
18	105	121
18	105	122
18	105	123
18	105	124
18	105	125
18	105	126
18	105	127
18	106	114
18	106	115
18	106	116
18	106	117
18	106	118
18	106	119
18	106	120
18	106	121
18	106	122
18	106	123
18	106	124
18	106	125
18	106	126
18	106	127
18	107	113
18	107	114
18	107	115
18	107	116
18	107	117
18	107	118
18	107	119
18	107	120
18	107	121
18	107	122
18	107	123
18	107	124
18	107	125
18	107	126
18	107	127
18	108	113
18	108	114
18	108	115
18	108	116
18	108	117
18	108	118
18	108	119
18	108	120
18	108	121
18	108	122
18	108	123
18	108	124
18	108	125
18	109	112
18	109	113
18	109	114
18	109	115
18	109	116
18	109	117
18	109	118
18	109	119
18	109	120
18	109	121
18	109	122
18	109	123
18	109	124
18	109	125
18	110	112
18	110	113
18	110	114
18	110	115
18	110	116
18	110	117
18	110	118
18	110	119
18	110	120
18	110	121
18	110	122
18	110	123
18	110	124
18	110	125
18	111	111
18	111	112
18	111	113
18	111	114
18	111	115
18	111	116
18	111	117
18	111	118
18	111	119
18	111	120
18	111	121
18	111	122
18	111	123
18	111	124
18	111	125
18	112	111
18	112	112
18	112	113
18	112	114
18	112	115
18	112	116
18	112	117
18	112	118
18	112	119
18	112	120
18	112	121
18	112	122
18	112	123
18	112	124
18	113	110
18	113	111
18	113	112
18	113	113
18	113	122
18	113	123
18	113	124
18	114	110
18	114	111
18	114	112
18	114	113
18	114	122
18	114	123
18	114	124
18	115	110
18	115	111
18	115	112
18	115	123
18	115	124
18	116	111
18	116	123
19	96	121
19	96	122
19	96	123
19	97	120
19	97	121
19	97	122
19	97	123
19	97	124
19	98	120
19	98	121
19	98	122
19	98	123
19	98	124
19	98	125
19	99	119
19	99	120
19	99	121
19	99	122
19	99	123
19	99	124
19	99	125
19	100	118
19	100	119
19	100	120
19	100	121
19	100	122
19	100	123
19	100	124
19	100	125
19	100	126
19	101	117
19	101	118
19	101	119
19	101	120
19	101	121
19	101	122
19	101	123
19	101	124
19	101	125
19	101	126
19	101	127
19	102	116
19	102	117
19	102	118
19	102	119
19	102	120
19	102	121
19	102	122
19	102	123
19	102	124
19	102	125
19	102	126
19	102	127
19	103	115
19	103	116
19	103	117
19	103	118
19	103	119
19	103	120
19	103	121
19	103	122
19	103	123
19	103	124
19	103	125
19	103	126
19	103	127
19	104	115
19	104	116
19	104	117
19	104	118
19	104	119
19	104	120
19	104	121
19	104	122
19	104	123
19	104	124
19	104	125
19	104	126
19	104	127
19	105	114
19	105	115
19	105	116
19	105	117
19	105	118
19	105	119
19	105	120
19	105	121
19	105	122
19	105	123
19	105	124
19	105	125
19	105	126
19	105	127
19	106	114
19	106	115
19	106	116
19	106	117
19	106	118
19	106	119
19	106	120
19	106	121
19	106	122
19	106	123
19	106	124
19	106	125
19	106	126
19	106	127
19	107	113
19	107	114
19	107	115
19	107	116
19	107	117
19	107	118
19	107	119
19	107	120
19	107	121
19	107	122
19	107	123
19	107	124
19	107	125
19	108	113
19	108	114
19	108	115
19	108	116
19	108	117
19	108	118
19	108	119
19	108	120
19	108	121
19	108	122
19	108	123
19	108	124
19	108	125
19	109	112
19	109	113
19	109	114
19	109	115
19	109	116
19	109	117
19	109	118
19	109	119
19	109	120
19	109	121
19	109	122
19	109	123
19	109	124
19	109	125
19	110	112
19	110	113
19	110	114
19	110	115
19	110	116
19	110	117
19	110	118
19	110	119
19	110	120
19	110	121
19	110	122
19	110	123
19	110	124
19	111	111
19	111	112
19	111	113
19	111	114
19	111	115
19	111	116
19	111	117
19	111	118
19	111	119
19	111	120
19	111	121
19	111	122
19	111	123
19	111	124
19	112	111
19	112	112
19	112	121
19	112	122
19	112	123
19	112	124
19	113	110
19	113	111
19	113	112
19	113	121
19	113	122
19	113	123
19	113	124
19	114	110
19	114	111
19	114	112
19	114	123
19	114	124
19	115	110
19	115	111
19	115	112
19	115	123
19	116	111
20	97	121
20	97	122
20	98	120
20	98	121
20	98	122
20	98	123
20	99	119
20	99	120
20	99	121
20	99	122
20	99	123
20	99	124
20	100	118
20	100	119
20	100	120
20	100	121
20	100	122
20	100	123
20	100	124
20	100	125
20	101	117
20	101	118
20	101	119
20	101	120
20	101	121
20	101	122
20	101	123
20	101	124
20	101	125
20	102	116
20	102	117
20	102	118
20	102	119
20	102	120
20	102	121
20	102	122
20	102	123
20	102	124
20	102	125
20	102	126
20	102	127
20	103	115
20	103	116
20	103	117
20	103	118
20	103	119
20	103	120
20	103	121
20	103	122
20	103	123
20	103	124
20	103	125
20	103	126
20	103	127
20	104	115
20	104	116
20	104	117
20	104	118
20	104	119
20	104	120
20	104	121
20	104	122
20	104	123
20	104	124
20	104	125
20	104	126
20	104	127
20	105	114
20	105	115
20	105	116
20	105	117
20	105	118
20	105	119
20	105	120
20	105	121
20	105	122
20	105	123
20	105	124
20	105	125
20	105	126
20	105	127
20	106	113
20	106	114
20	106	115
20	106	116
20	106	117
20	106	118
20	106	119
20	106	120
20	106	121
20	106	122
20	106	123
20	106	124
20	106	125
20	107	113
20	107	114
20	107	115
20	107	116
20	107	117
20	107	118
20	107	119
20	107	120
20	107	121
20	107	122
20	107	123
20	107	124
20	107	125
20	108	112
20	108	113
20	108	114
20	108	115
20	108	116
20	108	117
20	108	118
20	108	119
20	108	120
20	108	121
20	108	122
20	108	123
20	108	124
20	109	112
20	109	113
20	109	114
20	109	115
20	109	116
20	109	117
20	109	118
20	109	119
20	109	120
20	109	121
20	109	122
20	109	123
20	109	124
20	110	112
20	110	113
20	110	114
20	110	115
20	110	116
20	110	117
20	110	118
20	110	119
20	110	120
20	110	121
20	110	122
20	110	123
20	110	124
20	111	111
20	111	112
20	111	121
20	111	122
20	111	123
20	111	124
20	112	110
20	112	111
20	112	112
20	112	121
20	112	122
20	112	123
20	112	124
20	113	110
20	113	111
20	113	122
20	113	123
20	114	110
20	114	111
20	114	122
20	114	123
20	115	111
20	116	111
21	98	120
21	98	121
21	98	122
21	99	119
21	99	120
21	99	121
21	99	122
21	100	118
21	100	119
21	100	120
21	100	121
21	100	122
21	100	123
21	101	117
21	101	118
21	101	119
21	101	120
21	101	121
21	101	122
21	101	123
21	102	116
21	102	117
21	102	118
21	102	119
21	102	120
21	102	121
21	102	122
21	102	123
21	102	124
21	103	115
21	103	116
21	103	117
21	103	118
21	103	119
21	103	120
21	103	121
21	103	122
21	103	123
21	103	124
21	103	125
21	103	126
21	104	114
21	104	115
21	104	116
21	104	117
21	104	118
21	104	119
21	104	120
21	104	121
21	104	122
21	104	123
21	104	124
21	104	125
21	104	126
21	105	114
21	105	115
21	105	116
21	105	117
21	105	118
21	105	119
21	105	120
21	105	121
21	105	122
21	105	123
21	105	124
21	105	125
21	106	113
21	106	114
21	106	115
21	106	116
21	106	117
21	106	118
21	106	119
21	106	120
21	106	121
21	106	122
21	106	123
21	106	124
21	107	113
21	107	114
21	107	115
21	107	116
21	107	117
21	107	118
21	107	119
21	107	120
21	107	121
21	107	122
21	107	123
21	107	124
21	108	112
21	108	113
21	108	114
21	108	115
21	108	116
21	108	117
21	108	118
21	108	119
21	108	120
21	108	121
21	108	122
21	108	123
21	108	124
21	109	112
21	109	113
21	109	114
21	109	115
21	109	116
21	109	117
21	109	118
21	109	119
21	109	120
21	109	121
21	109	122
21	109	123
21	109	124
21	110	121
21	110	122
21	110	123
21	110	124
21	111	111
21	111	121
21	111	122
21	111	123
21	112	110
21	112	111
21	112	122
21	112	123
21	113	110
21	113	111
21	113	122
21	113	123
21	114	110
21	114	123
22	99	119
22	99	120
22	99	121
22	100	117
22	100	118
22	100	119
22	100	120
22	100	121
22	101	116
22	101	117
22	101	118
22	101	119
22	101	120
22	101	121
22	101	122
22	102	115
22	102	116
22	102	117
22	102	118
22	102	119
22	102	120
22	102	121
22	102	122
22	103	115
22	103	116
22	103	117
22	103	118
22	103	119
22	103	120
22	103	121
22	103	122
22	103	123
22	104	114
22	104	115
22	104	116
22	104	117
22	104	118
22	104	119
22	104	120
22	104	121
22	104	122
22	104	123
22	104	124
22	105	114
22	105	115
22	105	116
22	105	117
22	105	118
22	105	119
22	105	120
22	105	121
22	105	122
22	105	123
22	105	124
22	106	113
22	106	114
22	106	115
22	106	116
22	106	117
22	106	118
22	106	119
22	106	120
22	106	121
22	106	122
22	106	123
22	106	124
22	107	113
22	107	114
22	107	115
22	107	116
22	107	117
22	107	118
22	107	119
22	107	120
22	107	121
22	107	122
22	107	123
22	107	124
22	108	112
22	108	113
22	108	114
22	108	115
22	108	116
22	108	117
22	108	118
22	108	119
22	108	120
22	108	121
22	108	122
22	108	123
22	109	122
22	109	123
22	110	111
22	110	122
22	110	123
22	111	122
22	111	123
22	112	110
22	112	122
22	112	123
22	113	110
22	114	110
23	99	118
23	100	116
23	100	117
23	100	118
23	100	119
23	101	116
23	101	117
23	101	118
23	101	119
23	101	120
23	102	115
23	102	116
23	102	117
23	102	118
23	102	119
23	102	120
23	103	114
23	103	115
23	103	116
23	103	117
23	103	118
23	103	119
23	103	120
23	103	121
23	104	114
23	104	115
23	104	116
23	104	117
23	104	118
23	104	119
23	104	120
23	104	121
23	104	122
23	105	113
23	105	114
23	105	115
23	105	116
23	105	117
23	105	118
23	105	119
23	105	120
23	105	121
23	105	122
23	105	123
23	106	113
23	106	114
23	106	115
23	106	116
23	106	117
23	106	118
23	106	119
23	106	120
23	106	121
23	106	122
23	106	123
23	107	112
23	107	113
23	107	114
23	107	115
23	107	116
23	107	117
23	107	118
23	107	119
23	107	120
23	107	121
23	107	122
23	107	123
24	100	116
24	101	115
24	101	116
24	101	117
24	102	115
24	102	116
24	102	117
24	102	118
24	103	114
24	103	115
24	103	116
24	103	117
24	103	118
24	103	119
24	104	114
24	104	115
24	104	116
24	104	117
24	104	118
24	104	119
24	104	120
24	105	113
24	105	114
24	105	115
24	105	116
24	105	117
24	105	118
24	105	119
24	105	120
24	105	121
24	105	122
24	106	113
24	106	114
24	106	115
24	106	116
24	106	117
24	106	118
24	106	119
24	106	120
24	106	121
25	102	115
25	103	114
25	103	115
25	103	116
25	104	114
25	104	115
25	104	116
25	104	117
25	105	113
25	105	114
25	105	115
25	105	116
25	105	117
25	105	118
26	104	113
26	104	114
119	111	121
119	112	121
119	112	122
119	113	122
119	114	122
119	115	122
119	117	122
120	110	121
120	110	122
120	111	121
120	111	122
120	112	120
120	112	121
120	112	122
120	113	119
120	113	120
120	113	121
120	113	122
120	114	120
120	114	121
120	114	122
120	115	121
120	115	122
120	116	121
120	116	122
120	117	122
120	118	122
120	119	122
120	120	122
120	120	123
121	98	120
121	109	122
121	110	121
121	110	122
121	110	123
121	111	120
121	111	121
121	111	122
121	111	123
121	112	119
121	112	120
121	112	121
121	112	122
121	112	123
121	113	119
121	113	120
121	113	121
121	113	122
121	113	123
121	114	118
121	114	119
121	114	120
121	114	121
121	114	122
121	114	123
121	115	118
121	115	119
121	115	120
121	115	121
121	115	122
121	115	123
121	116	118
121	116	119
121	116	120
121	116	121
121	116	122
121	116	123
121	117	119
121	117	120
121	117	121
121	117	122
121	117	123
121	118	121
121	118	122
121	118	123
121	119	121
121	119	122
121	119	123
122	98	120
122	99	120
122	99	121
122	100	121
122	101	121
122	102	121
122	103	121
122	107	122
122	107	123
122	108	122
122	108	123
122	109	121
122	109	122
122	109	123
122	109	124
122	110	120
122	110	121
122	110	122
122	110	123
122	110	124
122	111	120
122	111	121
122	111	122
122	111	123
122	111	124
122	112	119
122	112	120
122	112	121
122	112	122
122	112	123
122	112	124
122	112	125
122	113	118
122	113	119
122	113	120
122	113	121
122	113	122
122	113	123
122	113	124
122	113	125
122	114	118
122	114	119
122	114	120
122	114	121
122	114	122
122	114	123
122	114	124
122	114	125
122	115	118
122	115	119
122	115	120
122	115	121
122	115	122
122	115	123
122	115	124
122	115	125
122	116	118
122	116	119
122	116	120
122	116	121
122	116	122
122	116	123
122	116	124
122	116	125
122	117	119
122	117	120
122	117	121
122	117	122
122	117	123
122	117	124
122	118	119
122	118	120
122	118	121
122	118	122
122	118	123
122	118	124
122	119	124
123	98	120
123	99	120
123	99	121
123	100	121
123	100	122
123	101	121
123	101	122
123	102	121
123	102	122
123	103	121
123	103	122
123	104	121
123	104	122
123	105	121
123	105	122
123	106	121
123	106	122
123	106	123
123	106	124
123	106	125
123	106	126
123	107	121
123	107	122
123	107	123
123	107	124
123	107	125
123	107	126
123	108	121
123	108	122
123	108	123
123	108	124
123	108	125
123	108	126
123	109	121
123	109	122
123	109	123
123	109	124
123	109	125
123	110	120
123	110	121
123	110	122
123	110	123
123	110	124
123	110	125
123	111	120
123	111	121
123	111	122
123	111	123
123	111	124
123	111	125
123	112	119
123	112	120
123	112	121
123	112	122
123	112	123
123	112	124
123	112	125
123	113	118
123	113	119
123	113	120
123	113	121
123	113	122
123	113	123
123	113	124
123	113	125
123	113	126
123	114	119
123	114	120
123	114	121
123	114	122
123	114	123
123	114	124
123	114	125
123	114	126
123	115	119
123	115	120
123	115	121
123	115	122
123	115	123
123	115	124
123	115	125
123	115	126
123	116	119
123	116	120
123	116	121
123	116	122
123	116	123
123	116	124
123	116	125
123	116	126
123	117	119
123	117	120
123	117	121
123	117	122
123	117	123
123	117	124
123	117	125
123	117	126
123	118	123
123	118	124
123	118	125
123	118	126
123	119	125
123	119	126
123	120	125
123	120	126
123	121	125
124	99	120
124	99	121
124	100	121
124	100	122
124	101	121
124	101	122
124	101	123
124	102	121
124	102	122
124	102	123
124	103	121
124	103	122
124	103	123
124	104	121
124	104	122
124	104	123
124	105	121
124	105	122
124	105	123
124	105	124
124	105	125
124	105	126
124	106	121
124	106	122
124	106	123
124	106	124
124	106	125
124	106	126
124	107	121
124	107	122
124	107	123
124	107	124
124	107	125
124	107	126
124	108	120
124	108	121
124	108	122
124	108	123
124	108	124
124	108	125
124	108	126
124	109	120
124	109	121
124	109	122
124	109	123
124	109	124
124	109	125
124	110	120
124	110	121
124	110	122
124	110	123
124	110	124
124	110	125
124	111	119
124	111	120
124	111	121
124	111	122
124	111	123
124	111	124
124	111	125
124	112	119
124	112	120
124	112	121
124	112	122
124	112	123
124	112	124
124	112	125
124	112	126
124	113	119
124	113	120
124	113	121
124	113	122
124	113	123
124	113	124
124	113	125
124	113	126
124	114	119
124	114	120
124	114	121
124	114	122
124	114	123
124	114	124
124	114	125
124	114	126
124	114	127
124	115	120
124	115	121
124	115	122
124	115	123
124	115	124
124	115	125
124	115	126
124	115	127
124	116	120
124	116	121
124	116	122
124	116	123
124	116	124
124	116	125
124	116	126
124	116	127
124	117	0
124	117	122
124	117	123
124	117	124
124	117	125
124	117	126
124	117	127
124	118	0
124	118	124
124	118	125
124	118	126
124	118	127
124	119	0
124	119	124
124	119	125
124	119	126
124	119	127
124	120	0
124	120	124
124	120	125
124	120	126
124	120	127
124	121	0
124	121	125
124	121	126
125	99	120
125	100	121
125	100	122
125	101	121
125	101	122
125	101	123
125	102	121
125	102	122
125	102	123
125	102	124
125	103	121
125	103	122
125	103	123
125	103	124
125	104	121
125	104	122
125	104	123
125	104	124
125	104	125
125	104	126
125	105	121
125	105	122
125	105	123
125	105	124
125	105	125
125	105	126
125	106	121
125	106	122
125	106	123
125	106	124
125	106	125
125	106	126
125	107	120
125	107	121
125	107	122
125	107	123
125	107	124
125	107	125
125	107	126
125	108	120
125	108	121
125	108	122
125	108	123
125	108	124
125	108	125
125	108	126
125	109	120
125	109	121
125	109	122
125	109	123
125	109	124
125	109	125
125	109	126
125	110	119
125	110	120
125	110	121
125	110	122
125	110	123
125	110	124
125	110	125
125	111	119
125	111	120
125	111	121
125	111	122
125	111	123
125	111	124
125	111	125
125	112	118
125	112	119
125	112	120
125	112	121
125	112	122
125	112	123
125	112	124
125	112	125
125	112	126
125	113	118
125	113	119
125	113	120
125	113	121
125	113	122
125	113	123
125	113	124
125	113	125
125	113	126
125	114	120
125	114	121
125	114	122
125	114	123
125	114	124
125	114	125
125	114	126
125	114	127
125	115	120
125	115	121
125	115	122
125	115	123
125	115	124
125	115	125
125	115	126
125	115	127
125	116	0
125	116	121
125	116	122
125	116	123
125	116	124
125	116	125
125	116	126
125	116	127
125	117	0
125	117	123
125	117	124
125	117	125
125	117	126
125	117	127
125	118	0
125	118	123
125	118	124
125	118	125
125	118	126
125	118	127
125	119	0
125	119	123
125	119	124
125	119	125
125	119	126
125	119	127
125	120	0
125	120	124
125	120	125
125	120	126
125	120	127
125	121	0
125	121	125
125	121	126
126	98	119
126	99	120
126	100	120
126	100	121
126	101	121
126	101	122
126	101	123
126	102	121
126	102	122
126	102	123
126	102	124
126	103	120
126	103	121
126	103	122
126	103	123
126	103	124
126	103	125
126	104	120
126	104	121
126	104	122
126	104	123
126	104	124
126	104	125
126	104	126
126	105	120
126	105	121
126	105	122
126	105	123
126	105	124
126	105	125
126	105	126
126	106	120
126	106	121
126	106	122
126	106	123
126	106	124
126	106	125
126	106	126
126	107	120
126	107	121
126	107	122
126	107	123
126	107	124
126	107	125
126	107	126
126	108	120
126	108	121
126	108	122
126	108	123
126	108	124
126	108	125
126	108	126
126	109	119
126	109	120
126	109	121
126	109	122
126	109	123
126	109	124
126	109	125
126	109	126
126	110	119
126	110	120
126	110	121
126	110	122
126	110	123
126	110	124
126	110	125
126	111	118
126	111	119
126	111	120
126	111	121
126	111	122
126	111	123
126	111	124
126	111	125
126	112	118
126	112	119
126	112	120
126	112	121
126	112	122
126	112	123
126	112	124
126	112	125
126	112	126
126	113	117
126	113	118
126	113	119
126	113	120
126	113	121
126	113	122
126	113	123
126	113	124
126	113	125
126	113	126
126	114	119
126	114	120
126	114	121
126	114	122
126	114	123
126	114	124
126	114	125
126	114	126
126	114	127
126	115	121
126	115	122
126	115	123
126	115	124
126	115	125
126	115	126
126	115	127
126	116	0
126	116	122
126	116	123
126	116	124
126	116	125
126	116	126
126	116	127
126	117	0
126	117	122
126	117	123
126	117	124
126	117	125
126	117	126
126	117	127
126	118	0
126	118	122
126	118	123
126	118	124
126	118	125
126	118	126
126	118	127
126	119	0
126	119	123
126	119	124
126	119	125
126	119	126
126	119	127
126	120	0
126	120	124
126	120	125
126	120	126
126	120	127
126	121	0
126	121	125
126	121	126
127	98	119
127	99	119
127	99	120
127	100	120
127	100	121
127	101	120
127	101	121
127	101	122
127	102	120
127	102	121
127	102	122
127	102	123
127	102	124
127	103	120
127	103	121
127	103	122
127	103	123
127	103	124
127	103	125
127	104	119
127	104	120
127	104	121
127	104	122
127	104	123
127	104	124
127	104	125
127	104	126
127	105	119
127	105	120
127	105	121
127	105	122
127	105	123
127	105	124
127	105	125
127	105	126
127	105	127
127	106	119
127	106	120
127	106	121
127	106	122
127	106	123
127	106	124
127	106	125
127	106	126
127	107	119
127	107	120
127	107	121
127	107	122
127	107	123
127	107	124
127	107	125
127	107	126
127	108	119
127	108	120
127	108	121
127	108	122
127	108	123
127	108	124
127	108	125
127	108	126
127	109	118
127	109	119
127	109	120
127	109	121
127	109	122
127	109	123
127	109	124
127	109	125
127	109	126
127	109	127
127	110	118
127	110	119
127	110	120
127	110	121
127	110	122
127	110	123
127	110	124
127	110	125
127	110	126
127	111	118
127	111	119
127	111	120
127	111	121
127	111	122
127	111	123
127	111	124
127	111	125
127	111	126
127	112	117
127	112	118
127	112	119
127	112	120
127	112	121
127	112	122
127	112	123
127	112	124
127	112	125
127	112	126
127	113	117
127	113	118
127	113	119
127	113	120
127	113	121
127	113	122
127	113	123
127	113	124
127	113	125
127	113	126
127	114	118
127	114	119
127	114	120
127	114	121
127	114	122
127	114	123
127	114	124
127	114	125
127	114	126
127	114	127
127	115	120
127	115	121
127	115	122
127	115	123
127	115	124
127	115	125
127	115	126
127	115	127
127	116	0
127	116	121
127	116	122
127	116	123
127	116	124
127	116	125
127	116	126
127	116	127
127	117	0
127	117	121
127	117	122
127	117	123
127	117	124
127	117	125
127	117	126
127	117	127
127	118	0
127	118	122
127	118	123
127	118	124
127	118	125
127	118	126
127	118	127
127	119	0
127	119	123
127	119	124
127	119	125
127	119	126
127	119	127
127	120	0
127	120	124
127	120	125
127	120	126
127	120	127
127	121	0
127	121	125
127	121	126
