#i	j	k
80	0	15
80	127	15
81	0	13
81	0	14
81	0	15
81	0	16
81	1	13
81	1	14
81	1	15
81	1	16
81	2	13
81	2	14
81	2	15
81	2	16
81	3	12
81	3	13
81	3	14
81	3	15
81	3	16
81	4	12
81	4	13
81	4	14
81	4	15
81	4	16
81	4	17
81	4	18
81	119	126
81	119	127
81	120	0
81	120	1
81	120	125
81	120	126
81	120	127
81	121	0
81	121	125
81	121	126
81	121	127
81	122	0
81	122	125
81	122	126
81	122	127
81	123	0
81	123	17
81	124	15
81	124	16
81	124	17
81	124	18
81	125	15
81	125	16
81	125	17
81	125	18
81	125	19
81	125	20
81	126	14
81	126	15
81	126	16
81	127	13
81	127	14
81	127	15
81	127	16
82	0	11
82	0	12
82	0	13
82	0	14
82	0	15
82	0	16
82	0	17
82	1	11
82	1	12
82	1	13
82	1	14
82	1	15
82	1	16
82	1	17
82	2	11
82	2	12
82	2	13
82	2	14
82	2	15
82	2	16
82	2	17
82	3	11
82	3	12
82	3	13
82	3	14
82	3	15
82	3	16
82	4	11
82	4	12
82	4	13
82	4	14
82	4	15
82	4	16
82	4	17
82	4	18
82	5	12
82	5	13
82	5	14
82	5	15
82	5	16
82	5	17
82	116	1
82	116	127
82	117	0
82	117	1
82	117	2
82	117	126
82	117	127
82	118	0
82	118	1
82	118	2
82	118	125
82	118	126
82	118	127
82	119	0
82	119	1
82	119	2
82	119	3
82	119	125
82	119	126
82	119	127
82	120	0
82	120	1
82	120	2
82	120	3
82	120	125
82	120	126
82	120	127
82	121	0
82	121	1
82	121	2
82	121	3
82	121	124
82	121	125
82	121	126
82	121	127
82	122	0
82	122	1
82	122	2
82	122	125
82	122	126
82	122	127
82	123	0
82	123	1
82	123	2
82	123	15
82	123	16
82	123	125
82	123	126
82	123	127
82	124	0
82	124	1
82	124	13
82	124	14
82	124	15
82	124	16
82	124	17
82	124	18
82	124	126
82	124	127
82	125	0
82	125	13
82	125	14
82	125	15
82	125	16
82	125	17
82	125	18
82	125	19
82	125	20
82	125	21
82	126	12
82	126	13
82	126	14
82	126	15
82	126	16
82	126	17
82	126	18
82	126	19
82	126	20
82	127	12
82	127	13
82	127	14
82	127	15
82	127	16
82	127	17
83	0	6
83	0	7
83	0	8
83	0	9
83	0	10
83	0	11
83	0	12
83	0	13
83	0	14
83	0	15
83	0	16
83	0	17
83	0	18
83	1	7
83	1	8
83	1	9
83	1	10
83	1	11
83	1	12
83	1	13
83	1	14
83	1	15
83	1	16
83	1	17
83	1	18
83	2	8
83	2	9
83	2	10
83	2	11
83	2	12
83	2	13
83	2	14
83	2	15
83	2	16
83	2	17
83	3	9
83	3	10
83	3	11
83	3	12
83	3	13
83	3	14
83	3	15
83	3	16
83	3	17
83	4	10
83	4	11
83	4	12
83	4	13
83	4	14
83	4	15
83	4	16
83	4	17
83	4	18
83	5	11
83	5	12
83	5	13
83	5	14
83	5	15
83	5	16
83	5	17
83	5	18
83	5	19
83	6	13
83	6	14
83	115	0
83	115	1
83	115	126
83	115	127
83	116	0
83	116	1
83	116	2
83	116	125
83	116	126
83	116	127
83	117	0
83	117	1
83	117	2
83	117	3
83	117	125
83	117	126
83	117	127
83	118	0
83	118	1
83	118	2
83	118	3
83	118	124
83	118	125
83	118	126
83	118	127
83	119	0
83	119	1
83	119	2
83	119	3
83	119	4
83	119	124
83	119	125
83	119	126
83	119	127
83	120	0
83	120	1
83	120	2
83	120	3
83	120	4
83	120	5
83	120	6
83	120	7
83	120	8
83	120	9
83	120	124
83	120	125
83	120	126
83	120	127
83	121	0
83	121	1
83	121	2
83	121	3
83	121	4
83	121	5
83	121	6
83	121	7
83	121	8
83	121	9
83	121	10
83	121	124
83	121	125
83	121	126
83	121	127
83	122	0
83	122	1
83	122	2
83	122	3
83	122	4
83	122	5
83	122	6
83	122	7
83	122	8
83	122	9
83	122	10
83	122	11
83	122	124
83	122	125
83	122	126
83	122	127
83	123	0
83	123	1
83	123	2
83	123	3
83	123	4
83	123	5
83	123	6
83	123	7
83	123	8
83	123	9
83	123	10
83	123	11
83	123	12
83	123	13
83	123	14
83	123	15
83	123	16
83	123	125
83	123	126
83	123	127
83	124	0
83	124	1
83	124	2
83	124	3
83	124	4
83	124	5
83	124	6
83	124	7
83	124	8
83	124	9
83	124	10
83	124	11
83	124	12
83	124	13
83	124	14
83	124	15
83	124	16
83	124	17
83	124	18
83	124	125
83	124	126
83	124	127
83	125	0
83	125	1
83	125	2
83	125	3
83	125	4
83	125	5
83	125	6
83	125	7
83	125	8
83	125	9
83	125	10
83	125	11
83	125	12
83	125	13
83	125	14
83	125	15
83	125	16
83	125	17
83	125	18
83	125	19
83	125	20
83	125	21
83	125	126
83	125	127
83	126	0
83	126	1
83	126	2
83	126	3
83	126	4
83	126	5
83	126	6
83	126	7
83	126	8
83	126	9
83	126	10
83	126	11
83	126	12
83	126	13
83	126	14
83	126	15
83	126	16
83	126	17
83	126	18
83	126	19
83	126	20
83	126	127
83	127	0
83	127	1
83	127	2
83	127	3
83	127	6
83	127	7
83	127	8
83	127	9
83	127	10
83	127	11
83	127	12
83	127	13
83	127	14
83	127	15
83	127	16
83	127	17
83	127	18
83	127	19
84	0	1
84	0	2
84	0	3
84	0	4
84	0	5
84	0	6
84	0	7
84	0	8
84	0	9
84	0	10
84	0	11
84	0	12
84	0	13
84	0	14
84	0	15
84	0	16
84	0	17
84	0	18
84	0	127
84	1	0
84	1	1
84	1	2
84	1	3
84	1	4
84	1	5
84	1	6
84	1	7
84	1	8
84	1	9
84	1	10
84	1	11
84	1	12
84	1	13
84	1	14
84	1	15
84	1	16
84	1	17
84	1	18
84	2	0
84	2	2
84	2	3
84	2	4
84	2	5
84	2	6
84	2	7
84	2	8
84	2	9
84	2	10
84	2	11
84	2	12
84	2	13
84	2	14
84	2	15
84	2	16
84	2	17
84	3	5
84	3	6
84	3	7
84	3	8
84	3	9
84	3	10
84	3	11
84	3	12
84	3	13
84	3	14
84	3	15
84	3	16
84	3	17
84	4	10
84	4	11
84	4	12
84	4	13
84	4	14
84	4	15
84	4	16
84	4	17
84	4	18
84	5	10
84	5	11
84	5	12
84	5	13
84	5	14
84	5	15
84	5	16
84	5	17
84	5	18
84	5	19
84	6	13
84	6	14
84	6	15
84	6	16
84	6	17
84	6	18
84	114	1
84	114	2
84	114	3
84	114	125
84	114	126
84	114	127
84	115	0
84	115	1
84	115	2
84	115	3
84	115	4
84	115	124
84	115	125
84	115	126
84	115	127
84	116	0
84	116	1
84	116	2
84	116	3
84	116	4
84	116	5
84	116	6
84	116	124
84	116	125
84	116	126
84	116	127
84	117	0
84	117	1
84	117	2
84	117	3
84	117	4
84	117	5
84	117	6
84	117	7
84	117	124
84	117	125
84	117	126
84	117	127
84	118	0
84	118	1
84	118	2
84	118	3
84	118	4
84	118	5
84	118	6
84	118	7
84	118	8
84	118	124
84	118	125
84	118	126
84	118	127
84	119	0
84	119	1
84	119	2
84	119	3
84	119	4
84	119	5
84	119	6
84	119	7
84	119	8
84	119	9
84	119	124
84	119	125
84	119	126
84	119	127
84	120	0
84	120	1
84	120	2
84	120	3
84	120	4
84	120	5
84	120	6
84	120	7
84	120	8
84	120	9
84	120	10
84	120	124
84	120	125
84	120	126
84	120	127
84	121	0
84	121	1
84	121	2
84	121	3
84	121	4
84	121	5
84	121	6
84	121	7
84	121	8
84	121	9
84	121	10
84	121	11
84	121	124
84	121	125
84	121	126
84	121	127
84	122	0
84	122	1
84	122	2
84	122	3
84	122	4
84	122	5
84	122	6
84	122	7
84	122	8
84	122	9
84	122	10
84	122	11
84	122	12
84	122	13
84	122	124
84	122	125
84	122	126
84	122	127
84	123	0
84	123	1
84	123	2
84	123	3
84	123	4
84	123	5
84	123	6
84	123	7
84	123	8
84	123	9
84	123	10
84	123	11
84	123	12
84	123	13
84	123	14
84	123	15
84	123	16
84	123	124
84	123	125
84	123	126
84	123	127
84	124	0
84	124	1
84	124	2
84	124	3
84	124	4
84	124	5
84	124	6
84	124	7
84	124	8
84	124	9
84	124	10
84	124	11
84	124	12
84	124	13
84	124	14
84	124	15
84	124	16
84	124	17
84	124	18
84	124	19
84	124	124
84	124	125
84	124	126
84	124	127
84	125	0
84	125	1
84	125	2
84	125	3
84	125	4
84	125	5
84	125	6
84	125	7
84	125	8
84	125	9
84	125	10
84	125	11
84	125	12
84	125	13
84	125	14
84	125	15
84	125	16
84	125	17
84	125	18
84	125	19
84	125	20
84	125	125
84	125	126
84	125	127
84	126	0
84	126	1
84	126	2
84	126	3
84	126	4
84	126	5
84	126	6
84	126	7
84	126	8
84	126	9
84	126	10
84	126	11
84	126	12
84	126	13
84	126	14
84	126	15
84	126	16
84	126	17
84	126	18
84	126	19
84	126	20
84	126	125
84	126	126
84	126	127
84	127	0
84	127	1
84	127	2
84	127	3
84	127	4
84	127	5
84	127	6
84	127	7
84	127	8
84	127	9
84	127	10
84	127	11
84	127	12
84	127	13
84	127	14
84	127	15
84	127	16
84	127	17
84	127	18
84	127	19
84	127	126
84	127	127
85	0	0
85	0	1
85	0	2
85	0	3
85	0	4
85	0	5
85	0	6
85	0	7
85	0	8
85	0	9
85	0	10
85	0	11
85	0	12
85	0	13
85	0	14
85	0	15
85	0	16
85	0	17
85	0	18
85	0	19
85	0	125
85	0	126
85	0	127
85	1	0
85	1	1
85	1	2
85	1	3
85	1	4
85	1	5
85	1	6
85	1	7
85	1	8
85	1	9
85	1	10
85	1	11
85	1	12
85	1	13
85	1	14
85	1	15
85	1	16
85	1	17
85	1	18
85	1	19
85	1	125
85	1	126
85	1	127
85	2	0
85	2	1
85	2	2
85	2	3
85	2	4
85	2	5
85	2	6
85	2	7
85	2	8
85	2	9
85	2	10
85	2	11
85	2	12
85	2	13
85	2	14
85	2	15
85	2	16
85	2	17
85	2	126
85	2	127
85	3	0
85	3	1
85	3	2
85	3	3
85	3	4
85	3	5
85	3	6
85	3	7
85	3	8
85	3	9
85	3	10
85	3	11
85	3	12
85	3	13
85	3	14
85	3	15
85	3	16
85	3	17
85	4	0
85	4	3
85	4	4
85	4	5
85	4	6
85	4	7
85	4	9
85	4	10
85	4	11
85	4	12
85	4	13
85	4	14
85	4	15
85	4	16
85	4	17
85	4	18
85	5	10
85	5	11
85	5	13
85	5	14
85	5	15
85	5	16
85	5	17
85	5	18
85	5	19
85	6	17
85	6	18
85	113	2
85	113	3
85	114	1
85	114	2
85	114	3
85	114	4
85	114	5
85	114	123
85	114	124
85	114	125
85	114	126
85	114	127
85	115	0
85	115	1
85	115	2
85	115	3
85	115	4
85	115	5
85	115	6
85	115	123
85	115	124
85	115	125
85	115	126
85	115	127
85	116	0
85	116	1
85	116	2
85	116	3
85	116	4
85	116	5
85	116	6
85	116	7
85	116	8
85	116	123
85	116	124
85	116	125
85	116	126
85	116	127
85	117	0
85	117	1
85	117	2
85	117	3
85	117	4
85	117	5
85	117	6
85	117	7
85	117	8
85	117	123
85	117	124
85	117	125
85	117	126
85	117	127
85	118	0
85	118	1
85	118	2
85	118	3
85	118	4
85	118	5
85	118	6
85	118	7
85	118	8
85	118	9
85	118	123
85	118	124
85	118	125
85	118	126
85	118	127
85	119	0
85	119	1
85	119	2
85	119	3
85	119	4
85	119	5
85	119	6
85	119	7
85	119	8
85	119	9
85	119	10
85	119	123
85	119	124
85	119	125
85	119	126
85	119	127
85	120	0
85	120	1
85	120	2
85	120	3
85	120	4
85	120	5
85	120	6
85	120	7
85	120	8
85	120	9
85	120	10
85	120	123
85	120	124
85	120	125
85	120	126
85	120	127
85	121	0
85	121	1
85	121	2
85	121	3
85	121	4
85	121	5
85	121	6
85	121	7
85	121	8
85	121	9
85	121	10
85	121	11
85	121	123
85	121	124
85	121	125
85	121	126
85	121	127
85	122	0
85	122	1
85	122	2
85	122	3
85	122	4
85	122	5
85	122	6
85	122	7
85	122	8
85	122	9
85	122	10
85	122	11
85	122	12
85	122	13
85	122	123
85	122	124
85	122	125
85	122	126
85	122	127
85	123	0
85	123	1
85	123	2
85	123	3
85	123	4
85	123	5
85	123	6
85	123	7
85	123	8
85	123	9
85	123	10
85	123	11
85	123	12
85	123	13
85	123	14
85	123	15
85	123	16
85	123	17
85	123	123
85	123	124
85	123	125
85	123	126
85	123	127
85	124	0
85	124	1
85	124	2
85	124	3
85	124	4
85	124	5
85	124	6
85	124	7
85	124	8
85	124	9
85	124	10
85	124	11
85	124	12
85	124	13
85	124	14
85	124	15
85	124	16
85	124	17
85	124	18
85	124	123
85	124	124
85	124	125
85	124	126
85	124	127
85	125	0
85	125	1
85	125	2
85	125	3
85	125	4
85	125	5
85	125	6
85	125	7
85	125	8
85	125	9
85	125	10
85	125	11
85	125	12
85	125	13
85	125	14
85	125	15
85	125	16
85	125	17
85	125	18
85	125	19
85	125	20
85	125	124
85	125	125
85	125	126
85	125	127
85	126	0
85	126	1
85	126	2
85	126	3
85	126	4
85	126	5
85	126	6
85	126	7
85	126	8
85	126	9
85	126	10
85	126	11
85	126	12
85	126	13
85	126	14
85	126	15
85	126	16
85	126	17
85	126	18
85	126	19
85	126	20
85	126	124
85	126	125
85	126	126
85	126	127
85	127	0
85	127	1
85	127	2
85	127	3
85	127	4
85	127	5
85	127	6
85	127	7
85	127	8
85	127	9
85	127	10
85	127	11
85	127	12
85	127	13
85	127	14
85	127	15
85	127	16
85	127	17
85	127	18
85	127	19
85	127	124
85	127	125
85	127	126
85	127	127
86	0	0
86	0	1
86	0	2
86	0	3
86	0	4
86	0	5
86	0	6
86	0	7
86	0	8
86	0	9
86	0	10
86	0	11
86	0	12
86	0	13
86	0	14
86	0	15
86	0	16
86	0	17
86	0	18
86	0	124
86	0	125
86	0	126
86	0	127
86	1	0
86	1	1
86	1	2
86	1	3
86	1	4
86	1	5
86	1	6
86	1	7
86	1	8
86	1	9
86	1	10
86	1	11
86	1	12
86	1	13
86	1	14
86	1	15
86	1	16
86	1	17
86	1	18
86	1	124
86	1	125
86	1	126
86	1	127
86	2	0
86	2	1
86	2	2
86	2	3
86	2	4
86	2	5
86	2	6
86	2	7
86	2	8
86	2	9
86	2	10
86	2	11
86	2	12
86	2	13
86	2	14
86	2	15
86	2	16
86	2	17
86	2	18
86	2	124
86	2	125
86	2	126
86	2	127
86	3	0
86	3	1
86	3	2
86	3	3
86	3	4
86	3	5
86	3	6
86	3	7
86	3	8
86	3	9
86	3	10
86	3	11
86	3	12
86	3	13
86	3	14
86	3	15
86	3	16
86	3	17
86	3	18
86	3	125
86	3	126
86	3	127
86	4	0
86	4	1
86	4	2
86	4	3
86	4	4
86	4	5
86	4	6
86	4	7
86	4	8
86	4	9
86	4	10
86	4	11
86	4	12
86	4	13
86	4	14
86	4	15
86	4	16
86	4	17
86	4	18
86	4	126
86	4	127
86	5	0
86	5	1
86	5	2
86	5	3
86	5	4
86	5	5
86	5	6
86	5	10
86	5	11
86	5	13
86	5	14
86	5	15
86	5	16
86	5	17
86	5	18
86	5	19
86	6	17
86	6	18
86	113	123
86	113	124
86	114	1
86	114	2
86	114	3
86	114	4
86	114	5
86	114	122
86	114	123
86	114	124
86	114	125
86	114	126
86	115	1
86	115	2
86	115	3
86	115	4
86	115	5
86	115	6
86	115	7
86	115	122
86	115	123
86	115	124
86	115	125
86	115	126
86	115	127
86	116	0
86	116	1
86	116	2
86	116	3
86	116	4
86	116	5
86	116	6
86	116	7
86	116	8
86	116	122
86	116	123
86	116	124
86	116	125
86	116	126
86	116	127
86	117	0
86	117	1
86	117	2
86	117	3
86	117	4
86	117	5
86	117	6
86	117	7
86	117	8
86	117	122
86	117	123
86	117	124
86	117	125
86	117	126
86	117	127
86	118	0
86	118	1
86	118	2
86	118	3
86	118	4
86	118	5
86	118	6
86	118	7
86	118	8
86	118	9
86	118	122
86	118	123
86	118	124
86	118	125
86	118	126
86	118	127
86	119	0
86	119	1
86	119	2
86	119	3
86	119	4
86	119	5
86	119	6
86	119	7
86	119	8
86	119	9
86	119	10
86	119	122
86	119	123
86	119	124
86	119	125
86	119	126
86	119	127
86	120	0
86	120	1
86	120	2
86	120	3
86	120	4
86	120	5
86	120	6
86	120	7
86	120	8
86	120	9
86	120	10
86	120	122
86	120	123
86	120	124
86	120	125
86	120	126
86	120	127
86	121	0
86	121	1
86	121	2
86	121	3
86	121	4
86	121	5
86	121	6
86	121	7
86	121	8
86	121	9
86	121	10
86	121	11
86	121	122
86	121	123
86	121	124
86	121	125
86	121	126
86	121	127
86	122	0
86	122	1
86	122	2
86	122	3
86	122	4
86	122	5
86	122	6
86	122	7
86	122	8
86	122	9
86	122	10
86	122	11
86	122	12
86	122	13
86	122	122
86	122	123
86	122	124
86	122	125
86	122	126
86	122	127
86	123	0
86	123	1
86	123	2
86	123	3
86	123	4
86	123	5
86	123	6
86	123	7
86	123	8
86	123	9
86	123	10
86	123	11
86	123	12
86	123	13
86	123	14
86	123	15
86	123	16
86	123	122
86	123	123
86	123	124
86	123	125
86	123	126
86	123	127
86	124	0
86	124	1
86	124	2
86	124	3
86	124	4
86	124	5
86	124	6
86	124	7
86	124	8
86	124	9
86	124	10
86	124	11
86	124	12
86	124	13
86	124	14
86	124	15
86	124	16
86	124	17
86	124	18
86	124	123
86	124	124
86	124	125
86	124	126
86	124	127
86	125	0
86	125	1
86	125	2
86	125	3
86	125	4
86	125	5
86	125	6
86	125	7
86	125	8
86	125	9
86	125	10
86	125	11
86	125	12
86	125	13
86	125	14
86	125	15
86	125	16
86	125	17
86	125	18
86	125	19
86	125	123
86	125	124
86	125	125
86	125	126
86	125	127
86	126	0
86	126	1
86	126	2
86	126	3
86	126	4
86	126	5
86	126	6
86	126	7
86	126	8
86	126	9
86	126	10
86	126	11
86	126	12
86	126	13
86	126	14
86	126	15
86	126	16
86	126	17
86	126	18
86	126	19
86	126	20
86	126	123
86	126	124
86	126	125
86	126	126
86	126	127
86	127	0
86	127	1
86	127	2
86	127	3
86	127	4
86	127	5
86	127	6
86	127	7
86	127	8
86	127	9
86	127	10
86	127	11
86	127	12
86	127	13
86	127	14
86	127	15
86	127	16
86	127	17
86	127	18
86	127	123
86	127	124
86	127	125
86	127	126
86	127	127
87	0	0
87	0	1
87	0	2
87	0	3
87	0	4
87	0	5
87	0	6
87	0	7
87	0	8
87	0	9
87	0	10
87	0	11
87	0	12
87	0	13
87	0	14
87	0	15
87	0	16
87	0	17
87	0	123
87	0	124
87	0	125
87	0	126
87	0	127
87	1	0
87	1	1
87	1	2
87	1	3
87	1	4
87	1	5
87	1	6
87	1	7
87	1	8
87	1	9
87	1	10
87	1	11
87	1	12
87	1	13
87	1	14
87	1	15
87	1	16
87	1	17
87	1	123
87	1	124
87	1	125
87	1	126
87	1	127
87	2	0
87	2	1
87	2	2
87	2	3
87	2	4
87	2	5
87	2	6
87	2	7
87	2	8
87	2	9
87	2	10
87	2	11
87	2	12
87	2	13
87	2	14
87	2	15
87	2	16
87	2	17
87	2	18
87	2	123
87	2	124
87	2	125
87	2	126
87	2	127
87	3	0
87	3	1
87	3	2
87	3	3
87	3	4
87	3	5
87	3	6
87	3	7
87	3	8
87	3	9
87	3	10
87	3	11
87	3	12
87	3	13
87	3	14
87	3	15
87	3	16
87	3	17
87	3	18
87	3	124
87	3	125
87	3	126
87	3	127
87	4	0
87	4	1
87	4	2
87	4	3
87	4	4
87	4	5
87	4	6
87	4	7
87	4	8
87	4	9
87	4	10
87	4	11
87	4	12
87	4	13
87	4	14
87	4	15
87	4	16
87	4	17
87	4	18
87	4	124
87	4	125
87	4	126
87	4	127
87	5	0
87	5	1
87	5	2
87	5	3
87	5	4
87	5	5
87	5	6
87	5	7
87	5	10
87	5	11
87	5	13
87	5	14
87	5	15
87	5	16
87	5	17
87	5	18
87	5	19
87	5	125
87	5	126
87	5	127
87	6	0
87	6	1
87	6	2
87	6	3
87	6	4
87	6	5
87	6	17
87	6	18
87	6	19
87	6	126
87	6	127
87	7	0
87	113	123
87	113	124
87	114	3
87	114	4
87	114	123
87	114	124
87	114	125
87	114	126
87	115	1
87	115	2
87	115	3
87	115	4
87	115	5
87	115	6
87	115	122
87	115	123
87	115	124
87	115	125
87	115	126
87	115	127
87	116	0
87	116	1
87	116	2
87	116	3
87	116	4
87	116	5
87	116	6
87	116	7
87	116	8
87	116	122
87	116	123
87	116	124
87	116	125
87	116	126
87	116	127
87	117	0
87	117	1
87	117	2
87	117	3
87	117	4
87	117	5
87	117	6
87	117	7
87	117	8
87	117	122
87	117	123
87	117	124
87	117	125
87	117	126
87	117	127
87	118	0
87	118	1
87	118	2
87	118	3
87	118	4
87	118	5
87	118	6
87	118	7
87	118	8
87	118	9
87	118	122
87	118	123
87	118	124
87	118	125
87	118	126
87	118	127
87	119	0
87	119	1
87	119	2
87	119	3
87	119	4
87	119	5
87	119	6
87	119	7
87	119	8
87	119	9
87	119	122
87	119	123
87	119	124
87	119	125
87	119	126
87	119	127
87	120	0
87	120	1
87	120	2
87	120	3
87	120	4
87	120	5
87	120	6
87	120	7
87	120	8
87	120	9
87	120	10
87	120	122
87	120	123
87	120	124
87	120	125
87	120	126
87	120	127
87	121	0
87	121	1
87	121	2
87	121	3
87	121	4
87	121	5
87	121	6
87	121	7
87	121	8
87	121	9
87	121	10
87	121	11
87	121	122
87	121	123
87	121	124
87	121	125
87	121	126
87	121	127
87	122	0
87	122	1
87	122	2
87	122	3
87	122	4
87	122	5
87	122	6
87	122	7
87	122	8
87	122	9
87	122	10
87	122	11
87	122	12
87	122	122
87	122	123
87	122	124
87	122	125
87	122	126
87	122	127
87	123	0
87	123	1
87	123	2
87	123	3
87	123	4
87	123	5
87	123	6
87	123	7
87	123	8
87	123	9
87	123	10
87	123	11
87	123	12
87	123	13
87	123	14
87	123	15
87	123	122
87	123	123
87	123	124
87	123	125
87	123	126
87	123	127
87	124	0
87	124	1
87	124	2
87	124	3
87	124	4
87	124	5
87	124	6
87	124	7
87	124	8
87	124	9
87	124	10
87	124	11
87	124	12
87	124	13
87	124	14
87	124	15
87	124	16
87	124	17
87	124	122
87	124	123
87	124	124
87	124	125
87	124	126
87	124	127
87	125	0
87	125	1
87	125	2
87	125	3
87	125	4
87	125	5
87	125	6
87	125	7
87	125	8
87	125	9
87	125	10
87	125	11
87	125	12
87	125	13
87	125	14
87	125	15
87	125	16
87	125	17
87	125	18
87	125	122
87	125	123
87	125	124
87	125	125
87	125	126
87	125	127
87	126	0
87	126	1
87	126	2
87	126	3
87	126	4
87	126	5
87	126	6
87	126	7
87	126	8
87	126	9
87	126	10
87	126	11
87	126	12
87	126	13
87	126	14
87	126	15
87	126	16
87	126	17
87	126	122
87	126	123
87	126	124
87	126	125
87	126	126
87	126	127
87	127	0
87	127	1
87	127	2
87	127	3
87	127	4
87	127	5
87	127	6
87	127	7
87	127	8
87	127	9
87	127	10
87	127	11
87	127	12
87	127	13
87	127	14
87	127	15
87	127	16
87	127	17
87	127	122
87	127	123
87	127	124
87	127	125
87	127	126
87	127	127
88	0	0
88	0	1
88	0	2
88	0	3
88	0	4
88	0	5
88	0	6
88	0	7
88	0	8
88	0	9
88	0	10
88	0	11
88	0	12
88	0	13
88	0	14
88	0	15
88	0	16
88	0	17
88	0	123
88	0	124
88	0	125
88	0	126
88	0	127
88	1	0
88	1	1
88	1	2
88	1	3
88	1	4
88	1	5
88	1	6
88	1	7
88	1	8
88	1	9
88	1	10
88	1	11
88	1	12
88	1	13
88	1	14
88	1	15
88	1	16
88	1	17
88	1	123
88	1	124
88	1	125
88	1	126
88	1	127
88	2	0
88	2	1
88	2	2
88	2	3
88	2	4
88	2	5
88	2	6
88	2	7
88	2	8
88	2	9
88	2	10
88	2	11
88	2	12
88	2	13
88	2	14
88	2	15
88	2	16
88	2	17
88	2	123
88	2	124
88	2	125
88	2	126
88	2	127
88	3	0
88	3	1
88	3	2
88	3	3
88	3	4
88	3	5
88	3	6
88	3	7
88	3	8
88	3	9
88	3	10
88	3	11
88	3	12
88	3	13
88	3	14
88	3	15
88	3	16
88	3	17
88	3	18
88	3	124
88	3	125
88	3	126
88	3	127
88	4	0
88	4	1
88	4	2
88	4	3
88	4	4
88	4	5
88	4	6
88	4	7
88	4	8
88	4	9
88	4	10
88	4	11
88	4	12
88	4	13
88	4	14
88	4	15
88	4	16
88	4	17
88	4	18
88	4	124
88	4	125
88	4	126
88	4	127
88	5	0
88	5	1
88	5	2
88	5	3
88	5	4
88	5	5
88	5	6
88	5	7
88	5	8
88	5	9
88	5	10
88	5	17
88	5	18
88	5	125
88	5	126
88	5	127
88	6	0
88	6	1
88	6	2
88	6	3
88	6	4
88	6	5
88	6	6
88	6	7
88	6	19
88	6	125
88	6	126
88	6	127
88	7	0
88	7	1
88	7	2
88	7	3
88	7	4
88	7	5
88	7	6
88	7	127
88	8	0
88	115	4
88	115	5
88	115	123
88	115	124
88	115	125
88	115	126
88	116	3
88	116	4
88	116	5
88	116	6
88	116	7
88	116	123
88	116	124
88	116	125
88	116	126
88	116	127
88	117	0
88	117	1
88	117	2
88	117	3
88	117	4
88	117	5
88	117	6
88	117	7
88	117	8
88	117	123
88	117	124
88	117	125
88	117	126
88	117	127
88	118	0
88	118	1
88	118	2
88	118	3
88	118	4
88	118	5
88	118	6
88	118	7
88	118	8
88	118	9
88	118	122
88	118	123
88	118	124
88	118	125
88	118	126
88	118	127
88	119	0
88	119	1
88	119	2
88	119	3
88	119	4
88	119	5
88	119	6
88	119	7
88	119	8
88	119	9
88	119	122
88	119	123
88	119	124
88	119	125
88	119	126
88	119	127
88	120	0
88	120	1
88	120	2
88	120	3
88	120	4
88	120	5
88	120	6
88	120	7
88	120	8
88	120	9
88	120	122
88	120	123
88	120	124
88	120	125
88	120	126
88	120	127
88	121	0
88	121	1
88	121	2
88	121	3
88	121	4
88	121	5
88	121	6
88	121	7
88	121	8
88	121	9
88	121	10
88	121	121
88	121	122
88	121	123
88	121	124
88	121	125
88	121	126
88	121	127
88	122	0
88	122	1
88	122	2
88	122	3
88	122	4
88	122	5
88	122	6
88	122	7
88	122	8
88	122	9
88	122	10
88	122	11
88	122	121
88	122	122
88	122	123
88	122	124
88	122	125
88	122	126
88	122	127
88	123	0
88	123	1
88	123	2
88	123	3
88	123	4
88	123	5
88	123	6
88	123	7
88	123	8
88	123	9
88	123	10
88	123	11
88	123	12
88	123	13
88	123	14
88	123	15
88	123	121
88	123	122
88	123	123
88	123	124
88	123	125
88	123	126
88	123	127
88	124	0
88	124	1
88	124	2
88	124	3
88	124	4
88	124	5
88	124	6
88	124	7
88	124	8
88	124	9
88	124	10
88	124	11
88	124	12
88	124	13
88	124	14
88	124	15
88	124	121
88	124	122
88	124	123
88	124	124
88	124	125
88	124	126
88	124	127
88	125	0
88	125	1
88	125	2
88	125	3
88	125	4
88	125	5
88	125	6
88	125	7
88	125	8
88	125	9
88	125	10
88	125	11
88	125	12
88	125	13
88	125	14
88	125	15
88	125	16
88	125	121
88	125	122
88	125	123
88	125	124
88	125	125
88	125	126
88	125	127
88	126	0
88	126	1
88	126	2
88	126	3
88	126	4
88	126	5
88	126	6
88	126	7
88	126	8
88	126	9
88	126	10
88	126	11
88	126	12
88	126	13
88	126	14
88	126	15
88	126	16
88	126	122
88	126	123
88	126	124
88	126	125
88	126	126
88	126	127
88	127	0
88	127	1
88	127	2
88	127	3
88	127	4
88	127	5
88	127	6
88	127	7
88	127	8
88	127	9
88	127	10
88	127	11
88	127	12
88	127	13
88	127	14
88	127	15
88	127	16
88	127	122
88	127	123
88	127	124
88	127	125
88	127	126
88	127	127
89	0	0
89	0	1
89	0	2
89	0	3
89	0	4
89	0	5
89	0	6
89	0	7
89	0	8
89	0	9
89	0	10
89	0	11
89	0	12
89	0	13
89	0	14
89	0	15
89	0	16
89	0	123
89	0	124
89	0	125
89	0	126
89	0	127
89	1	0
89	1	1
89	1	2
89	1	3
89	1	4
89	1	5
89	1	6
89	1	7
89	1	8
89	1	9
89	1	10
89	1	11
89	1	12
89	1	13
89	1	14
89	1	15
89	1	16
89	1	124
89	1	125
89	1	126
89	1	127
89	2	0
89	2	1
89	2	2
89	2	3
89	2	4
89	2	5
89	2	6
89	2	7
89	2	8
89	2	9
89	2	10
89	2	11
89	2	12
89	2	13
89	2	14
89	2	15
89	2	16
89	2	17
89	2	124
89	2	125
89	2	126
89	2	127
89	3	0
89	3	1
89	3	2
89	3	3
89	3	4
89	3	5
89	3	6
89	3	7
89	3	8
89	3	9
89	3	10
89	3	11
89	3	12
89	3	13
89	3	14
89	3	15
89	3	16
89	3	17
89	3	124
89	3	125
89	3	126
89	3	127
89	4	0
89	4	1
89	4	2
89	4	3
89	4	4
89	4	5
89	4	6
89	4	7
89	4	8
89	4	9
89	4	10
89	4	11
89	4	12
89	4	18
89	4	125
89	4	126
89	4	127
89	5	0
89	5	1
89	5	2
89	5	3
89	5	4
89	5	5
89	5	6
89	5	7
89	5	8
89	5	9
89	5	10
89	5	125
89	5	126
89	5	127
89	6	0
89	6	1
89	6	2
89	6	3
89	6	4
89	6	5
89	6	6
89	6	7
89	6	8
89	6	9
89	6	125
89	6	126
89	6	127
89	7	0
89	7	1
89	7	2
89	7	3
89	7	4
89	7	5
89	7	6
89	7	7
89	7	8
89	7	126
89	7	127
89	8	0
89	8	2
89	8	3
89	8	4
89	8	5
89	8	6
89	116	4
89	116	5
89	116	6
89	116	7
89	117	3
89	117	4
89	117	5
89	117	6
89	117	7
89	117	8
89	117	123
89	117	124
89	117	125
89	117	126
89	117	127
89	118	0
89	118	1
89	118	2
89	118	3
89	118	4
89	118	5
89	118	6
89	118	7
89	118	8
89	118	123
89	118	124
89	118	125
89	118	126
89	118	127
89	119	0
89	119	1
89	119	2
89	119	3
89	119	4
89	119	5
89	119	6
89	119	7
89	119	8
89	119	122
89	119	123
89	119	124
89	119	125
89	119	126
89	119	127
89	120	0
89	120	1
89	120	2
89	120	3
89	120	4
89	120	5
89	120	6
89	120	7
89	120	8
89	120	122
89	120	123
89	120	124
89	120	125
89	120	126
89	120	127
89	121	0
89	121	1
89	121	2
89	121	3
89	121	4
89	121	5
89	121	6
89	121	7
89	121	8
89	121	9
89	121	121
89	121	122
89	121	123
89	121	124
89	121	125
89	121	126
89	121	127
89	122	0
89	122	1
89	122	2
89	122	3
89	122	4
89	122	5
89	122	6
89	122	7
89	122	8
89	122	9
89	122	121
89	122	122
89	122	123
89	122	124
89	122	125
89	122	126
89	122	127
89	123	0
89	123	1
89	123	2
89	123	3
89	123	4
89	123	5
89	123	6
89	123	7
89	123	8
89	123	9
89	123	10
89	123	121
89	123	122
89	123	123
89	123	124
89	123	125
89	123	126
89	123	127
89	124	0
89	124	1
89	124	2
89	124	3
89	124	4
89	124	5
89	124	6
89	124	7
89	124	8
89	124	9
89	124	10
89	124	11
89	124	12
89	124	13
89	124	14
89	124	15
89	124	121
89	124	122
89	124	123
89	124	124
89	124	125
89	124	126
89	124	127
89	125	0
89	125	1
89	125	2
89	125	3
89	125	4
89	125	5
89	125	6
89	125	7
89	125	8
89	125	9
89	125	10
89	125	11
89	125	12
89	125	13
89	125	14
89	125	15
89	125	121
89	125	122
89	125	123
89	125	124
89	125	125
89	125	126
89	125	127
89	126	0
89	126	1
89	126	2
89	126	3
89	126	4
89	126	5
89	126	6
89	126	7
89	126	8
89	126	9
89	126	10
89	126	11
89	126	12
89	126	13
89	126	14
89	126	15
89	126	122
89	126	123
89	126	124
89	126	125
89	126	126
89	126	127
89	127	0
89	127	1
89	127	2
89	127	3
89	127	4
89	127	5
89	127	6
89	127	7
89	127	8
89	127	9
89	127	10
89	127	11
89	127	12
89	127	13
89	127	14
89	127	15
89	127	16
89	127	122
89	127	123
89	127	124
89	127	125
89	127	126
89	127	127
90	0	0
90	0	1
90	0	2
90	0	3
90	0	4
90	0	5
90	0	6
90	0	7
90	0	8
90	0	9
90	0	10
90	0	11
90	0	12
90	0	13
90	0	14
90	0	15
90	0	124
90	0	125
90	0	126
90	0	127
90	1	0
90	1	1
90	1	2
90	1	3
90	1	4
90	1	5
90	1	6
90	1	7
90	1	8
90	1	9
90	1	10
90	1	11
90	1	12
90	1	13
90	1	14
90	1	15
90	1	125
90	1	126
90	1	127
90	2	0
90	2	1
90	2	2
90	2	3
90	2	4
90	2	5
90	2	6
90	2	7
90	2	8
90	2	9
90	2	10
90	2	11
90	2	12
90	2	13
90	2	14
90	2	15
90	2	16
90	2	125
90	2	126
90	2	127
90	3	0
90	3	1
90	3	2
90	3	3
90	3	4
90	3	5
90	3	6
90	3	7
90	3	8
90	3	9
90	3	10
90	3	11
90	3	12
90	3	13
90	3	14
90	3	15
90	3	16
90	3	125
90	3	126
90	3	127
90	4	0
90	4	1
90	4	2
90	4	3
90	4	4
90	4	5
90	4	6
90	4	7
90	4	8
90	4	9
90	4	10
90	4	11
90	4	12
90	4	13
90	4	14
90	4	125
90	4	126
90	4	127
90	5	0
90	5	1
90	5	2
90	5	3
90	5	4
90	5	5
90	5	6
90	5	7
90	5	8
90	5	9
90	5	10
90	5	11
90	5	126
90	5	127
90	6	0
90	6	1
90	6	2
90	6	3
90	6	4
90	6	5
90	6	6
90	6	7
90	6	8
90	6	9
90	6	10
90	6	126
90	6	127
90	7	0
90	7	1
90	7	2
90	7	3
90	7	4
90	7	5
90	7	6
90	7	7
90	7	8
90	7	127
90	8	0
90	8	1
90	8	2
90	8	3
90	8	4
90	8	5
90	8	6
90	9	0
90	9	5
90	116	4
90	116	5
90	116	6
90	117	4
90	117	5
90	117	6
90	117	7
90	118	3
90	118	4
90	118	5
90	118	6
90	118	7
90	118	8
90	118	123
90	118	124
90	118	125
90	118	126
90	118	127
90	119	1
90	119	2
90	119	3
90	119	4
90	119	5
90	119	6
90	119	7
90	119	8
90	119	123
90	119	124
90	119	125
90	119	126
90	119	127
90	120	0
90	120	1
90	120	2
90	120	3
90	120	4
90	120	5
90	120	6
90	120	7
90	120	8
90	120	122
90	120	123
90	120	124
90	120	125
90	120	126
90	120	127
90	121	0
90	121	1
90	121	2
90	121	3
90	121	4
90	121	5
90	121	6
90	121	7
90	121	8
90	121	121
90	121	122
90	121	123
90	121	124
90	121	125
90	121	126
90	121	127
90	122	0
90	122	1
90	122	2
90	122	3
90	122	4
90	122	5
90	122	6
90	122	7
90	122	8
90	122	121
90	122	122
90	122	123
90	122	124
90	122	125
90	122	126
90	122	127
90	123	0
90	123	1
90	123	2
90	123	3
90	123	4
90	123	5
90	123	6
90	123	7
90	123	8
90	123	9
90	123	120
90	123	121
90	123	122
90	123	123
90	123	124
90	123	125
90	123	126
90	123	127
90	124	0
90	124	1
90	124	2
90	124	3
90	124	4
90	124	5
90	124	6
90	124	7
90	124	8
90	124	9
90	124	10
90	124	120
90	124	121
90	124	122
90	124	123
90	124	124
90	124	125
90	124	126
90	124	127
90	125	0
90	125	1
90	125	2
90	125	3
90	125	4
90	125	5
90	125	6
90	125	7
90	125	8
90	125	9
90	125	10
90	125	11
90	125	12
90	125	13
90	125	14
90	125	121
90	125	122
90	125	123
90	125	124
90	125	125
90	125	126
90	125	127
90	126	0
90	126	1
90	126	2
90	126	3
90	126	4
90	126	5
90	126	6
90	126	7
90	126	8
90	126	9
90	126	10
90	126	11
90	126	12
90	126	13
90	126	14
90	126	15
90	126	122
90	126	123
90	126	124
90	126	125
90	126	126
90	126	127
90	127	0
90	127	1
90	127	2
90	127	3
90	127	4
90	127	5
90	127	6
90	127	7
90	127	8
90	127	9
90	127	10
90	127	11
90	127	12
90	127	13
90	127	14
90	127	15
90	127	123
90	127	124
90	127	125
90	127	126
90	127	127
91	0	0
91	0	1
91	0	2
91	0	3
91	0	4
91	0	5
91	0	6
91	0	7
91	0	8
91	0	9
91	0	10
91	0	11
91	0	12
91	0	13
91	0	14
91	0	125
91	0	126
91	0	127
91	1	0
91	1	1
91	1	2
91	1	3
91	1	4
91	1	5
91	1	6
91	1	7
91	1	8
91	1	9
91	1	10
91	1	11
91	1	12
91	1	13
91	1	14
91	1	126
91	1	127
91	2	0
91	2	1
91	2	2
91	2	3
91	2	4
91	2	5
91	2	6
91	2	7
91	2	8
91	2	9
91	2	10
91	2	11
91	2	12
91	2	13
91	2	14
91	2	15
91	2	126
91	2	127
91	3	0
91	3	1
91	3	2
91	3	3
91	3	4
91	3	5
91	3	6
91	3	7
91	3	8
91	3	9
91	3	10
91	3	11
91	3	12
91	3	126
91	3	127
91	4	0
91	4	1
91	4	2
91	4	3
91	4	4
91	4	5
91	4	6
91	4	7
91	4	8
91	4	9
91	4	10
91	4	11
91	4	12
91	4	126
91	4	127
91	5	0
91	5	1
91	5	2
91	5	3
91	5	4
91	5	5
91	5	6
91	5	7
91	5	8
91	5	9
91	5	10
91	5	11
91	5	126
91	5	127
91	6	0
91	6	1
91	6	2
91	6	3
91	6	4
91	6	5
91	6	6
91	6	7
91	6	8
91	6	9
91	6	10
91	6	127
91	7	0
91	7	1
91	7	2
91	7	3
91	7	4
91	7	5
91	7	6
91	7	7
91	7	8
91	7	127
91	8	0
91	8	1
91	8	2
91	8	3
91	8	4
91	8	5
91	8	6
91	9	4
91	9	5
91	116	4
91	116	5
91	116	6
91	117	3
91	117	4
91	117	5
91	117	6
91	117	7
91	118	3
91	118	4
91	118	5
91	118	6
91	118	7
91	119	2
91	119	3
91	119	4
91	119	5
91	119	6
91	119	7
91	120	1
91	120	2
91	120	3
91	120	4
91	120	5
91	120	6
91	120	7
91	120	122
91	120	123
91	120	124
91	120	125
91	120	126
91	120	127
91	121	0
91	121	1
91	121	2
91	121	3
91	121	4
91	121	5
91	121	6
91	121	7
91	121	120
91	121	121
91	121	122
91	121	123
91	121	124
91	121	125
91	121	126
91	121	127
91	122	0
91	122	1
91	122	2
91	122	3
91	122	4
91	122	5
91	122	6
91	122	7
91	122	120
91	122	121
91	122	122
91	122	123
91	122	124
91	122	125
91	122	126
91	122	127
91	123	0
91	123	1
91	123	2
91	123	3
91	123	4
91	123	5
91	123	6
91	123	7
91	123	8
91	123	120
91	123	121
91	123	122
91	123	123
91	123	124
91	123	125
91	123	126
91	123	127
91	124	0
91	124	1
91	124	2
91	124	3
91	124	4
91	124	5
91	124	6
91	124	7
91	124	8
91	124	9
91	124	120
91	124	121
91	124	122
91	124	123
91	124	124
91	124	125
91	124	126
91	124	127
91	125	0
91	125	1
91	125	2
91	125	3
91	125	4
91	125	5
91	125	6
91	125	7
91	125	8
91	125	9
91	125	10
91	125	120
91	125	121
91	125	122
91	125	123
91	125	124
91	125	125
91	125	126
91	125	127
91	126	0
91	126	1
91	126	2
91	126	3
91	126	4
91	126	5
91	126	6
91	126	7
91	126	8
91	126	9
91	126	10
91	126	11
91	126	12
91	126	13
91	126	14
91	126	122
91	126	123
91	126	124
91	126	125
91	126	126
91	126	127
91	127	0
91	127	1
91	127	2
91	127	3
91	127	4
91	127	5
91	127	6
91	127	7
91	127	8
91	127	9
91	127	10
91	127	11
91	127	12
91	127	13
91	127	14
91	127	124
91	127	125
91	127	126
91	127	127
92	0	0
92	0	1
92	0	2
92	0	3
92	0	4
92	0	5
92	0	6
92	0	7
92	0	8
92	0	9
92	0	10
92	0	11
92	0	12
92	0	13
92	0	126
92	0	127
92	1	0
92	1	1
92	1	2
92	1	3
92	1	4
92	1	5
92	1	6
92	1	7
92	1	8
92	1	9
92	1	10
92	1	11
92	1	12
92	1	13
92	1	126
92	1	127
92	2	0
92	2	1
92	2	2
92	2	3
92	2	4
92	2	5
92	2	6
92	2	7
92	2	8
92	2	9
92	2	10
92	2	11
92	2	12
92	2	127
92	3	0
92	3	1
92	3	2
92	3	3
92	3	4
92	3	5
92	3	6
92	3	7
92	3	8
92	3	9
92	3	10
92	3	11
92	3	127
92	4	0
92	4	1
92	4	2
92	4	3
92	4	4
92	4	5
92	4	6
92	4	7
92	4	8
92	4	9
92	4	10
92	4	11
92	4	127
92	5	0
92	5	1
92	5	2
92	5	3
92	5	4
92	5	5
92	5	6
92	5	7
92	5	8
92	5	9
92	5	10
92	6	0
92	6	1
92	6	2
92	6	3
92	6	4
92	6	5
92	6	6
92	6	7
92	6	8
92	6	9
92	6	10
92	7	0
92	7	1
92	7	2
92	7	3
92	7	4
92	7	5
92	7	6
92	7	7
92	7	8
92	8	1
92	8	2
92	8	3
92	8	4
92	8	5
92	8	6
92	9	3
92	9	4
92	9	5
92	109	0
92	109	1
92	109	2
92	110	0
92	110	1
92	110	2
92	110	3
92	111	1
92	111	2
92	111	3
92	112	2
92	112	3
92	113	3
92	115	4
92	115	5
92	116	3
92	116	4
92	116	5
92	116	6
92	116	7
92	117	3
92	117	4
92	117	5
92	117	6
92	117	7
92	117	8
92	118	3
92	118	4
92	118	5
92	118	6
92	118	7
92	118	8
92	119	3
92	119	4
92	119	5
92	119	6
92	119	7
92	119	8
92	120	2
92	120	3
92	120	4
92	120	5
92	120	6
92	120	7
92	121	1
92	121	2
92	121	3
92	121	4
92	121	5
92	121	6
92	121	7
92	121	121
92	121	122
92	121	125
92	121	126
92	121	127
92	122	0
92	122	1
92	122	2
92	122	3
92	122	4
92	122	5
92	122	6
92	122	7
92	122	121
92	122	122
92	122	123
92	122	124
92	122	125
92	122	126
92	122	127
92	123	0
92	123	1
92	123	2
92	123	3
92	123	4
92	123	5
92	123	6
92	123	7
92	123	121
92	123	122
92	123	123
92	123	124
92	123	125
92	123	126
92	123	127
92	124	0
92	124	1
92	124	2
92	124	3
92	124	4
92	124	5
92	124	6
92	124	7
92	124	8
92	124	121
92	124	122
92	124	123
92	124	124
92	124	125
92	124	126
92	124	127
92	125	0
92	125	1
92	125	2
92	125	3
92	125	4
92	125	5
92	125	6
92	125	7
92	125	8
92	125	121
92	125	122
92	125	123
92	125	124
92	125	125
92	125	126
92	125	127
92	126	0
92	126	1
92	126	2
92	126	3
92	126	4
92	126	5
92	126	6
92	126	7
92	126	8
92	126	9
92	126	122
92	126	123
92	126	124
92	126	125
92	126	126
92	126	127
92	127	0
92	127	1
92	127	2
92	127	3
92	127	4
92	127	5
92	127	6
92	127	7
92	127	8
92	127	9
92	127	10
92	127	11
92	127	124
92	127	125
92	127	126
92	127	127
93	0	0
93	0	1
93	0	2
93	0	3
93	0	4
93	0	5
93	0	6
93	0	7
93	0	8
93	0	9
93	0	10
93	1	0
93	1	1
93	1	2
93	1	3
93	1	4
93	1	5
93	1	6
93	1	7
93	1	8
93	1	9
93	1	10
93	2	0
93	2	1
93	2	2
93	2	3
93	2	4
93	2	5
93	2	6
93	2	7
93	2	8
93	2	9
93	2	10
93	3	0
93	3	1
93	3	2
93	3	3
93	3	4
93	3	5
93	3	6
93	3	7
93	3	8
93	3	9
93	3	10
93	4	0
93	4	1
93	4	2
93	4	3
93	4	4
93	4	5
93	4	6
93	4	7
93	4	8
93	4	9
93	4	10
93	5	1
93	5	2
93	5	3
93	5	4
93	5	5
93	5	6
93	5	7
93	5	8
93	5	9
93	5	10
93	6	1
93	6	2
93	6	3
93	6	4
93	6	5
93	6	6
93	6	7
93	6	8
93	6	9
93	6	10
93	7	2
93	7	3
93	7	4
93	7	5
93	7	6
93	7	7
93	7	8
93	8	2
93	8	3
93	8	4
93	8	5
93	8	6
93	9	3
93	9	4
93	9	5
93	107	1
93	107	127
93	108	0
93	108	1
93	108	2
93	108	127
93	109	0
93	109	1
93	109	2
93	109	3
93	110	0
93	110	1
93	110	2
93	110	3
93	110	4
93	111	0
93	111	1
93	111	2
93	111	3
93	111	4
93	112	2
93	112	3
93	112	4
93	113	2
93	113	3
93	113	4
93	114	3
93	114	4
93	115	3
93	115	4
93	115	5
93	116	3
93	116	4
93	116	5
93	116	6
93	117	3
93	117	4
93	117	5
93	117	6
93	117	7
93	117	8
93	117	9
93	118	3
93	118	4
93	118	5
93	118	6
93	118	7
93	118	8
93	119	3
93	119	4
93	119	5
93	119	6
93	119	7
93	119	8
93	120	3
93	120	4
93	120	5
93	120	6
93	120	7
93	120	8
93	121	3
93	121	4
93	121	5
93	121	6
93	121	7
93	122	3
93	122	4
93	122	5
93	122	6
93	122	7
93	123	4
93	123	5
93	123	6
93	123	7
93	123	122
93	123	126
93	124	3
93	124	4
93	124	5
93	124	6
93	124	7
93	124	122
93	124	123
93	124	124
93	124	125
93	124	126
93	124	127
93	125	3
93	125	4
93	125	5
93	125	6
93	125	7
93	125	8
93	125	122
93	125	123
93	125	124
93	125	125
93	125	126
93	125	127
93	126	1
93	126	2
93	126	3
93	126	4
93	126	5
93	126	6
93	126	7
93	126	8
93	126	122
93	126	123
93	126	124
93	126	125
93	126	126
93	126	127
93	127	0
93	127	1
93	127	2
93	127	3
93	127	4
93	127	5
93	127	6
93	127	7
93	127	8
93	127	9
93	127	125
93	127	126
93	127	127
94	0	0
94	0	3
94	0	4
94	0	5
94	0	6
94	0	7
94	0	8
94	1	3
94	1	4
94	1	5
94	1	6
94	1	7
94	1	8
94	2	3
94	2	4
94	2	5
94	2	6
94	2	7
94	2	8
94	3	3
94	3	4
94	3	5
94	3	6
94	3	7
94	3	8
94	3	9
94	4	2
94	4	3
94	4	4
94	4	5
94	4	6
94	4	7
94	4	8
94	4	9
94	5	2
94	5	3
94	5	4
94	5	5
94	5	6
94	5	7
94	5	8
94	5	9
94	6	3
94	6	4
94	6	5
94	6	6
94	6	7
94	6	8
94	6	9
94	7	3
94	7	4
94	7	5
94	7	6
94	7	7
94	7	8
94	8	3
94	8	4
94	8	5
94	8	6
94	9	5
94	107	0
94	107	1
94	107	2
94	107	127
94	108	0
94	108	1
94	108	2
94	108	3
94	108	127
94	109	0
94	109	1
94	109	2
94	109	3
94	109	4
94	110	0
94	110	1
94	110	2
94	110	3
94	110	4
94	110	5
94	111	0
94	111	1
94	111	2
94	111	3
94	111	4
94	111	5
94	111	6
94	112	1
94	112	2
94	112	3
94	112	4
94	112	5
94	112	6
94	113	2
94	113	3
94	113	4
94	113	5
94	113	6
94	114	3
94	114	4
94	114	5
94	115	3
94	115	4
94	115	5
94	116	4
94	116	5
94	117	4
94	117	5
94	117	6
94	118	3
94	118	4
94	118	5
94	118	6
94	118	7
94	119	3
94	119	4
94	119	5
94	119	6
94	119	7
94	119	8
94	120	3
94	120	4
94	120	5
94	120	6
94	120	7
94	120	8
94	121	4
94	121	5
94	121	6
94	121	7
94	121	8
94	122	4
94	122	5
94	122	6
94	122	7
94	123	5
94	123	6
94	123	7
94	124	5
94	124	6
94	124	7
94	125	4
94	125	5
94	125	6
94	125	7
94	125	8
94	126	4
94	126	5
94	126	6
94	126	7
94	126	8
94	127	4
94	127	5
94	127	6
94	127	7
94	127	8
95	0	5
95	0	6
95	0	7
95	1	4
95	1	5
95	1	6
95	1	7
95	2	4
95	2	5
95	2	6
95	2	7
95	3	4
95	3	5
95	3	6
95	3	7
95	3	8
95	4	4
95	4	5
95	4	6
95	4	7
95	4	8
95	5	4
95	5	5
95	5	6
95	5	7
95	5	8
95	6	4
95	6	5
95	6	6
95	6	7
95	6	8
95	7	4
95	7	5
95	7	6
95	7	7
95	106	1
95	107	0
95	107	1
95	107	2
95	107	3
95	107	127
95	108	0
95	108	1
95	108	2
95	108	3
95	108	4
95	108	127
95	109	0
95	109	1
95	109	2
95	109	3
95	109	4
95	109	5
95	109	127
95	110	0
95	110	1
95	110	2
95	110	3
95	110	4
95	110	5
95	110	6
95	111	0
95	111	1
95	111	2
95	111	3
95	111	4
95	111	5
95	111	6
95	111	7
95	112	0
95	112	1
95	112	2
95	112	3
95	112	4
95	112	5
95	112	6
95	112	7
95	113	1
95	113	2
95	113	3
95	113	4
95	113	5
95	113	6
95	113	7
95	114	2
95	114	3
95	114	4
95	114	5
95	114	6
95	114	7
95	115	3
95	115	4
95	115	5
95	116	3
95	116	4
95	116	5
95	117	4
95	118	4
95	118	5
95	119	4
95	119	5
95	119	6
95	120	4
95	120	5
95	120	6
95	120	7
95	120	8
95	121	5
95	121	6
95	121	7
95	121	8
95	122	5
95	122	6
95	122	7
95	122	8
95	123	6
95	123	7
95	124	6
95	124	7
95	125	6
95	125	7
95	126	5
95	126	6
95	126	7
95	127	5
95	127	6
95	127	7
95	127	8
96	0	6
96	0	7
96	1	5
96	1	6
96	1	7
96	2	5
96	2	6
96	2	7
96	3	5
96	3	6
96	3	7
96	4	5
96	4	6
96	5	5
96	5	6
96	106	1
96	106	2
96	107	0
96	107	1
96	107	2
96	107	3
96	108	0
96	108	1
96	108	2
96	108	3
96	108	4
96	108	127
96	109	0
96	109	1
96	109	2
96	109	3
96	109	4
96	109	5
96	109	127
96	110	0
96	110	1
96	110	2
96	110	3
96	110	4
96	110	5
96	110	6
96	110	127
96	111	0
96	111	1
96	111	2
96	111	3
96	111	4
96	111	5
96	111	6
96	111	7
96	112	0
96	112	1
96	112	2
96	112	3
96	112	4
96	112	5
96	112	6
96	112	7
96	112	8
96	113	0
96	113	1
96	113	2
96	113	3
96	113	4
96	113	5
96	113	6
96	113	7
96	113	8
96	113	9
96	114	1
96	114	2
96	114	3
96	114	4
96	114	5
96	114	6
96	114	7
96	114	8
96	114	9
96	115	2
96	115	3
96	115	4
96	115	5
96	115	6
96	116	2
96	116	3
96	116	4
96	116	5
96	117	3
96	117	4
96	118	4
96	127	7
97	105	1
97	106	1
97	106	2
97	106	3
97	107	0
97	107	1
97	107	2
97	107	3
97	107	4
97	108	0
97	108	1
97	108	2
97	108	3
97	108	4
97	108	5
97	108	127
97	109	0
97	109	1
97	109	2
97	109	3
97	109	4
97	109	5
97	109	6
97	109	127
97	110	0
97	110	1
97	110	2
97	110	3
97	110	4
97	110	5
97	110	6
97	110	7
97	110	127
97	111	0
97	111	1
97	111	2
97	111	3
97	111	4
97	111	5
97	111	6
97	111	7
97	111	127
97	112	0
97	112	1
97	112	2
97	112	3
97	112	4
97	112	5
97	112	6
97	112	7
97	112	8
97	112	9
97	113	0
97	113	1
97	113	2
97	113	3
97	113	4
97	113	5
97	113	6
97	113	7
97	113	8
97	113	9
97	113	10
97	114	0
97	114	1
97	114	2
97	114	3
97	114	4
97	114	5
97	114	6
97	114	7
97	114	8
97	114	9
97	114	10
97	115	0
97	115	1
97	115	2
97	115	3
97	115	4
97	115	5
97	115	6
97	115	7
97	115	8
97	115	9
97	116	0
97	116	1
97	116	2
97	116	3
97	116	4
97	116	5
97	116	6
97	117	0
97	117	1
97	117	2
97	117	3
97	117	4
97	117	5
97	118	1
97	118	2
97	118	3
97	118	4
98	106	1
98	106	2
98	106	3
98	107	1
98	107	2
98	107	3
98	107	4
98	108	0
98	108	1
98	108	2
98	108	3
98	108	4
98	108	5
98	108	127
98	109	0
98	109	1
98	109	2
98	109	3
98	109	4
98	109	5
98	109	6
98	110	0
98	110	1
98	110	2
98	110	3
98	110	4
98	110	5
98	110	6
98	110	7
98	111	0
98	111	1
98	111	2
98	111	3
98	111	4
98	111	5
98	111	6
98	111	7
98	111	8
98	111	127
98	112	0
98	112	1
98	112	2
98	112	3
98	112	4
98	112	5
98	112	6
98	112	7
98	112	8
98	112	9
98	113	1
98	113	2
98	113	3
98	113	4
98	113	5
98	113	6
98	113	7
98	113	8
98	113	9
98	113	10
98	114	1
98	114	2
98	114	3
98	114	4
98	114	5
98	114	6
98	114	7
98	114	8
98	114	9
98	114	10
98	115	1
98	115	2
98	115	3
98	115	4
98	115	5
98	115	6
98	115	7
98	115	8
98	115	9
98	115	10
98	116	1
98	116	2
98	116	3
98	116	4
98	116	5
98	116	6
98	116	7
98	116	8
98	116	9
98	117	2
98	117	3
98	117	4
98	117	5
98	117	6
98	118	2
98	118	3
98	118	4
98	118	5
98	119	4
98	119	5
99	106	1
99	106	2
99	106	3
99	106	4
99	107	1
99	107	2
99	107	3
99	107	4
99	107	5
99	108	0
99	108	1
99	108	2
99	108	3
99	108	4
99	108	5
99	108	6
99	109	0
99	109	1
99	109	2
99	109	3
99	109	4
99	109	5
99	109	6
99	110	0
99	110	1
99	110	2
99	110	3
99	110	4
99	110	5
99	110	6
99	110	7
99	111	0
99	111	1
99	111	2
99	111	3
99	111	4
99	111	5
99	111	6
99	111	7
99	111	8
99	112	0
99	112	1
99	112	2
99	112	3
99	112	4
99	112	5
99	112	6
99	112	7
99	112	8
99	112	9
99	113	1
99	113	2
99	113	3
99	113	4
99	113	5
99	113	6
99	113	7
99	113	8
99	113	9
99	114	2
99	114	3
99	114	4
99	114	5
99	114	6
99	114	7
99	114	8
99	114	9
99	114	10
99	115	2
99	115	3
99	115	4
99	115	5
99	115	6
99	115	7
99	115	8
99	115	9
99	115	10
99	116	3
99	116	4
99	116	5
99	116	6
99	116	7
99	116	8
99	116	9
99	116	10
99	117	3
99	117	4
99	117	5
99	117	6
99	117	7
99	117	8
99	118	3
99	118	4
99	118	5
99	118	6
99	118	7
99	119	5
99	119	6
100	106	1
100	106	2
100	106	3
100	106	4
100	107	1
100	107	2
100	107	3
100	107	4
100	107	5
100	108	0
100	108	1
100	108	2
100	108	3
100	108	4
100	108	5
100	108	6
100	109	0
100	109	1
100	109	2
100	109	3
100	109	4
100	109	5
100	109	6
100	109	7
100	110	0
100	110	1
100	110	2
100	110	3
100	110	4
100	110	5
100	110	6
100	110	7
100	111	0
100	111	1
100	111	2
100	111	3
100	111	4
100	111	5
100	111	6
100	111	7
100	111	8
100	112	0
100	112	1
100	112	2
100	112	3
100	112	4
100	112	5
100	112	6
100	112	7
100	112	8
100	112	9
100	113	1
100	113	2
100	113	3
100	113	4
100	113	5
100	113	6
100	113	7
100	113	8
100	113	9
100	114	2
100	114	3
100	114	4
100	114	5
100	114	6
100	114	7
100	114	8
100	114	9
100	114	10
100	115	3
100	115	4
100	115	5
100	115	6
100	115	7
100	115	8
100	115	9
100	115	10
100	116	3
100	116	4
100	116	5
100	116	6
100	116	7
100	116	8
100	116	9
100	116	10
100	117	4
100	117	5
100	117	6
100	117	7
100	117	8
100	117	9
100	117	10
100	118	4
100	118	5
100	118	6
100	118	7
100	118	8
100	118	9
100	119	5
100	119	6
100	119	7
101	106	2
101	106	3
101	106	4
101	107	1
101	107	2
101	107	3
101	107	4
101	107	5
101	108	1
101	108	2
101	108	3
101	108	4
101	108	5
101	108	6
101	109	0
101	109	1
101	109	2
101	109	3
101	109	4
101	109	5
101	109	6
101	109	7
101	110	0
101	110	1
101	110	2
101	110	3
101	110	4
101	110	5
101	110	6
101	110	7
101	111	0
101	111	1
101	111	2
101	111	3
101	111	4
101	111	5
101	111	6
101	111	7
101	111	8
101	112	0
101	112	1
101	112	2
101	112	3
101	112	4
101	112	5
101	112	6
101	112	7
101	112	8
101	112	9
101	113	1
101	113	2
101	113	3
101	113	4
101	113	5
101	113	6
101	113	7
101	113	8
101	113	9
101	114	2
101	114	3
101	114	4
101	114	5
101	114	6
101	114	7
101	114	8
101	114	9
101	115	3
101	115	4
101	115	5
101	115	6
101	115	7
101	115	8
101	115	9
101	115	10
101	116	3
101	116	4
101	116	5
101	116	6
101	116	7
101	116	8
101	116	9
101	116	10
101	117	4
101	117	5
101	117	6
101	117	7
101	117	8
101	117	9
101	117	10
101	118	5
101	118	6
101	118	7
101	118	8
101	118	9
101	118	10
101	119	9
102	107	3
102	108	1
102	108	2
102	108	3
102	108	4
102	108	5
102	109	1
102	109	2
102	109	3
102	109	4
102	109	5
102	109	6
102	110	0
102	110	1
102	110	2
102	110	3
102	110	4
102	110	5
102	110	6
102	110	7
102	111	0
102	111	1
102	111	2
102	111	3
102	111	4
102	111	5
102	111	6
102	111	7
102	111	8
102	112	1
102	112	2
102	112	3
102	112	4
102	112	5
102	112	6
102	112	7
102	112	8
102	113	1
102	113	2
102	113	3
102	113	4
102	113	5
102	113	6
102	113	7
102	113	8
102	113	9
102	114	3
102	114	4
102	114	5
102	114	6
102	114	7
102	114	8
102	114	9
102	115	3
102	115	4
102	115	5
102	115	6
102	115	7
102	115	8
102	115	9
102	116	4
102	116	5
102	116	6
102	116	7
102	116	8
102	116	9
102	116	10
102	117	5
102	117	6
102	117	7
102	117	8
102	117	9
102	117	10
102	118	8
102	118	9
102	118	10
103	109	1
103	109	2
103	109	3
103	110	1
103	110	2
103	110	3
103	110	4
103	110	5
103	111	1
103	111	2
103	111	3
103	111	4
103	111	5
103	111	6
103	111	7
103	112	2
103	112	3
103	112	4
103	112	5
103	112	6
103	112	7
103	112	8
103	113	3
103	113	4
103	113	5
103	113	6
103	113	7
103	113	8
103	113	9
103	114	4
103	114	5
103	114	6
103	114	7
103	114	8
103	114	9
103	115	4
103	115	5
103	115	6
103	115	7
103	115	8
103	115	9
103	116	5
103	116	6
103	116	7
103	116	8
103	116	9
103	117	6
103	117	7
103	117	8
103	117	9
103	118	9
104	111	4
104	112	4
104	112	5
104	112	6
104	113	4
104	113	5
104	113	6
104	113	7
104	114	5
104	114	6
104	114	7
104	114	8
104	115	5
104	115	6
104	115	7
104	115	8
104	116	6
104	116	7
104	116	8
104	116	9
105	114	6
105	114	7
105	115	7
