#i	j	k
0	51	37
0	51	38
0	52	35
0	52	36
0	52	37
0	52	38
0	52	39
0	52	40
0	53	34
0	53	35
0	53	36
0	53	37
0	53	38
0	53	39
0	53	40
0	53	41
0	54	32
0	54	33
0	54	34
0	54	35
0	54	36
0	54	37
0	54	38
0	54	39
0	55	28
0	55	29
0	55	30
0	55	31
0	55	32
0	55	33
0	55	34
0	55	35
0	55	36
0	56	27
0	56	28
0	56	29
0	56	30
0	56	31
0	56	32
0	56	33
0	56	34
0	56	35
0	56	36
0	57	26
0	57	27
0	57	28
0	57	29
0	57	30
0	57	31
0	57	32
0	57	33
0	57	34
0	57	35
0	58	25
0	58	26
0	58	27
0	58	28
0	58	29
0	58	30
0	58	31
0	58	32
0	58	33
0	58	34
0	59	25
0	59	26
0	59	27
0	59	28
0	59	29
0	59	30
0	59	31
0	59	32
0	59	33
0	59	34
0	60	24
0	60	25
0	60	26
0	60	27
0	60	28
0	60	29
0	60	30
0	60	31
0	60	32
0	60	33
0	60	34
0	61	23
0	61	24
0	61	25
0	61	26
0	61	27
0	61	28
0	61	29
0	61	30
0	61	31
0	61	32
0	61	33
0	61	34
0	62	22
0	62	23
0	62	24
0	62	25
0	62	26
0	62	27
0	62	28
0	62	29
0	62	30
0	62	31
0	62	32
0	62	33
0	62	34
0	63	22
0	63	23
0	63	24
0	63	25
0	63	26
0	63	27
0	63	28
0	63	29
0	63	30
0	63	31
0	63	32
0	63	33
0	63	34
0	64	22
0	64	23
0	64	24
0	64	25
0	64	26
0	64	27
0	64	28
0	64	29
0	64	30
0	64	31
0	64	32
0	64	33
0	65	23
0	65	24
0	65	25
0	65	26
0	65	27
0	65	28
0	65	29
0	65	30
0	65	31
0	65	32
0	66	23
0	66	24
0	66	25
0	66	26
0	66	27
0	66	28
0	66	29
0	66	30
0	66	31
0	66	32
0	67	24
0	67	25
0	67	26
0	67	27
0	67	28
0	67	29
0	67	30
0	67	31
0	68	25
0	68	26
0	68	27
0	68	28
0	68	29
0	68	30
0	68	31
0	69	25
0	69	26
0	69	27
0	69	28
0	69	29
0	69	30
0	69	31
0	70	26
0	70	27
0	70	28
0	70	29
0	70	30
0	70	31
1	52	36
1	52	37
1	52	38
1	52	39
1	53	35
1	53	36
1	53	37
1	53	38
1	53	39
1	53	40
1	54	34
1	54	35
1	55	30
1	55	31
1	55	32
1	55	33
1	55	34
1	55	35
1	56	27
1	56	28
1	56	29
1	56	30
1	56	31
1	56	32
1	56	33
1	56	34
1	56	35
1	57	25
1	57	26
1	57	27
1	57	28
1	57	29
1	57	30
1	57	31
1	57	32
1	57	33
1	57	34
1	58	25
1	58	26
1	58	27
1	58	28
1	58	29
1	58	30
1	58	31
1	58	32
1	58	33
1	58	34
1	59	24
1	59	25
1	59	26
1	59	27
1	59	28
1	59	29
1	59	30
1	59	31
1	59	32
1	59	33
1	60	24
1	60	25
1	60	26
1	60	27
1	60	28
1	60	29
1	60	30
1	60	31
1	60	32
1	60	33
1	61	23
1	61	24
1	61	25
1	61	26
1	61	27
1	61	28
1	61	29
1	61	30
1	61	31
1	61	32
1	61	33
1	62	22
1	62	23
1	62	24
1	62	25
1	62	26
1	62	27
1	62	28
1	62	29
1	62	30
1	62	31
1	62	32
1	62	33
1	63	22
1	63	23
1	63	24
1	63	25
1	63	26
1	63	27
1	63	28
1	63	29
1	63	30
1	63	31
1	63	32
1	63	33
1	64	22
1	64	23
1	64	24
1	64	25
1	64	26
1	64	27
1	64	28
1	64	29
1	64	30
1	64	31
1	64	32
1	64	33
1	65	22
1	65	23
1	65	24
1	65	25
1	65	26
1	65	27
1	65	28
1	65	29
1	65	30
1	65	31
1	65	32
1	66	23
1	66	24
1	66	25
1	66	26
1	66	27
1	66	28
1	66	29
1	66	30
1	66	31
1	66	32
1	67	23
1	67	24
1	67	25
1	67	26
1	67	27
1	67	28
1	67	29
1	67	30
1	67	31
1	68	24
1	68	25
1	68	26
1	68	27
1	68	28
1	68	29
1	68	30
1	68	31
1	69	25
1	69	26
1	69	27
1	69	28
1	69	29
1	69	30
1	69	31
1	70	26
1	70	27
1	70	28
1	70	29
1	70	30
2	52	36
2	52	37
2	52	38
2	55	34
2	56	27
2	56	28
2	56	29
2	56	30
2	56	31
2	56	32
2	56	33
2	57	25
2	57	26
2	57	27
2	57	28
2	57	29
2	57	30
2	57	31
2	57	32
2	57	33
2	58	24
2	58	25
2	58	26
2	58	27
2	58	28
2	58	29
2	58	30
2	58	31
2	58	32
2	58	33
2	59	24
2	59	25
2	59	26
2	59	27
2	59	28
2	59	29
2	59	30
2	59	31
2	59	32
2	59	33
2	60	24
2	60	25
2	60	26
2	60	27
2	60	28
2	60	29
2	60	30
2	60	31
2	60	32
2	60	33
2	61	24
2	61	25
2	61	26
2	61	27
2	61	28
2	61	29
2	61	30
2	61	31
2	61	32
2	61	33
2	62	23
2	62	24
2	62	25
2	62	26
2	62	27
2	62	28
2	62	29
2	62	30
2	62	31
2	62	32
2	62	33
2	63	23
2	63	24
2	63	25
2	63	26
2	63	27
2	63	28
2	63	29
2	63	30
2	63	31
2	63	32
2	63	33
2	64	22
2	64	23
2	64	24
2	64	25
2	64	26
2	64	27
2	64	28
2	64	29
2	64	30
2	64	31
2	64	32
2	64	33
2	65	23
2	65	24
2	65	25
2	65	26
2	65	27
2	65	28
2	65	29
2	65	30
2	65	31
2	65	32
2	65	33
2	66	23
2	66	24
2	66	25
2	66	26
2	66	27
2	66	28
2	66	29
2	66	30
2	66	31
2	66	32
2	67	23
2	67	24
2	67	25
2	67	26
2	67	27
2	67	28
2	67	29
2	67	30
2	67	31
2	68	24
2	68	25
2	68	26
2	68	27
2	68	28
2	68	29
2	68	30
2	68	31
2	69	25
2	69	26
2	69	27
2	69	28
2	69	29
2	69	30
2	70	26
2	70	27
2	70	28
2	70	29
2	70	30
3	57	25
3	57	26
3	57	27
3	57	28
3	57	29
3	57	32
3	58	24
3	58	25
3	58	26
3	58	27
3	58	28
3	58	29
3	58	30
3	58	31
3	58	32
3	59	24
3	59	25
3	59	26
3	59	27
3	59	28
3	59	29
3	59	30
3	59	31
3	59	32
3	60	24
3	60	25
3	60	26
3	60	27
3	60	28
3	60	29
3	60	30
3	60	31
3	60	32
3	61	24
3	61	25
3	61	26
3	61	27
3	61	28
3	61	29
3	61	30
3	61	31
3	61	32
3	62	24
3	62	25
3	62	26
3	62	27
3	62	28
3	62	29
3	62	30
3	62	31
3	62	32
3	63	24
3	63	25
3	63	26
3	63	27
3	63	28
3	63	29
3	63	30
3	63	31
3	63	32
3	64	24
3	64	25
3	64	26
3	64	27
3	64	28
3	64	29
3	64	30
3	64	31
3	64	32
3	65	24
3	65	25
3	65	26
3	65	27
3	65	28
3	65	29
3	65	30
3	65	31
3	65	32
3	66	24
3	66	25
3	66	26
3	66	27
3	66	28
3	66	29
3	66	30
3	66	31
3	66	32
3	67	24
3	67	25
3	67	26
3	67	27
3	67	28
3	67	29
3	67	30
3	67	31
3	68	25
3	68	26
3	68	27
3	68	28
3	68	29
3	68	30
3	69	26
3	69	27
3	69	28
3	69	29
3	69	30
3	70	28
3	70	29
3	70	30
4	57	26
4	57	27
4	58	24
4	58	25
4	58	26
4	58	27
4	58	28
4	58	29
4	58	30
4	59	23
4	59	24
4	59	25
4	59	26
4	59	27
4	59	28
4	59	29
4	59	30
4	59	31
4	59	32
4	60	23
4	60	24
4	60	25
4	60	26
4	60	27
4	60	28
4	60	29
4	60	30
4	60	31
4	60	32
4	61	24
4	61	25
4	61	26
4	61	27
4	61	28
4	61	29
4	61	30
4	61	31
4	61	32
4	62	24
4	62	25
4	62	26
4	62	27
4	62	28
4	62	29
4	62	30
4	62	31
4	62	32
4	63	24
4	63	25
4	63	26
4	63	27
4	63	28
4	63	29
4	63	30
4	63	31
4	63	32
4	64	24
4	64	25
4	64	26
4	64	27
4	64	28
4	64	29
4	64	30
4	64	31
4	64	32
4	65	25
4	65	26
4	65	27
4	65	28
4	65	29
4	65	30
4	65	31
4	65	32
4	66	25
4	66	26
4	66	27
4	66	28
4	66	29
4	66	30
4	66	31
4	66	32
4	67	25
4	67	26
4	67	27
4	67	28
4	67	29
4	67	30
4	67	31
4	68	26
4	68	27
4	68	28
4	68	29
4	68	30
4	69	27
4	69	28
4	69	29
4	69	30
4	70	28
4	70	29
5	58	24
5	58	25
5	58	26
5	58	27
5	58	28
5	59	23
5	59	24
5	59	25
5	59	26
5	59	27
5	59	28
5	59	29
5	59	30
5	59	31
5	60	23
5	60	24
5	60	25
5	60	26
5	60	27
5	60	28
5	60	29
5	60	30
5	60	31
5	60	32
5	61	23
5	61	24
5	61	25
5	61	26
5	61	27
5	61	28
5	61	29
5	61	30
5	61	31
5	61	32
5	62	24
5	62	25
5	62	26
5	62	27
5	62	28
5	62	29
5	62	30
5	62	31
5	62	32
5	63	24
5	63	25
5	63	26
5	63	27
5	63	28
5	63	29
5	63	30
5	63	31
5	63	32
5	64	25
5	64	26
5	64	27
5	64	28
5	64	29
5	64	30
5	64	31
5	64	32
5	65	25
5	65	26
5	65	27
5	65	28
5	65	29
5	65	30
5	65	31
5	65	32
5	66	25
5	66	26
5	66	27
5	66	28
5	66	29
5	66	30
5	66	31
5	66	32
5	67	26
5	67	27
5	67	28
5	67	29
5	67	30
5	67	31
5	68	27
5	68	28
5	68	29
5	68	30
5	69	28
5	69	29
5	70	29
6	58	25
6	58	26
6	58	27
6	59	23
6	59	24
6	59	25
6	59	26
6	59	27
6	59	28
6	59	29
6	59	30
6	59	31
6	60	23
6	60	24
6	60	25
6	60	26
6	60	27
6	60	28
6	60	29
6	60	30
6	60	31
6	61	23
6	61	24
6	61	25
6	61	26
6	61	27
6	61	28
6	61	29
6	61	30
6	61	31
6	61	32
6	62	23
6	62	24
6	62	25
6	62	26
6	62	27
6	62	28
6	62	29
6	62	30
6	62	31
6	62	32
6	63	24
6	63	25
6	63	26
6	63	27
6	63	28
6	63	29
6	63	30
6	63	31
6	63	32
6	64	24
6	64	25
6	64	26
6	64	27
6	64	28
6	64	29
6	64	30
6	64	31
6	64	32
6	65	25
6	65	26
6	65	27
6	65	28
6	65	29
6	65	30
6	65	31
6	66	26
6	66	27
6	66	28
6	66	29
6	66	30
6	66	31
6	67	26
6	67	27
6	67	28
6	67	29
6	67	30
6	67	31
6	68	27
6	68	28
6	68	29
6	68	30
6	69	28
6	69	29
7	59	23
7	59	24
7	59	25
7	59	26
7	59	27
7	59	28
7	60	23
7	60	24
7	60	25
7	60	26
7	60	27
7	60	28
7	60	29
7	60	30
7	60	31
7	61	23
7	61	24
7	61	25
7	61	26
7	61	27
7	61	28
7	61	29
7	61	30
7	61	31
7	62	23
7	62	24
7	62	25
7	62	26
7	62	27
7	62	28
7	62	29
7	62	30
7	62	31
7	63	24
7	63	25
7	63	26
7	63	27
7	63	28
7	63	29
7	63	30
7	63	31
7	64	24
7	64	25
7	64	26
7	64	27
7	64	28
7	64	29
7	64	30
7	64	31
7	65	25
7	65	26
7	65	27
7	65	28
7	65	29
7	65	30
7	65	31
7	66	26
7	66	27
7	66	28
7	66	29
7	66	30
7	67	26
7	67	27
7	67	28
7	67	29
7	67	30
7	68	27
7	68	28
7	68	29
7	68	30
8	59	26
8	60	23
8	60	24
8	60	25
8	60	26
8	60	27
8	60	28
8	60	29
8	60	30
8	61	23
8	61	24
8	61	25
8	61	26
8	61	27
8	61	28
8	61	29
8	61	30
8	62	23
8	62	24
8	62	25
8	62	26
8	62	27
8	62	28
8	62	29
8	62	30
8	63	24
8	63	25
8	63	26
8	63	27
8	63	28
8	63	29
8	63	30
8	64	24
8	64	25
8	64	26
8	64	27
8	64	28
8	64	29
8	64	30
8	65	25
8	65	26
8	65	27
8	65	28
8	65	29
8	66	26
8	66	27
8	66	28
8	66	29
8	67	27
8	67	28
8	67	29
8	68	28
8	68	29
9	60	25
9	60	26
9	60	27
9	60	28
9	60	29
9	61	24
9	61	25
9	61	26
9	61	27
9	61	28
9	61	29
9	62	24
9	62	25
9	62	26
9	62	27
9	62	28
9	63	24
9	63	25
9	63	26
9	63	27
9	63	28
9	64	25
9	64	26
9	64	27
9	64	28
9	65	25
9	65	26
9	65	27
9	65	28
9	66	26
9	66	27
9	66	28
9	67	27
9	67	28
10	61	25
10	61	26
10	61	27
10	62	25
10	62	26
10	62	27
10	63	25
10	63	26
10	63	27
10	64	25
10	64	26
10	64	27
10	65	26
10	65	27
10	66	27
11	61	26
11	62	26
11	63	26
11	64	26
11	65	26
114	54	39
114	54	40
114	55	39
114	55	40
114	56	39
114	56	40
114	57	39
114	57	40
114	58	39
114	61	37
114	62	36
114	62	37
114	63	36
114	63	37
114	64	36
114	64	37
114	65	37
114	68	32
115	51	40
115	52	38
115	52	39
115	52	40
115	53	38
115	53	39
115	53	40
115	53	41
115	54	37
115	54	38
115	54	39
115	54	40
115	54	41
115	55	37
115	55	38
115	55	39
115	55	40
115	55	41
115	56	37
115	56	38
115	56	39
115	56	40
115	57	36
115	57	37
115	57	38
115	57	39
115	57	40
115	58	36
115	58	37
115	58	38
115	58	39
115	58	40
115	59	33
115	59	34
115	59	35
115	59	36
115	59	37
115	59	38
115	59	39
115	60	33
115	60	34
115	60	35
115	60	36
115	60	37
115	60	38
115	60	39
115	61	33
115	61	34
115	61	35
115	61	36
115	61	37
115	61	38
115	62	32
115	62	33
115	62	34
115	62	35
115	62	36
115	62	37
115	62	38
115	63	31
115	63	32
115	63	33
115	63	34
115	63	35
115	63	36
115	63	37
115	63	38
115	64	34
115	64	35
115	64	36
115	64	37
115	64	38
115	65	34
115	65	35
115	65	36
115	65	37
115	66	34
115	66	35
115	66	36
115	67	32
115	67	33
115	68	30
115	68	31
115	68	32
115	68	33
115	69	32
115	69	33
115	70	33
115	71	33
115	72	33
116	50	39
116	50	40
116	51	37
116	51	38
116	51	39
116	51	40
116	51	41
116	52	37
116	52	38
116	52	39
116	52	40
116	52	41
116	53	36
116	53	37
116	53	38
116	53	39
116	53	40
116	53	41
116	54	36
116	54	37
116	54	38
116	54	39
116	54	40
116	54	41
116	55	35
116	55	36
116	55	37
116	55	38
116	55	39
116	55	40
116	55	41
116	56	34
116	56	35
116	56	36
116	56	37
116	56	38
116	56	39
116	56	40
116	57	32
116	57	33
116	57	34
116	57	35
116	57	36
116	57	37
116	57	38
116	57	39
116	57	40
116	58	32
116	58	33
116	58	34
116	58	35
116	58	36
116	58	37
116	58	38
116	58	39
116	58	40
116	59	32
116	59	33
116	59	34
116	59	35
116	59	36
116	59	37
116	59	38
116	59	39
116	60	32
116	60	33
116	60	34
116	60	35
116	60	36
116	60	37
116	60	38
116	60	39
116	61	31
116	61	32
116	61	33
116	61	34
116	61	35
116	61	36
116	61	37
116	61	38
116	61	39
116	62	30
116	62	31
116	62	32
116	62	33
116	62	34
116	62	35
116	62	36
116	62	37
116	62	38
116	63	29
116	63	30
116	63	31
116	63	32
116	63	33
116	63	34
116	63	35
116	63	36
116	63	37
116	63	38
116	64	30
116	64	31
116	64	32
116	64	33
116	64	34
116	64	35
116	64	36
116	64	37
116	64	38
116	65	31
116	65	32
116	65	33
116	65	34
116	65	35
116	65	36
116	65	37
116	66	31
116	66	32
116	66	33
116	66	34
116	66	35
116	66	36
116	67	31
116	67	32
116	67	33
116	67	34
116	67	35
116	68	30
116	68	31
116	68	32
116	68	33
116	68	34
116	69	29
116	69	30
116	69	31
116	69	32
116	69	33
116	69	34
116	70	31
116	70	32
116	70	33
116	71	32
116	71	33
116	72	32
116	72	33
117	50	37
117	50	38
117	50	39
117	50	40
117	50	41
117	51	36
117	51	37
117	51	38
117	51	39
117	51	40
117	51	41
117	52	36
117	52	37
117	52	38
117	52	39
117	52	40
117	52	41
117	53	35
117	53	36
117	53	37
117	53	38
117	53	39
117	53	40
117	53	41
117	54	34
117	54	35
117	54	36
117	54	37
117	54	38
117	54	39
117	54	40
117	54	41
117	55	33
117	55	34
117	55	35
117	55	36
117	55	37
117	55	38
117	55	39
117	55	40
117	55	41
117	56	31
117	56	32
117	56	33
117	56	34
117	56	35
117	56	36
117	56	37
117	56	38
117	56	39
117	56	40
117	56	41
117	57	31
117	57	32
117	57	33
117	57	34
117	57	35
117	57	36
117	57	37
117	57	38
117	57	39
117	57	40
117	58	31
117	58	32
117	58	33
117	58	34
117	58	35
117	58	36
117	58	37
117	58	38
117	58	39
117	58	40
117	59	31
117	59	32
117	59	33
117	59	34
117	59	35
117	59	36
117	59	37
117	59	38
117	59	39
117	60	30
117	60	31
117	60	32
117	60	33
117	60	34
117	60	35
117	60	36
117	60	37
117	60	38
117	60	39
117	61	29
117	61	30
117	61	31
117	61	32
117	61	33
117	61	34
117	61	35
117	61	36
117	61	37
117	61	38
117	61	39
117	62	28
117	62	29
117	62	30
117	62	31
117	62	32
117	62	33
117	62	34
117	62	35
117	62	36
117	62	37
117	62	38
117	63	28
117	63	29
117	63	30
117	63	31
117	63	32
117	63	33
117	63	34
117	63	35
117	63	36
117	63	37
117	63	38
117	64	29
117	64	30
117	64	31
117	64	32
117	64	33
117	64	34
117	64	35
117	64	36
117	64	37
117	65	30
117	65	31
117	65	32
117	65	33
117	65	34
117	65	35
117	65	36
117	65	37
117	66	30
117	66	31
117	66	32
117	66	33
117	66	34
117	66	35
117	66	36
117	67	30
117	67	31
117	67	32
117	67	33
117	67	34
117	67	35
117	68	29
117	68	30
117	68	31
117	68	32
117	68	33
117	68	34
117	69	29
117	69	30
117	69	31
117	69	32
117	69	33
117	69	34
117	70	29
117	70	30
117	70	31
117	70	32
117	70	33
117	71	30
117	71	31
117	71	32
117	71	33
117	72	31
117	72	32
117	72	33
118	49	36
118	49	37
118	49	38
118	49	39
118	50	36
118	50	37
118	50	38
118	50	39
118	50	40
118	50	41
118	51	35
118	51	36
118	51	37
118	51	38
118	51	39
118	51	40
118	51	41
118	52	35
118	52	36
118	52	37
118	52	38
118	52	39
118	52	40
118	52	41
118	53	34
118	53	35
118	53	36
118	53	37
118	53	38
118	53	39
118	53	40
118	53	41
118	54	33
118	54	34
118	54	35
118	54	36
118	54	37
118	54	38
118	54	39
118	54	40
118	54	41
118	55	31
118	55	32
118	55	33
118	55	34
118	55	35
118	55	36
118	55	37
118	55	38
118	55	39
118	55	40
118	55	41
118	56	30
118	56	31
118	56	32
118	56	33
118	56	34
118	56	35
118	56	36
118	56	37
118	56	38
118	56	39
118	56	40
118	57	30
118	57	31
118	57	32
118	57	33
118	57	34
118	57	35
118	57	36
118	57	37
118	57	38
118	57	39
118	57	40
118	58	29
118	58	30
118	58	31
118	58	32
118	58	33
118	58	34
118	58	35
118	58	36
118	58	37
118	58	38
118	58	39
118	58	40
118	59	29
118	59	30
118	59	31
118	59	32
118	59	33
118	59	34
118	59	35
118	59	36
118	59	37
118	59	38
118	59	39
118	60	28
118	60	29
118	60	30
118	60	31
118	60	32
118	60	33
118	60	34
118	60	35
118	60	36
118	60	37
118	60	38
118	60	39
118	61	27
118	61	28
118	61	29
118	61	30
118	61	31
118	61	32
118	61	33
118	61	34
118	61	35
118	61	36
118	61	37
118	61	38
118	61	39
118	62	27
118	62	28
118	62	29
118	62	30
118	62	31
118	62	32
118	62	33
118	62	34
118	62	35
118	62	36
118	62	37
118	62	38
118	63	26
118	63	27
118	63	28
118	63	29
118	63	30
118	63	31
118	63	32
118	63	33
118	63	34
118	63	35
118	63	36
118	63	37
118	63	38
118	64	27
118	64	28
118	64	29
118	64	30
118	64	31
118	64	32
118	64	33
118	64	34
118	64	35
118	64	36
118	64	37
118	65	28
118	65	29
118	65	30
118	65	31
118	65	32
118	65	33
118	65	34
118	65	35
118	65	36
118	65	37
118	66	29
118	66	30
118	66	31
118	66	32
118	66	33
118	66	34
118	66	35
118	66	36
118	67	29
118	67	30
118	67	31
118	67	32
118	67	33
118	67	34
118	67	35
118	68	29
118	68	30
118	68	31
118	68	32
118	68	33
118	68	34
118	69	28
118	69	29
118	69	30
118	69	31
118	69	32
118	69	33
118	69	34
118	70	28
118	70	29
118	70	30
118	70	31
118	70	32
118	70	33
118	71	28
118	71	29
118	71	30
118	71	31
118	71	32
118	71	33
118	72	29
118	72	30
118	72	31
118	72	32
119	48	37
119	48	38
119	49	36
119	49	37
119	49	38
119	49	39
119	49	40
119	50	35
119	50	36
119	50	37
119	50	38
119	50	39
119	50	40
119	50	41
119	51	35
119	51	36
119	51	37
119	51	38
119	51	39
119	51	40
119	51	41
119	52	34
119	52	35
119	52	36
119	52	37
119	52	38
119	52	39
119	52	40
119	52	41
119	53	33
119	53	34
119	53	35
119	53	36
119	53	37
119	53	38
119	53	39
119	53	40
119	53	41
119	54	32
119	54	33
119	54	34
119	54	35
119	54	36
119	54	37
119	54	38
119	54	39
119	54	40
119	54	41
119	55	31
119	55	32
119	55	33
119	55	34
119	55	35
119	55	36
119	55	37
119	55	38
119	55	39
119	55	40
119	55	41
119	56	29
119	56	30
119	56	31
119	56	32
119	56	33
119	56	34
119	56	35
119	56	36
119	56	37
119	56	38
119	56	39
119	56	40
119	57	28
119	57	29
119	57	30
119	57	31
119	57	32
119	57	33
119	57	34
119	57	35
119	57	36
119	57	37
119	57	38
119	57	39
119	57	40
119	58	28
119	58	29
119	58	30
119	58	31
119	58	32
119	58	33
119	58	34
119	58	35
119	58	36
119	58	37
119	58	38
119	58	39
119	58	40
119	59	27
119	59	28
119	59	29
119	59	30
119	59	31
119	59	32
119	59	33
119	59	34
119	59	35
119	59	36
119	59	37
119	59	38
119	59	39
119	60	26
119	60	27
119	60	28
119	60	29
119	60	30
119	60	31
119	60	32
119	60	33
119	60	34
119	60	35
119	60	36
119	60	37
119	60	38
119	60	39
119	61	26
119	61	27
119	61	28
119	61	29
119	61	30
119	61	31
119	61	32
119	61	33
119	61	34
119	61	35
119	61	36
119	61	37
119	61	38
119	62	25
119	62	26
119	62	27
119	62	28
119	62	29
119	62	30
119	62	31
119	62	32
119	62	33
119	62	34
119	62	35
119	62	36
119	62	37
119	62	38
119	63	26
119	63	27
119	63	28
119	63	29
119	63	30
119	63	31
119	63	32
119	63	33
119	63	34
119	63	35
119	63	36
119	63	37
119	63	38
119	64	27
119	64	28
119	64	29
119	64	30
119	64	31
119	64	32
119	64	33
119	64	34
119	64	35
119	64	36
119	64	37
119	65	28
119	65	29
119	65	30
119	65	31
119	65	32
119	65	33
119	65	34
119	65	35
119	65	36
119	65	37
119	66	28
119	66	29
119	66	30
119	66	31
119	66	32
119	66	33
119	66	34
119	66	35
119	66	36
119	67	28
119	67	29
119	67	30
119	67	31
119	67	32
119	67	33
119	67	34
119	67	35
119	68	28
119	68	29
119	68	30
119	68	31
119	68	32
119	68	33
119	68	34
119	69	28
119	69	29
119	69	30
119	69	31
119	69	32
119	69	33
119	69	34
119	70	28
119	70	29
119	70	30
119	70	31
119	70	32
119	70	33
119	71	28
119	71	29
119	71	30
119	71	31
119	71	32
119	71	33
119	72	28
119	72	29
119	72	30
119	72	31
119	72	32
120	48	36
120	48	37
120	48	38
120	48	39
120	49	36
120	49	37
120	49	38
120	49	39
120	49	40
120	50	35
120	50	36
120	50	37
120	50	38
120	50	39
120	50	40
120	50	41
120	51	34
120	51	35
120	51	36
120	51	37
120	51	38
120	51	39
120	51	40
120	51	41
120	51	42
120	52	34
120	52	35
120	52	36
120	52	37
120	52	38
120	52	39
120	52	40
120	52	41
120	53	33
120	53	34
120	53	35
120	53	36
120	53	37
120	53	38
120	53	39
120	53	40
120	53	41
120	54	32
120	54	33
120	54	34
120	54	35
120	54	36
120	54	37
120	54	38
120	54	39
120	54	40
120	54	41
120	55	30
120	55	31
120	55	32
120	55	33
120	55	34
120	55	35
120	55	36
120	55	37
120	55	38
120	55	39
120	55	40
120	55	41
120	56	28
120	56	29
120	56	30
120	56	31
120	56	32
120	56	33
120	56	34
120	56	35
120	56	36
120	56	37
120	56	38
120	56	39
120	56	40
120	57	26
120	57	27
120	57	28
120	57	29
120	57	30
120	57	31
120	57	32
120	57	33
120	57	34
120	57	35
120	57	36
120	57	37
120	57	38
120	57	39
120	57	40
120	58	26
120	58	27
120	58	28
120	58	29
120	58	30
120	58	31
120	58	32
120	58	33
120	58	34
120	58	35
120	58	36
120	58	37
120	58	38
120	58	39
120	58	40
120	59	25
120	59	26
120	59	27
120	59	28
120	59	29
120	59	30
120	59	31
120	59	32
120	59	33
120	59	34
120	59	35
120	59	36
120	59	37
120	59	38
120	59	39
120	60	25
120	60	26
120	60	27
120	60	28
120	60	29
120	60	30
120	60	31
120	60	32
120	60	33
120	60	34
120	60	35
120	60	36
120	60	37
120	60	38
120	60	39
120	61	24
120	61	25
120	61	26
120	61	27
120	61	28
120	61	29
120	61	30
120	61	31
120	61	32
120	61	33
120	61	34
120	61	35
120	61	36
120	61	37
120	61	38
120	62	24
120	62	25
120	62	26
120	62	27
120	62	28
120	62	29
120	62	30
120	62	31
120	62	32
120	62	33
120	62	34
120	62	35
120	62	36
120	62	37
120	62	38
120	63	26
120	63	27
120	63	28
120	63	29
120	63	30
120	63	31
120	63	32
120	63	33
120	63	34
120	63	35
120	63	36
120	63	37
120	64	26
120	64	27
120	64	28
120	64	29
120	64	30
120	64	31
120	64	32
120	64	33
120	64	34
120	64	35
120	64	36
120	64	37
120	65	27
120	65	28
120	65	29
120	65	30
120	65	31
120	65	32
120	65	33
120	65	34
120	65	35
120	65	36
120	66	28
120	66	29
120	66	30
120	66	31
120	66	32
120	66	33
120	66	34
120	66	35
120	66	36
120	67	28
120	67	29
120	67	30
120	67	31
120	67	32
120	67	33
120	67	34
120	67	35
120	68	28
120	68	29
120	68	30
120	68	31
120	68	32
120	68	33
120	68	34
120	69	28
120	69	29
120	69	30
120	69	31
120	69	32
120	69	33
120	69	34
120	70	28
120	70	29
120	70	30
120	70	31
120	70	32
120	70	33
120	71	28
120	71	29
120	71	30
120	71	31
120	71	32
120	72	29
120	72	30
120	72	31
121	48	36
121	48	37
121	48	38
121	48	39
121	49	36
121	49	37
121	49	38
121	49	39
121	49	40
121	49	41
121	50	35
121	50	36
121	50	37
121	50	38
121	50	39
121	50	40
121	50	41
121	50	42
121	51	34
121	51	35
121	51	36
121	51	37
121	51	38
121	51	39
121	51	40
121	51	41
121	51	42
121	52	33
121	52	34
121	52	35
121	52	36
121	52	37
121	52	38
121	52	39
121	52	40
121	52	41
121	52	42
121	53	32
121	53	33
121	53	34
121	53	35
121	53	36
121	53	37
121	53	38
121	53	39
121	53	40
121	53	41
121	53	42
121	54	31
121	54	32
121	54	33
121	54	34
121	54	35
121	54	36
121	54	37
121	54	38
121	54	39
121	54	40
121	54	41
121	55	30
121	55	31
121	55	32
121	55	33
121	55	34
121	55	35
121	55	36
121	55	37
121	55	38
121	55	39
121	55	40
121	55	41
121	56	25
121	56	26
121	56	27
121	56	28
121	56	29
121	56	30
121	56	31
121	56	32
121	56	33
121	56	34
121	56	35
121	56	36
121	56	37
121	56	38
121	56	39
121	56	40
121	56	41
121	57	25
121	57	26
121	57	27
121	57	28
121	57	29
121	57	30
121	57	31
121	57	32
121	57	33
121	57	34
121	57	35
121	57	36
121	57	37
121	57	38
121	57	39
121	57	40
121	58	24
121	58	25
121	58	26
121	58	27
121	58	28
121	58	29
121	58	30
121	58	31
121	58	32
121	58	33
121	58	34
121	58	35
121	58	36
121	58	37
121	58	38
121	58	39
121	59	24
121	59	25
121	59	26
121	59	27
121	59	28
121	59	29
121	59	30
121	59	31
121	59	32
121	59	33
121	59	34
121	59	35
121	59	36
121	59	37
121	59	38
121	59	39
121	60	24
121	60	25
121	60	26
121	60	27
121	60	28
121	60	29
121	60	30
121	60	31
121	60	32
121	60	33
121	60	34
121	60	35
121	60	36
121	60	37
121	60	38
121	61	23
121	61	24
121	61	25
121	61	26
121	61	27
121	61	28
121	61	29
121	61	30
121	61	31
121	61	32
121	61	33
121	61	34
121	61	35
121	61	36
121	61	37
121	61	38
121	62	24
121	62	25
121	62	26
121	62	27
121	62	28
121	62	29
121	62	30
121	62	31
121	62	32
121	62	33
121	62	34
121	62	35
121	62	36
121	62	37
121	63	25
121	63	26
121	63	27
121	63	28
121	63	29
121	63	30
121	63	31
121	63	32
121	63	33
121	63	34
121	63	35
121	63	36
121	63	37
121	64	26
121	64	27
121	64	28
121	64	29
121	64	30
121	64	31
121	64	32
121	64	33
121	64	34
121	64	35
121	64	36
121	65	26
121	65	27
121	65	28
121	65	29
121	65	30
121	65	31
121	65	32
121	65	33
121	65	34
121	65	35
121	65	36
121	66	27
121	66	28
121	66	29
121	66	30
121	66	31
121	66	32
121	66	33
121	66	34
121	66	35
121	67	27
121	67	28
121	67	29
121	67	30
121	67	31
121	67	32
121	67	33
121	67	34
121	67	35
121	68	28
121	68	29
121	68	30
121	68	31
121	68	32
121	68	33
121	68	34
121	69	28
121	69	29
121	69	30
121	69	31
121	69	32
121	69	33
121	69	34
121	70	28
121	70	29
121	70	30
121	70	31
121	70	32
121	70	33
121	71	28
121	71	29
121	71	30
121	71	31
121	71	32
121	72	30
121	72	31
122	48	37
122	48	38
122	49	36
122	49	37
122	49	38
122	49	39
122	49	40
122	49	41
122	50	35
122	50	36
122	50	37
122	50	38
122	50	39
122	50	40
122	50	41
122	50	42
122	51	34
122	51	35
122	51	36
122	51	37
122	51	38
122	51	39
122	51	40
122	51	41
122	51	42
122	52	33
122	52	34
122	52	35
122	52	36
122	52	37
122	52	38
122	52	39
122	52	40
122	52	41
122	52	42
122	53	32
122	53	33
122	53	34
122	53	35
122	53	36
122	53	37
122	53	38
122	53	39
122	53	40
122	53	41
122	53	42
122	54	31
122	54	32
122	54	33
122	54	34
122	54	35
122	54	36
122	54	37
122	54	38
122	54	39
122	54	40
122	54	41
122	54	42
122	55	29
122	55	30
122	55	31
122	55	32
122	55	33
122	55	34
122	55	35
122	55	36
122	55	37
122	55	38
122	55	39
122	55	40
122	55	41
122	56	26
122	56	27
122	56	28
122	56	29
122	56	30
122	56	31
122	56	32
122	56	33
122	56	34
122	56	35
122	56	36
122	56	37
122	56	38
122	56	39
122	56	40
122	56	41
122	57	24
122	57	25
122	57	26
122	57	27
122	57	28
122	57	29
122	57	30
122	57	31
122	57	32
122	57	33
122	57	34
122	57	35
122	57	36
122	57	37
122	57	38
122	57	39
122	57	40
122	58	23
122	58	24
122	58	25
122	58	26
122	58	27
122	58	28
122	58	29
122	58	30
122	58	31
122	58	32
122	58	33
122	58	34
122	58	35
122	58	36
122	58	37
122	58	38
122	58	39
122	59	23
122	59	24
122	59	25
122	59	26
122	59	27
122	59	28
122	59	29
122	59	30
122	59	31
122	59	32
122	59	33
122	59	34
122	59	35
122	59	36
122	59	37
122	59	38
122	59	39
122	60	23
122	60	24
122	60	25
122	60	26
122	60	27
122	60	28
122	60	29
122	60	30
122	60	31
122	60	32
122	60	33
122	60	34
122	60	35
122	60	36
122	60	37
122	60	38
122	61	23
122	61	24
122	61	25
122	61	26
122	61	27
122	61	28
122	61	29
122	61	30
122	61	31
122	61	32
122	61	33
122	61	34
122	61	35
122	61	36
122	61	37
122	62	24
122	62	25
122	62	26
122	62	27
122	62	28
122	62	29
122	62	30
122	62	31
122	62	32
122	62	33
122	62	34
122	62	35
122	62	36
122	62	37
122	63	24
122	63	25
122	63	26
122	63	27
122	63	28
122	63	29
122	63	30
122	63	31
122	63	32
122	63	33
122	63	34
122	63	35
122	63	36
122	64	25
122	64	26
122	64	27
122	64	28
122	64	29
122	64	30
122	64	31
122	64	32
122	64	33
122	64	34
122	64	35
122	64	36
122	65	25
122	65	26
122	65	27
122	65	28
122	65	29
122	65	30
122	65	31
122	65	32
122	65	33
122	65	34
122	65	35
122	66	26
122	66	27
122	66	28
122	66	29
122	66	30
122	66	31
122	66	32
122	66	33
122	66	34
122	66	35
122	67	27
122	67	28
122	67	29
122	67	30
122	67	31
122	67	32
122	67	33
122	67	34
122	68	27
122	68	28
122	68	29
122	68	30
122	68	31
122	68	32
122	68	33
122	68	34
122	69	27
122	69	28
122	69	29
122	69	30
122	69	31
122	69	32
122	69	33
122	70	28
122	70	29
122	70	30
122	70	31
122	70	32
122	70	33
122	71	29
122	71	30
122	71	31
122	71	32
123	48	37
123	49	36
123	49	37
123	49	38
123	49	39
123	49	40
123	50	35
123	50	36
123	50	37
123	50	38
123	50	39
123	50	40
123	50	41
123	50	42
123	51	34
123	51	35
123	51	36
123	51	37
123	51	38
123	51	39
123	51	40
123	51	41
123	51	42
123	52	33
123	52	34
123	52	35
123	52	36
123	52	37
123	52	38
123	52	39
123	52	40
123	52	41
123	52	42
123	53	31
123	53	32
123	53	33
123	53	34
123	53	35
123	53	36
123	53	37
123	53	38
123	53	39
123	53	40
123	53	41
123	53	42
123	54	30
123	54	31
123	54	32
123	54	33
123	54	34
123	54	35
123	54	36
123	54	37
123	54	38
123	54	39
123	54	40
123	54	41
123	54	42
123	55	29
123	55	30
123	55	31
123	55	32
123	55	33
123	55	34
123	55	35
123	55	36
123	55	37
123	55	38
123	55	39
123	55	40
123	55	41
123	55	42
123	56	27
123	56	28
123	56	29
123	56	30
123	56	31
123	56	32
123	56	33
123	56	34
123	56	35
123	56	36
123	56	37
123	56	38
123	56	39
123	56	40
123	56	41
123	56	42
123	57	24
123	57	25
123	57	26
123	57	27
123	57	28
123	57	29
123	57	30
123	57	31
123	57	32
123	57	33
123	57	34
123	57	35
123	57	36
123	57	37
123	57	38
123	57	39
123	57	40
123	57	41
123	58	23
123	58	24
123	58	25
123	58	26
123	58	27
123	58	28
123	58	29
123	58	30
123	58	31
123	58	32
123	58	33
123	58	34
123	58	35
123	58	36
123	58	37
123	58	38
123	58	39
123	58	40
123	59	23
123	59	24
123	59	25
123	59	26
123	59	27
123	59	28
123	59	29
123	59	30
123	59	31
123	59	32
123	59	33
123	59	34
123	59	35
123	59	36
123	59	37
123	59	38
123	59	39
123	60	23
123	60	24
123	60	25
123	60	26
123	60	27
123	60	28
123	60	29
123	60	30
123	60	31
123	60	32
123	60	33
123	60	34
123	60	35
123	60	36
123	60	37
123	60	38
123	61	23
123	61	24
123	61	25
123	61	26
123	61	27
123	61	28
123	61	29
123	61	30
123	61	31
123	61	32
123	61	33
123	61	34
123	61	35
123	61	36
123	61	37
123	62	23
123	62	24
123	62	25
123	62	26
123	62	27
123	62	28
123	62	29
123	62	30
123	62	31
123	62	32
123	62	33
123	62	34
123	62	35
123	62	36
123	62	37
123	63	24
123	63	25
123	63	26
123	63	27
123	63	28
123	63	29
123	63	30
123	63	31
123	63	32
123	63	33
123	63	34
123	63	35
123	63	36
123	64	25
123	64	26
123	64	27
123	64	28
123	64	29
123	64	30
123	64	31
123	64	32
123	64	33
123	64	34
123	64	35
123	65	25
123	65	26
123	65	27
123	65	28
123	65	29
123	65	30
123	65	31
123	65	32
123	65	33
123	65	34
123	65	35
123	66	25
123	66	26
123	66	27
123	66	28
123	66	29
123	66	30
123	66	31
123	66	32
123	66	33
123	66	34
123	67	26
123	67	27
123	67	28
123	67	29
123	67	30
123	67	31
123	67	32
123	67	33
123	67	34
123	68	27
123	68	28
123	68	29
123	68	30
123	68	31
123	68	32
123	68	33
123	69	27
123	69	28
123	69	29
123	69	30
123	69	31
123	69	32
123	69	33
123	70	28
123	70	29
123	70	30
123	70	31
123	70	32
123	70	33
123	71	29
123	71	30
123	71	31
124	49	37
124	49	38
124	49	39
124	50	35
124	50	36
124	50	37
124	50	38
124	50	39
124	50	40
124	50	41
124	51	34
124	51	35
124	51	36
124	51	37
124	51	38
124	51	39
124	51	40
124	51	41
124	51	42
124	52	33
124	52	34
124	52	35
124	52	36
124	52	37
124	52	38
124	52	39
124	52	40
124	52	41
124	52	42
124	53	31
124	53	32
124	53	33
124	53	34
124	53	35
124	53	36
124	53	37
124	53	38
124	53	39
124	53	40
124	53	41
124	53	42
124	54	30
124	54	31
124	54	32
124	54	33
124	54	34
124	54	35
124	54	36
124	54	37
124	54	38
124	54	39
124	54	40
124	54	41
124	54	42
124	55	28
124	55	29
124	55	30
124	55	31
124	55	32
124	55	33
124	55	34
124	55	35
124	55	36
124	55	37
124	55	38
124	55	39
124	55	40
124	55	41
124	55	42
124	56	27
124	56	28
124	56	29
124	56	30
124	56	31
124	56	32
124	56	33
124	56	34
124	56	35
124	56	36
124	56	37
124	56	38
124	56	39
124	56	40
124	56	41
124	57	25
124	57	26
124	57	27
124	57	28
124	57	29
124	57	30
124	57	31
124	57	32
124	57	33
124	57	34
124	57	35
124	57	36
124	57	37
124	57	38
124	57	39
124	57	40
124	58	23
124	58	24
124	58	25
124	58	26
124	58	27
124	58	28
124	58	29
124	58	30
124	58	31
124	58	32
124	58	33
124	58	34
124	58	35
124	58	36
124	58	37
124	58	38
124	58	39
124	59	23
124	59	24
124	59	25
124	59	26
124	59	27
124	59	28
124	59	29
124	59	30
124	59	31
124	59	32
124	59	33
124	59	34
124	59	35
124	59	36
124	59	37
124	59	38
124	60	23
124	60	24
124	60	25
124	60	26
124	60	27
124	60	28
124	60	29
124	60	30
124	60	31
124	60	32
124	60	33
124	60	34
124	60	35
124	60	36
124	60	37
124	60	38
124	61	23
124	61	24
124	61	25
124	61	26
124	61	27
124	61	28
124	61	29
124	61	30
124	61	31
124	61	32
124	61	33
124	61	34
124	61	35
124	61	36
124	61	37
124	61	38
124	62	23
124	62	24
124	62	25
124	62	26
124	62	27
124	62	28
124	62	29
124	62	30
124	62	31
124	62	32
124	62	33
124	62	34
124	62	35
124	62	36
124	62	37
124	63	24
124	63	25
124	63	26
124	63	27
124	63	28
124	63	29
124	63	30
124	63	31
124	63	32
124	63	33
124	63	34
124	63	35
124	63	36
124	64	24
124	64	25
124	64	26
124	64	27
124	64	28
124	64	29
124	64	30
124	64	31
124	64	32
124	64	33
124	64	34
124	64	35
124	65	25
124	65	26
124	65	27
124	65	28
124	65	29
124	65	30
124	65	31
124	65	32
124	65	33
124	65	34
124	66	25
124	66	26
124	66	27
124	66	28
124	66	29
124	66	30
124	66	31
124	66	32
124	66	33
124	66	34
124	67	26
124	67	27
124	67	28
124	67	29
124	67	30
124	67	31
124	67	32
124	67	33
124	68	26
124	68	27
124	68	28
124	68	29
124	68	30
124	68	31
124	68	32
124	68	33
124	69	27
124	69	28
124	69	29
124	69	30
124	69	31
124	69	32
124	70	28
124	70	29
124	70	30
124	70	31
124	70	32
124	71	29
124	71	30
124	71	31
125	50	36
125	50	37
125	50	38
125	50	39
125	50	40
125	51	34
125	51	35
125	51	36
125	51	37
125	51	38
125	51	39
125	51	40
125	51	41
125	52	33
125	52	34
125	52	35
125	52	36
125	52	37
125	52	38
125	52	39
125	52	40
125	52	41
125	52	42
125	53	31
125	53	32
125	53	33
125	53	34
125	53	35
125	53	36
125	53	37
125	53	38
125	53	39
125	53	40
125	53	41
125	53	42
125	54	29
125	54	30
125	54	31
125	54	32
125	54	33
125	54	34
125	54	35
125	54	36
125	54	37
125	54	38
125	54	39
125	54	40
125	54	41
125	55	28
125	55	29
125	55	30
125	55	31
125	55	32
125	55	33
125	55	34
125	55	35
125	55	36
125	55	37
125	55	38
125	55	39
125	55	40
125	55	41
125	56	27
125	56	28
125	56	29
125	56	30
125	56	31
125	56	32
125	56	33
125	56	34
125	56	35
125	56	36
125	56	37
125	56	38
125	56	39
125	57	26
125	57	27
125	57	28
125	57	29
125	57	30
125	57	31
125	57	32
125	57	33
125	57	34
125	57	35
125	57	36
125	57	37
125	57	38
125	58	24
125	58	25
125	58	26
125	58	27
125	58	28
125	58	29
125	58	30
125	58	31
125	58	32
125	58	33
125	58	34
125	58	35
125	58	36
125	58	37
125	58	38
125	59	23
125	59	24
125	59	25
125	59	26
125	59	27
125	59	28
125	59	29
125	59	30
125	59	31
125	59	32
125	59	33
125	59	34
125	59	35
125	59	36
125	59	37
125	59	38
125	60	23
125	60	24
125	60	25
125	60	26
125	60	27
125	60	28
125	60	29
125	60	30
125	60	31
125	60	32
125	60	33
125	60	34
125	60	35
125	60	36
125	60	37
125	61	23
125	61	24
125	61	25
125	61	26
125	61	27
125	61	28
125	61	29
125	61	30
125	61	31
125	61	32
125	61	33
125	61	34
125	61	35
125	61	36
125	61	37
125	62	23
125	62	24
125	62	25
125	62	26
125	62	27
125	62	28
125	62	29
125	62	30
125	62	31
125	62	32
125	62	33
125	62	34
125	62	35
125	62	36
125	62	37
125	63	23
125	63	24
125	63	25
125	63	26
125	63	27
125	63	28
125	63	29
125	63	30
125	63	31
125	63	32
125	63	33
125	63	34
125	63	35
125	64	24
125	64	25
125	64	26
125	64	27
125	64	28
125	64	29
125	64	30
125	64	31
125	64	32
125	64	33
125	64	34
125	65	24
125	65	25
125	65	26
125	65	27
125	65	28
125	65	29
125	65	30
125	65	31
125	65	32
125	65	33
125	65	34
125	66	25
125	66	26
125	66	27
125	66	28
125	66	29
125	66	30
125	66	31
125	66	32
125	66	33
125	67	25
125	67	26
125	67	27
125	67	28
125	67	29
125	67	30
125	67	31
125	67	32
125	68	26
125	68	27
125	68	28
125	68	29
125	68	30
125	68	31
125	68	32
125	69	26
125	69	27
125	69	28
125	69	29
125	69	30
125	69	31
125	69	32
125	70	25
125	70	27
125	70	28
125	70	29
125	70	30
125	70	31
125	71	28
125	71	29
125	71	30
126	50	37
126	50	38
126	50	39
126	51	35
126	51	36
126	51	37
126	51	38
126	51	39
126	51	40
126	52	33
126	52	34
126	52	35
126	52	36
126	52	37
126	52	38
126	52	39
126	52	40
126	52	41
126	53	31
126	53	32
126	53	33
126	53	34
126	53	35
126	53	36
126	53	37
126	53	38
126	53	39
126	53	40
126	53	41
126	53	42
126	54	29
126	54	30
126	54	31
126	54	32
126	54	33
126	54	34
126	54	35
126	54	36
126	54	37
126	54	38
126	54	39
126	54	40
126	54	41
126	55	28
126	55	29
126	55	30
126	55	31
126	55	32
126	55	33
126	55	34
126	55	35
126	55	36
126	55	37
126	55	38
126	55	39
126	55	40
126	56	27
126	56	28
126	56	29
126	56	30
126	56	31
126	56	32
126	56	33
126	56	34
126	56	35
126	56	36
126	56	37
126	56	38
126	57	26
126	57	27
126	57	28
126	57	29
126	57	30
126	57	31
126	57	32
126	57	33
126	57	34
126	57	35
126	57	36
126	57	37
126	58	25
126	58	26
126	58	27
126	58	28
126	58	29
126	58	30
126	58	31
126	58	32
126	58	33
126	58	34
126	58	35
126	58	36
126	58	37
126	59	23
126	59	24
126	59	25
126	59	26
126	59	27
126	59	28
126	59	29
126	59	30
126	59	31
126	59	32
126	59	33
126	59	34
126	59	35
126	59	36
126	60	23
126	60	24
126	60	25
126	60	26
126	60	27
126	60	28
126	60	29
126	60	30
126	60	31
126	60	32
126	60	33
126	60	34
126	60	35
126	60	36
126	61	22
126	61	23
126	61	24
126	61	25
126	61	26
126	61	27
126	61	28
126	61	29
126	61	30
126	61	31
126	61	32
126	61	33
126	61	34
126	61	35
126	61	36
126	62	23
126	62	24
126	62	25
126	62	26
126	62	27
126	62	28
126	62	29
126	62	30
126	62	31
126	62	32
126	62	33
126	62	34
126	62	35
126	62	36
126	63	23
126	63	24
126	63	25
126	63	26
126	63	27
126	63	28
126	63	29
126	63	30
126	63	31
126	63	32
126	63	33
126	63	34
126	63	35
126	64	23
126	64	24
126	64	25
126	64	26
126	64	27
126	64	28
126	64	29
126	64	30
126	64	31
126	64	32
126	64	33
126	64	34
126	65	24
126	65	25
126	65	26
126	65	27
126	65	28
126	65	29
126	65	30
126	65	31
126	65	32
126	65	33
126	66	24
126	66	25
126	66	26
126	66	27
126	66	28
126	66	29
126	66	30
126	66	31
126	66	32
126	67	25
126	67	26
126	67	27
126	67	28
126	67	29
126	67	30
126	67	31
126	67	32
126	68	25
126	68	26
126	68	27
126	68	28
126	68	29
126	68	30
126	68	31
126	69	24
126	69	26
126	69	27
126	69	28
126	69	29
126	69	30
126	69	31
126	70	25
126	70	26
126	70	27
126	70	28
126	70	29
126	70	30
126	70	31
126	71	27
126	71	28
126	71	29
126	71	30
127	51	36
127	51	37
127	51	38
127	51	39
127	52	34
127	52	35
127	52	36
127	52	37
127	52	38
127	52	39
127	52	40
127	52	41
127	53	32
127	53	33
127	53	34
127	53	35
127	53	36
127	53	37
127	53	38
127	53	39
127	53	40
127	53	41
127	53	42
127	54	30
127	54	31
127	54	32
127	54	33
127	54	34
127	54	35
127	54	36
127	54	37
127	54	38
127	54	39
127	54	40
127	54	41
127	55	28
127	55	29
127	55	30
127	55	31
127	55	32
127	55	33
127	55	34
127	55	35
127	55	36
127	55	37
127	55	38
127	56	27
127	56	28
127	56	29
127	56	30
127	56	31
127	56	32
127	56	33
127	56	34
127	56	35
127	56	36
127	57	26
127	57	27
127	57	28
127	57	29
127	57	30
127	57	31
127	57	32
127	57	33
127	57	34
127	57	35
127	57	36
127	58	25
127	58	26
127	58	27
127	58	28
127	58	29
127	58	30
127	58	31
127	58	32
127	58	33
127	58	34
127	58	35
127	59	24
127	59	25
127	59	26
127	59	27
127	59	28
127	59	29
127	59	30
127	59	31
127	59	32
127	59	33
127	59	34
127	59	35
127	60	23
127	60	24
127	60	25
127	60	26
127	60	27
127	60	28
127	60	29
127	60	30
127	60	31
127	60	32
127	60	33
127	60	34
127	60	35
127	61	22
127	61	23
127	61	24
127	61	25
127	61	26
127	61	27
127	61	28
127	61	29
127	61	30
127	61	31
127	61	32
127	61	33
127	61	34
127	61	35
127	62	22
127	62	23
127	62	24
127	62	25
127	62	26
127	62	27
127	62	28
127	62	29
127	62	30
127	62	31
127	62	32
127	62	33
127	62	34
127	62	35
127	63	22
127	63	23
127	63	24
127	63	25
127	63	26
127	63	27
127	63	28
127	63	29
127	63	30
127	63	31
127	63	32
127	63	33
127	63	34
127	63	35
127	64	23
127	64	24
127	64	25
127	64	26
127	64	27
127	64	28
127	64	29
127	64	30
127	64	31
127	64	32
127	64	33
127	65	23
127	65	24
127	65	25
127	65	26
127	65	27
127	65	28
127	65	29
127	65	30
127	65	31
127	65	32
127	65	33
127	66	24
127	66	25
127	66	26
127	66	27
127	66	28
127	66	29
127	66	30
127	66	31
127	66	32
127	67	24
127	67	25
127	67	26
127	67	27
127	67	28
127	67	29
127	67	30
127	67	31
127	67	32
127	68	25
127	68	26
127	68	27
127	68	28
127	68	29
127	68	30
127	68	31
127	69	26
127	69	27
127	69	28
127	69	29
127	69	30
127	69	31
127	70	26
127	70	27
127	70	28
127	70	29
127	70	30
127	70	31
127	71	27
127	71	28
127	71	29
