#i	j	k
14	26	64
14	27	64
14	32	61
15	24	64
15	25	64
15	26	64
15	26	65
15	27	63
15	27	64
15	27	65
15	28	63
15	28	64
15	28	65
15	29	63
15	29	64
15	29	65
15	30	63
15	30	64
15	31	62
15	32	62
16	23	63
16	24	63
16	25	63
16	25	64
16	26	63
16	26	64
16	27	63
16	27	64
16	27	65
16	28	62
16	28	63
16	28	64
16	28	65
16	29	62
16	29	63
16	29	64
16	29	65
16	29	66
16	30	61
16	30	62
16	30	63
16	30	64
16	30	65
16	30	66
16	31	61
16	31	62
16	31	63
16	31	64
16	31	65
16	32	61
16	32	62
16	32	63
16	32	64
16	32	65
16	33	62
16	33	63
16	33	68
16	34	62
16	34	68
16	35	68
16	36	68
16	36	69
16	37	68
17	23	62
17	23	63
17	24	62
17	24	63
17	25	62
17	25	63
17	25	64
17	26	62
17	26	63
17	26	64
17	27	61
17	27	62
17	27	63
17	27	64
17	27	65
17	28	61
17	28	62
17	28	63
17	28	64
17	28	65
17	29	60
17	29	61
17	29	62
17	29	63
17	29	64
17	29	65
17	29	66
17	30	60
17	30	61
17	30	62
17	30	63
17	30	64
17	30	65
17	30	66
17	31	60
17	31	61
17	31	62
17	31	63
17	31	64
17	31	65
17	31	66
17	31	67
17	32	61
17	32	62
17	32	63
17	32	64
17	32	65
17	32	66
17	32	67
17	32	68
17	33	61
17	33	62
17	33	63
17	33	64
17	33	65
17	33	66
17	33	67
17	33	68
17	33	69
17	34	62
17	34	63
17	34	64
17	34	65
17	34	66
17	34	67
17	34	68
17	34	69
17	35	62
17	35	63
17	35	64
17	35	65
17	35	66
17	35	67
17	35	68
17	35	69
17	36	63
17	36	67
17	36	68
17	36	69
17	37	68
17	37	69
17	38	68
17	38	69
18	23	62
18	23	63
18	24	61
18	24	62
18	24	63
18	25	61
18	25	62
18	25	63
18	25	64
18	26	60
18	26	61
18	26	62
18	26	63
18	26	64
18	27	60
18	27	61
18	27	62
18	27	63
18	27	64
18	27	65
18	28	59
18	28	60
18	28	61
18	28	62
18	28	63
18	28	64
18	28	65
18	29	59
18	29	60
18	29	61
18	29	62
18	29	63
18	29	64
18	29	65
18	29	66
18	30	59
18	30	60
18	30	61
18	30	62
18	30	63
18	30	64
18	30	65
18	30	66
18	31	60
18	31	61
18	31	62
18	31	63
18	31	64
18	31	65
18	31	66
18	31	67
18	32	60
18	32	61
18	32	62
18	32	63
18	32	64
18	32	65
18	32	66
18	32	67
18	33	61
18	33	62
18	33	63
18	33	64
18	33	65
18	33	66
18	33	67
18	33	68
18	34	61
18	34	62
18	34	63
18	34	64
18	34	65
18	34	66
18	34	67
18	34	68
18	34	69
18	35	62
18	35	63
18	35	64
18	35	65
18	35	66
18	35	67
18	35	68
18	35	69
18	36	63
18	36	64
18	36	65
18	36	66
18	36	67
18	36	68
18	36	69
18	36	70
18	37	64
18	37	65
18	37	66
18	37	67
18	37	68
18	37	69
18	37	70
18	38	65
18	38	66
18	38	68
18	38	69
18	39	69
19	22	64
19	23	62
19	23	63
19	24	61
19	24	62
19	24	63
19	25	60
19	25	61
19	25	62
19	25	63
19	25	64
19	26	60
19	26	61
19	26	62
19	26	63
19	26	64
19	27	59
19	27	60
19	27	61
19	27	62
19	27	63
19	27	64
19	27	65
19	28	59
19	28	60
19	28	61
19	28	62
19	28	63
19	28	64
19	28	65
19	29	59
19	29	60
19	29	61
19	29	62
19	29	63
19	29	64
19	29	65
19	29	66
19	30	59
19	30	60
19	30	61
19	30	62
19	30	63
19	30	64
19	30	65
19	30	66
19	31	59
19	31	60
19	31	61
19	31	62
19	31	63
19	31	64
19	31	65
19	31	66
19	31	67
19	32	59
19	32	60
19	32	61
19	32	62
19	32	63
19	32	64
19	32	65
19	32	66
19	32	67
19	32	68
19	33	60
19	33	61
19	33	62
19	33	63
19	33	64
19	33	65
19	33	66
19	33	67
19	33	68
19	33	69
19	34	61
19	34	62
19	34	63
19	34	64
19	34	65
19	34	66
19	34	67
19	34	68
19	34	69
19	35	62
19	35	63
19	35	64
19	35	65
19	35	66
19	35	67
19	35	68
19	35	69
19	36	63
19	36	64
19	36	65
19	36	66
19	36	67
19	36	68
19	36	69
19	36	70
19	37	64
19	37	65
19	37	66
19	37	67
19	37	68
19	37	69
19	38	65
19	38	66
19	38	67
19	38	68
19	38	69
19	39	66
19	39	67
20	20	64
20	21	64
20	22	63
20	22	64
20	23	62
20	23	63
20	23	65
20	24	60
20	24	61
20	24	62
20	24	63
20	25	60
20	25	61
20	25	62
20	25	63
20	25	64
20	26	59
20	26	60
20	26	61
20	26	62
20	26	63
20	26	64
20	26	65
20	27	59
20	27	60
20	27	61
20	27	62
20	27	63
20	27	64
20	27	65
20	28	59
20	28	60
20	28	61
20	28	62
20	28	63
20	28	64
20	28	65
20	28	66
20	29	59
20	29	60
20	29	61
20	29	62
20	29	63
20	29	64
20	29	65
20	29	66
20	30	59
20	30	60
20	30	61
20	30	62
20	30	63
20	30	64
20	30	65
20	30	66
20	30	67
20	31	59
20	31	60
20	31	61
20	31	62
20	31	63
20	31	64
20	31	65
20	31	66
20	31	67
20	32	59
20	32	60
20	32	61
20	32	62
20	32	63
20	32	64
20	32	65
20	32	66
20	32	67
20	32	68
20	33	60
20	33	61
20	33	62
20	33	63
20	33	64
20	33	65
20	33	66
20	33	67
20	33	68
20	33	69
20	34	61
20	34	62
20	34	63
20	34	64
20	34	65
20	34	66
20	34	67
20	34	68
20	34	69
20	35	62
20	35	63
20	35	64
20	35	65
20	35	66
20	35	67
20	35	68
20	35	69
20	35	70
20	36	63
20	36	64
20	36	65
20	36	66
20	36	67
20	36	68
20	36	69
20	37	64
20	37	65
20	37	66
20	37	67
20	37	68
20	37	69
20	38	65
20	38	66
20	38	67
20	38	68
20	38	69
20	39	66
20	39	67
20	39	68
21	22	63
21	22	65
21	23	60
21	23	61
21	23	62
21	23	63
21	24	60
21	24	61
21	24	62
21	24	63
21	24	64
21	25	59
21	25	60
21	25	61
21	25	62
21	25	63
21	25	64
21	26	59
21	26	60
21	26	61
21	26	62
21	26	63
21	26	64
21	26	65
21	27	59
21	27	60
21	27	61
21	27	62
21	27	63
21	27	64
21	27	65
21	27	66
21	28	59
21	28	60
21	28	61
21	28	62
21	28	63
21	28	64
21	28	65
21	28	66
21	29	59
21	29	60
21	29	61
21	29	62
21	29	63
21	29	64
21	29	65
21	29	66
21	29	67
21	30	59
21	30	60
21	30	61
21	30	62
21	30	63
21	30	64
21	30	65
21	30	66
21	30	67
21	31	59
21	31	60
21	31	61
21	31	62
21	31	63
21	31	64
21	31	65
21	31	66
21	31	67
21	31	68
21	32	59
21	32	60
21	32	61
21	32	62
21	32	63
21	32	64
21	32	65
21	32	66
21	32	67
21	32	68
21	33	60
21	33	61
21	33	62
21	33	63
21	33	64
21	33	65
21	33	66
21	33	67
21	33	68
21	33	69
21	34	61
21	34	62
21	34	63
21	34	64
21	34	65
21	34	66
21	34	67
21	34	68
21	34	69
21	35	62
21	35	63
21	35	64
21	35	65
21	35	66
21	35	67
21	35	68
21	35	69
21	35	70
21	36	63
21	36	64
21	36	65
21	36	66
21	36	67
21	36	68
21	36	69
21	37	64
21	37	65
21	37	66
21	37	67
21	37	68
21	37	69
21	38	65
21	38	66
21	38	67
21	38	68
21	39	66
21	39	67
22	22	61
22	22	62
22	22	63
22	23	60
22	23	61
22	23	62
22	23	63
22	23	64
22	24	60
22	24	61
22	24	62
22	24	63
22	24	64
22	25	60
22	25	61
22	25	62
22	25	63
22	25	64
22	25	65
22	26	59
22	26	60
22	26	61
22	26	62
22	26	63
22	26	64
22	26	65
22	26	66
22	27	59
22	27	60
22	27	61
22	27	62
22	27	63
22	27	64
22	27	65
22	27	66
22	28	59
22	28	60
22	28	61
22	28	62
22	28	63
22	28	64
22	28	65
22	28	66
22	28	67
22	29	59
22	29	60
22	29	61
22	29	62
22	29	63
22	29	64
22	29	65
22	29	66
22	29	67
22	30	59
22	30	60
22	30	61
22	30	62
22	30	63
22	30	64
22	30	65
22	30	66
22	30	67
22	30	68
22	31	59
22	31	60
22	31	61
22	31	62
22	31	63
22	31	64
22	31	65
22	31	66
22	31	67
22	31	68
22	32	60
22	32	61
22	32	62
22	32	63
22	32	64
22	32	65
22	32	66
22	32	67
22	32	68
22	32	69
22	33	60
22	33	61
22	33	62
22	33	63
22	33	64
22	33	65
22	33	66
22	33	67
22	33	68
22	33	69
22	34	61
22	34	62
22	34	63
22	34	64
22	34	65
22	34	66
22	34	67
22	34	68
22	34	69
22	35	62
22	35	63
22	35	64
22	35	65
22	35	66
22	35	67
22	35	68
22	35	69
22	35	70
22	36	63
22	36	64
22	36	65
22	36	66
22	36	67
22	36	68
22	36	69
22	37	64
22	37	65
22	37	66
22	37	67
22	37	68
22	37	69
22	38	65
22	38	66
22	38	67
22	38	68
22	39	66
22	39	67
23	21	64
23	21	65
23	22	63
23	22	64
23	22	65
23	23	62
23	23	63
23	23	64
23	23	65
23	24	61
23	24	62
23	24	63
23	24	64
23	24	65
23	24	66
23	25	60
23	25	61
23	25	62
23	25	63
23	25	64
23	25	65
23	25	66
23	25	67
23	26	60
23	26	61
23	26	62
23	26	63
23	26	64
23	26	65
23	26	66
23	26	67
23	27	60
23	27	61
23	27	62
23	27	63
23	27	64
23	27	65
23	27	66
23	27	67
23	28	59
23	28	60
23	28	61
23	28	62
23	28	63
23	28	64
23	28	65
23	28	66
23	28	67
23	28	68
23	29	59
23	29	60
23	29	61
23	29	62
23	29	63
23	29	64
23	29	65
23	29	66
23	29	67
23	29	68
23	30	59
23	30	60
23	30	61
23	30	62
23	30	63
23	30	64
23	30	65
23	30	66
23	30	67
23	30	68
23	31	60
23	31	61
23	31	62
23	31	63
23	31	64
23	31	65
23	31	66
23	31	67
23	31	68
23	31	69
23	32	60
23	32	61
23	32	62
23	32	63
23	32	64
23	32	65
23	32	66
23	32	67
23	32	68
23	32	69
23	33	60
23	33	61
23	33	62
23	33	63
23	33	64
23	33	65
23	33	66
23	33	67
23	33	68
23	33	69
23	34	61
23	34	62
23	34	63
23	34	64
23	34	65
23	34	66
23	34	67
23	34	68
23	34	69
23	35	62
23	35	63
23	35	64
23	35	65
23	35	66
23	35	67
23	35	68
23	35	69
23	35	70
23	36	63
23	36	64
23	36	65
23	36	66
23	36	67
23	36	68
23	36	69
23	37	64
23	37	65
23	37	66
23	37	67
23	37	68
23	37	69
23	38	65
23	38	68
23	39	66
24	17	65
24	18	64
24	18	65
24	19	63
24	19	64
24	19	65
24	19	66
24	19	67
24	19	68
24	20	64
24	20	65
24	20	66
24	20	67
24	20	68
24	20	69
24	21	64
24	21	65
24	21	66
24	21	67
24	21	68
24	21	69
24	22	63
24	22	64
24	22	65
24	22	66
24	22	67
24	22	68
24	22	69
24	22	70
24	23	62
24	23	63
24	23	64
24	23	65
24	23	66
24	23	67
24	23	68
24	23	69
24	23	70
24	24	61
24	24	62
24	24	63
24	24	64
24	24	65
24	24	66
24	24	67
24	24	68
24	24	69
24	24	70
24	25	60
24	25	61
24	25	62
24	25	63
24	25	64
24	25	65
24	25	66
24	25	67
24	25	68
24	25	69
24	25	70
24	26	60
24	26	61
24	26	62
24	26	63
24	26	64
24	26	65
24	26	66
24	26	67
24	26	68
24	26	69
24	26	70
24	27	60
24	27	61
24	27	62
24	27	63
24	27	64
24	27	65
24	27	66
24	27	67
24	27	68
24	27	69
24	28	60
24	28	61
24	28	62
24	28	63
24	28	64
24	28	65
24	28	66
24	28	67
24	28	68
24	28	69
24	29	60
24	29	61
24	29	62
24	29	63
24	29	64
24	29	65
24	29	66
24	29	67
24	29	68
24	29	69
24	30	60
24	30	61
24	30	62
24	30	63
24	30	64
24	30	65
24	30	66
24	30	67
24	30	68
24	30	69
24	31	60
24	31	61
24	31	62
24	31	63
24	31	64
24	31	65
24	31	66
24	31	67
24	31	68
24	31	69
24	32	60
24	32	61
24	32	62
24	32	63
24	32	64
24	32	65
24	32	66
24	32	67
24	32	68
24	32	69
24	33	61
24	33	62
24	33	63
24	33	64
24	33	65
24	33	66
24	33	67
24	33	68
24	33	69
24	34	62
24	34	63
24	34	64
24	34	65
24	34	66
24	34	67
24	34	68
24	34	69
24	35	63
24	35	64
24	35	65
24	35	66
24	35	67
24	35	68
24	35	69
24	35	70
24	36	64
24	36	65
24	36	66
24	36	67
24	36	68
24	36	69
24	36	70
24	37	67
24	37	68
24	37	69
24	38	68
25	16	65
25	17	64
25	17	65
25	17	66
25	18	63
25	18	64
25	18	65
25	18	66
25	18	67
25	18	68
25	19	63
25	19	64
25	19	65
25	19	66
25	19	67
25	19	68
25	19	69
25	20	63
25	20	64
25	20	65
25	20	66
25	20	67
25	20	68
25	20	69
25	21	64
25	21	65
25	21	66
25	21	67
25	21	68
25	21	69
25	21	70
25	22	63
25	22	64
25	22	65
25	22	66
25	22	67
25	22	68
25	22	69
25	22	70
25	23	62
25	23	63
25	23	64
25	23	65
25	23	66
25	23	67
25	23	68
25	23	69
25	23	70
25	23	71
25	24	61
25	24	62
25	24	63
25	24	64
25	24	65
25	24	66
25	24	67
25	24	68
25	24	69
25	24	70
25	24	71
25	25	61
25	25	62
25	25	63
25	25	64
25	25	65
25	25	66
25	25	67
25	25	68
25	25	69
25	25	70
25	25	71
25	26	60
25	26	61
25	26	62
25	26	63
25	26	64
25	26	65
25	26	66
25	26	67
25	26	68
25	26	69
25	26	70
25	26	71
25	26	72
25	27	60
25	27	61
25	27	62
25	27	63
25	27	64
25	27	65
25	27	66
25	27	67
25	27	68
25	27	69
25	27	70
25	27	71
25	27	72
25	28	60
25	28	61
25	28	62
25	28	63
25	28	64
25	28	65
25	28	66
25	28	67
25	28	68
25	28	69
25	28	70
25	28	71
25	29	60
25	29	61
25	29	62
25	29	63
25	29	64
25	29	65
25	29	66
25	29	67
25	29	68
25	29	69
25	29	70
25	30	60
25	30	61
25	30	62
25	30	63
25	30	64
25	30	65
25	30	66
25	30	67
25	30	68
25	30	69
25	30	70
25	31	60
25	31	61
25	31	62
25	31	63
25	31	64
25	31	65
25	31	66
25	31	67
25	31	68
25	31	69
25	32	61
25	32	62
25	32	63
25	32	64
25	32	65
25	32	66
25	32	67
25	32	68
25	32	69
25	33	62
25	33	63
25	33	64
25	33	65
25	33	66
25	33	67
25	33	68
25	33	69
25	34	63
25	34	64
25	34	65
25	34	66
25	34	67
25	34	68
25	34	69
25	35	64
25	35	65
25	35	66
25	35	67
25	35	68
25	35	69
25	35	70
25	36	66
25	36	67
25	36	68
25	36	69
25	36	70
25	37	67
25	37	68
25	37	69
25	38	67
25	38	68
25	38	69
25	39	67
25	39	68
26	16	64
26	16	65
26	17	64
26	17	65
26	17	66
26	17	67
26	18	63
26	18	64
26	18	65
26	18	66
26	18	67
26	18	68
26	19	63
26	19	64
26	19	65
26	19	66
26	19	67
26	19	68
26	19	69
26	20	63
26	20	64
26	20	65
26	20	66
26	20	67
26	20	68
26	20	69
26	20	70
26	21	63
26	21	64
26	21	65
26	21	66
26	21	67
26	21	68
26	21	69
26	21	70
26	22	63
26	22	64
26	22	65
26	22	66
26	22	67
26	22	68
26	22	69
26	22	70
26	22	71
26	23	62
26	23	63
26	23	64
26	23	65
26	23	66
26	23	67
26	23	68
26	23	69
26	23	70
26	23	71
26	24	62
26	24	63
26	24	64
26	24	65
26	24	66
26	24	67
26	24	68
26	24	69
26	24	70
26	24	71
26	25	61
26	25	62
26	25	63
26	25	64
26	25	65
26	25	66
26	25	67
26	25	68
26	25	69
26	25	70
26	25	71
26	26	61
26	26	62
26	26	63
26	26	64
26	26	65
26	26	66
26	26	67
26	26	68
26	26	69
26	26	70
26	26	71
26	26	72
26	27	60
26	27	61
26	27	62
26	27	63
26	27	64
26	27	65
26	27	66
26	27	67
26	27	68
26	27	69
26	27	70
26	27	71
26	27	72
26	28	60
26	28	61
26	28	62
26	28	63
26	28	64
26	28	65
26	28	66
26	28	67
26	28	68
26	28	69
26	28	70
26	28	71
26	28	72
26	29	60
26	29	61
26	29	62
26	29	63
26	29	64
26	29	65
26	29	66
26	29	67
26	29	68
26	29	69
26	29	70
26	29	71
26	30	60
26	30	61
26	30	62
26	30	63
26	30	64
26	30	65
26	30	66
26	30	67
26	30	68
26	30	69
26	30	70
26	31	61
26	31	62
26	31	63
26	31	64
26	31	65
26	31	66
26	31	67
26	31	68
26	31	69
26	31	70
26	32	61
26	32	62
26	32	63
26	32	64
26	32	65
26	32	66
26	32	67
26	32	68
26	32	69
26	32	70
26	33	63
26	33	64
26	33	65
26	33	66
26	33	67
26	33	68
26	33	69
26	33	70
26	34	63
26	34	64
26	34	65
26	34	66
26	34	67
26	34	68
26	34	69
26	34	70
26	35	65
26	35	66
26	35	67
26	35	68
26	35	69
26	35	70
26	36	66
26	36	67
26	36	68
26	36	69
26	36	70
26	37	66
26	37	67
26	37	68
26	37	69
26	38	66
26	38	67
26	38	68
26	38	69
26	39	66
26	39	67
26	39	68
26	40	67
27	16	64
27	16	65
27	17	63
27	17	64
27	17	65
27	17	66
27	17	67
27	18	63
27	18	64
27	18	65
27	18	66
27	18	67
27	18	68
27	19	63
27	19	64
27	19	65
27	19	66
27	19	67
27	19	68
27	19	69
27	20	63
27	20	64
27	20	65
27	20	66
27	20	67
27	20	68
27	20	69
27	20	70
27	21	63
27	21	64
27	21	65
27	21	66
27	21	67
27	21	68
27	21	69
27	21	70
27	21	71
27	22	63
27	22	64
27	22	65
27	22	66
27	22	67
27	22	68
27	22	69
27	22	70
27	22	71
27	23	63
27	23	64
27	23	65
27	23	66
27	23	67
27	23	68
27	23	69
27	23	70
27	23	71
27	24	62
27	24	63
27	24	64
27	24	65
27	24	66
27	24	67
27	24	68
27	24	69
27	24	70
27	24	71
27	25	62
27	25	63
27	25	64
27	25	65
27	25	66
27	25	67
27	25	68
27	25	69
27	25	70
27	25	71
27	25	72
27	26	61
27	26	62
27	26	63
27	26	64
27	26	65
27	26	66
27	26	67
27	26	68
27	26	69
27	26	70
27	26	71
27	26	72
27	27	61
27	27	62
27	27	63
27	27	64
27	27	65
27	27	66
27	27	67
27	27	68
27	27	69
27	27	70
27	27	71
27	27	72
27	28	60
27	28	61
27	28	62
27	28	63
27	28	64
27	28	65
27	28	66
27	28	67
27	28	68
27	28	69
27	28	70
27	28	71
27	28	72
27	29	60
27	29	61
27	29	62
27	29	63
27	29	64
27	29	65
27	29	66
27	29	67
27	29	68
27	29	69
27	29	70
27	29	71
27	30	60
27	30	61
27	30	62
27	30	63
27	30	64
27	30	65
27	30	66
27	30	67
27	30	68
27	30	69
27	30	70
27	30	71
27	31	61
27	31	62
27	31	63
27	31	64
27	31	65
27	31	66
27	31	67
27	31	68
27	31	69
27	31	70
27	32	62
27	32	63
27	32	64
27	32	65
27	32	66
27	32	67
27	32	68
27	32	69
27	32	70
27	33	63
27	33	64
27	33	65
27	33	66
27	33	67
27	33	68
27	33	69
27	33	70
27	34	64
27	34	65
27	34	66
27	34	67
27	34	68
27	34	69
27	34	70
27	35	65
27	35	66
27	35	67
27	35	68
27	35	69
27	35	70
27	36	65
27	36	66
27	36	67
27	36	68
27	36	69
27	36	70
27	37	65
27	37	66
27	37	67
27	37	68
27	37	69
27	37	70
27	38	65
27	38	66
27	38	67
27	38	68
27	38	69
27	39	66
27	39	67
27	39	68
27	39	69
27	40	66
27	40	67
27	40	68
28	15	64
28	16	63
28	16	64
28	16	65
28	16	66
28	17	63
28	17	64
28	17	65
28	17	66
28	17	67
28	18	63
28	18	64
28	18	65
28	18	66
28	18	67
28	18	68
28	19	63
28	19	64
28	19	65
28	19	66
28	19	67
28	19	68
28	19	69
28	20	63
28	20	64
28	20	65
28	20	66
28	20	67
28	20	68
28	20	69
28	20	70
28	21	63
28	21	64
28	21	65
28	21	66
28	21	67
28	21	68
28	21	69
28	21	70
28	21	71
28	22	63
28	22	64
28	22	65
28	22	66
28	22	67
28	22	68
28	22	69
28	22	70
28	22	71
28	23	63
28	23	64
28	23	65
28	23	66
28	23	67
28	23	68
28	23	69
28	23	70
28	23	71
28	23	72
28	24	62
28	24	63
28	24	64
28	24	65
28	24	66
28	24	67
28	24	68
28	24	69
28	24	70
28	24	71
28	24	72
28	25	62
28	25	63
28	25	64
28	25	65
28	25	66
28	25	67
28	25	68
28	25	69
28	25	70
28	25	71
28	25	72
28	26	62
28	26	63
28	26	64
28	26	65
28	26	66
28	26	67
28	26	68
28	26	69
28	26	70
28	26	71
28	26	72
28	26	73
28	27	61
28	27	62
28	27	63
28	27	64
28	27	65
28	27	66
28	27	67
28	27	68
28	27	69
28	27	70
28	27	71
28	27	72
28	27	73
28	28	61
28	28	62
28	28	63
28	28	64
28	28	65
28	28	66
28	28	67
28	28	68
28	28	69
28	28	70
28	28	71
28	28	72
28	29	60
28	29	61
28	29	62
28	29	63
28	29	64
28	29	65
28	29	66
28	29	67
28	29	68
28	29	69
28	29	70
28	29	71
28	30	61
28	30	62
28	30	63
28	30	64
28	30	65
28	30	66
28	30	67
28	30	68
28	30	69
28	30	70
28	30	71
28	31	62
28	31	63
28	31	64
28	31	65
28	31	66
28	31	67
28	31	68
28	31	69
28	31	70
28	31	71
28	32	63
28	32	64
28	32	65
28	32	66
28	32	67
28	32	68
28	32	69
28	32	70
28	33	64
28	33	65
28	33	66
28	33	67
28	33	68
28	33	69
28	33	70
28	34	64
28	34	65
28	34	66
28	34	67
28	34	68
28	34	69
28	34	70
28	35	64
28	35	65
28	35	66
28	35	67
28	35	68
28	35	69
28	35	70
28	36	64
28	36	65
28	36	66
28	36	67
28	36	68
28	36	69
28	36	70
28	37	64
28	37	65
28	37	66
28	37	67
28	37	68
28	37	69
28	37	70
28	38	65
28	38	66
28	38	67
28	38	68
28	38	69
28	38	70
28	39	65
28	39	66
28	39	67
28	39	68
28	39	69
28	40	66
28	40	67
28	40	68
28	40	69
28	41	66
28	41	67
28	41	68
29	15	64
29	15	65
29	16	63
29	16	64
29	16	65
29	16	66
29	17	63
29	17	64
29	17	65
29	17	66
29	17	67
29	18	63
29	18	64
29	18	65
29	18	66
29	18	67
29	18	68
29	18	69
29	19	63
29	19	64
29	19	65
29	19	66
29	19	67
29	19	68
29	19	69
29	20	63
29	20	64
29	20	65
29	20	66
29	20	67
29	20	68
29	20	69
29	20	70
29	21	63
29	21	64
29	21	65
29	21	66
29	21	67
29	21	68
29	21	69
29	21	70
29	21	71
29	22	63
29	22	64
29	22	65
29	22	66
29	22	67
29	22	68
29	22	69
29	22	70
29	22	71
29	22	72
29	23	62
29	23	63
29	23	64
29	23	65
29	23	66
29	23	67
29	23	68
29	23	69
29	23	70
29	23	71
29	23	72
29	24	62
29	24	63
29	24	64
29	24	65
29	24	66
29	24	67
29	24	68
29	24	69
29	24	70
29	24	71
29	24	72
29	24	73
29	25	62
29	25	63
29	25	64
29	25	65
29	25	66
29	25	67
29	25	68
29	25	69
29	25	70
29	25	71
29	25	72
29	25	73
29	26	61
29	26	62
29	26	63
29	26	64
29	26	65
29	26	66
29	26	67
29	26	68
29	26	69
29	26	70
29	26	71
29	26	72
29	26	73
29	27	61
29	27	62
29	27	63
29	27	64
29	27	65
29	27	66
29	27	67
29	27	68
29	27	69
29	27	70
29	27	71
29	27	72
29	28	61
29	28	62
29	28	63
29	28	64
29	28	65
29	28	66
29	28	67
29	28	68
29	28	69
29	28	70
29	28	71
29	28	72
29	29	60
29	29	61
29	29	62
29	29	63
29	29	64
29	29	65
29	29	66
29	29	67
29	29	68
29	29	69
29	29	70
29	29	71
29	30	61
29	30	62
29	30	63
29	30	64
29	30	65
29	30	66
29	30	67
29	30	68
29	30	69
29	30	70
29	30	71
29	31	61
29	31	62
29	31	63
29	31	64
29	31	65
29	31	66
29	31	67
29	31	68
29	31	69
29	31	70
29	31	71
29	32	62
29	32	63
29	32	64
29	32	65
29	32	66
29	32	67
29	32	68
29	32	69
29	32	70
29	32	71
29	33	63
29	33	64
29	33	65
29	33	66
29	33	67
29	33	68
29	33	69
29	33	70
29	34	63
29	34	64
29	34	65
29	34	66
29	34	67
29	34	68
29	34	69
29	34	70
29	35	64
29	35	65
29	35	66
29	35	67
29	35	68
29	35	69
29	35	70
29	36	64
29	36	65
29	36	66
29	36	67
29	36	68
29	36	69
29	36	70
29	37	64
29	37	65
29	37	66
29	37	67
29	37	68
29	37	69
29	37	70
29	38	64
29	38	65
29	38	66
29	38	67
29	38	68
29	38	69
29	38	70
29	39	65
29	39	66
29	39	67
29	39	68
29	39	69
29	40	65
29	40	66
29	40	67
29	40	68
29	40	69
29	41	66
29	41	67
29	41	68
29	42	66
29	42	67
30	15	64
30	15	65
30	16	63
30	16	64
30	16	65
30	16	66
30	17	63
30	17	64
30	17	65
30	17	66
30	17	67
30	17	68
30	18	63
30	18	64
30	18	65
30	18	66
30	18	67
30	18	68
30	18	69
30	19	63
30	19	64
30	19	65
30	19	66
30	19	67
30	19	68
30	19	69
30	19	70
30	20	63
30	20	64
30	20	65
30	20	66
30	20	67
30	20	68
30	20	69
30	20	70
30	21	62
30	21	63
30	21	64
30	21	65
30	21	66
30	21	67
30	21	68
30	21	69
30	21	70
30	21	71
30	22	62
30	22	63
30	22	64
30	22	65
30	22	66
30	22	67
30	22	68
30	22	69
30	22	70
30	22	71
30	22	72
30	23	62
30	23	63
30	23	64
30	23	65
30	23	66
30	23	67
30	23	68
30	23	69
30	23	70
30	23	71
30	23	72
30	23	73
30	24	62
30	24	63
30	24	64
30	24	65
30	24	66
30	24	67
30	24	68
30	24	69
30	24	70
30	24	71
30	24	72
30	24	73
30	25	61
30	25	62
30	25	63
30	25	64
30	25	65
30	25	66
30	25	67
30	25	68
30	25	69
30	25	70
30	25	71
30	25	72
30	26	61
30	26	62
30	26	63
30	26	64
30	26	65
30	26	66
30	26	67
30	26	68
30	26	69
30	26	70
30	26	71
30	26	72
30	27	60
30	27	61
30	27	62
30	27	63
30	27	64
30	27	65
30	27	66
30	27	67
30	27	68
30	27	69
30	27	70
30	27	71
30	27	72
30	28	60
30	28	61
30	28	62
30	28	63
30	28	64
30	28	65
30	28	66
30	28	67
30	28	68
30	28	69
30	28	70
30	28	71
30	28	72
30	29	60
30	29	61
30	29	62
30	29	63
30	29	64
30	29	65
30	29	66
30	29	67
30	29	68
30	29	69
30	29	70
30	29	71
30	30	60
30	30	61
30	30	62
30	30	63
30	30	64
30	30	65
30	30	66
30	30	67
30	30	68
30	30	69
30	30	70
30	30	71
30	31	60
30	31	61
30	31	62
30	31	63
30	31	64
30	31	65
30	31	66
30	31	67
30	31	68
30	31	69
30	31	70
30	31	71
30	32	61
30	32	62
30	32	63
30	32	64
30	32	65
30	32	66
30	32	67
30	32	68
30	32	69
30	32	70
30	32	71
30	33	62
30	33	63
30	33	64
30	33	65
30	33	66
30	33	67
30	33	68
30	33	69
30	33	70
30	34	63
30	34	64
30	34	65
30	34	66
30	34	67
30	34	68
30	34	69
30	34	70
30	35	63
30	35	64
30	35	65
30	35	66
30	35	67
30	35	68
30	35	69
30	35	70
30	36	64
30	36	65
30	36	66
30	36	67
30	36	68
30	36	69
30	36	70
30	37	64
30	37	65
30	37	66
30	37	67
30	37	68
30	37	69
30	37	70
30	38	64
30	38	65
30	38	66
30	38	67
30	38	68
30	38	69
30	38	70
30	39	64
30	39	65
30	39	66
30	39	67
30	39	68
30	39	69
30	40	65
30	40	66
30	40	67
30	40	68
30	40	69
30	41	65
30	41	66
30	41	67
30	41	68
30	42	66
30	42	67
30	43	66
31	15	64
31	15	65
31	16	64
31	16	65
31	16	66
31	16	67
31	17	63
31	17	64
31	17	65
31	17	66
31	17	67
31	17	68
31	18	63
31	18	64
31	18	65
31	18	66
31	18	67
31	18	68
31	18	69
31	19	63
31	19	64
31	19	65
31	19	66
31	19	67
31	19	68
31	19	69
31	19	70
31	20	63
31	20	64
31	20	65
31	20	66
31	20	67
31	20	68
31	20	69
31	20	70
31	20	71
31	21	62
31	21	63
31	21	64
31	21	65
31	21	66
31	21	67
31	21	68
31	21	69
31	21	70
31	21	71
31	22	62
31	22	63
31	22	64
31	22	65
31	22	66
31	22	67
31	22	68
31	22	69
31	22	70
31	22	71
31	22	72
31	23	62
31	23	63
31	23	64
31	23	65
31	23	66
31	23	67
31	23	68
31	23	69
31	23	70
31	23	71
31	23	72
31	23	73
31	24	61
31	24	62
31	24	63
31	24	64
31	24	65
31	24	66
31	24	67
31	24	68
31	24	69
31	24	70
31	24	71
31	24	72
31	25	61
31	25	62
31	25	63
31	25	64
31	25	65
31	25	66
31	25	67
31	25	68
31	25	69
31	25	70
31	25	71
31	25	72
31	26	60
31	26	61
31	26	62
31	26	63
31	26	64
31	26	65
31	26	66
31	26	67
31	26	68
31	26	69
31	26	70
31	26	71
31	26	72
31	27	60
31	27	61
31	27	62
31	27	63
31	27	64
31	27	65
31	27	66
31	27	67
31	27	68
31	27	69
31	27	70
31	27	71
31	28	60
31	28	61
31	28	62
31	28	63
31	28	64
31	28	65
31	28	66
31	28	67
31	28	68
31	28	69
31	28	70
31	28	71
31	29	59
31	29	60
31	29	61
31	29	62
31	29	63
31	29	64
31	29	65
31	29	66
31	29	67
31	29	68
31	29	69
31	29	70
31	29	71
31	30	59
31	30	60
31	30	61
31	30	62
31	30	63
31	30	64
31	30	65
31	30	66
31	30	67
31	30	68
31	30	69
31	30	70
31	30	71
31	31	60
31	31	61
31	31	62
31	31	63
31	31	64
31	31	65
31	31	66
31	31	67
31	31	68
31	31	69
31	31	70
31	31	71
31	32	60
31	32	61
31	32	62
31	32	63
31	32	64
31	32	65
31	32	66
31	32	67
31	32	68
31	32	69
31	32	70
31	32	71
31	33	61
31	33	62
31	33	63
31	33	64
31	33	65
31	33	66
31	33	67
31	33	68
31	33	69
31	33	70
31	34	62
31	34	63
31	34	64
31	34	65
31	34	66
31	34	67
31	34	68
31	34	69
31	34	70
31	35	63
31	35	64
31	35	65
31	35	66
31	35	67
31	35	68
31	35	69
31	35	70
31	36	63
31	36	64
31	36	65
31	36	66
31	36	67
31	36	68
31	36	69
31	36	70
31	37	64
31	37	65
31	37	66
31	37	67
31	37	68
31	37	69
31	37	70
31	38	64
31	38	65
31	38	66
31	38	67
31	38	68
31	38	69
31	38	70
31	39	64
31	39	65
31	39	66
31	39	67
31	39	68
31	39	69
31	40	64
31	40	65
31	40	66
31	40	67
31	40	68
31	40	69
31	41	65
31	41	66
31	41	67
31	41	68
31	41	69
31	42	65
31	42	66
31	42	67
31	42	68
31	43	66
32	15	64
32	15	65
32	15	66
32	16	64
32	16	65
32	16	66
32	16	67
32	16	68
32	17	64
32	17	65
32	17	66
32	17	67
32	17	68
32	17	69
32	18	63
32	18	64
32	18	65
32	18	66
32	18	67
32	18	68
32	18	69
32	18	70
32	19	63
32	19	64
32	19	65
32	19	66
32	19	67
32	19	68
32	19	69
32	19	70
32	19	71
32	20	63
32	20	64
32	20	65
32	20	66
32	20	67
32	20	68
32	20	69
32	20	70
32	20	71
32	21	62
32	21	63
32	21	64
32	21	65
32	21	66
32	21	67
32	21	68
32	21	69
32	21	70
32	21	71
32	21	72
32	22	62
32	22	63
32	22	64
32	22	65
32	22	66
32	22	67
32	22	68
32	22	69
32	22	70
32	22	71
32	22	72
32	23	62
32	23	63
32	23	64
32	23	65
32	23	66
32	23	67
32	23	68
32	23	69
32	23	70
32	23	71
32	23	72
32	24	61
32	24	62
32	24	63
32	24	64
32	24	65
32	24	66
32	24	67
32	24	68
32	24	69
32	24	70
32	24	71
32	24	72
32	25	61
32	25	62
32	25	63
32	25	64
32	25	65
32	25	66
32	25	67
32	25	68
32	25	69
32	25	70
32	25	71
32	26	60
32	26	61
32	26	62
32	26	63
32	26	64
32	26	65
32	26	66
32	26	67
32	26	68
32	26	69
32	26	70
32	26	71
32	27	60
32	27	61
32	27	62
32	27	63
32	27	64
32	27	65
32	27	66
32	27	67
32	27	68
32	27	69
32	27	70
32	27	71
32	28	59
32	28	60
32	28	61
32	28	62
32	28	63
32	28	64
32	28	65
32	28	66
32	28	67
32	28	68
32	28	69
32	28	70
32	28	71
32	29	59
32	29	60
32	29	61
32	29	62
32	29	63
32	29	64
32	29	65
32	29	66
32	29	67
32	29	68
32	29	69
32	29	70
32	29	71
32	30	59
32	30	60
32	30	61
32	30	62
32	30	63
32	30	64
32	30	65
32	30	66
32	30	67
32	30	68
32	30	69
32	30	70
32	30	71
32	31	60
32	31	61
32	31	62
32	31	63
32	31	64
32	31	65
32	31	66
32	31	67
32	31	68
32	31	69
32	31	70
32	31	71
32	32	59
32	32	60
32	32	61
32	32	62
32	32	63
32	32	64
32	32	65
32	32	66
32	32	67
32	32	68
32	32	69
32	32	70
32	32	71
32	33	60
32	33	61
32	33	62
32	33	63
32	33	64
32	33	65
32	33	66
32	33	67
32	33	68
32	33	69
32	33	70
32	34	61
32	34	62
32	34	63
32	34	64
32	34	65
32	34	66
32	34	67
32	34	68
32	34	69
32	34	70
32	35	62
32	35	63
32	35	64
32	35	65
32	35	66
32	35	67
32	35	68
32	35	69
32	35	70
32	36	62
32	36	63
32	36	64
32	36	65
32	36	66
32	36	67
32	36	68
32	36	69
32	36	70
32	37	63
32	37	64
32	37	65
32	37	66
32	37	67
32	37	68
32	37	69
32	37	70
32	38	63
32	38	64
32	38	65
32	38	66
32	38	67
32	38	68
32	38	69
32	38	70
32	39	63
32	39	64
32	39	65
32	39	66
32	39	67
32	39	68
32	39	69
32	40	64
32	40	65
32	40	66
32	40	67
32	40	68
32	40	69
32	41	64
32	41	65
32	41	66
32	41	67
32	41	68
32	41	69
32	42	65
32	42	66
32	42	67
32	42	68
32	43	65
32	43	66
33	15	65
33	15	66
33	15	67
33	16	64
33	16	65
33	16	66
33	16	67
33	16	68
33	16	69
33	17	64
33	17	65
33	17	66
33	17	67
33	17	68
33	17	69
33	17	70
33	18	63
33	18	64
33	18	65
33	18	66
33	18	67
33	18	68
33	18	69
33	18	70
33	19	63
33	19	64
33	19	65
33	19	66
33	19	67
33	19	68
33	19	69
33	19	70
33	19	71
33	20	63
33	20	64
33	20	65
33	20	66
33	20	67
33	20	68
33	20	69
33	20	70
33	20	71
33	20	72
33	21	63
33	21	64
33	21	65
33	21	66
33	21	67
33	21	68
33	21	69
33	21	70
33	21	71
33	21	72
33	22	62
33	22	63
33	22	64
33	22	65
33	22	66
33	22	67
33	22	68
33	22	69
33	22	70
33	22	71
33	22	72
33	22	73
33	23	62
33	23	63
33	23	64
33	23	65
33	23	66
33	23	67
33	23	68
33	23	69
33	23	70
33	23	71
33	23	72
33	24	61
33	24	62
33	24	63
33	24	64
33	24	65
33	24	66
33	24	67
33	24	68
33	24	69
33	24	70
33	24	71
33	25	61
33	25	62
33	25	63
33	25	64
33	25	65
33	25	66
33	25	67
33	25	68
33	25	69
33	25	70
33	25	71
33	26	60
33	26	61
33	26	62
33	26	63
33	26	64
33	26	65
33	26	66
33	26	67
33	26	68
33	26	69
33	26	70
33	26	71
33	27	60
33	27	61
33	27	62
33	27	63
33	27	64
33	27	65
33	27	66
33	27	67
33	27	68
33	27	69
33	27	70
33	27	71
33	28	59
33	28	60
33	28	61
33	28	62
33	28	63
33	28	64
33	28	65
33	28	66
33	28	67
33	28	68
33	28	69
33	28	70
33	28	71
33	29	58
33	29	59
33	29	60
33	29	61
33	29	62
33	29	63
33	29	64
33	29	65
33	29	66
33	29	67
33	29	68
33	29	69
33	29	70
33	29	71
33	30	59
33	30	60
33	30	61
33	30	62
33	30	63
33	30	64
33	30	65
33	30	66
33	30	67
33	30	68
33	30	69
33	30	70
33	30	71
33	31	60
33	31	61
33	31	62
33	31	63
33	31	64
33	31	65
33	31	66
33	31	67
33	31	68
33	31	69
33	31	70
33	31	71
33	32	60
33	32	61
33	32	62
33	32	63
33	32	64
33	32	65
33	32	66
33	32	67
33	32	68
33	32	69
33	32	70
33	32	71
33	33	59
33	33	60
33	33	61
33	33	62
33	33	63
33	33	64
33	33	65
33	33	66
33	33	67
33	33	68
33	33	69
33	33	70
33	34	60
33	34	61
33	34	62
33	34	63
33	34	64
33	34	65
33	34	66
33	34	67
33	34	68
33	34	69
33	34	70
33	35	61
33	35	62
33	35	63
33	35	64
33	35	65
33	35	66
33	35	67
33	35	68
33	35	69
33	35	70
33	36	62
33	36	63
33	36	64
33	36	65
33	36	66
33	36	67
33	36	68
33	36	69
33	36	70
33	37	62
33	37	63
33	37	64
33	37	65
33	37	66
33	37	67
33	37	68
33	37	69
33	37	70
33	38	63
33	38	64
33	38	65
33	38	66
33	38	67
33	38	68
33	38	69
33	38	70
33	39	63
33	39	64
33	39	65
33	39	66
33	39	67
33	39	68
33	39	69
33	40	63
33	40	64
33	40	65
33	40	66
33	40	67
33	40	68
33	40	69
33	41	64
33	41	65
33	41	66
33	41	67
33	41	68
33	41	69
33	42	64
33	42	65
33	42	66
33	42	67
33	42	68
33	43	65
33	43	66
33	43	67
33	44	66
34	14	66
34	15	65
34	15	66
34	15	67
34	15	68
34	16	64
34	16	65
34	16	66
34	16	67
34	16	68
34	16	69
34	17	64
34	17	65
34	17	66
34	17	67
34	17	68
34	17	69
34	17	70
34	18	64
34	18	65
34	18	66
34	18	67
34	18	68
34	18	69
34	18	70
34	18	71
34	19	63
34	19	64
34	19	65
34	19	66
34	19	67
34	19	68
34	19	69
34	19	70
34	19	71
34	20	63
34	20	64
34	20	65
34	20	66
34	20	67
34	20	68
34	20	69
34	20	70
34	20	71
34	20	72
34	21	63
34	21	64
34	21	65
34	21	66
34	21	67
34	21	68
34	21	69
34	21	70
34	21	71
34	21	72
34	22	62
34	22	63
34	22	64
34	22	65
34	22	66
34	22	67
34	22	68
34	22	69
34	22	70
34	22	71
34	22	72
34	23	62
34	23	63
34	23	64
34	23	65
34	23	66
34	23	67
34	23	68
34	23	69
34	23	70
34	23	71
34	24	61
34	24	62
34	24	63
34	24	64
34	24	65
34	24	66
34	24	67
34	24	68
34	24	69
34	24	70
34	24	71
34	25	61
34	25	62
34	25	63
34	25	64
34	25	65
34	25	66
34	25	67
34	25	68
34	25	69
34	25	70
34	25	71
34	26	60
34	26	61
34	26	62
34	26	63
34	26	64
34	26	65
34	26	66
34	26	67
34	26	68
34	26	69
34	26	70
34	26	71
34	27	60
34	27	61
34	27	62
34	27	63
34	27	64
34	27	65
34	27	66
34	27	67
34	27	68
34	27	69
34	27	70
34	27	71
34	28	59
34	28	60
34	28	61
34	28	62
34	28	63
34	28	64
34	28	65
34	28	66
34	28	67
34	28	68
34	28	69
34	28	70
34	28	71
34	29	59
34	29	60
34	29	61
34	29	62
34	29	63
34	29	64
34	29	65
34	29	66
34	29	67
34	29	68
34	29	69
34	29	70
34	29	71
34	30	59
34	30	60
34	30	61
34	30	62
34	30	63
34	30	64
34	30	65
34	30	66
34	30	67
34	30	68
34	30	69
34	30	70
34	30	71
34	31	59
34	31	60
34	31	61
34	31	62
34	31	63
34	31	64
34	31	65
34	31	66
34	31	67
34	31	68
34	31	69
34	31	70
34	32	58
34	32	59
34	32	60
34	32	61
34	32	62
34	32	63
34	32	64
34	32	65
34	32	66
34	32	67
34	32	68
34	32	69
34	32	70
34	33	59
34	33	60
34	33	61
34	33	62
34	33	63
34	33	64
34	33	65
34	33	66
34	33	67
34	33	68
34	33	69
34	33	70
34	34	59
34	34	60
34	34	61
34	34	62
34	34	63
34	34	64
34	34	65
34	34	66
34	34	67
34	34	68
34	34	69
34	34	70
34	35	60
34	35	61
34	35	62
34	35	63
34	35	64
34	35	65
34	35	66
34	35	67
34	35	68
34	35	69
34	35	70
34	36	61
34	36	62
34	36	63
34	36	64
34	36	65
34	36	66
34	36	67
34	36	68
34	36	69
34	36	70
34	37	61
34	37	62
34	37	63
34	37	64
34	37	65
34	37	66
34	37	67
34	37	68
34	37	69
34	37	70
34	38	62
34	38	63
34	38	64
34	38	65
34	38	66
34	38	67
34	38	68
34	38	69
34	38	70
34	39	62
34	39	63
34	39	64
34	39	65
34	39	66
34	39	67
34	39	68
34	39	69
34	40	63
34	40	64
34	40	65
34	40	66
34	40	67
34	40	68
34	40	69
34	41	63
34	41	64
34	41	65
34	41	66
34	41	67
34	41	68
34	41	69
34	42	64
34	42	65
34	42	66
34	42	67
34	42	68
34	43	65
34	43	66
34	43	67
34	44	66
35	15	66
35	15	67
35	16	65
35	16	66
35	16	67
35	16	68
35	16	69
35	16	70
35	17	64
35	17	65
35	17	66
35	17	67
35	17	68
35	17	69
35	17	70
35	18	64
35	18	65
35	18	66
35	18	67
35	18	68
35	18	69
35	18	70
35	18	71
35	19	64
35	19	65
35	19	66
35	19	67
35	19	68
35	19	69
35	19	70
35	19	71
35	20	63
35	20	64
35	20	65
35	20	66
35	20	67
35	20	68
35	20	69
35	20	70
35	20	71
35	21	63
35	21	64
35	21	65
35	21	66
35	21	67
35	21	68
35	21	69
35	21	70
35	21	71
35	22	63
35	22	64
35	22	65
35	22	66
35	22	67
35	22	68
35	22	69
35	22	70
35	22	71
35	23	62
35	23	63
35	23	64
35	23	65
35	23	66
35	23	67
35	23	68
35	23	69
35	23	70
35	23	71
35	24	62
35	24	63
35	24	64
35	24	65
35	24	66
35	24	67
35	24	68
35	24	69
35	24	70
35	24	71
35	25	61
35	25	62
35	25	63
35	25	64
35	25	65
35	25	66
35	25	67
35	25	68
35	25	69
35	25	70
35	25	71
35	26	60
35	26	61
35	26	62
35	26	63
35	26	64
35	26	65
35	26	66
35	26	67
35	26	68
35	26	69
35	26	70
35	26	71
35	27	60
35	27	61
35	27	62
35	27	63
35	27	64
35	27	65
35	27	66
35	27	67
35	27	68
35	27	69
35	27	70
35	27	71
35	28	59
35	28	60
35	28	61
35	28	62
35	28	63
35	28	64
35	28	65
35	28	66
35	28	67
35	28	68
35	28	69
35	28	70
35	28	71
35	29	59
35	29	60
35	29	61
35	29	62
35	29	63
35	29	64
35	29	65
35	29	66
35	29	67
35	29	68
35	29	69
35	29	70
35	29	71
35	30	58
35	30	59
35	30	60
35	30	61
35	30	62
35	30	63
35	30	64
35	30	65
35	30	66
35	30	67
35	30	68
35	30	69
35	30	70
35	31	59
35	31	60
35	31	61
35	31	62
35	31	63
35	31	64
35	31	65
35	31	66
35	31	67
35	31	68
35	31	69
35	31	70
35	32	59
35	32	60
35	32	61
35	32	62
35	32	63
35	32	64
35	32	65
35	32	66
35	32	67
35	32	68
35	32	69
35	32	70
35	33	59
35	33	60
35	33	61
35	33	62
35	33	63
35	33	64
35	33	65
35	33	66
35	33	67
35	33	68
35	33	69
35	33	70
35	34	58
35	34	59
35	34	60
35	34	61
35	34	62
35	34	63
35	34	64
35	34	65
35	34	66
35	34	67
35	34	68
35	34	69
35	34	70
35	35	58
35	35	59
35	35	60
35	35	61
35	35	62
35	35	63
35	35	64
35	35	65
35	35	66
35	35	67
35	35	68
35	35	69
35	35	70
35	36	59
35	36	60
35	36	61
35	36	62
35	36	63
35	36	64
35	36	65
35	36	66
35	36	67
35	36	68
35	36	69
35	37	60
35	37	61
35	37	62
35	37	63
35	37	64
35	37	65
35	37	66
35	37	67
35	37	68
35	37	69
35	38	61
35	38	62
35	38	63
35	38	64
35	38	65
35	38	66
35	38	67
35	38	68
35	38	69
35	39	62
35	39	63
35	39	64
35	39	65
35	39	66
35	39	67
35	39	68
35	39	69
35	40	62
35	40	63
35	40	64
35	40	65
35	40	66
35	40	67
35	40	68
35	40	69
35	41	63
35	41	64
35	41	65
35	41	66
35	41	67
35	41	68
35	41	69
35	42	64
35	42	65
35	42	66
35	42	67
35	42	68
35	43	65
35	43	66
35	43	67
35	44	66
36	15	66
36	15	67
36	16	66
36	16	67
36	16	68
36	17	65
36	17	66
36	17	67
36	17	68
36	17	69
36	18	64
36	18	65
36	18	66
36	18	67
36	18	68
36	18	69
36	18	70
36	19	64
36	19	65
36	19	66
36	19	67
36	19	68
36	19	69
36	19	70
36	20	63
36	20	64
36	20	65
36	20	66
36	20	67
36	20	68
36	20	69
36	20	70
36	21	63
36	21	64
36	21	65
36	21	66
36	21	67
36	21	68
36	21	69
36	21	70
36	22	63
36	22	64
36	22	65
36	22	66
36	22	67
36	22	68
36	22	69
36	22	70
36	23	62
36	23	63
36	23	64
36	23	65
36	23	66
36	23	67
36	23	68
36	23	69
36	23	70
36	24	62
36	24	63
36	24	64
36	24	65
36	24	66
36	24	67
36	24	68
36	24	69
36	24	70
36	25	61
36	25	62
36	25	63
36	25	64
36	25	65
36	25	66
36	25	67
36	25	68
36	25	69
36	25	70
36	26	60
36	26	61
36	26	62
36	26	63
36	26	64
36	26	65
36	26	66
36	26	67
36	26	68
36	26	69
36	26	70
36	27	60
36	27	61
36	27	62
36	27	63
36	27	64
36	27	65
36	27	66
36	27	67
36	27	68
36	27	69
36	27	70
36	28	59
36	28	60
36	28	61
36	28	62
36	28	63
36	28	64
36	28	65
36	28	66
36	28	67
36	28	68
36	28	69
36	28	70
36	29	59
36	29	60
36	29	61
36	29	62
36	29	63
36	29	64
36	29	65
36	29	66
36	29	67
36	29	68
36	29	69
36	29	70
36	30	58
36	30	59
36	30	60
36	30	61
36	30	62
36	30	63
36	30	64
36	30	65
36	30	66
36	30	67
36	30	68
36	30	69
36	30	70
36	31	58
36	31	59
36	31	60
36	31	61
36	31	62
36	31	63
36	31	64
36	31	65
36	31	66
36	31	67
36	31	68
36	31	69
36	31	70
36	32	58
36	32	59
36	32	60
36	32	61
36	32	62
36	32	63
36	32	64
36	32	65
36	32	66
36	32	67
36	32	68
36	32	69
36	32	70
36	33	59
36	33	60
36	33	61
36	33	62
36	33	63
36	33	64
36	33	65
36	33	66
36	33	67
36	33	68
36	33	69
36	33	70
36	34	58
36	34	59
36	34	60
36	34	61
36	34	62
36	34	63
36	34	64
36	34	65
36	34	66
36	34	67
36	34	68
36	34	69
36	34	70
36	35	58
36	35	59
36	35	60
36	35	61
36	35	62
36	35	63
36	35	64
36	35	65
36	35	66
36	35	67
36	35	68
36	35	69
36	35	70
36	36	58
36	36	59
36	36	60
36	36	61
36	36	62
36	36	63
36	36	64
36	36	65
36	36	66
36	36	67
36	36	68
36	36	69
36	37	59
36	37	60
36	37	61
36	37	62
36	37	63
36	37	64
36	37	65
36	37	66
36	37	67
36	37	68
36	37	69
36	38	61
36	38	62
36	38	63
36	38	64
36	38	65
36	38	66
36	38	67
36	38	68
36	38	69
36	39	61
36	39	62
36	39	63
36	39	64
36	39	65
36	39	66
36	39	67
36	39	68
36	39	69
36	40	61
36	40	62
36	40	63
36	40	64
36	40	65
36	40	66
36	40	67
36	40	68
36	40	69
36	41	63
36	41	64
36	41	65
36	41	66
36	41	67
36	41	68
36	41	69
36	42	64
36	42	65
36	42	66
36	42	67
36	42	68
36	43	65
36	43	66
36	43	67
36	44	66
37	16	66
37	16	67
37	16	68
37	17	65
37	17	66
37	17	67
37	17	68
37	18	64
37	18	65
37	18	66
37	18	67
37	18	68
37	18	69
37	19	64
37	19	65
37	19	66
37	19	67
37	19	68
37	19	69
37	20	63
37	20	64
37	20	65
37	20	66
37	20	67
37	20	68
37	20	69
37	21	63
37	21	64
37	21	65
37	21	66
37	21	67
37	21	68
37	21	69
37	22	63
37	22	64
37	22	65
37	22	66
37	22	67
37	22	68
37	22	69
37	22	70
37	23	62
37	23	63
37	23	64
37	23	65
37	23	66
37	23	67
37	23	68
37	23	69
37	23	70
37	24	62
37	24	63
37	24	64
37	24	65
37	24	66
37	24	67
37	24	68
37	24	69
37	24	70
37	25	61
37	25	62
37	25	63
37	25	64
37	25	65
37	25	66
37	25	67
37	25	68
37	25	69
37	25	70
37	26	60
37	26	61
37	26	62
37	26	63
37	26	64
37	26	65
37	26	66
37	26	67
37	26	68
37	26	69
37	26	70
37	27	60
37	27	61
37	27	62
37	27	63
37	27	64
37	27	65
37	27	66
37	27	67
37	27	68
37	27	69
37	27	70
37	28	59
37	28	60
37	28	61
37	28	62
37	28	63
37	28	64
37	28	65
37	28	66
37	28	67
37	28	68
37	28	69
37	28	70
37	29	59
37	29	60
37	29	61
37	29	62
37	29	63
37	29	64
37	29	65
37	29	66
37	29	67
37	29	68
37	29	69
37	29	70
37	30	58
37	30	59
37	30	60
37	30	61
37	30	62
37	30	63
37	30	64
37	30	65
37	30	66
37	30	67
37	30	68
37	30	69
37	30	70
37	31	58
37	31	59
37	31	60
37	31	61
37	31	62
37	31	63
37	31	64
37	31	65
37	31	66
37	31	67
37	31	68
37	31	69
37	31	70
37	32	58
37	32	59
37	32	60
37	32	61
37	32	62
37	32	63
37	32	64
37	32	65
37	32	66
37	32	67
37	32	68
37	32	69
37	32	70
37	33	57
37	33	58
37	33	59
37	33	60
37	33	61
37	33	62
37	33	63
37	33	64
37	33	65
37	33	66
37	33	67
37	33	68
37	33	69
37	33	70
37	34	57
37	34	58
37	34	59
37	34	60
37	34	61
37	34	62
37	34	63
37	34	64
37	34	65
37	34	66
37	34	67
37	34	68
37	34	69
37	34	70
37	35	56
37	35	57
37	35	58
37	35	59
37	35	60
37	35	61
37	35	62
37	35	63
37	35	64
37	35	65
37	35	66
37	35	67
37	35	68
37	35	69
37	35	70
37	36	57
37	36	58
37	36	59
37	36	60
37	36	61
37	36	62
37	36	63
37	36	64
37	36	65
37	36	66
37	36	67
37	36	68
37	36	69
37	36	70
37	37	58
37	37	59
37	37	60
37	37	61
37	37	62
37	37	63
37	37	64
37	37	65
37	37	66
37	37	67
37	37	68
37	37	69
37	37	70
37	38	60
37	38	61
37	38	62
37	38	63
37	38	64
37	38	65
37	38	66
37	38	67
37	38	68
37	38	69
37	38	70
37	39	60
37	39	61
37	39	62
37	39	63
37	39	64
37	39	65
37	39	66
37	39	67
37	39	68
37	39	69
37	40	60
37	40	61
37	40	62
37	40	63
37	40	64
37	40	65
37	40	66
37	40	67
37	40	68
37	40	69
37	41	60
37	41	61
37	41	62
37	41	63
37	41	64
37	41	65
37	41	66
37	41	67
37	41	68
37	42	64
37	42	65
37	42	66
37	42	67
37	42	68
37	43	65
37	43	66
37	43	67
37	44	66
38	16	66
38	16	67
38	17	65
38	17	66
38	17	67
38	17	68
38	18	64
38	18	65
38	18	66
38	18	67
38	18	68
38	19	64
38	19	65
38	19	66
38	19	67
38	19	68
38	19	69
38	20	64
38	20	65
38	20	66
38	20	67
38	20	68
38	20	69
38	21	63
38	21	64
38	21	65
38	21	66
38	21	67
38	21	68
38	21	69
38	22	63
38	22	64
38	22	65
38	22	66
38	22	67
38	22	68
38	22	69
38	23	63
38	23	64
38	23	65
38	23	66
38	23	67
38	23	68
38	23	69
38	24	62
38	24	63
38	24	64
38	24	65
38	24	66
38	24	67
38	24	68
38	24	69
38	25	61
38	25	62
38	25	63
38	25	64
38	25	65
38	25	66
38	25	67
38	25	68
38	25	69
38	26	60
38	26	61
38	26	62
38	26	63
38	26	64
38	26	65
38	26	66
38	26	67
38	26	68
38	26	69
38	26	70
38	27	60
38	27	61
38	27	62
38	27	63
38	27	64
38	27	65
38	27	66
38	27	67
38	27	68
38	27	69
38	27	70
38	28	59
38	28	60
38	28	61
38	28	62
38	28	63
38	28	64
38	28	65
38	28	66
38	28	67
38	28	68
38	28	69
38	28	70
38	29	59
38	29	60
38	29	61
38	29	62
38	29	63
38	29	64
38	29	65
38	29	66
38	29	67
38	29	68
38	29	69
38	29	70
38	30	58
38	30	59
38	30	60
38	30	61
38	30	62
38	30	63
38	30	64
38	30	65
38	30	66
38	30	67
38	30	68
38	30	69
38	30	70
38	31	58
38	31	59
38	31	60
38	31	61
38	31	62
38	31	63
38	31	64
38	31	65
38	31	66
38	31	67
38	31	68
38	31	69
38	31	70
38	32	58
38	32	59
38	32	60
38	32	61
38	32	62
38	32	63
38	32	64
38	32	65
38	32	66
38	32	67
38	32	68
38	32	69
38	32	70
38	33	57
38	33	58
38	33	59
38	33	60
38	33	61
38	33	62
38	33	63
38	33	64
38	33	65
38	33	66
38	33	67
38	33	68
38	33	69
38	33	70
38	34	57
38	34	58
38	34	59
38	34	60
38	34	61
38	34	62
38	34	63
38	34	64
38	34	65
38	34	66
38	34	67
38	34	68
38	34	69
38	34	70
38	35	56
38	35	57
38	35	58
38	35	59
38	35	60
38	35	61
38	35	62
38	35	63
38	35	64
38	35	65
38	35	66
38	35	67
38	35	68
38	35	69
38	35	70
38	36	57
38	36	58
38	36	59
38	36	60
38	36	61
38	36	62
38	36	63
38	36	64
38	36	65
38	36	66
38	36	67
38	36	68
38	36	69
38	36	70
38	37	57
38	37	58
38	37	59
38	37	60
38	37	61
38	37	62
38	37	63
38	37	64
38	37	65
38	37	66
38	37	67
38	37	68
38	37	69
38	37	70
38	38	59
38	38	60
38	38	61
38	38	62
38	38	63
38	38	64
38	38	65
38	38	66
38	38	67
38	38	68
38	38	69
38	38	70
38	39	59
38	39	60
38	39	61
38	39	62
38	39	63
38	39	64
38	39	65
38	39	66
38	39	67
38	39	68
38	39	69
38	39	70
38	40	59
38	40	60
38	40	61
38	40	62
38	40	63
38	40	64
38	40	65
38	40	66
38	40	67
38	40	68
38	40	69
38	41	59
38	41	60
38	41	61
38	41	62
38	41	63
38	41	64
38	41	65
38	41	66
38	41	67
38	41	68
38	42	59
38	42	60
38	42	61
38	42	62
38	42	63
38	42	64
38	42	65
38	42	66
38	42	67
38	43	65
38	43	66
38	44	66
39	16	66
39	16	67
39	17	65
39	17	66
39	17	67
39	18	65
39	18	66
39	18	67
39	18	68
39	19	64
39	19	65
39	19	66
39	19	67
39	19	68
39	20	64
39	20	65
39	20	66
39	20	67
39	20	68
39	21	63
39	21	64
39	21	65
39	21	66
39	21	67
39	21	68
39	21	69
39	22	63
39	22	64
39	22	65
39	22	66
39	22	67
39	22	68
39	22	69
39	23	63
39	23	64
39	23	65
39	23	66
39	23	67
39	23	68
39	23	69
39	24	62
39	24	63
39	24	64
39	24	65
39	24	66
39	24	67
39	24	68
39	24	69
39	25	61
39	25	62
39	25	63
39	25	64
39	25	65
39	25	66
39	25	67
39	25	68
39	25	69
39	26	60
39	26	61
39	26	62
39	26	63
39	26	64
39	26	65
39	26	66
39	26	67
39	26	68
39	26	69
39	27	60
39	27	61
39	27	62
39	27	63
39	27	64
39	27	65
39	27	66
39	27	67
39	27	68
39	27	69
39	27	70
39	28	59
39	28	60
39	28	61
39	28	62
39	28	63
39	28	64
39	28	65
39	28	66
39	28	67
39	28	68
39	28	69
39	28	70
39	29	59
39	29	60
39	29	61
39	29	62
39	29	63
39	29	64
39	29	65
39	29	66
39	29	67
39	29	68
39	29	69
39	29	70
39	30	58
39	30	59
39	30	60
39	30	61
39	30	62
39	30	63
39	30	64
39	30	65
39	30	66
39	30	67
39	30	68
39	30	69
39	30	70
39	31	58
39	31	59
39	31	60
39	31	61
39	31	62
39	31	63
39	31	64
39	31	65
39	31	66
39	31	67
39	31	68
39	31	69
39	31	70
39	32	58
39	32	59
39	32	60
39	32	61
39	32	62
39	32	63
39	32	64
39	32	65
39	32	66
39	32	67
39	32	68
39	32	69
39	32	70
39	33	57
39	33	58
39	33	59
39	33	60
39	33	61
39	33	62
39	33	63
39	33	64
39	33	65
39	33	66
39	33	67
39	33	68
39	33	69
39	33	70
39	34	57
39	34	58
39	34	59
39	34	60
39	34	61
39	34	62
39	34	63
39	34	64
39	34	65
39	34	66
39	34	67
39	34	68
39	34	69
39	34	70
39	35	56
39	35	57
39	35	58
39	35	59
39	35	60
39	35	61
39	35	62
39	35	63
39	35	64
39	35	65
39	35	66
39	35	67
39	35	68
39	35	69
39	35	70
39	36	56
39	36	57
39	36	58
39	36	59
39	36	60
39	36	61
39	36	62
39	36	63
39	36	64
39	36	65
39	36	66
39	36	67
39	36	68
39	36	69
39	36	70
39	37	57
39	37	58
39	37	59
39	37	60
39	37	61
39	37	62
39	37	63
39	37	64
39	37	65
39	37	66
39	37	67
39	37	68
39	37	69
39	37	70
39	38	58
39	38	59
39	38	60
39	38	61
39	38	62
39	38	63
39	38	64
39	38	65
39	38	66
39	38	67
39	38	68
39	38	69
39	38	70
39	39	58
39	39	59
39	39	60
39	39	61
39	39	62
39	39	63
39	39	64
39	39	65
39	39	66
39	39	67
39	39	68
39	39	69
39	39	70
39	40	58
39	40	59
39	40	60
39	40	61
39	40	62
39	40	63
39	40	64
39	40	65
39	40	66
39	40	67
39	40	68
39	40	69
39	41	58
39	41	59
39	41	60
39	41	61
39	41	62
39	41	63
39	41	64
39	41	65
39	41	66
39	41	67
39	41	68
39	42	58
39	42	59
39	42	60
39	42	61
39	42	62
39	42	63
39	42	64
39	42	65
39	42	66
39	42	67
39	43	58
39	43	59
39	43	60
39	43	61
39	43	62
39	43	63
39	43	64
39	43	65
39	43	66
40	16	66
40	16	67
40	17	66
40	17	67
40	18	65
40	18	66
40	18	67
40	18	68
40	19	64
40	19	65
40	19	66
40	19	67
40	19	68
40	20	64
40	20	65
40	20	66
40	20	67
40	20	68
40	21	64
40	21	65
40	21	66
40	21	67
40	21	68
40	22	63
40	22	64
40	22	65
40	22	66
40	22	67
40	22	68
40	23	63
40	23	64
40	23	65
40	23	66
40	23	67
40	23	68
40	23	69
40	24	62
40	24	63
40	24	64
40	24	65
40	24	66
40	24	67
40	24	68
40	24	69
40	25	61
40	25	62
40	25	63
40	25	64
40	25	65
40	25	66
40	25	67
40	25	68
40	25	69
40	26	60
40	26	61
40	26	62
40	26	63
40	26	64
40	26	65
40	26	66
40	26	67
40	26	68
40	26	69
40	27	60
40	27	61
40	27	62
40	27	63
40	27	64
40	27	65
40	27	66
40	27	67
40	27	68
40	27	69
40	28	59
40	28	60
40	28	61
40	28	62
40	28	63
40	28	64
40	28	65
40	28	66
40	28	67
40	28	68
40	28	69
40	28	70
40	29	59
40	29	60
40	29	61
40	29	62
40	29	63
40	29	64
40	29	65
40	29	66
40	29	67
40	29	68
40	29	69
40	29	70
40	30	58
40	30	59
40	30	60
40	30	61
40	30	62
40	30	63
40	30	64
40	30	65
40	30	66
40	30	67
40	30	68
40	30	69
40	30	70
40	31	58
40	31	59
40	31	60
40	31	61
40	31	62
40	31	63
40	31	64
40	31	65
40	31	66
40	31	67
40	31	68
40	31	69
40	31	70
40	32	58
40	32	59
40	32	60
40	32	61
40	32	62
40	32	63
40	32	64
40	32	65
40	32	66
40	32	67
40	32	68
40	32	69
40	32	70
40	33	57
40	33	58
40	33	59
40	33	60
40	33	61
40	33	62
40	33	63
40	33	64
40	33	65
40	33	66
40	33	67
40	33	68
40	33	69
40	33	70
40	34	57
40	34	58
40	34	59
40	34	60
40	34	61
40	34	62
40	34	63
40	34	64
40	34	65
40	34	66
40	34	67
40	34	68
40	34	69
40	34	70
40	35	56
40	35	57
40	35	58
40	35	59
40	35	60
40	35	61
40	35	62
40	35	63
40	35	64
40	35	65
40	35	66
40	35	67
40	35	68
40	35	69
40	35	70
40	36	56
40	36	57
40	36	58
40	36	59
40	36	60
40	36	61
40	36	62
40	36	63
40	36	64
40	36	65
40	36	66
40	36	67
40	36	68
40	36	69
40	36	70
40	36	71
40	37	57
40	37	58
40	37	59
40	37	60
40	37	61
40	37	62
40	37	63
40	37	64
40	37	65
40	37	66
40	37	67
40	37	68
40	37	69
40	37	70
40	37	71
40	38	57
40	38	58
40	38	59
40	38	60
40	38	61
40	38	62
40	38	63
40	38	64
40	38	65
40	38	66
40	38	67
40	38	68
40	38	69
40	38	70
40	38	71
40	39	57
40	39	58
40	39	59
40	39	60
40	39	61
40	39	62
40	39	63
40	39	64
40	39	65
40	39	66
40	39	67
40	39	68
40	39	69
40	39	70
40	40	57
40	40	58
40	40	59
40	40	60
40	40	61
40	40	62
40	40	63
40	40	64
40	40	65
40	40	66
40	40	67
40	40	68
40	40	69
40	40	70
40	41	57
40	41	58
40	41	59
40	41	60
40	41	61
40	41	62
40	41	63
40	41	64
40	41	65
40	41	66
40	41	67
40	41	68
40	42	57
40	42	58
40	42	59
40	42	60
40	42	61
40	42	62
40	42	63
40	42	64
40	42	65
40	42	66
40	42	67
40	43	57
40	43	58
40	43	59
40	43	60
40	43	61
40	43	62
40	43	63
40	43	64
40	43	65
40	43	66
40	44	57
40	44	58
40	44	59
40	44	60
40	44	61
40	44	62
40	44	63
40	44	64
40	44	65
41	17	66
41	17	67
41	18	65
41	18	66
41	18	67
41	19	64
41	19	65
41	19	66
41	19	67
41	19	68
41	20	64
41	20	65
41	20	66
41	20	67
41	20	68
41	21	64
41	21	65
41	21	66
41	21	67
41	21	68
41	22	63
41	22	64
41	22	65
41	22	66
41	22	67
41	22	68
41	23	63
41	23	64
41	23	65
41	23	66
41	23	67
41	23	68
41	23	69
41	24	62
41	24	63
41	24	64
41	24	65
41	24	66
41	24	67
41	24	68
41	24	69
41	25	61
41	25	62
41	25	63
41	25	64
41	25	65
41	25	66
41	25	67
41	25	68
41	25	69
41	26	60
41	26	61
41	26	62
41	26	63
41	26	64
41	26	65
41	26	66
41	26	67
41	26	68
41	26	69
41	27	60
41	27	61
41	27	62
41	27	63
41	27	64
41	27	65
41	27	66
41	27	67
41	27	68
41	27	69
41	28	59
41	28	60
41	28	61
41	28	62
41	28	63
41	28	64
41	28	65
41	28	66
41	28	67
41	28	68
41	28	69
41	29	59
41	29	60
41	29	61
41	29	62
41	29	63
41	29	64
41	29	65
41	29	66
41	29	67
41	29	68
41	29	69
41	29	70
41	30	59
41	30	60
41	30	61
41	30	62
41	30	63
41	30	64
41	30	65
41	30	66
41	30	67
41	30	68
41	30	69
41	30	70
41	31	58
41	31	59
41	31	60
41	31	61
41	31	62
41	31	63
41	31	64
41	31	65
41	31	66
41	31	67
41	31	68
41	31	69
41	31	70
41	32	58
41	32	59
41	32	60
41	32	61
41	32	62
41	32	63
41	32	64
41	32	65
41	32	66
41	32	67
41	32	68
41	32	69
41	32	70
41	33	57
41	33	58
41	33	59
41	33	60
41	33	61
41	33	62
41	33	63
41	33	64
41	33	65
41	33	66
41	33	67
41	33	68
41	33	69
41	33	70
41	34	57
41	34	58
41	34	59
41	34	60
41	34	61
41	34	62
41	34	63
41	34	64
41	34	65
41	34	66
41	34	67
41	34	68
41	34	69
41	34	70
41	35	56
41	35	57
41	35	58
41	35	59
41	35	60
41	35	61
41	35	62
41	35	63
41	35	64
41	35	65
41	35	66
41	35	67
41	35	68
41	35	69
41	35	70
41	36	56
41	36	57
41	36	58
41	36	59
41	36	60
41	36	61
41	36	62
41	36	63
41	36	64
41	36	65
41	36	66
41	36	67
41	36	68
41	36	69
41	36	70
41	36	71
41	37	56
41	37	57
41	37	58
41	37	59
41	37	60
41	37	61
41	37	62
41	37	63
41	37	64
41	37	65
41	37	66
41	37	67
41	37	68
41	37	69
41	37	70
41	37	71
41	38	56
41	38	57
41	38	58
41	38	59
41	38	60
41	38	61
41	38	62
41	38	63
41	38	64
41	38	65
41	38	66
41	38	67
41	38	68
41	38	69
41	38	70
41	38	71
41	39	57
41	39	58
41	39	59
41	39	60
41	39	61
41	39	62
41	39	63
41	39	64
41	39	65
41	39	66
41	39	67
41	39	68
41	39	69
41	39	70
41	39	71
41	40	56
41	40	57
41	40	58
41	40	59
41	40	60
41	40	61
41	40	62
41	40	63
41	40	64
41	40	65
41	40	66
41	40	67
41	40	68
41	40	69
41	40	70
41	41	56
41	41	57
41	41	58
41	41	59
41	41	60
41	41	61
41	41	62
41	41	63
41	41	64
41	41	65
41	41	66
41	41	67
41	41	68
41	42	56
41	42	57
41	42	58
41	42	59
41	42	60
41	42	61
41	42	62
41	42	63
41	42	64
41	42	65
41	42	66
41	42	67
41	43	57
41	43	58
41	43	59
41	43	60
41	43	61
41	43	62
41	43	63
41	43	64
41	43	65
41	43	66
41	44	58
41	44	59
41	44	60
41	44	61
41	44	62
41	44	63
41	44	64
41	44	65
41	45	59
41	45	60
41	45	61
41	45	62
41	45	63
42	17	66
42	17	67
42	18	65
42	18	66
42	18	67
42	19	65
42	19	66
42	19	67
42	19	68
42	20	64
42	20	65
42	20	66
42	20	67
42	20	68
42	21	64
42	21	65
42	21	66
42	21	67
42	21	68
42	22	63
42	22	64
42	22	65
42	22	66
42	22	67
42	22	68
42	23	63
42	23	64
42	23	65
42	23	66
42	23	67
42	23	68
42	24	62
42	24	63
42	24	64
42	24	65
42	24	66
42	24	67
42	24	68
42	25	61
42	25	62
42	25	63
42	25	64
42	25	65
42	25	66
42	25	67
42	25	68
42	25	69
42	26	60
42	26	61
42	26	62
42	26	63
42	26	64
42	26	65
42	26	66
42	26	67
42	26	68
42	26	69
42	27	60
42	27	61
42	27	62
42	27	63
42	27	64
42	27	65
42	27	66
42	27	67
42	27	68
42	27	69
42	28	59
42	28	60
42	28	61
42	28	62
42	28	63
42	28	64
42	28	65
42	28	66
42	28	67
42	28	68
42	28	69
42	29	59
42	29	60
42	29	61
42	29	62
42	29	63
42	29	64
42	29	65
42	29	66
42	29	67
42	29	68
42	29	69
42	30	59
42	30	60
42	30	61
42	30	62
42	30	63
42	30	64
42	30	65
42	30	66
42	30	67
42	30	68
42	30	69
42	31	58
42	31	59
42	31	60
42	31	61
42	31	62
42	31	63
42	31	64
42	31	65
42	31	66
42	31	67
42	31	68
42	31	69
42	31	70
42	32	57
42	32	58
42	32	59
42	32	60
42	32	61
42	32	62
42	32	63
42	32	64
42	32	65
42	32	66
42	32	67
42	32	68
42	32	69
42	32	70
42	33	57
42	33	58
42	33	59
42	33	60
42	33	61
42	33	62
42	33	63
42	33	64
42	33	65
42	33	66
42	33	67
42	33	68
42	33	69
42	33	70
42	34	57
42	34	58
42	34	59
42	34	60
42	34	61
42	34	62
42	34	63
42	34	64
42	34	65
42	34	66
42	34	67
42	34	68
42	34	69
42	34	70
42	35	57
42	35	58
42	35	59
42	35	60
42	35	61
42	35	62
42	35	63
42	35	64
42	35	65
42	35	66
42	35	67
42	35	68
42	35	69
42	35	70
42	36	57
42	36	58
42	36	59
42	36	60
42	36	61
42	36	62
42	36	63
42	36	64
42	36	65
42	36	66
42	36	67
42	36	68
42	36	69
42	36	70
42	36	71
42	37	57
42	37	58
42	37	59
42	37	60
42	37	61
42	37	62
42	37	63
42	37	64
42	37	65
42	37	66
42	37	67
42	37	68
42	37	69
42	37	70
42	37	71
42	37	72
42	38	57
42	38	58
42	38	59
42	38	60
42	38	61
42	38	62
42	38	63
42	38	64
42	38	65
42	38	66
42	38	67
42	38	68
42	38	69
42	38	70
42	38	71
42	38	72
42	39	57
42	39	58
42	39	59
42	39	60
42	39	61
42	39	62
42	39	63
42	39	64
42	39	65
42	39	66
42	39	67
42	39	68
42	39	69
42	39	70
42	39	71
42	40	57
42	40	58
42	40	59
42	40	60
42	40	61
42	40	62
42	40	63
42	40	64
42	40	65
42	40	66
42	40	67
42	40	68
42	40	69
42	40	70
42	41	56
42	41	57
42	41	58
42	41	59
42	41	60
42	41	61
42	41	62
42	41	63
42	41	64
42	41	65
42	41	66
42	41	67
42	41	68
42	42	57
42	42	58
42	42	59
42	42	60
42	42	61
42	42	62
42	42	63
42	42	64
42	42	65
42	42	66
42	43	57
42	43	58
42	43	59
42	43	60
42	43	61
42	43	62
42	43	63
42	43	64
42	43	65
42	44	58
42	44	59
42	44	60
42	44	61
42	44	62
42	44	63
42	44	64
42	45	59
42	45	60
42	45	61
43	17	65
43	17	66
43	18	65
43	18	66
43	18	67
43	19	65
43	19	66
43	19	67
43	20	64
43	20	65
43	20	66
43	20	67
43	20	68
43	21	64
43	21	65
43	21	66
43	21	67
43	21	68
43	22	64
43	22	65
43	22	66
43	22	67
43	22	68
43	23	63
43	23	64
43	23	65
43	23	66
43	23	67
43	23	68
43	24	62
43	24	63
43	24	64
43	24	65
43	24	66
43	24	67
43	24	68
43	25	61
43	25	62
43	25	63
43	25	64
43	25	65
43	25	66
43	25	67
43	25	68
43	26	60
43	26	61
43	26	62
43	26	63
43	26	64
43	26	65
43	26	66
43	26	67
43	26	68
43	27	60
43	27	61
43	27	62
43	27	63
43	27	64
43	27	65
43	27	66
43	27	67
43	27	68
43	28	59
43	28	60
43	28	61
43	28	62
43	28	63
43	28	64
43	28	65
43	28	66
43	28	67
43	28	68
43	29	59
43	29	60
43	29	61
43	29	62
43	29	63
43	29	64
43	29	65
43	29	66
43	29	67
43	29	68
43	30	58
43	30	59
43	30	60
43	30	61
43	30	62
43	30	63
43	30	64
43	30	65
43	30	66
43	30	67
43	30	68
43	31	58
43	31	59
43	31	60
43	31	61
43	31	62
43	31	63
43	31	64
43	31	65
43	31	66
43	31	67
43	31	68
43	31	69
43	32	57
43	32	58
43	32	59
43	32	60
43	32	61
43	32	62
43	32	63
43	32	64
43	32	65
43	32	66
43	32	67
43	32	68
43	32	69
43	33	57
43	33	58
43	33	59
43	33	60
43	33	61
43	33	62
43	33	63
43	33	64
43	33	65
43	33	66
43	33	67
43	33	68
43	33	69
43	34	58
43	34	59
43	34	60
43	34	61
43	34	62
43	34	63
43	34	64
43	34	65
43	34	66
43	34	67
43	34	68
43	34	69
43	35	58
43	35	59
43	35	60
43	35	61
43	35	62
43	35	63
43	35	64
43	35	65
43	35	66
43	35	67
43	35	68
43	35	69
43	35	70
43	36	58
43	36	59
43	36	60
43	36	61
43	36	62
43	36	63
43	36	64
43	36	65
43	36	66
43	36	67
43	36	68
43	36	69
43	36	70
43	37	58
43	37	59
43	37	60
43	37	61
43	37	62
43	37	63
43	37	64
43	37	65
43	37	66
43	37	67
43	37	68
43	37	69
43	37	70
43	37	71
43	37	72
43	38	58
43	38	59
43	38	60
43	38	61
43	38	62
43	38	63
43	38	64
43	38	65
43	38	66
43	38	67
43	38	68
43	38	69
43	38	70
43	38	71
43	38	72
43	39	58
43	39	59
43	39	60
43	39	61
43	39	62
43	39	63
43	39	64
43	39	65
43	39	66
43	39	67
43	39	68
43	39	69
43	39	70
43	40	58
43	40	59
43	40	60
43	40	61
43	40	62
43	40	63
43	40	64
43	40	65
43	40	66
43	40	67
43	40	68
43	40	69
43	41	57
43	41	58
43	41	59
43	41	60
43	41	61
43	41	62
43	41	63
43	41	64
43	41	65
43	41	66
43	41	67
43	41	68
43	42	57
43	42	58
43	42	59
43	42	60
43	42	61
43	42	62
43	42	63
43	42	64
43	42	65
43	42	66
43	43	58
43	43	59
43	43	60
43	43	61
43	43	62
43	43	63
43	43	64
43	43	65
43	44	59
43	44	60
43	44	61
43	44	62
43	44	63
44	18	65
44	18	66
44	19	65
44	19	66
44	20	65
44	20	66
44	20	67
44	21	65
44	21	66
44	21	67
44	22	64
44	22	65
44	22	66
44	22	67
44	22	68
44	23	63
44	23	64
44	23	65
44	23	66
44	23	67
44	23	68
44	24	62
44	24	63
44	24	64
44	24	65
44	24	66
44	24	67
44	24	68
44	25	61
44	25	62
44	25	63
44	25	64
44	25	65
44	25	66
44	25	67
44	25	68
44	26	60
44	26	61
44	26	62
44	26	63
44	26	64
44	26	65
44	26	66
44	26	67
44	26	68
44	27	60
44	27	61
44	27	62
44	27	63
44	27	64
44	27	65
44	27	66
44	27	67
44	27	68
44	28	59
44	28	60
44	28	61
44	28	62
44	28	63
44	28	64
44	28	65
44	28	66
44	28	67
44	29	58
44	29	59
44	29	60
44	29	61
44	29	62
44	29	63
44	29	64
44	29	65
44	29	66
44	29	67
44	30	58
44	30	59
44	30	60
44	30	61
44	30	62
44	30	63
44	30	64
44	30	65
44	30	66
44	30	67
44	31	57
44	31	58
44	31	59
44	31	60
44	31	61
44	31	62
44	31	63
44	31	64
44	31	65
44	31	66
44	31	67
44	31	68
44	32	58
44	32	59
44	32	60
44	32	61
44	32	62
44	32	63
44	32	64
44	32	65
44	32	66
44	32	67
44	32	68
44	33	59
44	33	60
44	33	61
44	33	62
44	33	63
44	33	64
44	33	65
44	33	66
44	33	67
44	33	68
44	34	59
44	34	60
44	34	61
44	34	62
44	34	63
44	34	64
44	34	65
44	34	66
44	34	67
44	34	68
44	35	59
44	35	60
44	35	61
44	35	62
44	35	63
44	35	64
44	35	65
44	35	66
44	35	67
44	35	68
44	35	69
44	36	59
44	36	60
44	36	61
44	36	62
44	36	63
44	36	64
44	36	65
44	36	66
44	36	67
44	36	68
44	36	69
44	37	59
44	37	60
44	37	61
44	37	62
44	37	63
44	37	64
44	37	65
44	37	66
44	37	67
44	37	68
44	37	69
44	38	59
44	38	60
44	38	61
44	38	62
44	38	63
44	38	64
44	38	65
44	38	66
44	38	67
44	38	68
44	38	69
44	39	59
44	39	60
44	39	61
44	39	62
44	39	63
44	39	64
44	39	65
44	39	66
44	39	67
44	39	68
44	40	59
44	40	60
44	40	61
44	40	62
44	40	63
44	40	64
44	40	65
44	40	66
44	40	67
44	40	68
44	41	59
44	41	60
44	41	61
44	41	62
44	41	63
44	41	64
44	41	65
44	41	66
44	41	67
44	42	59
44	42	60
44	42	61
44	42	62
44	42	63
44	42	64
44	42	65
44	42	66
44	43	61
44	43	62
44	43	63
44	43	64
45	19	66
45	20	66
45	21	65
45	21	66
45	21	67
45	22	64
45	22	65
45	22	66
45	22	67
45	23	63
45	23	64
45	23	65
45	23	66
45	23	67
45	24	62
45	24	63
45	24	64
45	24	65
45	24	66
45	24	67
45	25	60
45	25	61
45	25	62
45	25	63
45	25	64
45	25	65
45	25	66
45	25	67
45	26	60
45	26	61
45	26	62
45	26	63
45	26	64
45	26	65
45	26	66
45	26	67
45	27	59
45	27	60
45	27	61
45	27	62
45	27	63
45	27	64
45	27	65
45	27	66
45	27	67
45	28	59
45	28	60
45	28	61
45	28	62
45	28	63
45	28	64
45	28	65
45	28	66
45	28	67
45	29	58
45	29	59
45	29	60
45	29	61
45	29	62
45	29	63
45	29	64
45	29	65
45	29	66
45	29	67
45	30	57
45	30	58
45	30	59
45	30	60
45	30	61
45	30	62
45	30	63
45	30	64
45	30	65
45	30	66
45	30	67
45	31	57
45	31	58
45	31	59
45	31	60
45	31	61
45	31	62
45	31	63
45	31	64
45	31	65
45	31	66
45	31	67
45	32	59
45	32	60
45	32	61
45	32	62
45	32	63
45	32	64
45	32	65
45	32	66
45	32	67
45	33	59
45	33	60
45	33	61
45	33	62
45	33	63
45	33	64
45	33	65
45	33	66
45	33	67
45	34	60
45	34	61
45	34	62
45	34	63
45	34	64
45	34	65
45	34	66
45	34	67
45	35	60
45	35	61
45	35	62
45	35	63
45	35	64
45	35	65
45	35	66
45	35	67
45	36	60
45	36	61
45	36	62
45	36	63
45	36	64
45	36	65
45	36	66
45	36	67
45	37	60
45	37	61
45	37	62
45	37	63
45	37	64
45	37	65
45	37	66
45	37	67
45	38	60
45	38	61
45	38	62
45	38	63
45	38	64
45	38	65
45	38	66
45	38	67
45	39	60
45	39	61
45	39	62
45	39	63
45	39	64
45	39	65
45	39	66
45	39	67
45	40	60
45	40	61
45	40	62
45	40	63
45	40	64
45	40	65
45	40	66
45	40	67
45	41	61
45	41	62
45	41	63
45	41	64
45	41	65
45	41	66
45	42	62
45	42	63
45	42	64
45	42	65
46	21	65
46	21	66
46	22	64
46	22	65
46	22	66
46	23	63
46	23	64
46	23	65
46	23	66
46	24	61
46	24	62
46	24	63
46	24	64
46	24	65
46	24	66
46	24	67
46	25	59
46	25	60
46	25	61
46	25	62
46	25	63
46	25	64
46	25	65
46	25	66
46	25	67
46	26	59
46	26	60
46	26	61
46	26	62
46	26	63
46	26	64
46	26	65
46	26	66
46	26	67
46	27	59
46	27	60
46	27	61
46	27	62
46	27	63
46	27	64
46	27	65
46	27	66
46	27	67
46	28	58
46	28	59
46	28	60
46	28	61
46	28	62
46	28	63
46	28	64
46	28	65
46	28	66
46	28	67
46	29	58
46	29	59
46	29	60
46	29	61
46	29	62
46	29	63
46	29	64
46	29	65
46	29	66
46	29	67
46	30	57
46	30	58
46	30	59
46	30	60
46	30	61
46	30	62
46	30	63
46	30	64
46	30	65
46	30	66
46	30	67
46	31	56
46	31	57
46	31	58
46	31	59
46	31	60
46	31	61
46	31	62
46	31	63
46	31	64
46	31	65
46	31	66
46	31	67
46	32	59
46	32	60
46	32	61
46	32	62
46	32	63
46	32	64
46	32	65
46	32	66
46	32	67
46	33	59
46	33	60
46	33	61
46	33	62
46	33	63
46	33	64
46	33	65
46	33	66
46	33	67
46	34	60
46	34	61
46	34	62
46	34	63
46	34	64
46	34	65
46	34	66
46	34	67
46	35	60
46	35	61
46	35	62
46	35	63
46	35	64
46	35	65
46	35	66
46	36	61
46	36	62
46	36	63
46	36	64
46	36	65
46	36	66
46	37	65
46	37	66
46	38	64
46	38	65
46	38	66
46	39	63
46	39	64
46	39	65
46	40	63
47	21	65
47	22	64
47	22	65
47	23	62
47	23	63
47	23	64
47	23	65
47	23	66
47	24	58
47	24	59
47	24	60
47	24	61
47	24	62
47	24	63
47	24	64
47	24	65
47	24	66
47	25	58
47	25	59
47	25	60
47	25	61
47	25	62
47	25	63
47	25	64
47	25	65
47	25	66
47	26	58
47	26	59
47	26	60
47	26	61
47	26	62
47	26	63
47	26	64
47	26	65
47	26	66
47	27	58
47	27	59
47	27	60
47	27	61
47	27	62
47	27	63
47	27	64
47	27	65
47	27	66
47	27	67
47	28	58
47	28	59
47	28	60
47	28	61
47	28	62
47	28	63
47	28	64
47	28	65
47	28	66
47	28	67
47	29	57
47	29	58
47	29	59
47	29	60
47	29	61
47	29	62
47	29	63
47	29	64
47	29	65
47	29	66
47	29	67
47	30	56
47	30	57
47	30	58
47	30	59
47	30	60
47	30	61
47	30	62
47	30	63
47	30	64
47	30	65
47	30	66
47	30	67
47	31	56
47	31	57
47	31	58
47	31	59
47	31	60
47	31	61
47	31	62
47	31	63
47	31	64
47	31	65
47	31	66
47	31	67
47	32	58
47	32	59
47	32	60
47	32	61
47	32	62
47	32	63
47	32	64
47	32	65
47	32	66
47	32	67
47	33	59
47	33	60
47	33	61
47	33	62
47	33	63
47	33	64
47	33	65
47	33	66
47	34	59
47	34	60
47	34	61
47	34	62
47	34	63
47	34	64
47	34	65
47	34	66
47	35	60
47	35	61
47	35	62
47	35	63
47	35	64
47	35	65
48	22	63
48	22	64
48	22	65
48	23	57
48	23	58
48	23	59
48	23	60
48	23	61
48	23	62
48	23	63
48	23	64
48	23	65
48	24	57
48	24	58
48	24	59
48	24	60
48	24	61
48	24	62
48	24	63
48	24	64
48	24	65
48	25	57
48	25	58
48	25	59
48	25	60
48	25	61
48	25	62
48	25	63
48	25	64
48	25	65
48	25	66
48	26	57
48	26	58
48	26	59
48	26	60
48	26	61
48	26	62
48	26	63
48	26	64
48	26	65
48	26	66
48	27	57
48	27	58
48	27	59
48	27	60
48	27	61
48	27	62
48	27	63
48	27	64
48	27	65
48	27	66
48	28	57
48	28	58
48	28	59
48	28	60
48	28	61
48	28	62
48	28	63
48	28	64
48	28	65
48	28	66
48	29	56
48	29	57
48	29	58
48	29	59
48	29	60
48	29	61
48	29	62
48	29	63
48	29	64
48	29	65
48	29	66
48	30	56
48	30	57
48	30	58
48	30	59
48	30	60
48	30	61
48	30	62
48	30	63
48	30	64
48	30	65
48	30	66
48	31	56
48	31	57
48	31	58
48	31	59
48	31	60
48	31	61
48	31	62
48	31	63
48	31	64
48	31	65
48	31	66
48	32	56
48	32	57
48	32	58
48	32	59
48	32	60
48	32	61
48	32	62
48	32	63
48	32	64
48	32	65
48	32	66
48	32	67
48	33	58
48	33	59
48	33	60
48	33	61
48	33	62
48	33	63
48	33	64
48	33	65
48	33	66
48	34	58
48	34	59
48	34	60
48	34	61
48	34	62
48	34	63
48	34	64
48	34	65
48	34	66
48	35	59
48	35	60
48	35	61
48	35	62
48	35	63
48	35	64
49	22	56
49	22	57
49	22	58
49	22	59
49	22	60
49	22	61
49	22	62
49	22	63
49	22	64
49	23	56
49	23	57
49	23	58
49	23	59
49	23	60
49	23	61
49	23	62
49	23	63
49	23	64
49	24	56
49	24	57
49	24	58
49	24	59
49	24	60
49	24	61
49	24	62
49	24	63
49	24	64
49	24	65
49	25	56
49	25	57
49	25	58
49	25	59
49	25	60
49	25	61
49	25	62
49	25	63
49	25	64
49	25	65
49	26	56
49	26	57
49	26	58
49	26	59
49	26	60
49	26	61
49	26	62
49	26	63
49	26	64
49	26	65
49	27	56
49	27	57
49	27	58
49	27	59
49	27	60
49	27	61
49	27	62
49	27	63
49	27	64
49	27	65
49	28	55
49	28	56
49	28	57
49	28	58
49	28	59
49	28	60
49	28	61
49	28	62
49	28	63
49	28	64
49	28	65
49	29	55
49	29	56
49	29	57
49	29	58
49	29	59
49	29	60
49	29	61
49	29	62
49	29	63
49	29	64
49	29	65
49	30	55
49	30	56
49	30	57
49	30	58
49	30	59
49	30	60
49	30	61
49	30	62
49	30	63
49	30	64
49	30	65
49	30	66
49	31	55
49	31	56
49	31	57
49	31	58
49	31	59
49	31	60
49	31	61
49	31	62
49	31	63
49	31	64
49	31	65
49	31	66
49	32	55
49	32	56
49	32	57
49	32	58
49	32	59
49	32	60
49	32	61
49	32	62
49	32	63
49	32	64
49	32	65
49	32	66
49	33	55
49	33	56
49	33	57
49	33	58
49	33	59
49	33	60
49	33	61
49	33	62
49	33	63
49	33	64
49	33	65
49	33	66
49	34	57
49	34	58
49	34	59
49	34	60
49	34	61
49	34	62
49	34	63
49	34	64
49	34	65
49	34	66
49	35	58
49	35	59
49	35	60
49	35	61
49	35	62
49	35	63
49	35	64
49	35	65
49	36	60
49	36	61
49	36	62
49	36	63
50	21	56
50	21	57
50	21	58
50	21	59
50	21	60
50	21	61
50	21	62
50	22	56
50	22	57
50	22	58
50	22	59
50	22	60
50	22	61
50	22	62
50	22	63
50	23	56
50	23	57
50	23	58
50	23	59
50	23	60
50	23	61
50	23	62
50	23	63
50	23	64
50	24	56
50	24	57
50	24	58
50	24	59
50	24	60
50	24	61
50	24	62
50	24	63
50	24	64
50	25	56
50	25	57
50	25	58
50	25	59
50	25	60
50	25	61
50	25	62
50	25	63
50	25	64
50	26	56
50	26	57
50	26	58
50	26	59
50	26	60
50	26	61
50	26	62
50	26	63
50	26	64
50	26	65
50	27	56
50	27	57
50	27	58
50	27	59
50	27	60
50	27	61
50	27	62
50	27	63
50	27	64
50	27	65
50	28	55
50	28	56
50	28	57
50	28	58
50	28	59
50	28	60
50	28	61
50	28	62
50	28	63
50	28	64
50	28	65
50	29	55
50	29	56
50	29	57
50	29	58
50	29	59
50	29	60
50	29	61
50	29	62
50	29	63
50	29	64
50	29	65
50	30	55
50	30	56
50	30	57
50	30	58
50	30	59
50	30	60
50	30	61
50	30	62
50	30	63
50	30	64
50	30	65
50	31	55
50	31	56
50	31	57
50	31	58
50	31	59
50	31	60
50	31	61
50	31	62
50	31	63
50	31	64
50	31	65
50	32	55
50	32	56
50	32	57
50	32	58
50	32	59
50	32	60
50	32	61
50	32	62
50	32	63
50	32	64
50	32	65
50	33	55
50	33	56
50	33	57
50	33	58
50	33	59
50	33	60
50	33	61
50	33	62
50	33	63
50	33	64
50	33	65
50	34	56
50	34	57
50	34	58
50	34	59
50	34	60
50	34	61
50	34	62
50	34	63
50	34	64
50	34	65
50	35	58
50	35	59
50	35	60
50	35	61
50	35	62
50	35	63
50	35	64
50	36	59
50	36	60
50	36	61
50	36	62
50	36	63
50	36	64
51	21	58
51	21	59
51	21	60
51	21	61
51	22	57
51	22	58
51	22	59
51	22	60
51	22	61
51	22	62
51	22	63
51	23	57
51	23	58
51	23	59
51	23	60
51	23	61
51	23	62
51	23	63
51	24	57
51	24	58
51	24	59
51	24	60
51	24	61
51	24	62
51	24	63
51	24	64
51	25	57
51	25	58
51	25	59
51	25	60
51	25	61
51	25	62
51	25	63
51	25	64
51	26	56
51	26	57
51	26	58
51	26	59
51	26	60
51	26	61
51	26	62
51	26	63
51	26	64
51	27	56
51	27	57
51	27	58
51	27	59
51	27	60
51	27	61
51	27	62
51	27	63
51	27	64
51	28	55
51	28	56
51	28	57
51	28	58
51	28	59
51	28	60
51	28	61
51	28	62
51	28	63
51	28	64
51	29	55
51	29	56
51	29	57
51	29	58
51	29	59
51	29	60
51	29	61
51	29	62
51	29	63
51	30	55
51	30	56
51	30	57
51	30	58
51	30	59
51	30	60
51	30	61
51	30	62
51	30	63
51	31	55
51	31	56
51	31	57
51	31	58
51	31	59
51	31	60
51	31	61
51	31	62
51	31	63
51	32	55
51	32	56
51	32	57
51	32	58
51	32	59
51	32	60
51	32	61
51	32	62
51	32	63
51	32	64
51	33	55
51	33	56
51	33	57
51	33	58
51	33	59
51	33	60
51	33	61
51	33	62
51	33	63
51	33	64
51	34	56
51	34	57
51	34	58
51	34	59
51	34	60
51	34	61
51	34	62
51	34	63
51	34	64
51	35	58
51	35	59
51	35	60
51	35	61
51	35	62
51	35	63
51	36	60
51	36	61
51	36	62
51	36	63
52	22	58
52	22	59
52	22	60
52	22	61
52	23	57
52	23	58
52	23	59
52	23	60
52	23	61
52	23	62
52	24	57
52	24	58
52	24	59
52	24	60
52	24	61
52	24	62
52	24	63
52	25	57
52	25	58
52	25	59
52	25	60
52	25	61
52	25	62
52	25	63
52	26	56
52	26	57
52	26	58
52	26	59
52	26	60
52	26	61
52	26	62
52	26	63
52	27	56
52	27	57
52	27	58
52	27	59
52	27	60
52	27	61
52	27	62
52	27	63
52	28	56
52	28	57
52	28	58
52	28	59
52	28	60
52	28	61
52	28	62
52	28	63
52	29	55
52	29	56
52	29	57
52	29	58
52	29	59
52	29	60
52	29	61
52	29	62
52	30	55
52	30	56
52	30	57
52	30	58
52	30	59
52	30	60
52	30	61
52	30	62
52	31	55
52	31	56
52	31	57
52	31	58
52	31	59
52	31	60
52	31	61
52	31	62
52	32	55
52	32	56
52	32	57
52	32	58
52	32	59
52	32	60
52	32	61
52	32	62
52	33	56
52	33	57
52	33	58
52	33	59
52	33	60
52	33	61
52	33	62
52	34	58
52	34	59
52	34	60
52	34	61
52	34	62
53	24	58
53	24	59
53	24	60
53	25	57
53	25	58
53	25	59
53	25	60
53	25	61
53	26	57
53	26	58
53	26	59
53	26	60
53	26	61
53	27	57
53	27	58
53	27	59
53	27	60
53	27	61
53	28	56
53	28	57
53	28	58
53	28	59
53	28	60
53	29	56
53	29	57
53	29	58
53	29	59
53	29	60
53	30	57
53	30	58
53	30	59
53	31	57
53	31	58
