#i	j	k
0	18	108
0	19	107
0	19	108
0	20	106
0	20	107
0	20	108
0	21	106
0	21	107
0	21	108
0	22	106
0	22	107
0	23	105
0	23	106
0	23	107
0	24	103
0	24	104
0	24	105
0	27	109
0	28	109
0	29	109
0	30	109
0	31	108
0	31	109
0	32	109
0	33	110
0	33	111
0	33	112
0	33	113
0	33	114
0	33	115
0	34	110
0	34	111
0	34	112
0	34	113
0	34	114
0	34	115
0	35	111
0	35	112
0	35	113
0	35	114
0	35	115
0	36	112
0	36	113
0	36	114
0	36	115
0	37	114
1	19	108
1	34	112
1	34	113
1	34	114
1	34	115
1	35	114
98	24	107
99	23	106
99	23	107
99	24	105
99	24	106
99	24	107
99	24	108
99	25	102
99	25	103
99	25	104
99	25	105
99	25	106
99	25	107
99	25	108
99	25	109
100	22	104
100	22	105
100	22	106
100	23	103
100	23	104
100	23	105
100	23	106
100	23	107
100	23	108
100	24	102
100	24	103
100	24	104
100	24	105
100	24	106
100	24	107
100	24	108
100	24	109
100	25	101
100	25	102
100	25	103
100	25	104
100	25	105
100	25	106
100	25	107
100	25	108
100	25	109
100	25	110
100	26	102
100	26	103
100	26	104
100	26	105
100	26	106
100	26	107
100	26	108
100	26	109
100	26	110
100	26	111
100	27	104
100	27	105
101	21	103
101	21	104
101	21	105
101	22	101
101	22	102
101	22	103
101	22	104
101	22	105
101	22	106
101	22	107
101	23	101
101	23	102
101	23	103
101	23	104
101	23	105
101	23	106
101	23	107
101	23	108
101	23	109
101	24	101
101	24	102
101	24	103
101	24	104
101	24	105
101	24	106
101	24	107
101	24	108
101	24	109
101	25	101
101	25	102
101	25	103
101	25	104
101	25	105
101	25	106
101	25	107
101	25	108
101	25	109
101	25	110
101	26	101
101	26	102
101	26	103
101	26	104
101	26	105
101	26	106
101	26	107
101	26	108
101	26	109
101	26	110
101	26	111
101	27	102
101	27	103
101	27	104
101	27	105
101	27	106
101	27	107
101	27	108
101	27	109
101	27	110
101	27	111
101	28	103
101	28	104
101	28	105
101	28	106
101	29	103
101	29	104
101	29	105
101	29	106
101	30	104
101	30	105
101	30	106
101	31	105
101	31	106
102	21	101
102	21	102
102	21	103
102	21	104
102	21	105
102	21	106
102	22	100
102	22	101
102	22	102
102	22	103
102	22	104
102	22	105
102	22	106
102	22	107
102	22	108
102	23	100
102	23	101
102	23	102
102	23	103
102	23	104
102	23	105
102	23	106
102	23	107
102	23	108
102	23	109
102	24	100
102	24	101
102	24	102
102	24	103
102	24	104
102	24	105
102	24	106
102	24	107
102	24	108
102	24	109
102	24	110
102	25	100
102	25	101
102	25	102
102	25	103
102	25	104
102	25	105
102	25	106
102	25	107
102	25	108
102	25	109
102	25	110
102	25	111
102	26	100
102	26	101
102	26	102
102	26	103
102	26	104
102	26	105
102	26	106
102	26	107
102	26	108
102	26	109
102	26	110
102	26	111
102	26	112
102	27	101
102	27	102
102	27	103
102	27	104
102	27	105
102	27	106
102	27	107
102	27	108
102	27	109
102	27	110
102	27	111
102	28	101
102	28	102
102	28	103
102	28	104
102	28	105
102	28	106
102	28	107
102	28	108
102	28	109
102	28	110
102	29	102
102	29	103
102	29	104
102	29	105
102	29	106
102	29	107
102	30	102
102	30	103
102	30	104
102	30	105
102	30	106
102	30	107
102	31	103
102	31	104
102	31	105
102	31	106
102	31	107
102	32	105
102	32	106
103	11	89
103	12	88
103	12	89
103	20	102
103	20	103
103	20	104
103	20	105
103	21	100
103	21	101
103	21	102
103	21	103
103	21	104
103	21	105
103	21	106
103	21	107
103	22	100
103	22	101
103	22	102
103	22	103
103	22	104
103	22	105
103	22	106
103	22	107
103	22	108
103	22	109
103	23	100
103	23	101
103	23	102
103	23	103
103	23	104
103	23	105
103	23	106
103	23	107
103	23	108
103	23	109
103	23	110
103	24	100
103	24	101
103	24	102
103	24	103
103	24	104
103	24	105
103	24	106
103	24	107
103	24	108
103	24	109
103	24	110
103	24	111
103	25	100
103	25	101
103	25	102
103	25	103
103	25	104
103	25	105
103	25	106
103	25	107
103	25	108
103	25	109
103	25	110
103	25	111
103	25	112
103	26	100
103	26	101
103	26	102
103	26	103
103	26	104
103	26	105
103	26	106
103	26	107
103	26	108
103	26	109
103	26	110
103	26	111
103	26	112
103	27	101
103	27	102
103	27	103
103	27	104
103	27	105
103	27	106
103	27	107
103	27	108
103	27	109
103	27	110
103	27	111
103	27	112
103	27	113
103	28	101
103	28	102
103	28	103
103	28	104
103	28	105
103	28	106
103	28	107
103	28	108
103	28	109
103	28	110
103	29	102
103	29	103
103	29	104
103	29	105
103	29	106
103	29	107
103	29	108
103	29	109
103	30	102
103	30	103
103	30	104
103	30	105
103	30	106
103	30	107
103	30	108
103	31	103
103	31	104
103	31	105
103	31	106
103	31	107
103	31	108
103	32	103
103	32	104
103	32	105
103	32	106
103	32	107
104	10	88
104	10	89
104	11	88
104	11	89
104	11	90
104	12	88
104	12	89
104	12	90
104	12	91
104	13	87
104	13	88
104	13	89
104	13	90
104	13	91
104	13	92
104	19	103
104	19	104
104	20	101
104	20	102
104	20	103
104	20	104
104	20	105
104	20	106
104	20	107
104	21	101
104	21	102
104	21	103
104	21	104
104	21	105
104	21	106
104	21	107
104	21	108
104	22	100
104	22	101
104	22	102
104	22	103
104	22	104
104	22	105
104	22	106
104	22	107
104	22	108
104	22	109
104	22	110
104	23	100
104	23	101
104	23	102
104	23	103
104	23	104
104	23	105
104	23	106
104	23	107
104	23	108
104	23	109
104	23	110
104	23	111
104	24	100
104	24	101
104	24	102
104	24	103
104	24	104
104	24	105
104	24	106
104	24	107
104	24	108
104	24	109
104	24	110
104	24	111
104	24	112
104	25	100
104	25	101
104	25	102
104	25	103
104	25	104
104	25	105
104	25	106
104	25	107
104	25	108
104	25	109
104	25	110
104	25	111
104	25	112
104	26	100
104	26	101
104	26	102
104	26	103
104	26	104
104	26	105
104	26	106
104	26	107
104	26	108
104	26	109
104	26	110
104	26	111
104	26	112
104	26	113
104	27	100
104	27	101
104	27	102
104	27	103
104	27	104
104	27	105
104	27	106
104	27	107
104	27	108
104	27	109
104	27	110
104	27	111
104	27	112
104	27	113
104	28	101
104	28	102
104	28	103
104	28	104
104	28	105
104	28	106
104	28	107
104	28	108
104	28	109
104	28	110
104	28	111
104	28	112
104	28	113
104	28	114
104	29	102
104	29	103
104	29	104
104	29	105
104	29	106
104	29	107
104	29	108
104	29	109
104	30	102
104	30	103
104	30	104
104	30	105
104	30	106
104	30	107
104	30	108
104	30	109
104	31	102
104	31	103
104	31	104
104	31	105
104	31	106
104	31	107
104	31	108
104	32	103
104	32	104
104	32	105
104	32	106
104	32	107
104	32	108
104	33	104
104	33	105
104	33	106
104	33	107
105	9	87
105	10	87
105	10	88
105	10	89
105	10	90
105	11	87
105	11	88
105	11	89
105	11	90
105	11	91
105	11	92
105	12	87
105	12	88
105	12	89
105	12	90
105	12	91
105	12	92
105	12	93
105	13	86
105	13	87
105	13	88
105	13	89
105	13	90
105	13	91
105	13	92
105	13	93
105	13	94
105	14	86
105	14	87
105	14	88
105	14	89
105	14	90
105	14	91
105	14	92
105	14	93
105	14	94
105	19	101
105	19	102
105	19	103
105	19	104
105	19	105
105	20	101
105	20	102
105	20	103
105	20	104
105	20	105
105	20	106
105	20	107
105	21	101
105	21	102
105	21	103
105	21	104
105	21	105
105	21	106
105	21	107
105	21	108
105	21	109
105	22	101
105	22	102
105	22	103
105	22	104
105	22	105
105	22	106
105	22	107
105	22	108
105	22	109
105	22	110
105	23	101
105	23	102
105	23	103
105	23	104
105	23	105
105	23	106
105	23	107
105	23	108
105	23	109
105	23	110
105	23	111
105	24	101
105	24	102
105	24	103
105	24	104
105	24	105
105	24	106
105	24	107
105	24	108
105	24	109
105	24	110
105	24	111
105	24	112
105	25	101
105	25	102
105	25	103
105	25	104
105	25	105
105	25	106
105	25	107
105	25	108
105	25	109
105	25	110
105	25	111
105	25	112
105	25	113
105	26	100
105	26	101
105	26	102
105	26	103
105	26	104
105	26	105
105	26	106
105	26	107
105	26	108
105	26	109
105	26	110
105	26	111
105	26	112
105	26	113
105	27	100
105	27	101
105	27	102
105	27	103
105	27	104
105	27	105
105	27	106
105	27	107
105	27	108
105	27	109
105	27	110
105	27	111
105	27	112
105	27	113
105	27	114
105	28	100
105	28	101
105	28	102
105	28	103
105	28	104
105	28	105
105	28	106
105	28	107
105	28	108
105	28	109
105	28	110
105	28	111
105	28	112
105	28	113
105	28	114
105	29	101
105	29	102
105	29	103
105	29	104
105	29	105
105	29	106
105	29	107
105	29	108
105	29	109
105	29	110
105	29	111
105	29	112
105	29	113
105	30	102
105	30	103
105	30	104
105	30	105
105	30	106
105	30	107
105	30	108
105	30	109
105	31	102
105	31	103
105	31	104
105	31	105
105	31	106
105	31	107
105	31	108
105	31	109
105	32	103
105	32	104
105	32	105
105	32	106
105	32	107
105	32	108
105	32	109
105	33	104
105	33	105
105	33	106
105	33	107
105	33	108
105	34	106
106	10	88
106	10	89
106	10	90
106	10	91
106	11	87
106	11	88
106	11	89
106	11	90
106	11	91
106	11	92
106	11	93
106	12	86
106	12	87
106	12	88
106	12	89
106	12	90
106	12	91
106	12	92
106	12	93
106	12	94
106	13	85
106	13	86
106	13	87
106	13	88
106	13	89
106	13	90
106	13	91
106	13	92
106	13	93
106	13	94
106	13	95
106	14	86
106	14	87
106	14	88
106	14	89
106	14	90
106	14	91
106	14	92
106	14	93
106	14	94
106	14	95
106	14	96
106	15	87
106	15	88
106	15	89
106	15	90
106	15	91
106	15	92
106	15	93
106	15	94
106	15	95
106	15	96
106	16	95
106	16	96
106	17	95
106	17	96
106	18	103
106	18	104
106	19	100
106	19	101
106	19	102
106	19	103
106	19	104
106	19	105
106	19	106
106	20	101
106	20	102
106	20	103
106	20	104
106	20	105
106	20	106
106	20	107
106	20	108
106	21	101
106	21	102
106	21	103
106	21	104
106	21	105
106	21	106
106	21	107
106	21	108
106	21	109
106	22	101
106	22	102
106	22	103
106	22	104
106	22	105
106	22	106
106	22	107
106	22	108
106	22	109
106	22	110
106	22	111
106	23	101
106	23	102
106	23	103
106	23	104
106	23	105
106	23	106
106	23	107
106	23	108
106	23	109
106	23	110
106	23	111
106	23	112
106	24	101
106	24	102
106	24	103
106	24	104
106	24	105
106	24	106
106	24	107
106	24	108
106	24	109
106	24	110
106	24	111
106	24	112
106	24	113
106	25	101
106	25	102
106	25	103
106	25	104
106	25	105
106	25	106
106	25	107
106	25	108
106	25	109
106	25	110
106	25	111
106	25	112
106	25	113
106	26	101
106	26	102
106	26	103
106	26	104
106	26	105
106	26	106
106	26	107
106	26	108
106	26	109
106	26	110
106	26	111
106	26	112
106	26	113
106	26	114
106	27	101
106	27	102
106	27	103
106	27	104
106	27	105
106	27	106
106	27	107
106	27	108
106	27	109
106	27	110
106	27	111
106	27	112
106	27	113
106	27	114
106	28	101
106	28	102
106	28	103
106	28	104
106	28	105
106	28	106
106	28	107
106	28	108
106	28	109
106	28	110
106	28	111
106	28	112
106	28	113
106	28	114
106	28	115
106	29	100
106	29	101
106	29	102
106	29	103
106	29	104
106	29	105
106	29	106
106	29	107
106	29	108
106	29	109
106	29	110
106	29	111
106	29	112
106	29	113
106	29	114
106	29	115
106	30	101
106	30	102
106	30	103
106	30	104
106	30	105
106	30	106
106	30	107
106	30	108
106	30	109
106	30	110
106	30	111
106	30	112
106	31	102
106	31	103
106	31	104
106	31	105
106	31	106
106	31	107
106	31	108
106	31	109
106	31	110
106	32	102
106	32	103
106	32	104
106	32	105
106	32	106
106	32	107
106	32	108
106	32	109
106	32	110
106	33	104
106	33	105
106	33	106
106	33	107
106	33	108
106	34	107
107	10	90
107	10	91
107	10	92
107	10	93
107	11	88
107	11	89
107	11	90
107	11	91
107	11	92
107	11	93
107	11	94
107	12	87
107	12	88
107	12	89
107	12	90
107	12	91
107	12	92
107	12	93
107	12	94
107	12	95
107	12	96
107	13	86
107	13	87
107	13	88
107	13	89
107	13	90
107	13	91
107	13	92
107	13	93
107	13	94
107	13	95
107	13	96
107	14	86
107	14	87
107	14	88
107	14	89
107	14	90
107	14	91
107	14	92
107	14	93
107	14	94
107	14	95
107	14	96
107	15	87
107	15	88
107	15	89
107	15	90
107	15	91
107	15	92
107	15	93
107	15	94
107	15	95
107	15	96
107	16	88
107	16	89
107	16	90
107	16	91
107	16	92
107	16	93
107	16	94
107	16	95
107	16	96
107	17	94
107	17	95
107	17	96
107	17	97
107	18	94
107	18	95
107	18	96
107	18	101
107	18	102
107	18	103
107	18	104
107	18	105
107	18	106
107	19	99
107	19	100
107	19	101
107	19	102
107	19	103
107	19	104
107	19	105
107	19	106
107	19	107
107	20	99
107	20	100
107	20	101
107	20	102
107	20	103
107	20	104
107	20	105
107	20	106
107	20	107
107	20	108
107	21	101
107	21	102
107	21	103
107	21	104
107	21	105
107	21	106
107	21	107
107	21	108
107	21	109
107	22	101
107	22	102
107	22	103
107	22	104
107	22	105
107	22	106
107	22	107
107	22	108
107	22	109
107	22	110
107	22	111
107	23	101
107	23	102
107	23	103
107	23	104
107	23	105
107	23	106
107	23	107
107	23	108
107	23	109
107	23	110
107	23	111
107	23	112
107	24	101
107	24	102
107	24	103
107	24	104
107	24	105
107	24	106
107	24	107
107	24	108
107	24	109
107	24	110
107	24	111
107	24	112
107	24	113
107	25	101
107	25	102
107	25	103
107	25	104
107	25	105
107	25	106
107	25	107
107	25	108
107	25	109
107	25	110
107	25	111
107	25	112
107	25	113
107	25	114
107	26	101
107	26	102
107	26	103
107	26	104
107	26	105
107	26	106
107	26	107
107	26	108
107	26	109
107	26	110
107	26	111
107	26	112
107	26	113
107	26	114
107	27	101
107	27	102
107	27	103
107	27	104
107	27	105
107	27	106
107	27	107
107	27	108
107	27	109
107	27	110
107	27	111
107	27	112
107	27	113
107	27	114
107	27	115
107	28	101
107	28	102
107	28	103
107	28	104
107	28	105
107	28	106
107	28	107
107	28	108
107	28	109
107	28	110
107	28	111
107	28	112
107	28	113
107	28	114
107	28	115
107	29	101
107	29	102
107	29	103
107	29	104
107	29	105
107	29	106
107	29	107
107	29	108
107	29	109
107	29	110
107	29	111
107	29	112
107	29	113
107	29	114
107	29	115
107	29	116
107	30	101
107	30	102
107	30	103
107	30	104
107	30	105
107	30	106
107	30	107
107	30	108
107	30	109
107	30	110
107	30	111
107	30	112
107	30	113
107	30	114
107	31	101
107	31	102
107	31	103
107	31	104
107	31	105
107	31	106
107	31	107
107	31	108
107	31	109
107	31	110
107	31	111
107	32	102
107	32	103
107	32	104
107	32	105
107	32	106
107	32	107
107	32	108
107	32	109
107	32	110
107	33	103
107	33	104
107	33	105
107	33	106
107	33	107
107	33	108
107	33	109
107	34	107
108	9	91
108	10	90
108	10	91
108	10	92
108	10	93
108	10	94
108	11	89
108	11	90
108	11	91
108	11	92
108	11	93
108	11	94
108	11	95
108	11	96
108	12	88
108	12	89
108	12	90
108	12	91
108	12	92
108	12	93
108	12	94
108	12	95
108	12	96
108	12	97
108	13	87
108	13	88
108	13	89
108	13	90
108	13	91
108	13	92
108	13	93
108	13	94
108	13	95
108	13	96
108	13	97
108	14	86
108	14	87
108	14	88
108	14	89
108	14	90
108	14	91
108	14	92
108	14	93
108	14	94
108	14	95
108	14	96
108	14	97
108	14	98
108	15	87
108	15	88
108	15	89
108	15	90
108	15	91
108	15	92
108	15	93
108	15	94
108	15	95
108	15	96
108	15	97
108	15	98
108	16	88
108	16	89
108	16	90
108	16	91
108	16	92
108	16	93
108	16	94
108	16	95
108	16	96
108	16	97
108	17	88
108	17	89
108	17	90
108	17	91
108	17	92
108	17	93
108	17	94
108	17	95
108	17	96
108	17	97
108	17	102
108	17	103
108	17	104
108	17	105
108	18	93
108	18	94
108	18	95
108	18	96
108	18	97
108	18	100
108	18	101
108	18	102
108	18	103
108	18	104
108	18	105
108	18	106
108	18	107
108	19	93
108	19	94
108	19	95
108	19	96
108	19	99
108	19	100
108	19	101
108	19	102
108	19	103
108	19	104
108	19	105
108	19	106
108	19	107
108	20	99
108	20	100
108	20	101
108	20	102
108	20	103
108	20	104
108	20	105
108	20	106
108	20	107
108	20	108
108	21	100
108	21	101
108	21	102
108	21	103
108	21	104
108	21	105
108	21	106
108	21	107
108	21	108
108	21	109
108	21	110
108	22	101
108	22	102
108	22	103
108	22	104
108	22	105
108	22	106
108	22	107
108	22	108
108	22	109
108	22	110
108	22	111
108	22	112
108	23	101
108	23	102
108	23	103
108	23	104
108	23	105
108	23	106
108	23	107
108	23	108
108	23	109
108	23	110
108	23	111
108	23	112
108	23	113
108	24	101
108	24	102
108	24	103
108	24	104
108	24	105
108	24	106
108	24	107
108	24	108
108	24	109
108	24	110
108	24	111
108	24	112
108	24	113
108	24	114
108	25	101
108	25	102
108	25	103
108	25	104
108	25	105
108	25	106
108	25	107
108	25	108
108	25	109
108	25	110
108	25	111
108	25	112
108	25	113
108	25	114
108	25	115
108	26	101
108	26	102
108	26	103
108	26	104
108	26	105
108	26	106
108	26	107
108	26	108
108	26	109
108	26	110
108	26	111
108	26	112
108	26	113
108	26	114
108	26	115
108	27	101
108	27	102
108	27	103
108	27	104
108	27	105
108	27	106
108	27	107
108	27	108
108	27	109
108	27	110
108	27	111
108	27	112
108	27	113
108	27	114
108	27	115
108	27	116
108	28	101
108	28	102
108	28	103
108	28	104
108	28	105
108	28	106
108	28	107
108	28	108
108	28	109
108	28	110
108	28	111
108	28	112
108	28	113
108	28	114
108	28	115
108	28	116
108	29	101
108	29	102
108	29	103
108	29	104
108	29	105
108	29	106
108	29	107
108	29	108
108	29	109
108	29	110
108	29	111
108	29	112
108	29	113
108	29	114
108	29	115
108	29	116
108	29	117
108	30	101
108	30	102
108	30	103
108	30	104
108	30	105
108	30	106
108	30	107
108	30	108
108	30	109
108	30	110
108	30	111
108	30	112
108	30	113
108	30	114
108	30	115
108	31	101
108	31	102
108	31	103
108	31	104
108	31	105
108	31	106
108	31	107
108	31	108
108	31	109
108	31	110
108	31	111
108	31	112
108	31	113
108	32	101
108	32	102
108	32	103
108	32	104
108	32	105
108	32	106
108	32	107
108	32	108
108	32	109
108	32	110
108	32	111
108	33	102
108	33	103
108	33	104
108	33	105
108	33	106
108	33	107
108	33	108
108	33	109
108	34	107
108	34	108
109	9	91
109	9	92
109	9	93
109	10	90
109	10	91
109	10	92
109	10	93
109	10	94
109	10	95
109	11	89
109	11	90
109	11	91
109	11	92
109	11	93
109	11	94
109	11	95
109	11	96
109	12	88
109	12	89
109	12	90
109	12	91
109	12	92
109	12	93
109	12	94
109	12	95
109	12	96
109	13	87
109	13	88
109	13	89
109	13	90
109	13	91
109	13	92
109	13	93
109	13	94
109	13	95
109	13	96
109	13	97
109	14	86
109	14	87
109	14	88
109	14	89
109	14	90
109	14	91
109	14	92
109	14	93
109	14	94
109	14	95
109	14	96
109	14	97
109	15	87
109	15	88
109	15	89
109	15	90
109	15	91
109	15	92
109	15	93
109	15	94
109	15	95
109	15	96
109	15	97
109	16	87
109	16	88
109	16	89
109	16	90
109	16	91
109	16	92
109	16	93
109	16	94
109	16	95
109	16	96
109	16	97
109	16	101
109	16	102
109	16	103
109	16	104
109	16	105
109	17	88
109	17	89
109	17	90
109	17	91
109	17	92
109	17	93
109	17	94
109	17	95
109	17	96
109	17	97
109	17	101
109	17	102
109	17	103
109	17	104
109	17	105
109	17	106
109	17	107
109	18	89
109	18	90
109	18	91
109	18	92
109	18	93
109	18	94
109	18	95
109	18	96
109	18	97
109	18	100
109	18	101
109	18	102
109	18	103
109	18	104
109	18	105
109	18	106
109	18	107
109	18	108
109	19	92
109	19	93
109	19	94
109	19	95
109	19	96
109	19	99
109	19	100
109	19	101
109	19	102
109	19	103
109	19	104
109	19	105
109	19	106
109	19	107
109	19	108
109	20	92
109	20	93
109	20	94
109	20	95
109	20	99
109	20	100
109	20	101
109	20	102
109	20	103
109	20	104
109	20	105
109	20	106
109	20	107
109	20	108
109	20	109
109	21	100
109	21	101
109	21	102
109	21	103
109	21	104
109	21	105
109	21	106
109	21	107
109	21	108
109	21	109
109	21	110
109	22	101
109	22	102
109	22	103
109	22	104
109	22	105
109	22	106
109	22	107
109	22	108
109	22	109
109	22	110
109	22	111
109	22	112
109	23	101
109	23	102
109	23	103
109	23	104
109	23	105
109	23	106
109	23	107
109	23	108
109	23	109
109	23	110
109	23	111
109	23	112
109	23	113
109	23	114
109	24	102
109	24	103
109	24	104
109	24	105
109	24	106
109	24	107
109	24	108
109	24	109
109	24	110
109	24	111
109	24	112
109	24	113
109	24	114
109	24	115
109	25	102
109	25	103
109	25	104
109	25	105
109	25	106
109	25	107
109	25	108
109	25	109
109	25	110
109	25	111
109	25	112
109	25	113
109	25	114
109	25	115
109	26	102
109	26	103
109	26	104
109	26	105
109	26	106
109	26	107
109	26	108
109	26	109
109	26	110
109	26	111
109	26	112
109	26	113
109	26	114
109	26	115
109	26	116
109	27	102
109	27	103
109	27	104
109	27	105
109	27	106
109	27	107
109	27	108
109	27	109
109	27	110
109	27	111
109	27	112
109	27	113
109	27	114
109	27	115
109	27	116
109	27	117
109	28	102
109	28	103
109	28	104
109	28	105
109	28	106
109	28	107
109	28	108
109	28	109
109	28	110
109	28	111
109	28	112
109	28	113
109	28	114
109	28	115
109	28	116
109	28	117
109	28	118
109	29	101
109	29	102
109	29	103
109	29	104
109	29	105
109	29	106
109	29	107
109	29	108
109	29	109
109	29	110
109	29	111
109	29	112
109	29	113
109	29	114
109	29	115
109	29	116
109	29	117
109	29	118
109	29	119
109	30	101
109	30	102
109	30	103
109	30	104
109	30	105
109	30	106
109	30	107
109	30	108
109	30	109
109	30	110
109	30	111
109	30	112
109	30	113
109	30	114
109	30	115
109	30	116
109	31	101
109	31	102
109	31	103
109	31	104
109	31	105
109	31	106
109	31	107
109	31	108
109	31	109
109	31	110
109	31	111
109	31	112
109	31	113
109	31	114
109	32	101
109	32	102
109	32	103
109	32	104
109	32	105
109	32	106
109	32	107
109	32	108
109	32	109
109	32	110
109	32	111
109	32	112
109	32	113
109	33	101
109	33	102
109	33	103
109	33	104
109	33	105
109	33	106
109	33	107
109	33	108
109	33	109
109	33	110
109	34	104
109	34	105
109	34	106
109	34	107
109	34	108
110	9	91
110	10	90
110	10	91
110	10	92
110	10	93
110	10	94
110	11	89
110	11	90
110	11	91
110	11	92
110	11	93
110	11	94
110	11	95
110	12	88
110	12	89
110	12	90
110	12	91
110	12	92
110	12	93
110	12	94
110	12	95
110	13	88
110	13	89
110	13	90
110	13	91
110	13	92
110	13	93
110	13	94
110	13	95
110	14	87
110	14	88
110	14	89
110	14	90
110	14	91
110	14	92
110	14	93
110	14	94
110	14	95
110	14	96
110	15	86
110	15	87
110	15	88
110	15	89
110	15	90
110	15	91
110	15	92
110	15	93
110	15	94
110	15	95
110	15	96
110	16	87
110	16	88
110	16	89
110	16	90
110	16	91
110	16	92
110	16	93
110	16	94
110	16	95
110	16	96
110	16	102
110	16	103
110	16	104
110	16	105
110	16	106
110	17	88
110	17	89
110	17	90
110	17	91
110	17	92
110	17	93
110	17	94
110	17	95
110	17	96
110	17	97
110	17	102
110	17	103
110	17	104
110	17	105
110	17	106
110	17	107
110	17	108
110	18	90
110	18	91
110	18	92
110	18	93
110	18	94
110	18	95
110	18	96
110	18	97
110	18	101
110	18	102
110	18	103
110	18	104
110	18	105
110	18	106
110	18	107
110	18	108
110	19	90
110	19	91
110	19	92
110	19	93
110	19	94
110	19	95
110	19	96
110	19	100
110	19	101
110	19	102
110	19	103
110	19	104
110	19	105
110	19	106
110	19	107
110	19	108
110	19	109
110	20	93
110	20	94
110	20	95
110	20	96
110	20	99
110	20	100
110	20	101
110	20	102
110	20	103
110	20	104
110	20	105
110	20	106
110	20	107
110	20	108
110	20	109
110	20	110
110	21	93
110	21	94
110	21	100
110	21	101
110	21	102
110	21	103
110	21	104
110	21	105
110	21	106
110	21	107
110	21	108
110	21	109
110	21	110
110	21	111
110	22	101
110	22	102
110	22	103
110	22	104
110	22	105
110	22	106
110	22	107
110	22	108
110	22	109
110	22	110
110	22	111
110	22	112
110	22	113
110	23	101
110	23	102
110	23	103
110	23	104
110	23	105
110	23	106
110	23	107
110	23	108
110	23	109
110	23	110
110	23	111
110	23	112
110	23	113
110	23	114
110	24	102
110	24	103
110	24	104
110	24	105
110	24	106
110	24	107
110	24	108
110	24	109
110	24	110
110	24	111
110	24	112
110	24	113
110	24	114
110	24	115
110	25	102
110	25	103
110	25	104
110	25	105
110	25	106
110	25	107
110	25	108
110	25	109
110	25	110
110	25	111
110	25	112
110	25	113
110	25	114
110	25	115
110	25	116
110	26	102
110	26	103
110	26	104
110	26	105
110	26	106
110	26	107
110	26	108
110	26	109
110	26	110
110	26	111
110	26	112
110	26	113
110	26	114
110	26	115
110	26	116
110	26	117
110	27	102
110	27	103
110	27	104
110	27	105
110	27	106
110	27	107
110	27	108
110	27	109
110	27	110
110	27	111
110	27	112
110	27	113
110	27	114
110	27	115
110	27	116
110	27	117
110	27	118
110	28	102
110	28	103
110	28	104
110	28	105
110	28	106
110	28	107
110	28	108
110	28	109
110	28	110
110	28	111
110	28	112
110	28	113
110	28	114
110	28	115
110	28	116
110	28	117
110	28	118
110	28	119
110	29	102
110	29	103
110	29	104
110	29	105
110	29	106
110	29	107
110	29	108
110	29	109
110	29	110
110	29	111
110	29	112
110	29	113
110	29	114
110	29	115
110	29	116
110	29	117
110	29	118
110	29	119
110	29	120
110	30	101
110	30	102
110	30	103
110	30	104
110	30	105
110	30	106
110	30	107
110	30	108
110	30	109
110	30	110
110	30	111
110	30	112
110	30	113
110	30	114
110	30	115
110	30	116
110	30	117
110	30	118
110	31	101
110	31	102
110	31	103
110	31	104
110	31	105
110	31	106
110	31	107
110	31	108
110	31	109
110	31	110
110	31	111
110	31	112
110	31	113
110	31	114
110	31	115
110	32	101
110	32	102
110	32	103
110	32	104
110	32	105
110	32	106
110	32	107
110	32	108
110	32	109
110	32	110
110	32	111
110	32	112
110	32	113
110	32	114
110	33	100
110	33	101
110	33	102
110	33	103
110	33	104
110	33	105
110	33	106
110	33	107
110	33	108
110	33	109
110	33	110
110	33	111
110	33	112
110	33	113
110	34	102
110	34	103
110	34	104
110	34	105
110	34	106
110	34	107
110	34	108
110	34	109
110	35	108
111	10	90
111	10	91
111	11	89
111	11	90
111	11	91
111	11	92
111	11	93
111	12	88
111	12	89
111	12	90
111	12	91
111	12	92
111	12	93
111	12	94
111	13	88
111	13	89
111	13	90
111	13	91
111	13	92
111	13	93
111	13	94
111	13	95
111	14	87
111	14	88
111	14	89
111	14	90
111	14	91
111	14	92
111	14	93
111	14	94
111	14	95
111	15	86
111	15	87
111	15	88
111	15	89
111	15	90
111	15	91
111	15	92
111	15	93
111	15	94
111	15	95
111	15	105
111	16	87
111	16	88
111	16	89
111	16	90
111	16	91
111	16	92
111	16	93
111	16	94
111	16	95
111	16	96
111	16	103
111	16	104
111	16	105
111	16	106
111	16	107
111	17	89
111	17	90
111	17	91
111	17	92
111	17	93
111	17	94
111	17	95
111	17	96
111	17	97
111	17	102
111	17	103
111	17	104
111	17	105
111	17	106
111	17	107
111	17	108
111	17	109
111	18	90
111	18	91
111	18	92
111	18	93
111	18	94
111	18	95
111	18	96
111	18	102
111	18	103
111	18	104
111	18	105
111	18	106
111	18	107
111	18	108
111	18	109
111	19	91
111	19	92
111	19	93
111	19	94
111	19	95
111	19	96
111	19	100
111	19	101
111	19	102
111	19	103
111	19	104
111	19	105
111	19	106
111	19	107
111	19	108
111	19	109
111	19	110
111	20	91
111	20	92
111	20	93
111	20	94
111	20	95
111	20	96
111	20	100
111	20	101
111	20	102
111	20	103
111	20	104
111	20	105
111	20	106
111	20	107
111	20	108
111	20	109
111	20	110
111	20	111
111	21	93
111	21	94
111	21	95
111	21	96
111	21	100
111	21	101
111	21	102
111	21	103
111	21	104
111	21	105
111	21	106
111	21	107
111	21	108
111	21	109
111	21	110
111	21	111
111	21	112
111	22	101
111	22	102
111	22	103
111	22	104
111	22	105
111	22	106
111	22	107
111	22	108
111	22	109
111	22	110
111	22	111
111	22	112
111	22	113
111	23	101
111	23	102
111	23	103
111	23	104
111	23	105
111	23	106
111	23	107
111	23	108
111	23	109
111	23	110
111	23	111
111	23	112
111	23	113
111	23	114
111	23	115
111	24	102
111	24	103
111	24	104
111	24	105
111	24	106
111	24	107
111	24	108
111	24	109
111	24	110
111	24	111
111	24	112
111	24	113
111	24	114
111	24	115
111	24	116
111	25	102
111	25	103
111	25	104
111	25	105
111	25	106
111	25	107
111	25	108
111	25	109
111	25	110
111	25	111
111	25	112
111	25	113
111	25	114
111	25	115
111	25	116
111	25	117
111	26	102
111	26	103
111	26	104
111	26	105
111	26	106
111	26	107
111	26	108
111	26	109
111	26	110
111	26	111
111	26	112
111	26	113
111	26	114
111	26	115
111	26	116
111	26	117
111	26	118
111	27	102
111	27	103
111	27	104
111	27	105
111	27	106
111	27	107
111	27	108
111	27	109
111	27	110
111	27	111
111	27	112
111	27	113
111	27	114
111	27	115
111	27	116
111	27	117
111	27	118
111	27	119
111	28	102
111	28	103
111	28	104
111	28	105
111	28	106
111	28	107
111	28	108
111	28	109
111	28	110
111	28	111
111	28	112
111	28	113
111	28	114
111	28	115
111	28	116
111	28	117
111	28	118
111	28	119
111	28	120
111	29	102
111	29	103
111	29	104
111	29	105
111	29	106
111	29	107
111	29	108
111	29	109
111	29	110
111	29	111
111	29	112
111	29	113
111	29	114
111	29	115
111	29	116
111	29	117
111	29	118
111	29	119
111	29	120
111	30	101
111	30	102
111	30	103
111	30	104
111	30	105
111	30	106
111	30	107
111	30	108
111	30	109
111	30	110
111	30	111
111	30	112
111	30	113
111	30	114
111	30	115
111	30	116
111	30	117
111	30	118
111	30	119
111	30	120
111	30	121
111	31	101
111	31	102
111	31	103
111	31	104
111	31	105
111	31	106
111	31	107
111	31	108
111	31	109
111	31	110
111	31	111
111	31	112
111	31	113
111	31	114
111	31	115
111	31	116
111	31	117
111	32	100
111	32	101
111	32	102
111	32	103
111	32	104
111	32	105
111	32	106
111	32	107
111	32	108
111	32	109
111	32	110
111	32	111
111	32	112
111	32	113
111	32	114
111	32	115
111	32	116
111	33	100
111	33	101
111	33	102
111	33	103
111	33	104
111	33	105
111	33	106
111	33	107
111	33	108
111	33	109
111	33	110
111	33	111
111	33	112
111	33	113
111	33	114
111	33	115
111	34	101
111	34	102
111	34	103
111	34	104
111	34	105
111	34	106
111	34	107
111	34	108
111	34	109
111	34	110
111	34	111
111	34	112
111	35	102
111	35	103
111	35	104
111	35	105
111	35	106
111	35	107
111	35	108
111	35	109
111	36	109
112	10	90
112	11	89
112	11	90
112	11	91
112	11	92
112	11	93
112	12	89
112	12	90
112	12	91
112	12	92
112	12	93
112	13	88
112	13	89
112	13	90
112	13	91
112	13	92
112	13	93
112	13	94
112	14	88
112	14	89
112	14	90
112	14	91
112	14	92
112	14	93
112	14	94
112	14	95
112	15	87
112	15	88
112	15	89
112	15	90
112	15	91
112	15	92
112	15	93
112	15	94
112	15	95
112	15	105
112	15	106
112	16	88
112	16	89
112	16	90
112	16	91
112	16	92
112	16	93
112	16	94
112	16	95
112	16	96
112	16	103
112	16	104
112	16	105
112	16	106
112	16	107
112	16	108
112	17	89
112	17	90
112	17	91
112	17	92
112	17	93
112	17	94
112	17	95
112	17	96
112	17	97
112	17	103
112	17	104
112	17	105
112	17	106
112	17	107
112	17	108
112	17	109
112	18	90
112	18	91
112	18	92
112	18	93
112	18	94
112	18	95
112	18	96
112	18	97
112	18	99
112	18	102
112	18	103
112	18	104
112	18	105
112	18	106
112	18	107
112	18	108
112	18	109
112	18	110
112	19	91
112	19	92
112	19	93
112	19	94
112	19	95
112	19	96
112	19	102
112	19	103
112	19	104
112	19	105
112	19	106
112	19	107
112	19	108
112	19	109
112	19	110
112	19	111
112	20	92
112	20	93
112	20	94
112	20	95
112	20	96
112	20	101
112	20	102
112	20	103
112	20	104
112	20	105
112	20	106
112	20	107
112	20	108
112	20	109
112	20	110
112	20	111
112	20	112
112	21	94
112	21	95
112	21	96
112	21	97
112	21	100
112	21	101
112	21	102
112	21	103
112	21	104
112	21	105
112	21	106
112	21	107
112	21	108
112	21	109
112	21	110
112	21	111
112	21	112
112	21	113
112	22	95
112	22	100
112	22	101
112	22	102
112	22	103
112	22	104
112	22	105
112	22	106
112	22	107
112	22	108
112	22	109
112	22	110
112	22	111
112	22	112
112	22	113
112	22	114
112	23	101
112	23	102
112	23	103
112	23	104
112	23	105
112	23	106
112	23	107
112	23	108
112	23	109
112	23	110
112	23	111
112	23	112
112	23	113
112	23	114
112	23	115
112	23	116
112	24	102
112	24	103
112	24	104
112	24	105
112	24	106
112	24	107
112	24	108
112	24	109
112	24	110
112	24	111
112	24	112
112	24	113
112	24	114
112	24	115
112	24	116
112	24	117
112	25	102
112	25	103
112	25	104
112	25	105
112	25	106
112	25	107
112	25	108
112	25	109
112	25	110
112	25	111
112	25	112
112	25	113
112	25	114
112	25	115
112	25	116
112	25	117
112	25	118
112	26	102
112	26	103
112	26	104
112	26	105
112	26	106
112	26	107
112	26	108
112	26	109
112	26	110
112	26	111
112	26	112
112	26	113
112	26	114
112	26	115
112	26	116
112	26	117
112	26	118
112	26	119
112	27	102
112	27	103
112	27	104
112	27	105
112	27	106
112	27	107
112	27	108
112	27	109
112	27	110
112	27	111
112	27	112
112	27	113
112	27	114
112	27	115
112	27	116
112	27	117
112	27	118
112	27	119
112	27	120
112	28	102
112	28	103
112	28	104
112	28	105
112	28	106
112	28	107
112	28	108
112	28	109
112	28	110
112	28	111
112	28	112
112	28	113
112	28	114
112	28	115
112	28	116
112	28	117
112	28	118
112	28	119
112	28	120
112	29	102
112	29	103
112	29	104
112	29	105
112	29	106
112	29	107
112	29	108
112	29	109
112	29	110
112	29	111
112	29	112
112	29	113
112	29	114
112	29	115
112	29	116
112	29	117
112	29	118
112	29	119
112	29	120
112	29	121
112	30	101
112	30	102
112	30	103
112	30	104
112	30	105
112	30	106
112	30	107
112	30	108
112	30	109
112	30	110
112	30	111
112	30	112
112	30	113
112	30	114
112	30	115
112	30	116
112	30	117
112	30	118
112	30	119
112	30	120
112	30	121
112	31	101
112	31	102
112	31	103
112	31	104
112	31	105
112	31	106
112	31	107
112	31	108
112	31	109
112	31	110
112	31	111
112	31	112
112	31	113
112	31	114
112	31	115
112	31	116
112	31	117
112	31	118
112	31	119
112	31	120
112	32	100
112	32	101
112	32	102
112	32	103
112	32	104
112	32	105
112	32	106
112	32	107
112	32	108
112	32	109
112	32	110
112	32	111
112	32	112
112	32	113
112	32	114
112	32	115
112	32	116
112	32	117
112	33	100
112	33	101
112	33	102
112	33	103
112	33	104
112	33	105
112	33	106
112	33	107
112	33	108
112	33	109
112	33	110
112	33	111
112	33	112
112	33	113
112	33	114
112	33	115
112	33	116
112	34	101
112	34	102
112	34	103
112	34	104
112	34	105
112	34	106
112	34	107
112	34	108
112	34	109
112	34	110
112	34	111
112	34	112
112	34	113
112	34	114
112	35	101
112	35	102
112	35	103
112	35	104
112	35	105
112	35	106
112	35	107
112	35	108
112	35	109
112	35	110
112	35	111
112	36	102
112	36	103
112	36	104
112	36	105
112	36	106
112	36	107
112	36	108
112	36	109
112	36	110
112	37	109
113	12	89
113	12	90
113	12	91
113	12	92
113	12	93
113	13	89
113	13	90
113	13	91
113	13	92
113	13	93
113	13	94
113	14	88
113	14	89
113	14	90
113	14	91
113	14	92
113	14	93
113	14	94
113	14	95
113	15	88
113	15	89
113	15	90
113	15	91
113	15	92
113	15	93
113	15	94
113	15	95
113	15	106
113	15	107
113	16	88
113	16	89
113	16	90
113	16	91
113	16	92
113	16	93
113	16	94
113	16	95
113	16	96
113	16	104
113	16	105
113	16	106
113	16	107
113	16	108
113	16	109
113	17	89
113	17	90
113	17	91
113	17	92
113	17	93
113	17	94
113	17	95
113	17	96
113	17	97
113	17	98
113	17	103
113	17	104
113	17	105
113	17	106
113	17	107
113	17	108
113	17	109
113	17	110
113	18	90
113	18	91
113	18	92
113	18	93
113	18	94
113	18	95
113	18	96
113	18	97
113	18	98
113	18	99
113	18	103
113	18	104
113	18	105
113	18	106
113	18	107
113	18	108
113	18	109
113	18	110
113	18	111
113	19	91
113	19	92
113	19	93
113	19	94
113	19	95
113	19	96
113	19	97
113	19	99
113	19	100
113	19	103
113	19	104
113	19	105
113	19	106
113	19	107
113	19	108
113	19	109
113	19	110
113	19	111
113	19	112
113	20	92
113	20	93
113	20	94
113	20	95
113	20	96
113	20	97
113	20	102
113	20	103
113	20	104
113	20	105
113	20	106
113	20	107
113	20	108
113	20	109
113	20	110
113	20	111
113	20	112
113	20	113
113	21	94
113	21	95
113	21	96
113	21	97
113	21	98
113	21	100
113	21	101
113	21	102
113	21	103
113	21	104
113	21	105
113	21	106
113	21	107
113	21	108
113	21	109
113	21	110
113	21	111
113	21	112
113	21	113
113	21	114
113	22	96
113	22	100
113	22	101
113	22	102
113	22	103
113	22	104
113	22	105
113	22	106
113	22	107
113	22	108
113	22	109
113	22	110
113	22	111
113	22	112
113	22	113
113	22	114
113	22	115
113	23	101
113	23	102
113	23	103
113	23	104
113	23	105
113	23	106
113	23	107
113	23	108
113	23	109
113	23	110
113	23	111
113	23	112
113	23	113
113	23	114
113	23	115
113	23	116
113	24	102
113	24	103
113	24	104
113	24	105
113	24	106
113	24	107
113	24	108
113	24	109
113	24	110
113	24	111
113	24	112
113	24	113
113	24	114
113	24	115
113	24	116
113	24	117
113	25	102
113	25	103
113	25	104
113	25	105
113	25	106
113	25	107
113	25	108
113	25	109
113	25	110
113	25	111
113	25	112
113	25	113
113	25	114
113	25	115
113	25	116
113	25	117
113	25	118
113	25	119
113	26	102
113	26	103
113	26	104
113	26	105
113	26	106
113	26	107
113	26	108
113	26	109
113	26	110
113	26	111
113	26	112
113	26	113
113	26	114
113	26	115
113	26	116
113	26	117
113	26	118
113	26	119
113	26	120
113	27	102
113	27	103
113	27	104
113	27	105
113	27	106
113	27	107
113	27	108
113	27	109
113	27	110
113	27	111
113	27	112
113	27	113
113	27	114
113	27	115
113	27	116
113	27	117
113	27	118
113	27	119
113	27	120
113	28	102
113	28	103
113	28	104
113	28	105
113	28	106
113	28	107
113	28	108
113	28	109
113	28	110
113	28	111
113	28	112
113	28	113
113	28	114
113	28	115
113	28	116
113	28	117
113	28	118
113	28	119
113	28	120
113	28	121
113	29	102
113	29	103
113	29	104
113	29	105
113	29	106
113	29	107
113	29	108
113	29	109
113	29	110
113	29	111
113	29	112
113	29	113
113	29	114
113	29	115
113	29	116
113	29	117
113	29	118
113	29	119
113	29	120
113	29	121
113	30	101
113	30	102
113	30	103
113	30	104
113	30	105
113	30	106
113	30	107
113	30	108
113	30	109
113	30	110
113	30	111
113	30	112
113	30	113
113	30	114
113	30	115
113	30	116
113	30	117
113	30	118
113	30	119
113	30	120
113	30	121
113	31	101
113	31	102
113	31	103
113	31	104
113	31	105
113	31	106
113	31	107
113	31	108
113	31	109
113	31	110
113	31	111
113	31	112
113	31	113
113	31	114
113	31	115
113	31	116
113	31	117
113	31	118
113	31	119
113	31	120
113	32	100
113	32	101
113	32	102
113	32	103
113	32	104
113	32	105
113	32	106
113	32	107
113	32	108
113	32	109
113	32	110
113	32	111
113	32	112
113	32	113
113	32	114
113	32	115
113	32	116
113	32	117
113	32	118
113	32	119
113	33	101
113	33	102
113	33	103
113	33	104
113	33	105
113	33	106
113	33	107
113	33	108
113	33	109
113	33	110
113	33	111
113	33	112
113	33	113
113	33	114
113	33	115
113	33	116
113	33	117
113	33	118
113	34	101
113	34	102
113	34	103
113	34	104
113	34	105
113	34	106
113	34	107
113	34	108
113	34	109
113	34	110
113	34	111
113	34	112
113	34	113
113	34	114
113	34	115
113	34	116
113	34	117
113	35	101
113	35	102
113	35	103
113	35	104
113	35	105
113	35	106
113	35	107
113	35	108
113	35	109
113	35	110
113	35	111
113	35	112
113	35	113
113	36	102
113	36	103
113	36	104
113	36	105
113	36	106
113	36	107
113	36	108
113	36	109
113	36	110
113	36	111
113	36	112
113	37	103
113	37	106
113	37	107
113	37	108
113	37	109
113	37	110
113	37	111
113	38	108
114	12	93
114	13	89
114	13	90
114	13	91
114	13	92
114	13	93
114	13	94
114	14	89
114	14	90
114	14	91
114	14	92
114	14	93
114	14	94
114	14	95
114	15	88
114	15	89
114	15	90
114	15	91
114	15	92
114	15	93
114	15	94
114	15	95
114	15	107
114	15	108
114	16	88
114	16	89
114	16	90
114	16	91
114	16	92
114	16	93
114	16	94
114	16	95
114	16	96
114	16	97
114	16	105
114	16	106
114	16	107
114	16	108
114	16	109
114	16	110
114	17	89
114	17	90
114	17	91
114	17	92
114	17	93
114	17	94
114	17	95
114	17	96
114	17	97
114	17	98
114	17	104
114	17	105
114	17	106
114	17	107
114	17	108
114	17	109
114	17	110
114	17	111
114	18	90
114	18	91
114	18	92
114	18	93
114	18	94
114	18	95
114	18	96
114	18	97
114	18	98
114	18	99
114	18	104
114	18	105
114	18	106
114	18	107
114	18	108
114	18	109
114	18	110
114	18	111
114	18	112
114	19	91
114	19	92
114	19	93
114	19	94
114	19	95
114	19	96
114	19	97
114	19	98
114	19	99
114	19	100
114	19	104
114	19	105
114	19	106
114	19	107
114	19	108
114	19	109
114	19	110
114	19	111
114	19	112
114	19	113
114	20	92
114	20	93
114	20	94
114	20	95
114	20	96
114	20	97
114	20	98
114	20	99
114	20	100
114	20	101
114	20	103
114	20	104
114	20	105
114	20	106
114	20	107
114	20	108
114	20	109
114	20	110
114	20	111
114	20	112
114	20	113
114	20	114
114	21	95
114	21	96
114	21	97
114	21	98
114	21	99
114	21	100
114	21	101
114	21	102
114	21	103
114	21	104
114	21	105
114	21	106
114	21	107
114	21	108
114	21	109
114	21	110
114	21	111
114	21	112
114	21	113
114	21	114
114	21	115
114	22	96
114	22	97
114	22	100
114	22	102
114	22	103
114	22	104
114	22	105
114	22	106
114	22	107
114	22	108
114	22	109
114	22	110
114	22	111
114	22	112
114	22	113
114	22	114
114	22	115
114	22	116
114	23	101
114	23	102
114	23	103
114	23	104
114	23	105
114	23	106
114	23	107
114	23	108
114	23	109
114	23	110
114	23	111
114	23	112
114	23	113
114	23	114
114	23	115
114	23	116
114	23	117
114	24	101
114	24	102
114	24	103
114	24	104
114	24	105
114	24	106
114	24	107
114	24	108
114	24	109
114	24	110
114	24	111
114	24	112
114	24	113
114	24	114
114	24	115
114	24	116
114	24	117
114	24	118
114	25	101
114	25	102
114	25	103
114	25	104
114	25	105
114	25	106
114	25	107
114	25	108
114	25	109
114	25	110
114	25	111
114	25	112
114	25	113
114	25	114
114	25	115
114	25	116
114	25	117
114	25	118
114	25	119
114	26	101
114	26	102
114	26	103
114	26	104
114	26	105
114	26	106
114	26	107
114	26	108
114	26	109
114	26	110
114	26	111
114	26	112
114	26	113
114	26	114
114	26	115
114	26	116
114	26	117
114	26	118
114	26	119
114	26	120
114	27	101
114	27	102
114	27	103
114	27	104
114	27	105
114	27	106
114	27	107
114	27	108
114	27	109
114	27	110
114	27	111
114	27	112
114	27	113
114	27	114
114	27	115
114	27	116
114	27	117
114	27	118
114	27	119
114	27	120
114	27	121
114	28	101
114	28	102
114	28	103
114	28	104
114	28	105
114	28	106
114	28	107
114	28	108
114	28	109
114	28	110
114	28	111
114	28	112
114	28	113
114	28	114
114	28	115
114	28	116
114	28	117
114	28	118
114	28	119
114	28	120
114	28	121
114	29	101
114	29	102
114	29	103
114	29	104
114	29	105
114	29	106
114	29	107
114	29	108
114	29	109
114	29	110
114	29	111
114	29	112
114	29	113
114	29	114
114	29	115
114	29	116
114	29	117
114	29	118
114	29	119
114	29	120
114	29	121
114	30	101
114	30	102
114	30	103
114	30	104
114	30	105
114	30	106
114	30	107
114	30	108
114	30	109
114	30	110
114	30	111
114	30	112
114	30	113
114	30	114
114	30	115
114	30	116
114	30	117
114	30	118
114	30	119
114	30	120
114	30	121
114	31	100
114	31	101
114	31	102
114	31	103
114	31	104
114	31	105
114	31	106
114	31	107
114	31	108
114	31	109
114	31	110
114	31	111
114	31	112
114	31	113
114	31	114
114	31	115
114	31	116
114	31	117
114	31	118
114	31	119
114	31	120
114	32	100
114	32	101
114	32	102
114	32	103
114	32	104
114	32	105
114	32	106
114	32	107
114	32	108
114	32	109
114	32	110
114	32	111
114	32	112
114	32	113
114	32	114
114	32	115
114	32	116
114	32	117
114	32	118
114	32	119
114	33	101
114	33	102
114	33	103
114	33	104
114	33	105
114	33	106
114	33	107
114	33	108
114	33	109
114	33	110
114	33	111
114	33	112
114	33	113
114	33	114
114	33	115
114	33	116
114	33	117
114	33	118
114	33	119
114	34	101
114	34	102
114	34	103
114	34	104
114	34	105
114	34	106
114	34	107
114	34	108
114	34	109
114	34	110
114	34	111
114	34	112
114	34	113
114	34	114
114	34	115
114	34	116
114	34	117
114	34	118
114	34	119
114	35	101
114	35	102
114	35	103
114	35	104
114	35	105
114	35	106
114	35	107
114	35	108
114	35	109
114	35	110
114	35	111
114	35	112
114	35	113
114	35	114
114	35	115
114	35	116
114	36	102
114	36	103
114	36	104
114	36	105
114	36	106
114	36	107
114	36	108
114	36	109
114	36	110
114	36	111
114	36	112
114	36	113
114	37	103
114	37	104
114	37	105
114	37	106
114	37	107
114	37	108
114	37	109
114	37	110
114	37	111
114	38	107
114	38	108
114	38	109
114	38	110
115	13	90
115	13	92
115	13	93
115	13	94
115	14	90
115	14	91
115	14	92
115	14	93
115	14	94
115	15	89
115	15	90
115	15	91
115	15	92
115	15	93
115	15	94
115	15	95
115	16	88
115	16	89
115	16	90
115	16	91
115	16	92
115	16	93
115	16	94
115	16	95
115	16	96
115	16	97
115	16	106
115	16	107
115	16	108
115	16	109
115	16	110
115	17	89
115	17	90
115	17	91
115	17	92
115	17	93
115	17	94
115	17	95
115	17	96
115	17	97
115	17	98
115	17	105
115	17	106
115	17	107
115	17	108
115	17	109
115	17	110
115	17	111
115	18	90
115	18	91
115	18	92
115	18	93
115	18	94
115	18	95
115	18	96
115	18	97
115	18	98
115	18	99
115	18	105
115	18	106
115	18	107
115	18	108
115	18	109
115	18	110
115	18	111
115	18	112
115	19	91
115	19	92
115	19	93
115	19	94
115	19	95
115	19	96
115	19	97
115	19	98
115	19	99
115	19	100
115	19	104
115	19	105
115	19	106
115	19	107
115	19	108
115	19	109
115	19	110
115	19	111
115	19	112
115	19	113
115	20	93
115	20	94
115	20	95
115	20	96
115	20	97
115	20	98
115	20	99
115	20	100
115	20	101
115	20	104
115	20	105
115	20	106
115	20	107
115	20	108
115	20	109
115	20	110
115	20	111
115	20	112
115	20	113
115	20	114
115	21	95
115	21	96
115	21	97
115	21	98
115	21	99
115	21	100
115	21	101
115	21	102
115	21	104
115	21	105
115	21	106
115	21	107
115	21	108
115	21	109
115	21	110
115	21	111
115	21	112
115	21	113
115	21	114
115	21	115
115	22	97
115	22	98
115	22	99
115	22	100
115	22	101
115	22	102
115	22	103
115	22	104
115	22	105
115	22	106
115	22	107
115	22	108
115	22	109
115	22	110
115	22	111
115	22	112
115	22	113
115	22	114
115	22	115
115	22	116
115	23	99
115	23	101
115	23	102
115	23	103
115	23	104
115	23	105
115	23	106
115	23	107
115	23	108
115	23	109
115	23	110
115	23	111
115	23	112
115	23	113
115	23	114
115	23	115
115	23	116
115	23	117
115	24	102
115	24	103
115	24	104
115	24	105
115	24	106
115	24	107
115	24	108
115	24	109
115	24	110
115	24	111
115	24	112
115	24	113
115	24	114
115	24	115
115	24	116
115	24	117
115	24	118
115	25	101
115	25	102
115	25	103
115	25	104
115	25	105
115	25	106
115	25	107
115	25	108
115	25	109
115	25	110
115	25	111
115	25	112
115	25	113
115	25	114
115	25	115
115	25	116
115	25	117
115	25	118
115	25	119
115	26	101
115	26	102
115	26	103
115	26	104
115	26	105
115	26	106
115	26	107
115	26	108
115	26	109
115	26	110
115	26	111
115	26	112
115	26	113
115	26	114
115	26	115
115	26	116
115	26	117
115	26	118
115	26	119
115	26	120
115	26	121
115	27	101
115	27	102
115	27	103
115	27	104
115	27	105
115	27	106
115	27	107
115	27	108
115	27	109
115	27	110
115	27	111
115	27	112
115	27	113
115	27	114
115	27	115
115	27	116
115	27	117
115	27	118
115	27	119
115	27	120
115	27	121
115	28	101
115	28	102
115	28	103
115	28	104
115	28	105
115	28	106
115	28	107
115	28	108
115	28	109
115	28	110
115	28	111
115	28	112
115	28	113
115	28	114
115	28	115
115	28	116
115	28	117
115	28	118
115	28	119
115	28	120
115	28	121
115	28	122
115	29	101
115	29	102
115	29	103
115	29	104
115	29	105
115	29	106
115	29	107
115	29	108
115	29	109
115	29	110
115	29	111
115	29	112
115	29	113
115	29	114
115	29	115
115	29	116
115	29	117
115	29	118
115	29	119
115	29	120
115	29	121
115	29	122
115	30	100
115	30	101
115	30	102
115	30	103
115	30	104
115	30	105
115	30	106
115	30	107
115	30	108
115	30	109
115	30	110
115	30	111
115	30	112
115	30	113
115	30	114
115	30	115
115	30	116
115	30	117
115	30	118
115	30	119
115	30	120
115	30	121
115	31	100
115	31	101
115	31	102
115	31	103
115	31	104
115	31	105
115	31	106
115	31	107
115	31	108
115	31	109
115	31	110
115	31	111
115	31	112
115	31	113
115	31	114
115	31	115
115	31	116
115	31	117
115	31	118
115	31	119
115	31	120
115	32	101
115	32	102
115	32	103
115	32	104
115	32	105
115	32	106
115	32	107
115	32	108
115	32	109
115	32	110
115	32	111
115	32	112
115	32	113
115	32	114
115	32	115
115	32	116
115	32	117
115	32	118
115	32	119
115	32	120
115	33	102
115	33	103
115	33	104
115	33	105
115	33	106
115	33	107
115	33	108
115	33	109
115	33	110
115	33	111
115	33	112
115	33	113
115	33	114
115	33	115
115	33	116
115	33	117
115	33	118
115	33	119
115	33	120
115	34	102
115	34	103
115	34	104
115	34	105
115	34	106
115	34	107
115	34	108
115	34	109
115	34	110
115	34	111
115	34	112
115	34	113
115	34	114
115	34	115
115	34	116
115	34	117
115	34	118
115	34	119
115	34	120
115	35	101
115	35	102
115	35	103
115	35	104
115	35	105
115	35	106
115	35	107
115	35	108
115	35	109
115	35	110
115	35	111
115	35	112
115	35	113
115	35	114
115	35	115
115	35	116
115	35	117
115	35	118
115	35	119
115	35	120
115	36	102
115	36	103
115	36	104
115	36	105
115	36	106
115	36	107
115	36	108
115	36	109
115	36	110
115	36	111
115	36	112
115	36	113
115	36	114
115	36	115
115	37	103
115	37	104
115	37	105
115	37	106
115	37	107
115	37	108
115	37	109
115	37	110
115	37	111
115	37	112
115	38	106
115	38	107
115	38	108
115	38	109
115	38	110
115	38	111
115	39	108
116	13	92
116	13	93
116	14	90
116	14	91
116	14	92
116	14	93
116	14	94
116	15	90
116	15	91
116	15	92
116	15	93
116	15	94
116	15	95
116	16	89
116	16	90
116	16	91
116	16	92
116	16	93
116	16	94
116	16	95
116	16	96
116	16	97
116	16	106
116	16	107
116	16	108
116	16	109
116	17	89
116	17	90
116	17	91
116	17	92
116	17	93
116	17	94
116	17	95
116	17	96
116	17	97
116	17	98
116	17	106
116	17	107
116	17	108
116	17	109
116	17	110
116	17	111
116	18	90
116	18	91
116	18	92
116	18	93
116	18	94
116	18	95
116	18	96
116	18	97
116	18	98
116	18	99
116	18	105
116	18	106
116	18	107
116	18	108
116	18	109
116	18	110
116	18	111
116	18	112
116	18	113
116	19	92
116	19	93
116	19	94
116	19	95
116	19	96
116	19	97
116	19	98
116	19	99
116	19	100
116	19	105
116	19	106
116	19	107
116	19	108
116	19	109
116	19	110
116	19	111
116	19	112
116	19	113
116	19	114
116	20	94
116	20	95
116	20	96
116	20	97
116	20	98
116	20	99
116	20	100
116	20	101
116	20	105
116	20	106
116	20	107
116	20	108
116	20	109
116	20	110
116	20	111
116	20	112
116	20	113
116	20	114
116	20	115
116	21	96
116	21	97
116	21	98
116	21	99
116	21	100
116	21	101
116	21	102
116	21	105
116	21	106
116	21	107
116	21	108
116	21	109
116	21	110
116	21	111
116	21	112
116	21	113
116	21	114
116	21	115
116	21	116
116	22	98
116	22	99
116	22	100
116	22	101
116	22	102
116	22	103
116	22	104
116	22	105
116	22	106
116	22	107
116	22	108
116	22	109
116	22	110
116	22	111
116	22	112
116	22	113
116	22	114
116	22	115
116	22	116
116	23	99
116	23	100
116	23	101
116	23	102
116	23	103
116	23	104
116	23	105
116	23	106
116	23	107
116	23	108
116	23	109
116	23	110
116	23	111
116	23	112
116	23	113
116	23	114
116	23	115
116	23	116
116	23	117
116	24	100
116	24	102
116	24	103
116	24	104
116	24	105
116	24	106
116	24	107
116	24	108
116	24	109
116	24	110
116	24	111
116	24	112
116	24	113
116	24	114
116	24	115
116	24	116
116	24	117
116	24	118
116	25	102
116	25	103
116	25	104
116	25	105
116	25	106
116	25	107
116	25	108
116	25	109
116	25	110
116	25	111
116	25	112
116	25	113
116	25	114
116	25	115
116	25	116
116	25	117
116	25	118
116	25	119
116	25	120
116	26	101
116	26	102
116	26	103
116	26	104
116	26	105
116	26	106
116	26	107
116	26	108
116	26	109
116	26	110
116	26	111
116	26	112
116	26	113
116	26	114
116	26	115
116	26	116
116	26	117
116	26	118
116	26	119
116	26	120
116	26	121
116	27	101
116	27	102
116	27	103
116	27	104
116	27	105
116	27	106
116	27	107
116	27	108
116	27	109
116	27	110
116	27	111
116	27	112
116	27	113
116	27	114
116	27	115
116	27	116
116	27	117
116	27	118
116	27	119
116	27	120
116	27	121
116	28	101
116	28	102
116	28	103
116	28	104
116	28	105
116	28	106
116	28	107
116	28	108
116	28	109
116	28	110
116	28	111
116	28	112
116	28	113
116	28	114
116	28	115
116	28	116
116	28	117
116	28	118
116	28	119
116	28	120
116	28	121
116	28	122
116	29	101
116	29	102
116	29	103
116	29	104
116	29	105
116	29	106
116	29	107
116	29	108
116	29	109
116	29	110
116	29	111
116	29	112
116	29	113
116	29	114
116	29	115
116	29	116
116	29	117
116	29	118
116	29	119
116	29	120
116	29	121
116	29	122
116	30	101
116	30	102
116	30	103
116	30	104
116	30	105
116	30	106
116	30	107
116	30	108
116	30	109
116	30	110
116	30	111
116	30	112
116	30	113
116	30	114
116	30	115
116	30	116
116	30	117
116	30	118
116	30	119
116	30	120
116	30	121
116	31	100
116	31	101
116	31	102
116	31	103
116	31	104
116	31	105
116	31	106
116	31	107
116	31	108
116	31	109
116	31	110
116	31	111
116	31	112
116	31	113
116	31	114
116	31	115
116	31	116
116	31	117
116	31	118
116	31	119
116	31	120
116	31	121
116	32	101
116	32	102
116	32	103
116	32	104
116	32	105
116	32	106
116	32	107
116	32	108
116	32	109
116	32	110
116	32	111
116	32	112
116	32	113
116	32	114
116	32	115
116	32	116
116	32	117
116	32	118
116	32	119
116	32	120
116	32	121
116	33	102
116	33	103
116	33	104
116	33	105
116	33	106
116	33	107
116	33	108
116	33	109
116	33	110
116	33	111
116	33	112
116	33	113
116	33	114
116	33	115
116	33	116
116	33	117
116	33	118
116	33	119
116	33	120
116	33	121
116	34	102
116	34	103
116	34	104
116	34	105
116	34	106
116	34	107
116	34	108
116	34	109
116	34	110
116	34	111
116	34	112
116	34	113
116	34	114
116	34	115
116	34	116
116	34	117
116	34	118
116	34	119
116	34	120
116	34	121
116	35	101
116	35	102
116	35	103
116	35	104
116	35	105
116	35	106
116	35	107
116	35	108
116	35	109
116	35	110
116	35	111
116	35	112
116	35	113
116	35	114
116	35	115
116	35	116
116	35	117
116	35	118
116	35	119
116	35	120
116	35	121
116	36	102
116	36	103
116	36	104
116	36	105
116	36	106
116	36	107
116	36	108
116	36	109
116	36	110
116	36	111
116	36	112
116	36	113
116	36	114
116	36	115
116	36	116
116	36	117
116	36	118
116	36	119
116	36	120
116	37	103
116	37	104
116	37	105
116	37	106
116	37	107
116	37	108
116	37	109
116	37	110
116	37	111
116	37	112
116	37	113
116	38	106
116	38	107
116	38	108
116	38	109
116	38	110
116	38	111
116	38	112
116	39	108
116	39	109
116	39	110
117	13	92
117	13	93
117	14	91
117	14	92
117	14	93
117	14	94
117	15	91
117	15	92
117	15	93
117	15	94
117	15	95
117	15	96
117	16	90
117	16	91
117	16	92
117	16	93
117	16	94
117	16	95
117	16	96
117	17	89
117	17	90
117	17	91
117	17	92
117	17	93
117	17	94
117	17	95
117	17	96
117	17	97
117	17	98
117	17	107
117	17	108
117	17	109
117	17	110
117	18	91
117	18	92
117	18	93
117	18	94
117	18	95
117	18	96
117	18	97
117	18	98
117	18	99
117	18	106
117	18	107
117	18	108
117	18	109
117	18	110
117	18	111
117	18	112
117	19	93
117	19	94
117	19	95
117	19	96
117	19	97
117	19	98
117	19	99
117	19	100
117	19	106
117	19	107
117	19	108
117	19	109
117	19	110
117	19	111
117	19	112
117	19	113
117	19	114
117	20	94
117	20	95
117	20	96
117	20	97
117	20	98
117	20	99
117	20	100
117	20	101
117	20	106
117	20	107
117	20	108
117	20	109
117	20	110
117	20	111
117	20	112
117	20	113
117	20	114
117	20	115
117	21	96
117	21	97
117	21	98
117	21	99
117	21	100
117	21	101
117	21	102
117	21	106
117	21	107
117	21	108
117	21	109
117	21	110
117	21	111
117	21	112
117	21	113
117	21	114
117	21	115
117	21	116
117	22	98
117	22	99
117	22	100
117	22	101
117	22	102
117	22	103
117	22	105
117	22	106
117	22	107
117	22	108
117	22	109
117	22	110
117	22	111
117	22	112
117	22	113
117	22	114
117	22	115
117	22	116
117	23	99
117	23	100
117	23	101
117	23	102
117	23	103
117	23	104
117	23	105
117	23	106
117	23	107
117	23	108
117	23	109
117	23	110
117	23	111
117	23	112
117	23	113
117	23	114
117	23	115
117	23	116
117	23	117
117	24	100
117	24	101
117	24	102
117	24	103
117	24	104
117	24	105
117	24	106
117	24	107
117	24	108
117	24	109
117	24	110
117	24	111
117	24	112
117	24	113
117	24	114
117	24	115
117	24	116
117	24	117
117	24	118
117	25	101
117	25	102
117	25	103
117	25	104
117	25	105
117	25	106
117	25	107
117	25	108
117	25	109
117	25	110
117	25	111
117	25	112
117	25	113
117	25	114
117	25	115
117	25	116
117	25	117
117	25	118
117	25	119
117	25	120
117	26	102
117	26	103
117	26	104
117	26	105
117	26	106
117	26	107
117	26	108
117	26	109
117	26	110
117	26	111
117	26	112
117	26	113
117	26	114
117	26	115
117	26	116
117	26	117
117	26	118
117	26	119
117	26	120
117	26	121
117	27	101
117	27	102
117	27	103
117	27	104
117	27	105
117	27	106
117	27	107
117	27	108
117	27	109
117	27	110
117	27	111
117	27	112
117	27	113
117	27	114
117	27	115
117	27	116
117	27	117
117	27	118
117	27	119
117	27	120
117	27	121
117	28	101
117	28	102
117	28	103
117	28	104
117	28	105
117	28	106
117	28	107
117	28	108
117	28	109
117	28	110
117	28	111
117	28	112
117	28	113
117	28	114
117	28	115
117	28	116
117	28	117
117	28	118
117	28	119
117	28	120
117	28	121
117	28	122
117	29	101
117	29	102
117	29	103
117	29	104
117	29	105
117	29	106
117	29	107
117	29	108
117	29	109
117	29	110
117	29	111
117	29	112
117	29	113
117	29	114
117	29	115
117	29	116
117	29	117
117	29	118
117	29	119
117	29	120
117	29	121
117	29	122
117	30	101
117	30	102
117	30	103
117	30	104
117	30	105
117	30	106
117	30	107
117	30	108
117	30	109
117	30	110
117	30	111
117	30	112
117	30	113
117	30	114
117	30	115
117	30	116
117	30	117
117	30	118
117	30	119
117	30	120
117	30	121
117	30	122
117	31	101
117	31	102
117	31	103
117	31	104
117	31	105
117	31	106
117	31	107
117	31	108
117	31	109
117	31	110
117	31	111
117	31	112
117	31	113
117	31	114
117	31	115
117	31	116
117	31	117
117	31	118
117	31	119
117	31	120
117	31	121
117	31	122
117	32	101
117	32	102
117	32	103
117	32	104
117	32	105
117	32	106
117	32	107
117	32	108
117	32	109
117	32	110
117	32	111
117	32	112
117	32	113
117	32	114
117	32	115
117	32	116
117	32	117
117	32	118
117	32	119
117	32	120
117	32	121
117	32	122
117	33	102
117	33	103
117	33	104
117	33	105
117	33	106
117	33	107
117	33	108
117	33	109
117	33	110
117	33	111
117	33	112
117	33	113
117	33	114
117	33	115
117	33	116
117	33	117
117	33	118
117	33	119
117	33	120
117	33	121
117	33	122
117	34	102
117	34	103
117	34	104
117	34	105
117	34	106
117	34	107
117	34	108
117	34	109
117	34	110
117	34	111
117	34	112
117	34	113
117	34	114
117	34	115
117	34	116
117	34	117
117	34	118
117	34	119
117	34	120
117	34	121
117	35	101
117	35	102
117	35	103
117	35	104
117	35	105
117	35	106
117	35	107
117	35	108
117	35	109
117	35	110
117	35	111
117	35	112
117	35	113
117	35	114
117	35	115
117	35	116
117	35	117
117	35	118
117	35	119
117	35	120
117	36	102
117	36	103
117	36	104
117	36	105
117	36	106
117	36	107
117	36	108
117	36	109
117	36	110
117	36	111
117	36	112
117	36	113
117	36	114
117	36	115
117	36	116
117	36	117
117	36	118
117	36	119
117	37	103
117	37	104
117	37	105
117	37	106
117	37	107
117	37	108
117	37	109
117	37	110
117	37	111
117	37	112
117	37	113
117	37	114
117	38	106
117	38	107
117	38	108
117	38	109
117	38	110
117	38	111
117	38	112
117	38	113
117	39	109
117	39	110
118	14	92
118	14	93
118	14	94
118	14	95
118	15	91
118	15	92
118	15	93
118	15	94
118	15	95
118	16	90
118	16	91
118	16	92
118	16	93
118	16	94
118	16	95
118	16	96
118	16	97
118	17	90
118	17	91
118	17	92
118	17	93
118	17	94
118	17	95
118	17	96
118	17	97
118	17	98
118	17	108
118	18	92
118	18	93
118	18	94
118	18	95
118	18	96
118	18	97
118	18	98
118	18	99
118	18	108
118	18	109
118	18	110
118	18	111
118	19	93
118	19	94
118	19	95
118	19	96
118	19	97
118	19	98
118	19	99
118	19	100
118	19	107
118	19	108
118	19	109
118	19	110
118	19	111
118	19	112
118	19	113
118	20	97
118	20	98
118	20	99
118	20	100
118	20	101
118	20	107
118	20	108
118	20	109
118	20	110
118	20	111
118	20	112
118	20	113
118	20	114
118	20	115
118	21	97
118	21	98
118	21	99
118	21	100
118	21	101
118	21	102
118	21	107
118	21	108
118	21	109
118	21	110
118	21	111
118	21	112
118	21	113
118	21	114
118	21	115
118	21	116
118	22	98
118	22	99
118	22	100
118	22	101
118	22	102
118	22	103
118	22	106
118	22	107
118	22	108
118	22	109
118	22	110
118	22	111
118	22	112
118	22	113
118	22	114
118	22	115
118	22	116
118	23	99
118	23	100
118	23	101
118	23	102
118	23	103
118	23	104
118	23	106
118	23	107
118	23	108
118	23	109
118	23	110
118	23	111
118	23	112
118	23	113
118	23	114
118	23	115
118	23	116
118	23	117
118	24	100
118	24	101
118	24	102
118	24	103
118	24	104
118	24	105
118	24	106
118	24	107
118	24	108
118	24	109
118	24	110
118	24	111
118	24	112
118	24	113
118	24	114
118	24	115
118	24	116
118	24	117
118	24	118
118	25	101
118	25	102
118	25	103
118	25	104
118	25	105
118	25	106
118	25	107
118	25	108
118	25	109
118	25	110
118	25	111
118	25	112
118	25	113
118	25	114
118	25	115
118	25	116
118	25	117
118	25	118
118	25	119
118	26	102
118	26	103
118	26	104
118	26	105
118	26	106
118	26	107
118	26	108
118	26	109
118	26	110
118	26	111
118	26	112
118	26	113
118	26	114
118	26	115
118	26	116
118	26	117
118	26	118
118	26	119
118	26	120
118	26	121
118	27	102
118	27	103
118	27	104
118	27	105
118	27	106
118	27	107
118	27	108
118	27	109
118	27	110
118	27	111
118	27	112
118	27	113
118	27	114
118	27	115
118	27	116
118	27	117
118	27	118
118	27	119
118	27	120
118	27	121
118	28	102
118	28	103
118	28	104
118	28	105
118	28	106
118	28	107
118	28	108
118	28	109
118	28	110
118	28	111
118	28	112
118	28	113
118	28	114
118	28	115
118	28	116
118	28	117
118	28	118
118	28	119
118	28	120
118	28	121
118	28	122
118	29	102
118	29	103
118	29	104
118	29	105
118	29	106
118	29	107
118	29	108
118	29	109
118	29	110
118	29	111
118	29	112
118	29	113
118	29	114
118	29	115
118	29	116
118	29	117
118	29	118
118	29	119
118	29	120
118	29	121
118	29	122
118	30	101
118	30	102
118	30	103
118	30	104
118	30	105
118	30	106
118	30	107
118	30	108
118	30	109
118	30	110
118	30	111
118	30	112
118	30	113
118	30	114
118	30	115
118	30	116
118	30	117
118	30	118
118	30	119
118	30	120
118	30	121
118	30	122
118	31	101
118	31	102
118	31	103
118	31	104
118	31	105
118	31	106
118	31	107
118	31	108
118	31	109
118	31	110
118	31	111
118	31	112
118	31	113
118	31	114
118	31	115
118	31	116
118	31	117
118	31	118
118	31	119
118	31	120
118	31	121
118	31	122
118	32	101
118	32	102
118	32	103
118	32	104
118	32	105
118	32	106
118	32	107
118	32	108
118	32	109
118	32	110
118	32	111
118	32	112
118	32	113
118	32	114
118	32	115
118	32	116
118	32	117
118	32	118
118	32	119
118	32	120
118	32	121
118	32	122
118	33	101
118	33	102
118	33	103
118	33	104
118	33	105
118	33	106
118	33	107
118	33	108
118	33	109
118	33	110
118	33	111
118	33	112
118	33	113
118	33	114
118	33	115
118	33	116
118	33	117
118	33	118
118	33	119
118	33	120
118	33	121
118	33	122
118	34	101
118	34	102
118	34	103
118	34	104
118	34	105
118	34	106
118	34	107
118	34	108
118	34	109
118	34	110
118	34	111
118	34	112
118	34	113
118	34	114
118	34	115
118	34	116
118	34	117
118	34	118
118	34	119
118	34	120
118	34	121
118	35	101
118	35	102
118	35	103
118	35	104
118	35	105
118	35	106
118	35	107
118	35	108
118	35	109
118	35	110
118	35	111
118	35	112
118	35	113
118	35	114
118	35	115
118	35	116
118	35	117
118	35	118
118	35	119
118	35	120
118	36	102
118	36	103
118	36	104
118	36	105
118	36	106
118	36	107
118	36	108
118	36	109
118	36	110
118	36	111
118	36	112
118	36	113
118	36	114
118	36	115
118	36	116
118	36	117
118	36	118
118	36	119
118	37	103
118	37	104
118	37	105
118	37	106
118	37	107
118	37	108
118	37	109
118	37	110
118	37	111
118	37	112
118	37	113
118	37	114
118	37	115
118	38	107
118	38	108
118	38	109
118	38	110
118	38	111
118	38	112
118	38	113
118	38	114
118	39	110
118	39	111
119	14	92
119	15	92
119	15	93
119	15	94
119	15	95
119	15	96
119	16	91
119	16	92
119	16	93
119	16	94
119	16	95
119	16	96
119	16	97
119	17	91
119	17	92
119	17	93
119	17	94
119	17	95
119	17	96
119	17	97
119	17	98
119	17	99
119	18	92
119	18	93
119	18	94
119	18	95
119	18	96
119	18	97
119	18	98
119	18	99
119	18	109
119	19	95
119	19	96
119	19	97
119	19	98
119	19	99
119	19	100
119	19	109
119	19	110
119	19	111
119	19	112
119	20	95
119	20	96
119	20	97
119	20	98
119	20	99
119	20	100
119	20	101
119	20	108
119	20	109
119	20	110
119	20	111
119	20	112
119	20	113
119	20	114
119	20	115
119	21	98
119	21	99
119	21	100
119	21	101
119	21	102
119	21	108
119	21	109
119	21	110
119	21	111
119	21	112
119	21	113
119	21	114
119	21	115
119	21	116
119	22	98
119	22	99
119	22	100
119	22	101
119	22	102
119	22	103
119	22	108
119	22	109
119	22	110
119	22	111
119	22	112
119	22	113
119	22	114
119	22	115
119	22	116
119	22	117
119	23	99
119	23	100
119	23	101
119	23	102
119	23	103
119	23	104
119	23	107
119	23	108
119	23	109
119	23	110
119	23	111
119	23	112
119	23	113
119	23	114
119	23	115
119	23	116
119	23	117
119	24	100
119	24	101
119	24	102
119	24	103
119	24	104
119	24	105
119	24	106
119	24	107
119	24	108
119	24	109
119	24	110
119	24	111
119	24	112
119	24	113
119	24	114
119	24	115
119	24	116
119	24	117
119	24	118
119	25	101
119	25	102
119	25	103
119	25	104
119	25	105
119	25	106
119	25	107
119	25	108
119	25	109
119	25	110
119	25	111
119	25	112
119	25	113
119	25	114
119	25	115
119	25	116
119	25	117
119	25	118
119	25	119
119	26	102
119	26	103
119	26	104
119	26	105
119	26	106
119	26	107
119	26	108
119	26	109
119	26	110
119	26	111
119	26	112
119	26	113
119	26	114
119	26	115
119	26	116
119	26	117
119	26	118
119	26	119
119	26	120
119	26	121
119	27	102
119	27	103
119	27	104
119	27	105
119	27	106
119	27	107
119	27	108
119	27	109
119	27	110
119	27	111
119	27	112
119	27	113
119	27	114
119	27	115
119	27	116
119	27	117
119	27	118
119	27	119
119	27	120
119	27	121
119	28	102
119	28	103
119	28	104
119	28	105
119	28	106
119	28	107
119	28	108
119	28	109
119	28	110
119	28	111
119	28	112
119	28	113
119	28	114
119	28	115
119	28	116
119	28	117
119	28	118
119	28	119
119	28	120
119	28	121
119	28	122
119	29	102
119	29	103
119	29	104
119	29	105
119	29	106
119	29	107
119	29	108
119	29	109
119	29	110
119	29	111
119	29	112
119	29	113
119	29	114
119	29	115
119	29	116
119	29	117
119	29	118
119	29	119
119	29	120
119	29	121
119	29	122
119	30	102
119	30	103
119	30	104
119	30	105
119	30	106
119	30	107
119	30	108
119	30	109
119	30	110
119	30	111
119	30	112
119	30	113
119	30	114
119	30	115
119	30	116
119	30	117
119	30	118
119	30	119
119	30	120
119	30	121
119	30	122
119	31	101
119	31	102
119	31	103
119	31	104
119	31	105
119	31	106
119	31	107
119	31	108
119	31	109
119	31	110
119	31	111
119	31	112
119	31	113
119	31	114
119	31	115
119	31	116
119	31	117
119	31	118
119	31	119
119	31	120
119	31	121
119	31	122
119	32	101
119	32	102
119	32	103
119	32	104
119	32	105
119	32	106
119	32	107
119	32	108
119	32	109
119	32	110
119	32	111
119	32	112
119	32	113
119	32	114
119	32	115
119	32	116
119	32	117
119	32	118
119	32	119
119	32	120
119	32	121
119	33	101
119	33	102
119	33	103
119	33	104
119	33	105
119	33	106
119	33	107
119	33	108
119	33	109
119	33	110
119	33	111
119	33	112
119	33	113
119	33	114
119	33	115
119	33	116
119	33	117
119	33	118
119	33	119
119	33	120
119	33	121
119	34	101
119	34	102
119	34	103
119	34	104
119	34	105
119	34	106
119	34	107
119	34	108
119	34	109
119	34	110
119	34	111
119	34	112
119	34	113
119	34	114
119	34	115
119	34	116
119	34	117
119	34	118
119	34	119
119	34	120
119	34	121
119	35	101
119	35	102
119	35	103
119	35	104
119	35	105
119	35	106
119	35	107
119	35	108
119	35	109
119	35	110
119	35	111
119	35	112
119	35	113
119	35	114
119	35	115
119	35	116
119	35	117
119	35	118
119	35	119
119	35	120
119	36	102
119	36	103
119	36	104
119	36	105
119	36	106
119	36	107
119	36	108
119	36	109
119	36	110
119	36	111
119	36	112
119	36	113
119	36	114
119	36	115
119	36	116
119	36	117
119	36	118
119	36	119
119	37	103
119	37	104
119	37	105
119	37	106
119	37	107
119	37	108
119	37	109
119	37	110
119	37	111
119	37	112
119	37	113
119	37	114
119	37	115
119	38	108
119	38	109
119	38	110
119	38	111
119	38	112
119	38	113
119	38	114
119	39	111
120	15	92
120	16	91
120	16	92
120	16	93
120	16	94
120	16	95
120	16	96
120	16	97
120	16	98
120	17	92
120	17	93
120	17	94
120	17	95
120	17	96
120	17	97
120	17	98
120	17	99
120	17	100
120	18	94
120	18	95
120	18	96
120	18	97
120	18	98
120	18	99
120	18	100
120	19	94
120	19	95
120	19	96
120	19	97
120	19	98
120	19	99
120	19	100
120	19	110
120	20	96
120	20	97
120	20	98
120	20	99
120	20	100
120	20	101
120	20	109
120	20	110
120	20	111
120	20	112
120	20	113
120	20	114
120	21	96
120	21	97
120	21	98
120	21	99
120	21	100
120	21	101
120	21	102
120	21	109
120	21	110
120	21	111
120	21	112
120	21	113
120	21	114
120	21	115
120	22	99
120	22	100
120	22	101
120	22	102
120	22	103
120	22	109
120	22	110
120	22	111
120	22	112
120	22	113
120	22	114
120	22	115
120	22	116
120	23	99
120	23	100
120	23	101
120	23	102
120	23	103
120	23	104
120	23	108
120	23	109
120	23	110
120	23	111
120	23	112
120	23	113
120	23	114
120	23	115
120	23	116
120	23	117
120	24	100
120	24	101
120	24	102
120	24	103
120	24	104
120	24	105
120	24	107
120	24	108
120	24	109
120	24	110
120	24	111
120	24	112
120	24	113
120	24	114
120	24	115
120	24	116
120	24	117
120	24	118
120	25	101
120	25	102
120	25	103
120	25	104
120	25	105
120	25	106
120	25	107
120	25	108
120	25	109
120	25	110
120	25	111
120	25	112
120	25	113
120	25	114
120	25	115
120	25	116
120	25	117
120	25	118
120	25	119
120	26	102
120	26	103
120	26	104
120	26	105
120	26	106
120	26	107
120	26	108
120	26	109
120	26	110
120	26	111
120	26	112
120	26	113
120	26	114
120	26	115
120	26	116
120	26	117
120	26	118
120	26	119
120	26	120
120	27	102
120	27	103
120	27	104
120	27	105
120	27	106
120	27	107
120	27	108
120	27	109
120	27	110
120	27	111
120	27	112
120	27	113
120	27	114
120	27	115
120	27	116
120	27	117
120	27	118
120	27	119
120	27	120
120	27	121
120	28	102
120	28	103
120	28	104
120	28	105
120	28	106
120	28	107
120	28	108
120	28	109
120	28	110
120	28	111
120	28	112
120	28	113
120	28	114
120	28	115
120	28	116
120	28	117
120	28	118
120	28	119
120	28	120
120	28	121
120	29	102
120	29	103
120	29	104
120	29	105
120	29	106
120	29	107
120	29	108
120	29	109
120	29	110
120	29	111
120	29	112
120	29	113
120	29	114
120	29	115
120	29	116
120	29	117
120	29	118
120	29	119
120	29	120
120	29	121
120	30	102
120	30	103
120	30	104
120	30	105
120	30	106
120	30	107
120	30	108
120	30	109
120	30	110
120	30	111
120	30	112
120	30	113
120	30	114
120	30	115
120	30	116
120	30	117
120	30	118
120	30	119
120	30	120
120	30	121
120	31	102
120	31	103
120	31	104
120	31	105
120	31	106
120	31	107
120	31	108
120	31	109
120	31	110
120	31	111
120	31	112
120	31	113
120	31	114
120	31	115
120	31	116
120	31	117
120	31	118
120	31	119
120	31	120
120	31	121
120	32	102
120	32	103
120	32	104
120	32	105
120	32	106
120	32	107
120	32	108
120	32	109
120	32	110
120	32	111
120	32	112
120	32	113
120	32	114
120	32	115
120	32	116
120	32	117
120	32	118
120	32	119
120	32	120
120	32	121
120	33	102
120	33	103
120	33	104
120	33	105
120	33	106
120	33	107
120	33	108
120	33	109
120	33	110
120	33	111
120	33	112
120	33	113
120	33	114
120	33	115
120	33	116
120	33	117
120	33	118
120	33	119
120	33	120
120	33	121
120	34	101
120	34	102
120	34	103
120	34	104
120	34	105
120	34	106
120	34	107
120	34	108
120	34	109
120	34	110
120	34	111
120	34	112
120	34	113
120	34	114
120	34	115
120	34	116
120	34	117
120	34	118
120	34	119
120	34	120
120	35	101
120	35	102
120	35	103
120	35	104
120	35	105
120	35	106
120	35	107
120	35	108
120	35	109
120	35	110
120	35	111
120	35	112
120	35	113
120	35	114
120	35	115
120	35	116
120	35	117
120	35	118
120	35	119
120	35	120
120	36	102
120	36	103
120	36	104
120	36	105
120	36	106
120	36	107
120	36	108
120	36	109
120	36	110
120	36	111
120	36	112
120	36	113
120	36	114
120	36	115
120	36	116
120	36	117
120	36	118
120	36	119
120	37	103
120	37	104
120	37	105
120	37	106
120	37	107
120	37	108
120	37	109
120	37	110
120	37	111
120	37	112
120	37	113
120	37	114
120	37	115
120	38	108
120	38	109
120	38	110
120	38	111
120	38	112
120	38	113
120	38	114
120	39	111
121	16	93
121	16	94
121	16	95
121	16	96
121	16	97
121	16	98
121	16	99
121	17	93
121	17	94
121	17	95
121	17	96
121	17	97
121	17	98
121	17	99
121	17	100
121	17	101
121	18	93
121	18	94
121	18	95
121	18	96
121	18	97
121	18	98
121	18	99
121	18	100
121	18	101
121	19	95
121	19	96
121	19	97
121	19	98
121	19	99
121	19	100
121	19	101
121	19	102
121	20	95
121	20	96
121	20	97
121	20	98
121	20	99
121	20	100
121	20	101
121	20	102
121	20	110
121	20	111
121	20	112
121	21	97
121	21	98
121	21	99
121	21	100
121	21	101
121	21	102
121	21	110
121	21	111
121	21	112
121	21	113
121	21	114
121	21	115
121	22	97
121	22	98
121	22	99
121	22	100
121	22	101
121	22	102
121	22	103
121	22	110
121	22	111
121	22	112
121	22	113
121	22	114
121	23	100
121	23	101
121	23	102
121	23	103
121	23	104
121	23	109
121	23	110
121	23	111
121	23	112
121	23	113
121	23	114
121	23	115
121	23	117
121	24	100
121	24	101
121	24	102
121	24	103
121	24	104
121	24	105
121	24	108
121	24	109
121	24	110
121	24	111
121	24	112
121	24	113
121	24	114
121	24	115
121	24	116
121	24	117
121	24	118
121	25	101
121	25	102
121	25	103
121	25	104
121	25	105
121	25	106
121	25	107
121	25	108
121	25	109
121	25	110
121	25	111
121	25	112
121	25	113
121	25	114
121	25	115
121	25	116
121	25	117
121	25	118
121	25	119
121	26	102
121	26	103
121	26	104
121	26	105
121	26	106
121	26	107
121	26	108
121	26	109
121	26	110
121	26	111
121	26	112
121	26	113
121	26	114
121	26	115
121	26	116
121	26	117
121	26	118
121	26	119
121	26	120
121	27	103
121	27	104
121	27	105
121	27	106
121	27	107
121	27	108
121	27	109
121	27	110
121	27	111
121	27	112
121	27	113
121	27	114
121	27	115
121	27	116
121	27	117
121	27	118
121	27	119
121	27	120
121	28	103
121	28	104
121	28	105
121	28	106
121	28	107
121	28	108
121	28	109
121	28	110
121	28	111
121	28	112
121	28	113
121	28	114
121	28	115
121	28	116
121	28	117
121	28	118
121	28	119
121	28	120
121	29	103
121	29	104
121	29	105
121	29	106
121	29	107
121	29	108
121	29	109
121	29	110
121	29	111
121	29	112
121	29	113
121	29	114
121	29	115
121	29	116
121	29	117
121	29	118
121	29	119
121	29	120
121	30	102
121	30	103
121	30	104
121	30	105
121	30	106
121	30	107
121	30	108
121	30	109
121	30	110
121	30	111
121	30	112
121	30	113
121	30	114
121	30	115
121	30	116
121	30	117
121	30	118
121	30	119
121	30	120
121	31	102
121	31	103
121	31	104
121	31	105
121	31	106
121	31	107
121	31	108
121	31	109
121	31	110
121	31	111
121	31	112
121	31	113
121	31	114
121	31	115
121	31	116
121	31	117
121	31	118
121	31	119
121	31	120
121	32	102
121	32	103
121	32	104
121	32	105
121	32	106
121	32	107
121	32	108
121	32	109
121	32	110
121	32	111
121	32	112
121	32	113
121	32	114
121	32	115
121	32	116
121	32	117
121	32	118
121	32	119
121	32	120
121	33	102
121	33	103
121	33	104
121	33	105
121	33	106
121	33	107
121	33	108
121	33	109
121	33	110
121	33	111
121	33	112
121	33	113
121	33	114
121	33	115
121	33	116
121	33	117
121	33	118
121	33	119
121	33	120
121	34	101
121	34	102
121	34	103
121	34	104
121	34	105
121	34	106
121	34	107
121	34	108
121	34	109
121	34	110
121	34	111
121	34	112
121	34	113
121	34	114
121	34	115
121	34	116
121	34	117
121	34	118
121	34	119
121	34	120
121	35	101
121	35	102
121	35	103
121	35	104
121	35	105
121	35	106
121	35	107
121	35	108
121	35	109
121	35	110
121	35	111
121	35	112
121	35	113
121	35	114
121	35	115
121	35	116
121	35	117
121	35	118
121	35	119
121	36	102
121	36	103
121	36	104
121	36	105
121	36	106
121	36	107
121	36	108
121	36	109
121	36	110
121	36	111
121	36	112
121	36	113
121	36	114
121	36	115
121	36	116
121	37	103
121	37	104
121	37	105
121	37	106
121	37	107
121	37	108
121	37	109
121	37	110
121	37	111
121	37	112
121	37	113
121	37	114
121	37	115
121	38	109
121	38	110
121	38	111
121	38	112
121	38	113
121	38	114
121	39	111
121	39	112
122	16	93
122	16	94
122	16	95
122	16	96
122	16	97
122	16	98
122	16	99
122	16	100
122	17	93
122	17	94
122	17	95
122	17	96
122	17	97
122	17	98
122	17	99
122	17	100
122	17	101
122	17	102
122	18	94
122	18	95
122	18	96
122	18	97
122	18	98
122	18	99
122	18	100
122	18	101
122	18	102
122	18	103
122	19	94
122	19	95
122	19	96
122	19	97
122	19	98
122	19	99
122	19	100
122	19	101
122	19	102
122	19	103
122	20	94
122	20	95
122	20	96
122	20	97
122	20	98
122	20	99
122	20	100
122	20	101
122	20	102
122	20	103
122	21	94
122	21	96
122	21	97
122	21	98
122	21	99
122	21	100
122	21	101
122	21	102
122	21	103
122	21	111
122	21	112
122	21	113
122	21	114
122	21	115
122	22	98
122	22	99
122	22	100
122	22	101
122	22	102
122	22	103
122	22	110
122	22	111
122	22	112
122	23	98
122	23	99
122	23	100
122	23	101
122	23	102
122	23	103
122	23	104
122	23	110
122	23	111
122	23	112
122	23	117
122	24	101
122	24	102
122	24	103
122	24	104
122	24	105
122	24	109
122	24	110
122	24	111
122	24	112
122	24	117
122	24	118
122	25	101
122	25	102
122	25	103
122	25	104
122	25	105
122	25	106
122	25	108
122	25	109
122	25	110
122	25	111
122	25	112
122	25	113
122	25	114
122	25	117
122	25	118
122	25	119
122	26	102
122	26	103
122	26	104
122	26	105
122	26	106
122	26	107
122	26	108
122	26	109
122	26	110
122	26	111
122	26	112
122	26	113
122	26	114
122	26	115
122	26	117
122	26	118
122	26	119
122	27	103
122	27	104
122	27	105
122	27	106
122	27	107
122	27	108
122	27	109
122	27	110
122	27	111
122	27	112
122	27	113
122	27	114
122	27	115
122	27	116
122	27	117
122	27	118
122	27	119
122	28	104
122	28	105
122	28	106
122	28	107
122	28	108
122	28	109
122	28	110
122	28	111
122	28	112
122	28	113
122	28	114
122	28	115
122	28	116
122	28	117
122	28	118
122	28	119
122	29	104
122	29	105
122	29	106
122	29	107
122	29	108
122	29	109
122	29	110
122	29	111
122	29	112
122	29	113
122	29	114
122	29	115
122	29	116
122	29	117
122	29	118
122	29	119
122	30	104
122	30	105
122	30	106
122	30	107
122	30	108
122	30	109
122	30	110
122	30	111
122	30	112
122	30	113
122	30	114
122	30	115
122	30	116
122	30	117
122	30	118
122	30	119
122	31	104
122	31	105
122	31	106
122	31	107
122	31	108
122	31	109
122	31	110
122	31	111
122	31	112
122	31	113
122	31	114
122	31	115
122	31	116
122	31	117
122	31	118
122	31	119
122	32	104
122	32	105
122	32	106
122	32	107
122	32	108
122	32	109
122	32	110
122	32	111
122	32	112
122	32	113
122	32	114
122	32	115
122	32	116
122	32	117
122	32	118
122	32	119
122	33	104
122	33	105
122	33	106
122	33	107
122	33	108
122	33	109
122	33	110
122	33	111
122	33	112
122	33	113
122	33	114
122	33	115
122	33	116
122	33	117
122	33	118
122	33	119
122	34	104
122	34	105
122	34	106
122	34	107
122	34	108
122	34	109
122	34	110
122	34	111
122	34	112
122	34	113
122	34	114
122	34	115
122	34	116
122	34	117
122	34	118
122	34	119
122	35	101
122	35	104
122	35	105
122	35	106
122	35	107
122	35	108
122	35	109
122	35	110
122	35	111
122	35	112
122	35	113
122	35	114
122	35	115
122	35	116
122	35	117
122	36	103
122	36	104
122	36	105
122	36	106
122	36	107
122	36	108
122	36	109
122	36	110
122	36	111
122	36	112
122	36	113
122	36	114
122	36	115
122	36	116
122	37	103
122	37	106
122	37	107
122	37	108
122	37	109
122	37	110
122	37	111
122	37	112
122	37	113
122	37	114
122	37	115
122	38	109
122	38	110
122	38	111
122	38	112
122	38	113
122	38	114
122	38	115
122	39	111
122	39	112
122	39	113
123	16	99
123	16	100
123	16	101
123	17	97
123	17	98
123	17	99
123	17	100
123	17	101
123	17	102
123	17	103
123	17	104
123	18	96
123	18	97
123	18	98
123	18	99
123	18	100
123	18	101
123	18	102
123	18	103
123	18	104
123	19	96
123	19	97
123	19	98
123	19	99
123	19	100
123	19	101
123	19	102
123	19	103
123	19	104
123	20	95
123	20	96
123	20	97
123	20	98
123	20	99
123	20	100
123	20	101
123	20	102
123	20	103
123	20	104
123	21	95
123	21	96
123	21	97
123	21	98
123	21	99
123	21	100
123	21	101
123	21	102
123	21	103
123	21	104
123	21	111
123	22	97
123	22	98
123	22	99
123	22	100
123	22	101
123	22	102
123	22	103
123	22	104
123	22	111
123	23	98
123	23	99
123	23	100
123	23	101
123	23	102
123	23	103
123	23	104
123	23	110
123	23	111
123	24	98
123	24	99
123	24	100
123	24	101
123	24	102
123	24	103
123	24	104
123	24	105
123	24	110
123	24	111
123	24	112
123	24	118
123	25	102
123	25	103
123	25	104
123	25	105
123	25	106
123	25	109
123	25	110
123	25	111
123	25	112
123	25	118
123	26	102
123	26	103
123	26	104
123	26	105
123	26	106
123	26	107
123	26	108
123	26	109
123	26	110
123	26	111
123	26	112
123	26	118
123	27	104
123	27	105
123	27	106
123	27	107
123	27	108
123	27	109
123	27	110
123	27	111
123	27	112
123	27	113
123	27	114
123	27	118
123	28	105
123	28	106
123	28	107
123	28	108
123	28	109
123	28	110
123	28	111
123	28	112
123	28	113
123	28	114
123	28	117
123	28	118
123	29	105
123	29	106
123	29	107
123	29	108
123	29	109
123	29	110
123	29	111
123	29	112
123	29	113
123	29	114
123	29	115
123	29	116
123	29	117
123	29	118
123	30	105
123	30	106
123	30	107
123	30	108
123	30	109
123	30	110
123	30	111
123	30	112
123	30	113
123	30	114
123	30	115
123	30	116
123	30	117
123	30	118
123	31	105
123	31	106
123	31	107
123	31	108
123	31	109
123	31	110
123	31	111
123	31	112
123	31	113
123	31	114
123	31	115
123	31	116
123	31	117
123	31	118
123	32	105
123	32	106
123	32	107
123	32	108
123	32	109
123	32	110
123	32	111
123	32	112
123	32	113
123	32	114
123	32	115
123	32	116
123	32	117
123	32	118
123	33	105
123	33	106
123	33	107
123	33	108
123	33	109
123	33	110
123	33	111
123	33	112
123	33	113
123	33	114
123	33	115
123	33	116
123	33	117
123	33	118
123	34	106
123	34	107
123	34	108
123	34	109
123	34	110
123	34	111
123	34	112
123	34	113
123	34	114
123	34	115
123	34	116
123	34	117
123	35	106
123	35	107
123	35	108
123	35	109
123	35	110
123	35	111
123	35	112
123	35	113
123	35	114
123	35	115
123	35	116
123	36	106
123	36	107
123	36	108
123	36	109
123	36	110
123	36	111
123	36	112
123	36	113
123	36	114
123	36	115
123	36	116
123	37	107
123	37	108
123	37	109
123	37	110
123	37	111
123	37	112
123	37	113
123	37	114
123	37	115
123	37	116
123	38	109
123	38	110
123	38	111
123	38	112
123	38	113
123	38	114
123	38	115
123	39	110
123	39	111
123	39	112
123	39	113
124	16	103
124	17	101
124	17	102
124	17	103
124	18	99
124	18	100
124	18	101
124	18	102
124	18	103
124	18	104
124	18	105
124	19	99
124	19	100
124	19	101
124	19	102
124	19	103
124	19	104
124	19	105
124	20	98
124	20	99
124	20	100
124	20	101
124	20	102
124	20	103
124	20	104
124	20	105
124	21	97
124	21	98
124	21	99
124	21	100
124	21	101
124	21	102
124	21	103
124	21	104
124	21	105
124	22	97
124	22	98
124	22	99
124	22	100
124	22	101
124	22	102
124	22	103
124	22	104
124	22	105
124	23	97
124	23	98
124	23	99
124	23	100
124	23	101
124	23	102
124	23	103
124	23	104
124	23	105
124	23	111
124	24	98
124	24	99
124	24	100
124	24	101
124	24	102
124	24	103
124	24	104
124	24	105
124	24	110
124	24	111
124	25	100
124	25	101
124	25	102
124	25	103
124	25	104
124	25	105
124	25	106
124	25	109
124	25	110
124	25	111
124	26	103
124	26	104
124	26	105
124	26	106
124	26	107
124	26	108
124	26	109
124	26	110
124	26	111
124	27	105
124	27	106
124	27	107
124	27	108
124	27	109
124	27	110
124	27	111
124	27	112
124	28	105
124	28	106
124	28	107
124	28	108
124	28	109
124	28	110
124	28	111
124	28	112
124	28	113
124	29	105
124	29	106
124	29	107
124	29	108
124	29	109
124	29	110
124	29	111
124	29	112
124	29	113
124	29	114
124	29	118
124	30	105
124	30	106
124	30	107
124	30	108
124	30	109
124	30	110
124	30	111
124	30	112
124	30	113
124	30	114
124	30	117
124	30	118
124	31	106
124	31	107
124	31	108
124	31	109
124	31	110
124	31	111
124	31	112
124	31	113
124	31	114
124	31	115
124	31	116
124	31	117
124	31	118
124	32	106
124	32	107
124	32	108
124	32	109
124	32	110
124	32	111
124	32	112
124	32	113
124	32	114
124	32	115
124	32	116
124	32	117
124	33	107
124	33	108
124	33	109
124	33	110
124	33	111
124	33	112
124	33	113
124	33	114
124	33	115
124	33	116
124	33	117
124	34	107
124	34	108
124	34	109
124	34	110
124	34	111
124	34	112
124	34	113
124	34	114
124	34	115
124	34	116
124	34	117
124	35	107
124	35	108
124	35	109
124	35	110
124	35	111
124	35	112
124	35	113
124	35	114
124	35	115
124	35	116
124	36	108
124	36	109
124	36	110
124	36	111
124	36	112
124	36	113
124	36	114
124	36	115
124	36	116
124	37	108
124	37	109
124	37	110
124	37	111
124	37	112
124	37	113
124	37	114
124	37	115
124	37	116
124	38	109
124	38	110
124	38	111
124	38	112
124	38	113
124	38	114
124	38	115
124	39	110
124	39	111
124	39	112
124	39	113
124	39	114
124	40	112
125	17	104
125	17	105
125	17	106
125	18	102
125	18	103
125	18	104
125	18	105
125	18	106
125	19	101
125	19	102
125	19	103
125	19	104
125	19	105
125	19	106
125	20	101
125	20	102
125	20	103
125	20	104
125	20	105
125	20	106
125	21	99
125	21	100
125	21	101
125	21	102
125	21	103
125	21	104
125	21	105
125	21	106
125	22	99
125	22	100
125	22	101
125	22	102
125	22	103
125	22	104
125	22	105
125	22	106
125	23	98
125	23	99
125	23	100
125	23	101
125	23	102
125	23	103
125	23	104
125	23	105
125	23	106
125	24	99
125	24	100
125	24	101
125	24	102
125	24	103
125	24	104
125	24	105
125	24	106
125	24	110
125	25	100
125	25	101
125	25	102
125	25	103
125	25	104
125	25	105
125	25	106
125	25	109
125	25	110
125	26	102
125	26	103
125	26	104
125	26	105
125	26	106
125	26	107
125	26	108
125	26	109
125	26	110
125	26	111
125	27	105
125	27	106
125	27	107
125	27	108
125	27	109
125	27	110
125	27	111
125	28	106
125	28	107
125	28	108
125	28	109
125	28	110
125	28	111
125	29	106
125	29	107
125	29	108
125	29	109
125	29	110
125	29	111
125	29	112
125	30	106
125	30	107
125	30	108
125	30	109
125	30	110
125	30	111
125	30	112
125	30	113
125	31	106
125	31	107
125	31	108
125	31	109
125	31	110
125	31	111
125	31	112
125	31	113
125	31	114
125	32	107
125	32	108
125	32	109
125	32	110
125	32	111
125	32	112
125	32	113
125	32	114
125	32	115
125	32	116
125	32	117
125	33	107
125	33	108
125	33	109
125	33	110
125	33	111
125	33	112
125	33	113
125	33	114
125	33	115
125	33	116
125	33	117
125	34	108
125	34	109
125	34	110
125	34	111
125	34	112
125	34	113
125	34	114
125	34	115
125	34	116
125	35	108
125	35	109
125	35	110
125	35	111
125	35	112
125	35	113
125	35	114
125	35	115
125	35	116
125	36	109
125	36	110
125	36	111
125	36	112
125	36	113
125	36	114
125	36	115
125	36	116
125	37	109
125	37	110
125	37	111
125	37	112
125	37	113
125	37	114
125	37	115
125	37	116
125	38	109
125	38	110
125	38	111
125	38	112
125	38	113
125	38	114
125	38	115
125	39	109
125	39	110
125	39	111
125	39	112
125	39	113
125	39	114
125	39	115
125	40	112
125	40	113
126	17	106
126	17	107
126	18	104
126	18	105
126	18	106
126	18	107
126	19	104
126	19	105
126	19	106
126	19	107
126	20	103
126	20	104
126	20	105
126	20	106
126	20	107
126	21	102
126	21	103
126	21	104
126	21	105
126	21	106
126	21	107
126	22	101
126	22	102
126	22	103
126	22	104
126	22	105
126	22	106
126	22	107
126	23	100
126	23	101
126	23	102
126	23	103
126	23	104
126	23	105
126	23	106
126	23	107
126	24	100
126	24	101
126	24	102
126	24	103
126	24	104
126	24	105
126	24	106
126	24	107
126	25	102
126	25	103
126	25	104
126	25	105
126	25	106
126	25	107
126	25	110
126	26	104
126	26	105
126	26	106
126	26	107
126	26	108
126	26	109
126	26	110
126	27	106
126	27	107
126	27	108
126	27	109
126	27	110
126	28	106
126	28	107
126	28	108
126	28	109
126	28	110
126	28	111
126	29	106
126	29	107
126	29	108
126	29	109
126	29	110
126	29	111
126	30	107
126	30	108
126	30	109
126	30	110
126	30	111
126	31	107
126	31	108
126	31	109
126	31	110
126	31	111
126	31	112
126	31	113
126	32	108
126	32	109
126	32	110
126	32	111
126	32	112
126	32	113
126	32	114
126	32	115
126	33	108
126	33	109
126	33	110
126	33	111
126	33	112
126	33	113
126	33	114
126	33	115
126	33	116
126	34	109
126	34	110
126	34	111
126	34	112
126	34	113
126	34	114
126	34	115
126	34	116
126	35	109
126	35	110
126	35	111
126	35	112
126	35	113
126	35	114
126	35	115
126	35	116
126	36	109
126	36	110
126	36	111
126	36	112
126	36	113
126	36	114
126	36	115
126	36	116
126	37	110
126	37	111
126	37	112
126	37	113
126	37	114
126	37	115
126	38	110
126	38	111
126	38	112
126	38	113
126	38	114
126	38	115
126	39	110
126	39	111
126	39	112
126	39	113
126	39	114
126	39	115
127	17	107
127	18	106
127	18	107
127	18	108
127	19	105
127	19	106
127	19	107
127	19	108
127	20	105
127	20	106
127	20	107
127	20	108
127	21	105
127	21	106
127	21	107
127	21	108
127	22	104
127	22	105
127	22	106
127	22	107
127	22	108
127	23	102
127	23	103
127	23	104
127	23	105
127	23	106
127	23	107
127	23	108
127	24	101
127	24	102
127	24	103
127	24	104
127	24	105
127	24	106
127	24	107
127	24	108
127	25	103
127	25	104
127	25	105
127	25	106
127	25	107
127	25	108
127	26	106
127	26	107
127	26	108
127	26	109
127	27	107
127	27	108
127	27	109
127	27	110
127	28	107
127	28	108
127	28	109
127	28	110
127	29	107
127	29	108
127	29	109
127	29	110
127	30	107
127	30	108
127	30	109
127	30	110
127	31	108
127	31	109
127	31	110
127	32	108
127	32	109
127	32	110
127	32	111
127	32	112
127	32	113
127	32	114
127	33	109
127	33	110
127	33	111
127	33	112
127	33	113
127	33	114
127	33	115
127	33	116
127	34	110
127	34	111
127	34	112
127	34	113
127	34	114
127	34	115
127	34	116
127	35	110
127	35	111
127	35	112
127	35	113
127	35	114
127	35	115
127	35	116
127	36	111
127	36	112
127	36	113
127	36	114
127	36	115
127	37	111
127	37	112
127	37	113
127	37	114
127	37	115
127	38	111
127	38	112
127	38	113
127	38	114
127	39	110
127	39	111
