#i	j	k
0	57	67
0	57	68
0	57	69
0	57	70
0	57	71
0	58	67
0	58	68
0	58	69
0	58	70
0	58	71
0	58	72
0	58	73
0	58	74
0	59	67
0	59	68
0	59	69
0	59	70
0	59	71
0	59	72
0	59	73
0	59	74
0	59	75
0	60	67
0	60	68
0	60	69
0	60	70
0	60	71
0	60	72
0	60	73
0	60	74
0	60	75
0	61	67
0	61	68
0	61	69
0	61	70
0	61	71
0	61	72
0	61	73
0	61	74
0	61	75
0	61	76
0	62	66
0	62	67
0	62	68
0	62	69
0	62	70
0	62	71
0	62	72
0	62	73
0	62	74
0	62	75
0	62	76
0	62	77
0	63	66
0	63	67
0	63	68
0	63	69
0	63	70
0	63	71
0	63	72
0	63	73
0	63	74
0	63	75
0	63	76
0	63	77
0	64	65
0	64	66
0	64	67
0	64	68
0	64	69
0	64	70
0	64	71
0	64	72
0	64	73
0	64	74
0	64	75
0	64	76
0	64	77
0	64	78
0	65	64
0	65	65
0	65	66
0	65	67
0	65	68
0	65	69
0	65	70
0	65	71
0	65	72
0	65	73
0	65	74
0	65	75
0	65	76
0	65	77
0	65	78
0	65	79
0	66	63
0	66	64
0	66	65
0	66	66
0	66	67
0	66	68
0	66	69
0	66	70
0	66	71
0	66	72
0	66	73
0	66	74
0	66	75
0	66	76
0	66	77
0	66	78
0	67	61
0	67	62
0	67	63
0	67	64
0	67	65
0	67	66
0	67	67
0	67	68
0	67	69
0	67	70
0	67	71
0	67	72
0	67	73
0	67	74
0	67	75
0	67	76
0	67	77
0	67	78
0	68	61
0	68	62
0	68	63
0	68	64
0	68	65
0	68	66
0	68	67
0	68	68
0	68	69
0	68	70
0	68	71
0	68	72
0	68	73
0	68	74
0	68	75
0	68	76
0	68	77
0	68	78
0	69	62
0	69	63
0	69	64
0	69	65
0	69	66
0	69	67
0	69	68
0	69	69
0	69	70
0	69	71
0	69	72
0	69	73
0	69	74
0	69	75
0	69	76
0	69	77
0	69	78
0	70	64
0	70	65
0	70	66
0	70	67
0	70	68
0	70	69
0	70	70
0	70	71
0	70	72
0	70	73
0	70	74
0	70	75
0	70	76
0	70	77
0	70	78
0	71	63
0	71	64
0	71	65
0	71	66
0	71	67
0	71	68
0	71	69
0	71	70
0	71	71
0	71	72
0	71	73
0	71	74
0	71	75
0	71	76
0	71	77
0	71	78
0	72	63
0	72	64
0	72	65
0	72	66
0	72	67
0	72	68
0	72	69
0	72	70
0	72	71
0	72	72
0	72	73
0	72	74
0	72	75
0	72	76
0	72	77
0	72	78
0	73	64
0	73	65
0	73	66
0	73	67
0	73	68
0	73	69
0	73	70
0	73	71
0	73	72
0	73	73
0	73	74
0	73	75
0	73	76
0	73	77
0	73	78
0	74	64
0	74	65
0	74	66
0	74	67
0	74	68
0	74	69
0	74	70
0	74	71
0	74	72
0	74	73
0	74	74
0	74	75
0	74	76
0	74	77
0	74	78
0	74	79
0	75	65
0	75	66
0	75	67
0	75	68
0	75	69
0	75	70
0	75	71
0	75	72
0	75	73
0	75	74
0	75	75
0	75	76
0	75	77
0	75	78
0	75	79
0	75	80
0	76	66
0	76	67
0	76	68
0	76	69
0	76	70
0	76	71
0	76	72
0	76	73
0	76	74
0	76	75
0	76	76
0	76	77
0	76	78
0	76	79
0	76	80
0	76	81
0	77	67
0	77	68
0	77	72
0	77	73
0	77	74
0	77	75
0	77	76
0	77	77
0	77	78
0	77	79
0	77	80
0	77	81
0	78	73
0	78	74
0	78	75
0	78	76
0	78	77
0	78	78
0	78	79
0	78	80
0	78	81
0	79	74
0	79	75
0	79	76
0	79	77
0	79	78
0	79	79
0	79	80
0	79	81
0	80	75
0	80	76
0	80	77
0	80	78
0	80	79
0	80	80
0	80	81
0	81	77
0	81	78
0	81	79
0	81	80
1	57	67
1	58	67
1	58	68
1	58	69
1	58	70
1	58	71
1	58	72
1	59	67
1	59	68
1	59	69
1	59	70
1	59	71
1	59	72
1	59	73
1	60	67
1	60	68
1	60	69
1	60	70
1	60	71
1	60	72
1	60	73
1	60	74
1	60	75
1	61	67
1	61	68
1	61	69
1	61	70
1	61	71
1	61	72
1	61	73
1	61	74
1	61	75
1	62	66
1	62	67
1	62	68
1	62	69
1	62	70
1	62	71
1	62	72
1	62	73
1	62	74
1	62	75
1	62	76
1	63	66
1	63	67
1	63	68
1	63	69
1	63	70
1	63	71
1	63	72
1	63	73
1	63	74
1	63	75
1	63	76
1	63	77
1	64	66
1	64	67
1	64	68
1	64	69
1	64	70
1	64	71
1	64	72
1	64	73
1	64	74
1	64	75
1	64	76
1	64	77
1	64	78
1	65	65
1	65	66
1	65	67
1	65	68
1	65	69
1	65	70
1	65	71
1	65	72
1	65	73
1	65	74
1	65	75
1	65	76
1	65	77
1	65	78
1	65	79
1	66	63
1	66	64
1	66	65
1	66	66
1	66	67
1	66	68
1	66	69
1	66	70
1	66	71
1	66	72
1	66	73
1	66	74
1	66	75
1	66	76
1	66	77
1	66	78
1	66	79
1	67	64
1	67	65
1	67	66
1	67	67
1	67	68
1	67	69
1	67	70
1	67	71
1	67	72
1	67	73
1	67	74
1	67	75
1	67	76
1	67	77
1	67	78
1	68	64
1	68	65
1	68	66
1	68	67
1	68	68
1	68	69
1	68	70
1	68	71
1	68	72
1	68	73
1	68	74
1	68	75
1	68	76
1	68	77
1	68	78
1	69	65
1	69	66
1	69	67
1	69	68
1	69	69
1	69	70
1	69	71
1	69	72
1	69	73
1	69	74
1	69	75
1	69	76
1	69	77
1	69	78
1	70	65
1	70	66
1	70	67
1	70	68
1	70	69
1	70	70
1	70	71
1	70	72
1	70	73
1	70	74
1	70	75
1	70	76
1	70	77
1	70	78
1	71	64
1	71	65
1	71	66
1	71	67
1	71	68
1	71	69
1	71	70
1	71	71
1	71	72
1	71	73
1	71	74
1	71	75
1	71	76
1	71	77
1	71	78
1	72	64
1	72	65
1	72	66
1	72	67
1	72	68
1	72	69
1	72	70
1	72	71
1	72	72
1	72	73
1	72	74
1	72	75
1	72	76
1	72	77
1	72	78
1	73	64
1	73	65
1	73	66
1	73	67
1	73	68
1	73	69
1	73	70
1	73	71
1	73	72
1	73	73
1	73	74
1	73	75
1	73	76
1	73	77
1	73	78
1	73	79
1	74	65
1	74	66
1	74	67
1	74	68
1	74	69
1	74	70
1	74	71
1	74	72
1	74	73
1	74	74
1	74	75
1	74	76
1	74	77
1	74	78
1	74	79
1	74	80
1	75	65
1	75	66
1	75	67
1	75	68
1	75	69
1	75	70
1	75	71
1	75	72
1	75	73
1	75	74
1	75	75
1	75	76
1	75	77
1	75	78
1	75	79
1	75	80
1	75	81
1	76	66
1	76	67
1	76	68
1	76	69
1	76	70
1	76	71
1	76	72
1	76	73
1	76	74
1	76	75
1	76	76
1	76	77
1	76	78
1	76	79
1	76	80
1	76	81
1	76	82
1	77	67
1	77	68
1	77	72
1	77	73
1	77	74
1	77	75
1	77	76
1	77	77
1	77	78
1	77	79
1	77	80
1	77	81
1	77	82
1	78	73
1	78	74
1	78	75
1	78	76
1	78	77
1	78	78
1	78	79
1	78	80
1	78	81
1	78	82
1	79	73
1	79	74
1	79	75
1	79	76
1	79	77
1	79	78
1	79	79
1	79	80
1	79	81
1	79	82
1	80	75
1	80	76
1	80	77
1	80	78
1	80	79
1	80	80
1	80	81
1	80	82
1	81	77
1	81	78
1	81	79
1	81	80
1	81	81
1	82	78
1	82	79
1	82	80
1	82	81
2	57	67
2	58	67
2	58	68
2	59	67
2	59	68
2	59	69
2	59	70
2	59	71
2	59	72
2	59	73
2	60	67
2	60	68
2	60	69
2	60	70
2	60	71
2	60	72
2	60	73
2	60	74
2	61	67
2	61	68
2	61	69
2	61	70
2	61	71
2	61	72
2	61	73
2	61	74
2	61	75
2	62	66
2	62	67
2	62	68
2	62	69
2	62	70
2	62	71
2	62	72
2	62	73
2	62	74
2	62	75
2	62	76
2	63	66
2	63	67
2	63	68
2	63	69
2	63	70
2	63	71
2	63	72
2	63	73
2	63	74
2	63	75
2	63	76
2	63	77
2	64	66
2	64	67
2	64	68
2	64	69
2	64	70
2	64	71
2	64	72
2	64	73
2	64	74
2	64	75
2	64	76
2	64	77
2	64	78
2	65	66
2	65	67
2	65	68
2	65	69
2	65	70
2	65	71
2	65	72
2	65	73
2	65	74
2	65	75
2	65	76
2	65	77
2	65	78
2	65	79
2	66	66
2	66	67
2	66	68
2	66	69
2	66	70
2	66	71
2	66	72
2	66	73
2	66	74
2	66	75
2	66	76
2	66	77
2	66	78
2	67	66
2	67	67
2	67	68
2	67	69
2	67	70
2	67	71
2	67	72
2	67	73
2	67	74
2	67	75
2	67	76
2	67	77
2	67	78
2	68	67
2	68	68
2	68	69
2	68	70
2	68	71
2	68	72
2	68	73
2	68	74
2	68	75
2	68	76
2	68	77
2	69	67
2	69	68
2	69	69
2	69	70
2	69	71
2	69	72
2	69	73
2	69	74
2	69	75
2	69	76
2	69	77
2	70	67
2	70	68
2	70	69
2	70	70
2	70	71
2	70	72
2	70	73
2	70	74
2	70	75
2	70	76
2	70	77
2	71	67
2	71	68
2	71	69
2	71	70
2	71	71
2	71	72
2	71	73
2	71	74
2	71	75
2	71	76
2	71	77
2	72	65
2	72	66
2	72	67
2	72	68
2	72	69
2	72	70
2	72	71
2	72	72
2	72	73
2	72	74
2	72	75
2	72	76
2	72	77
2	72	78
2	73	65
2	73	66
2	73	67
2	73	68
2	73	69
2	73	70
2	73	71
2	73	72
2	73	73
2	73	74
2	73	75
2	73	76
2	73	77
2	73	78
2	73	79
2	74	65
2	74	66
2	74	67
2	74	68
2	74	69
2	74	70
2	74	71
2	74	72
2	74	73
2	74	74
2	74	75
2	74	76
2	74	77
2	74	78
2	74	79
2	74	80
2	75	66
2	75	67
2	75	68
2	75	69
2	75	71
2	75	72
2	75	73
2	75	74
2	75	75
2	75	76
2	75	77
2	75	78
2	75	79
2	75	80
2	75	81
2	75	82
2	76	66
2	76	67
2	76	68
2	76	72
2	76	73
2	76	74
2	76	75
2	76	76
2	76	77
2	76	78
2	76	79
2	76	80
2	76	81
2	76	82
2	76	83
2	77	67
2	77	72
2	77	73
2	77	74
2	77	75
2	77	76
2	77	77
2	77	78
2	77	79
2	77	80
2	77	81
2	77	82
2	77	83
2	78	73
2	78	74
2	78	75
2	78	76
2	78	77
2	78	78
2	78	79
2	78	80
2	78	81
2	78	82
2	78	83
2	79	73
2	79	74
2	79	75
2	79	76
2	79	77
2	79	78
2	79	79
2	79	80
2	79	81
2	79	82
2	79	83
2	80	74
2	80	75
2	80	76
2	80	77
2	80	78
2	80	79
2	80	80
2	80	81
2	80	82
2	80	83
2	81	76
2	81	77
2	81	78
2	81	79
2	81	80
2	81	81
2	81	82
2	81	83
2	82	78
2	82	79
2	82	80
2	82	81
2	82	82
2	82	83
2	83	79
2	83	80
2	83	81
2	83	82
3	57	67
3	58	67
3	58	68
3	59	67
3	59	68
3	59	69
3	60	67
3	60	68
3	60	69
3	60	70
3	60	71
3	60	72
3	60	73
3	61	67
3	61	68
3	61	69
3	61	70
3	61	71
3	61	72
3	61	73
3	61	74
3	61	75
3	62	67
3	62	68
3	62	69
3	62	70
3	62	71
3	62	72
3	62	73
3	62	74
3	62	75
3	62	76
3	63	67
3	63	68
3	63	69
3	63	70
3	63	71
3	63	72
3	63	73
3	63	74
3	63	75
3	63	76
3	63	77
3	64	67
3	64	68
3	64	69
3	64	70
3	64	71
3	64	72
3	64	73
3	64	74
3	64	75
3	64	76
3	64	77
3	64	78
3	65	68
3	65	69
3	65	70
3	65	71
3	65	72
3	65	73
3	65	74
3	65	75
3	65	76
3	65	77
3	65	78
3	65	79
3	66	68
3	66	69
3	66	70
3	66	71
3	66	72
3	66	73
3	66	74
3	66	75
3	66	76
3	66	77
3	66	78
3	67	68
3	67	69
3	67	70
3	67	71
3	67	72
3	67	73
3	67	74
3	67	75
3	67	76
3	67	77
3	68	68
3	68	69
3	68	70
3	68	71
3	68	72
3	68	73
3	68	74
3	68	75
3	68	76
3	68	77
3	69	68
3	69	69
3	69	70
3	69	71
3	69	72
3	69	73
3	69	74
3	69	75
3	69	76
3	70	68
3	70	69
3	70	70
3	70	71
3	70	72
3	70	73
3	70	74
3	70	75
3	70	76
3	71	68
3	71	69
3	71	70
3	71	71
3	71	72
3	71	73
3	71	74
3	71	75
3	71	76
3	71	77
3	72	68
3	72	69
3	72	70
3	72	71
3	72	72
3	72	73
3	72	74
3	72	75
3	72	76
3	72	77
3	72	78
3	73	67
3	73	68
3	73	69
3	73	70
3	73	71
3	73	72
3	73	73
3	73	74
3	73	75
3	73	76
3	73	77
3	73	78
3	73	79
3	74	65
3	74	66
3	74	67
3	74	72
3	74	73
3	74	74
3	74	75
3	74	76
3	74	77
3	74	78
3	74	79
3	74	80
3	75	66
3	75	67
3	75	72
3	75	73
3	75	74
3	75	75
3	75	76
3	75	77
3	75	78
3	75	79
3	75	80
3	75	81
3	75	82
3	75	83
3	76	72
3	76	73
3	76	74
3	76	75
3	76	76
3	76	77
3	76	78
3	76	79
3	76	80
3	76	81
3	76	82
3	76	83
3	77	72
3	77	73
3	77	74
3	77	75
3	77	76
3	77	77
3	77	78
3	77	79
3	77	80
3	77	81
3	77	82
3	77	83
3	78	72
3	78	73
3	78	74
3	78	75
3	78	76
3	78	77
3	78	78
3	78	79
3	78	80
3	78	81
3	78	82
3	78	83
3	78	84
3	79	72
3	79	73
3	79	74
3	79	75
3	79	76
3	79	77
3	79	78
3	79	79
3	79	80
3	79	81
3	79	82
3	79	83
3	79	84
3	80	72
3	80	73
3	80	74
3	80	75
3	80	76
3	80	77
3	80	78
3	80	79
3	80	80
3	80	81
3	80	82
3	80	83
3	80	84
3	81	72
3	81	73
3	81	74
3	81	75
3	81	76
3	81	77
3	81	78
3	81	79
3	81	80
3	81	81
3	81	82
3	81	83
3	81	84
3	82	73
3	82	74
3	82	75
3	82	76
3	82	77
3	82	78
3	82	79
3	82	80
3	82	81
3	82	82
3	82	83
3	82	84
3	83	79
3	83	80
3	83	81
3	83	82
3	83	83
4	57	67
4	58	67
4	58	68
4	59	67
4	59	68
4	59	69
4	60	67
4	60	68
4	60	69
4	61	68
4	61	69
4	61	70
4	61	71
4	61	72
4	61	73
4	62	68
4	62	69
4	62	70
4	62	71
4	62	72
4	62	73
4	62	74
4	62	75
4	62	76
4	63	68
4	63	69
4	63	70
4	63	71
4	63	72
4	63	73
4	63	74
4	63	75
4	63	76
4	63	77
4	64	69
4	64	70
4	64	71
4	64	72
4	64	73
4	64	74
4	64	75
4	64	76
4	64	77
4	64	78
4	65	69
4	65	70
4	65	71
4	65	72
4	65	73
4	65	74
4	65	75
4	65	76
4	65	77
4	65	78
4	66	69
4	66	70
4	66	71
4	66	72
4	66	73
4	66	74
4	66	75
4	66	76
4	67	69
4	67	70
4	67	71
4	67	72
4	67	73
4	67	74
4	67	75
4	68	69
4	68	70
4	68	71
4	68	72
4	68	73
4	68	74
4	68	75
4	69	69
4	69	70
4	69	71
4	69	72
4	69	73
4	69	74
4	69	75
4	70	69
4	70	70
4	70	71
4	70	72
4	70	73
4	70	74
4	70	75
4	71	69
4	71	70
4	71	71
4	71	72
4	71	73
4	71	74
4	71	75
4	71	76
4	72	69
4	72	70
4	72	71
4	72	72
4	72	73
4	72	74
4	72	75
4	72	76
4	72	77
4	72	78
4	73	72
4	73	73
4	73	74
4	73	75
4	73	76
4	73	77
4	73	78
4	73	79
4	73	80
4	74	72
4	74	73
4	74	74
4	74	75
4	74	76
4	74	77
4	74	78
4	74	79
4	74	80
4	74	81
4	74	82
4	75	73
4	75	74
4	75	75
4	75	76
4	75	77
4	75	78
4	75	79
4	75	80
4	75	81
4	75	82
4	75	83
4	76	73
4	76	74
4	76	75
4	76	76
4	76	77
4	76	78
4	76	79
4	76	80
4	76	81
4	76	82
4	76	83
4	76	84
4	77	72
4	77	73
4	77	74
4	77	75
4	77	76
4	77	77
4	77	78
4	77	79
4	77	80
4	77	81
4	77	82
4	77	83
4	77	84
4	78	72
4	78	73
4	78	74
4	78	75
4	78	76
4	78	77
4	78	78
4	78	79
4	78	80
4	78	81
4	78	82
4	78	83
4	78	84
4	78	85
4	79	72
4	79	73
4	79	74
4	79	75
4	79	76
4	79	77
4	79	78
4	79	79
4	79	80
4	79	81
4	79	82
4	79	83
4	79	84
4	79	85
4	80	71
4	80	72
4	80	73
4	80	74
4	80	75
4	80	76
4	80	77
4	80	78
4	80	79
4	80	80
4	80	81
4	80	82
4	80	83
4	80	84
4	80	85
4	81	71
4	81	72
4	81	73
4	81	74
4	81	75
4	81	76
4	81	77
4	81	78
4	81	79
4	81	80
4	81	81
4	81	82
4	81	83
4	81	84
4	81	85
4	82	71
4	82	72
4	82	73
4	82	74
4	82	75
4	82	76
4	82	77
4	82	78
4	82	79
4	82	80
4	82	81
4	82	82
4	82	83
4	82	84
4	83	71
4	83	72
4	83	73
4	83	74
4	83	75
4	83	76
4	83	77
5	57	67
5	58	67
5	58	68
5	59	68
5	60	69
5	61	69
5	62	70
5	62	71
5	62	72
5	62	73
5	62	74
5	63	70
5	63	71
5	63	72
5	63	73
5	63	74
5	63	75
5	63	76
5	63	77
5	64	70
5	64	71
5	64	72
5	64	73
5	64	74
5	64	75
5	64	76
5	64	77
5	64	78
5	65	70
5	65	71
5	65	72
5	65	73
5	65	74
5	65	75
5	66	71
5	66	72
5	66	73
5	66	74
5	67	71
5	67	72
5	67	73
5	67	74
5	68	71
5	68	72
5	68	73
5	69	71
5	69	72
5	69	73
5	69	74
5	70	71
5	70	72
5	70	73
5	70	74
5	71	71
5	71	72
5	71	73
5	71	74
5	71	75
5	71	76
5	71	77
5	72	71
5	72	72
5	72	73
5	72	74
5	72	75
5	72	76
5	72	77
5	72	78
5	72	79
5	73	72
5	73	73
5	73	74
5	73	75
5	73	76
5	73	77
5	73	78
5	73	79
5	73	80
5	73	81
5	74	72
5	74	73
5	74	74
5	74	75
5	74	76
5	74	77
5	74	78
5	74	79
5	74	80
5	74	81
5	74	82
5	74	83
5	74	84
5	75	73
5	75	74
5	75	75
5	75	76
5	75	77
5	75	78
5	75	79
5	75	80
5	75	81
5	75	82
5	75	83
5	75	84
5	76	72
5	76	73
5	76	74
5	76	75
5	76	76
5	76	77
5	76	78
5	76	79
5	76	80
5	76	81
5	76	82
5	76	83
5	76	84
5	76	85
5	77	72
5	77	73
5	77	74
5	77	75
5	77	76
5	77	77
5	77	78
5	77	79
5	77	80
5	77	81
5	77	82
5	77	83
5	77	84
5	77	85
5	78	71
5	78	72
5	78	73
5	78	74
5	78	75
5	78	76
5	78	77
5	78	78
5	78	79
5	78	80
5	78	81
5	78	82
5	78	83
5	78	84
5	78	85
5	79	70
5	79	71
5	79	72
5	79	73
5	79	74
5	79	75
5	79	76
5	79	77
5	79	78
5	79	79
5	79	80
5	79	81
5	79	82
5	79	83
5	79	84
5	79	85
5	80	69
5	80	70
5	80	71
5	80	72
5	80	73
5	80	74
5	80	75
5	80	76
5	80	77
5	80	78
5	80	79
5	80	80
5	80	81
5	80	82
5	80	83
5	80	84
5	80	85
5	81	69
5	81	70
5	81	71
5	81	72
5	81	73
5	81	74
5	81	75
5	81	76
5	81	77
5	81	78
5	81	79
5	81	80
5	81	81
5	81	82
5	81	83
5	81	84
5	81	85
5	82	69
5	82	70
5	82	71
5	82	72
5	82	73
5	82	74
5	82	75
5	82	76
5	82	77
5	82	78
5	83	70
5	83	71
5	83	72
5	83	73
5	83	74
5	83	75
5	83	76
5	83	77
6	57	67
6	63	73
6	63	74
6	63	75
6	64	73
6	64	74
6	64	75
6	65	73
6	66	73
6	68	73
6	69	73
6	70	73
6	70	74
6	71	72
6	71	73
6	71	74
6	71	75
6	71	76
6	71	77
6	71	78
6	71	79
6	72	71
6	72	72
6	72	73
6	72	74
6	72	75
6	72	76
6	72	77
6	72	78
6	72	79
6	72	80
6	72	81
6	73	72
6	73	73
6	73	74
6	73	75
6	73	76
6	73	77
6	73	78
6	73	79
6	73	80
6	73	81
6	73	82
6	73	83
6	73	84
6	74	72
6	74	73
6	74	74
6	74	75
6	74	76
6	74	77
6	74	78
6	74	79
6	74	80
6	74	81
6	74	82
6	74	83
6	74	84
6	74	85
6	75	72
6	75	73
6	75	74
6	75	75
6	75	76
6	75	77
6	75	78
6	75	79
6	75	80
6	75	81
6	75	82
6	75	83
6	75	84
6	75	85
6	76	72
6	76	73
6	76	74
6	76	75
6	76	76
6	76	77
6	76	78
6	76	79
6	76	80
6	76	81
6	76	82
6	76	83
6	76	84
6	76	85
6	76	86
6	77	71
6	77	72
6	77	73
6	77	74
6	77	75
6	77	76
6	77	77
6	77	78
6	77	79
6	77	80
6	77	81
6	77	82
6	77	83
6	77	84
6	77	85
6	77	86
6	78	70
6	78	71
6	78	72
6	78	73
6	78	74
6	78	75
6	78	76
6	78	77
6	78	78
6	78	79
6	78	80
6	78	81
6	78	82
6	78	83
6	78	84
6	79	69
6	79	70
6	79	71
6	79	72
6	79	73
6	79	74
6	79	75
6	79	76
6	79	77
6	79	78
6	79	79
6	79	80
6	79	81
6	79	82
6	79	83
6	79	84
6	80	67
6	80	68
6	80	69
6	80	70
6	80	71
6	80	72
6	80	73
6	80	74
6	80	75
6	80	76
6	80	77
6	80	78
6	80	79
6	80	80
6	80	81
6	80	82
6	80	83
6	80	84
6	81	68
6	81	69
6	81	70
6	81	71
6	81	72
6	81	73
6	81	74
6	81	75
6	81	76
6	81	77
6	81	78
6	81	79
6	82	68
6	82	69
6	82	70
6	82	71
6	82	72
6	82	73
6	82	74
6	82	75
6	82	76
6	82	77
6	82	78
6	83	68
6	83	69
6	83	70
6	83	71
6	83	72
6	83	73
6	83	74
6	83	75
6	83	76
6	83	77
6	84	76
7	70	73
7	70	74
7	70	75
7	71	72
7	71	73
7	71	74
7	71	75
7	71	76
7	71	77
7	71	78
7	71	79
7	71	80
7	72	71
7	72	72
7	72	73
7	72	74
7	72	75
7	72	76
7	72	77
7	72	78
7	72	79
7	72	80
7	72	81
7	72	82
7	72	83
7	73	71
7	73	72
7	73	73
7	73	74
7	73	75
7	73	76
7	73	77
7	73	78
7	73	79
7	73	80
7	73	81
7	73	82
7	73	83
7	73	84
7	73	85
7	74	72
7	74	73
7	74	74
7	74	75
7	74	76
7	74	77
7	74	78
7	74	79
7	74	80
7	74	81
7	74	82
7	74	83
7	74	84
7	74	85
7	75	71
7	75	72
7	75	73
7	75	74
7	75	75
7	75	76
7	75	77
7	75	78
7	75	79
7	75	80
7	75	81
7	75	82
7	75	83
7	75	84
7	75	85
7	76	70
7	76	71
7	76	72
7	76	73
7	76	74
7	76	75
7	76	76
7	76	77
7	76	78
7	76	79
7	76	80
7	76	81
7	76	82
7	76	83
7	76	84
7	76	85
7	77	69
7	77	70
7	77	71
7	77	72
7	77	73
7	77	74
7	77	75
7	77	76
7	77	77
7	77	78
7	77	79
7	77	80
7	77	81
7	77	82
7	77	83
7	77	84
7	77	85
7	78	68
7	78	69
7	78	70
7	78	71
7	78	72
7	78	73
7	78	74
7	78	75
7	78	76
7	78	77
7	78	78
7	78	79
7	78	80
7	78	81
7	78	82
7	78	83
7	78	84
7	78	85
7	79	67
7	79	68
7	79	69
7	79	70
7	79	71
7	79	72
7	79	73
7	79	74
7	79	75
7	79	76
7	79	77
7	79	78
7	79	79
7	79	80
7	79	81
7	79	82
7	79	83
7	80	67
7	80	68
7	80	69
7	80	70
7	80	71
7	80	72
7	80	73
7	80	74
7	80	75
7	80	76
7	80	77
7	80	78
7	80	79
7	80	80
7	81	67
7	81	68
7	81	69
7	81	70
7	81	71
7	81	72
7	81	73
7	81	74
7	81	75
7	81	76
7	81	77
7	81	78
7	81	79
7	82	67
7	82	68
7	82	69
7	82	70
7	82	71
7	82	72
7	82	73
7	82	74
7	82	75
7	82	76
7	82	77
7	82	78
7	83	67
7	83	68
7	83	69
7	83	70
7	83	71
7	83	72
7	83	73
7	83	74
7	83	75
7	83	76
7	83	77
7	84	67
7	84	76
8	70	73
8	70	74
8	70	75
8	70	76
8	70	77
8	70	78
8	70	79
8	71	72
8	71	73
8	71	74
8	71	75
8	71	76
8	71	77
8	71	78
8	71	79
8	71	80
8	71	81
8	71	82
8	72	71
8	72	72
8	72	73
8	72	74
8	72	75
8	72	76
8	72	77
8	72	78
8	72	79
8	72	80
8	72	81
8	72	82
8	72	83
8	72	84
8	72	85
8	72	86
8	73	71
8	73	72
8	73	73
8	73	74
8	73	75
8	73	76
8	73	77
8	73	78
8	73	79
8	73	80
8	73	81
8	73	82
8	73	83
8	73	84
8	73	85
8	73	86
8	74	70
8	74	71
8	74	72
8	74	73
8	74	74
8	74	75
8	74	76
8	74	77
8	74	78
8	74	79
8	74	80
8	74	81
8	74	82
8	74	83
8	74	84
8	75	69
8	75	70
8	75	71
8	75	72
8	75	73
8	75	74
8	75	75
8	75	76
8	75	77
8	75	78
8	75	79
8	75	80
8	75	81
8	75	82
8	75	83
8	75	84
8	76	69
8	76	70
8	76	71
8	76	72
8	76	73
8	76	74
8	76	75
8	76	76
8	76	77
8	76	78
8	76	79
8	76	80
8	76	81
8	76	82
8	76	83
8	76	84
8	77	68
8	77	69
8	77	70
8	77	71
8	77	72
8	77	73
8	77	74
8	77	75
8	77	76
8	77	77
8	77	78
8	77	79
8	77	80
8	77	81
8	77	82
8	77	83
8	77	84
8	78	66
8	78	67
8	78	68
8	78	69
8	78	70
8	78	71
8	78	72
8	78	73
8	78	74
8	78	75
8	78	76
8	78	77
8	78	78
8	78	79
8	78	80
8	78	81
8	78	82
8	79	66
8	79	67
8	79	68
8	79	69
8	79	70
8	79	71
8	79	72
8	79	73
8	79	74
8	79	75
8	79	76
8	79	77
8	79	78
8	79	79
8	79	80
8	79	81
8	80	66
8	80	67
8	80	68
8	80	69
8	80	70
8	80	71
8	80	72
8	80	73
8	80	74
8	80	75
8	80	76
8	80	77
8	80	78
8	80	79
8	80	80
8	81	66
8	81	67
8	81	68
8	81	69
8	81	70
8	81	71
8	81	72
8	81	73
8	81	74
8	81	75
8	81	76
8	81	77
8	81	78
8	81	79
8	82	66
8	82	67
8	82	68
8	82	69
8	82	70
8	82	71
8	82	72
8	82	73
8	82	74
8	82	75
8	82	76
8	82	77
8	82	78
8	83	66
8	83	67
8	83	68
8	83	69
8	83	70
8	83	71
8	83	72
8	83	73
8	83	74
8	83	75
8	83	76
8	83	77
8	84	66
8	84	67
8	84	76
8	85	65
8	85	66
8	86	65
8	86	66
8	87	65
9	69	74
9	70	73
9	70	74
9	70	75
9	70	76
9	70	77
9	70	78
9	70	79
9	70	80
9	70	81
9	70	82
9	71	72
9	71	73
9	71	74
9	71	75
9	71	76
9	71	77
9	71	78
9	71	79
9	71	80
9	71	81
9	71	82
9	71	83
9	71	84
9	71	85
9	72	71
9	72	72
9	72	73
9	72	74
9	72	75
9	72	76
9	72	77
9	72	78
9	72	79
9	72	80
9	72	81
9	72	82
9	72	83
9	72	84
9	72	85
9	72	86
9	72	87
9	73	70
9	73	71
9	73	72
9	73	73
9	73	74
9	73	75
9	73	76
9	73	77
9	73	78
9	73	79
9	73	80
9	73	81
9	73	82
9	73	83
9	73	84
9	73	85
9	73	86
9	74	69
9	74	70
9	74	71
9	74	72
9	74	73
9	74	74
9	74	75
9	74	76
9	74	77
9	74	78
9	74	79
9	74	80
9	74	81
9	74	82
9	74	83
9	74	84
9	74	85
9	75	68
9	75	69
9	75	70
9	75	71
9	75	72
9	75	73
9	75	74
9	75	75
9	75	76
9	75	77
9	75	78
9	75	79
9	75	80
9	75	81
9	75	82
9	75	83
9	76	68
9	76	69
9	76	70
9	76	71
9	76	72
9	76	73
9	76	74
9	76	75
9	76	76
9	76	77
9	76	78
9	76	79
9	76	80
9	76	81
9	76	82
9	76	83
9	77	65
9	77	67
9	77	68
9	77	69
9	77	70
9	77	71
9	77	72
9	77	73
9	77	74
9	77	75
9	77	76
9	77	77
9	77	78
9	77	79
9	77	80
9	77	81
9	77	82
9	77	83
9	78	65
9	78	66
9	78	67
9	78	68
9	78	69
9	78	70
9	78	71
9	78	72
9	78	73
9	78	74
9	78	75
9	78	76
9	78	77
9	78	78
9	78	79
9	78	80
9	78	81
9	78	82
9	79	65
9	79	66
9	79	67
9	79	68
9	79	69
9	79	70
9	79	71
9	79	72
9	79	73
9	79	74
9	79	75
9	79	76
9	79	77
9	79	78
9	79	79
9	79	80
9	79	81
9	80	65
9	80	66
9	80	67
9	80	68
9	80	69
9	80	70
9	80	71
9	80	72
9	80	73
9	80	74
9	80	75
9	80	76
9	80	77
9	80	78
9	80	79
9	80	80
9	81	65
9	81	66
9	81	67
9	81	68
9	81	69
9	81	70
9	81	71
9	81	72
9	81	73
9	81	74
9	81	75
9	81	76
9	81	77
9	81	78
9	81	79
9	82	65
9	82	66
9	82	67
9	82	68
9	82	69
9	82	70
9	82	71
9	82	72
9	82	73
9	82	74
9	82	75
9	82	76
9	82	77
9	82	78
9	83	65
9	83	66
9	83	67
9	83	68
9	83	69
9	83	70
9	83	71
9	83	72
9	83	75
9	83	76
9	83	77
9	84	64
9	84	65
9	84	66
9	84	67
9	84	76
9	85	64
9	85	65
9	85	66
9	86	64
9	86	65
9	86	66
9	87	65
9	87	66
9	88	66
10	69	73
10	69	74
10	69	75
10	69	79
10	69	80
10	70	73
10	70	74
10	70	75
10	70	76
10	70	77
10	70	78
10	70	79
10	70	80
10	70	81
10	70	82
10	70	83
10	70	84
10	71	72
10	71	73
10	71	74
10	71	75
10	71	76
10	71	77
10	71	78
10	71	79
10	71	80
10	71	81
10	71	82
10	71	83
10	71	84
10	71	85
10	71	86
10	71	87
10	72	71
10	72	72
10	72	73
10	72	74
10	72	75
10	72	76
10	72	77
10	72	78
10	72	79
10	72	80
10	72	81
10	72	82
10	72	83
10	72	84
10	72	85
10	72	86
10	72	87
10	73	70
10	73	71
10	73	72
10	73	73
10	73	74
10	73	75
10	73	76
10	73	77
10	73	78
10	73	79
10	73	80
10	73	81
10	73	82
10	73	83
10	73	84
10	73	85
10	73	86
10	74	69
10	74	70
10	74	71
10	74	72
10	74	73
10	74	74
10	74	75
10	74	76
10	74	77
10	74	78
10	74	79
10	74	80
10	74	81
10	74	82
10	74	83
10	74	84
10	74	85
10	75	67
10	75	68
10	75	69
10	75	70
10	75	71
10	75	72
10	75	73
10	75	74
10	75	75
10	75	76
10	75	77
10	75	78
10	75	79
10	75	80
10	75	81
10	75	82
10	75	83
10	75	84
10	76	66
10	76	67
10	76	68
10	76	69
10	76	70
10	76	71
10	76	72
10	76	73
10	76	74
10	76	75
10	76	76
10	76	77
10	76	78
10	76	79
10	76	80
10	76	81
10	76	82
10	76	83
10	76	84
10	77	65
10	77	66
10	77	67
10	77	68
10	77	69
10	77	70
10	77	71
10	77	72
10	77	73
10	77	74
10	77	75
10	77	76
10	77	77
10	77	78
10	77	79
10	77	80
10	77	81
10	77	82
10	77	83
10	78	64
10	78	65
10	78	66
10	78	67
10	78	68
10	78	69
10	78	70
10	78	71
10	78	72
10	78	73
10	78	74
10	78	75
10	78	76
10	78	77
10	78	78
10	78	79
10	78	80
10	78	81
10	78	82
10	79	64
10	79	65
10	79	66
10	79	67
10	79	68
10	79	69
10	79	70
10	79	71
10	79	72
10	79	73
10	79	74
10	79	75
10	79	76
10	79	77
10	79	78
10	79	79
10	79	80
10	79	81
10	80	64
10	80	65
10	80	66
10	80	67
10	80	68
10	80	69
10	80	70
10	80	71
10	80	72
10	80	73
10	80	74
10	80	75
10	80	76
10	80	77
10	80	78
10	80	79
10	80	80
10	81	64
10	81	65
10	81	66
10	81	67
10	81	68
10	81	69
10	81	70
10	81	71
10	81	72
10	81	73
10	81	74
10	81	75
10	81	76
10	81	77
10	81	78
10	81	79
10	82	64
10	82	65
10	82	66
10	82	67
10	82	68
10	82	69
10	82	70
10	82	71
10	82	72
10	82	73
10	82	75
10	82	76
10	82	77
10	82	78
10	83	63
10	83	64
10	83	65
10	83	66
10	83	67
10	83	68
10	83	69
10	83	70
10	83	71
10	83	76
10	84	63
10	84	64
10	84	65
10	84	66
10	84	67
10	84	68
10	85	63
10	85	64
10	85	65
10	85	66
10	85	67
10	86	64
10	86	65
10	86	66
10	87	65
10	87	66
11	69	73
11	69	74
11	69	75
11	69	76
11	69	77
11	69	78
11	69	79
11	69	80
11	69	81
11	69	82
11	70	73
11	70	74
11	70	75
11	70	76
11	70	77
11	70	78
11	70	79
11	70	80
11	70	81
11	70	82
11	70	83
11	70	84
11	70	85
11	70	86
11	71	72
11	71	73
11	71	74
11	71	75
11	71	76
11	71	77
11	71	78
11	71	79
11	71	80
11	71	81
11	71	82
11	71	83
11	71	84
11	71	85
11	71	86
11	71	87
11	71	88
11	72	71
11	72	72
11	72	73
11	72	74
11	72	75
11	72	76
11	72	77
11	72	78
11	72	79
11	72	80
11	72	81
11	72	82
11	72	83
11	72	84
11	72	85
11	72	86
11	72	87
11	73	70
11	73	71
11	73	72
11	73	73
11	73	74
11	73	75
11	73	76
11	73	77
11	73	78
11	73	79
11	73	80
11	73	81
11	73	82
11	73	83
11	73	84
11	73	85
11	73	86
11	74	69
11	74	70
11	74	71
11	74	72
11	74	73
11	74	74
11	74	75
11	74	76
11	74	77
11	74	78
11	74	79
11	74	80
11	74	81
11	74	82
11	74	83
11	74	84
11	74	85
11	75	67
11	75	68
11	75	69
11	75	70
11	75	71
11	75	72
11	75	73
11	75	74
11	75	75
11	75	76
11	75	77
11	75	78
11	75	79
11	75	80
11	75	81
11	75	82
11	75	83
11	75	84
11	76	65
11	76	66
11	76	67
11	76	68
11	76	69
11	76	70
11	76	71
11	76	72
11	76	73
11	76	74
11	76	75
11	76	76
11	76	77
11	76	78
11	76	79
11	76	80
11	76	81
11	76	82
11	76	83
11	76	84
11	77	64
11	77	65
11	77	66
11	77	67
11	77	68
11	77	69
11	77	70
11	77	71
11	77	72
11	77	73
11	77	74
11	77	75
11	77	76
11	77	77
11	77	78
11	77	79
11	77	80
11	77	81
11	77	82
11	77	83
11	78	64
11	78	65
11	78	66
11	78	67
11	78	68
11	78	69
11	78	70
11	78	71
11	78	72
11	78	73
11	78	74
11	78	75
11	78	76
11	78	77
11	78	78
11	78	79
11	78	80
11	78	81
11	78	82
11	79	63
11	79	64
11	79	65
11	79	66
11	79	67
11	79	68
11	79	69
11	79	70
11	79	71
11	79	72
11	79	73
11	79	74
11	79	75
11	79	76
11	79	77
11	79	78
11	79	79
11	79	80
11	79	81
11	80	63
11	80	64
11	80	65
11	80	66
11	80	67
11	80	68
11	80	69
11	80	70
11	80	71
11	80	72
11	80	73
11	80	74
11	80	75
11	80	76
11	80	77
11	80	78
11	80	79
11	80	80
11	81	63
11	81	64
11	81	65
11	81	66
11	81	67
11	81	68
11	81	69
11	81	70
11	81	71
11	81	72
11	81	73
11	81	74
11	81	75
11	81	76
11	81	77
11	81	78
11	81	79
11	82	62
11	82	63
11	82	64
11	82	65
11	82	66
11	82	67
11	82	68
11	82	69
11	82	70
11	82	71
11	82	76
11	82	77
11	83	62
11	83	63
11	83	64
11	83	65
11	83	66
11	83	67
11	83	68
11	83	69
11	83	70
11	84	62
11	84	63
11	84	64
11	84	65
11	84	66
11	84	67
11	84	68
11	84	69
11	85	63
11	85	64
11	85	65
11	85	66
11	85	67
11	86	64
11	86	65
11	86	66
11	86	67
11	87	65
12	68	74
12	69	73
12	69	74
12	69	75
12	69	76
12	69	77
12	69	78
12	69	79
12	69	80
12	69	81
12	69	82
12	69	83
12	69	84
12	69	85
12	69	86
12	70	72
12	70	73
12	70	74
12	70	75
12	70	76
12	70	77
12	70	78
12	70	79
12	70	80
12	70	81
12	70	82
12	70	83
12	70	84
12	70	85
12	70	86
12	70	87
12	70	88
12	71	72
12	71	73
12	71	74
12	71	75
12	71	76
12	71	77
12	71	78
12	71	79
12	71	80
12	71	81
12	71	82
12	71	83
12	71	84
12	71	85
12	71	86
12	71	87
12	71	88
12	72	71
12	72	72
12	72	73
12	72	74
12	72	75
12	72	76
12	72	77
12	72	78
12	72	79
12	72	80
12	72	81
12	72	82
12	72	83
12	72	84
12	72	85
12	72	86
12	72	87
12	73	70
12	73	71
12	73	72
12	73	73
12	73	74
12	73	75
12	73	76
12	73	77
12	73	78
12	73	79
12	73	80
12	73	81
12	73	82
12	73	83
12	73	84
12	73	85
12	73	86
12	74	69
12	74	70
12	74	71
12	74	72
12	74	73
12	74	74
12	74	75
12	74	76
12	74	77
12	74	78
12	74	79
12	74	80
12	74	81
12	74	82
12	74	83
12	74	84
12	74	85
12	75	66
12	75	67
12	75	68
12	75	69
12	75	70
12	75	71
12	75	72
12	75	73
12	75	74
12	75	75
12	75	76
12	75	77
12	75	78
12	75	79
12	75	80
12	75	81
12	75	82
12	75	83
12	75	84
12	76	64
12	76	65
12	76	66
12	76	67
12	76	68
12	76	69
12	76	70
12	76	71
12	76	72
12	76	73
12	76	74
12	76	75
12	76	76
12	76	77
12	76	78
12	76	79
12	76	80
12	76	81
12	76	82
12	76	83
12	76	84
12	77	63
12	77	64
12	77	65
12	77	66
12	77	67
12	77	68
12	77	69
12	77	70
12	77	71
12	77	72
12	77	73
12	77	74
12	77	75
12	77	76
12	77	77
12	77	78
12	77	79
12	77	80
12	77	81
12	77	82
12	77	83
12	78	63
12	78	64
12	78	65
12	78	66
12	78	67
12	78	68
12	78	69
12	78	70
12	78	71
12	78	72
12	78	73
12	78	74
12	78	75
12	78	76
12	78	77
12	78	78
12	78	79
12	78	80
12	78	81
12	78	82
12	79	62
12	79	63
12	79	64
12	79	65
12	79	66
12	79	67
12	79	68
12	79	69
12	79	70
12	79	71
12	79	72
12	79	73
12	79	74
12	79	75
12	79	76
12	79	77
12	79	78
12	79	79
12	79	80
12	79	81
12	80	62
12	80	63
12	80	64
12	80	65
12	80	66
12	80	67
12	80	68
12	80	69
12	80	70
12	80	71
12	80	72
12	80	73
12	80	74
12	80	75
12	80	76
12	80	77
12	80	78
12	80	79
12	80	80
12	81	62
12	81	63
12	81	64
12	81	65
12	81	66
12	81	67
12	81	68
12	81	69
12	81	70
12	81	71
12	81	72
12	81	76
12	81	77
12	82	62
12	82	63
12	82	64
12	82	65
12	82	66
12	82	67
12	82	68
12	82	69
12	82	70
12	82	71
12	83	61
12	83	62
12	83	63
12	83	64
12	83	65
12	83	66
12	83	67
12	83	68
12	83	69
12	83	70
12	84	62
12	84	63
12	84	64
12	84	65
12	84	66
12	84	67
12	84	68
12	84	69
12	85	62
12	85	63
12	85	64
12	85	65
12	85	66
12	85	67
12	86	64
12	86	65
12	86	66
13	68	79
13	68	80
13	68	81
13	68	82
13	69	73
13	69	74
13	69	75
13	69	76
13	69	77
13	69	78
13	69	79
13	69	80
13	69	81
13	69	82
13	69	83
13	69	84
13	69	85
13	69	86
13	70	72
13	70	73
13	70	74
13	70	75
13	70	76
13	70	77
13	70	78
13	70	79
13	70	80
13	70	81
13	70	82
13	70	83
13	70	84
13	70	85
13	70	86
13	70	87
13	71	72
13	71	73
13	71	74
13	71	75
13	71	76
13	71	77
13	71	78
13	71	79
13	71	80
13	71	81
13	71	82
13	71	83
13	71	84
13	71	85
13	71	86
13	71	87
13	71	88
13	72	71
13	72	72
13	72	73
13	72	74
13	72	75
13	72	76
13	72	77
13	72	78
13	72	79
13	72	80
13	72	81
13	72	82
13	72	83
13	72	84
13	72	85
13	72	86
13	72	87
13	73	70
13	73	71
13	73	72
13	73	73
13	73	74
13	73	75
13	73	76
13	73	77
13	73	78
13	73	79
13	73	80
13	73	81
13	73	82
13	73	83
13	73	84
13	73	85
13	73	86
13	74	69
13	74	70
13	74	71
13	74	72
13	74	73
13	74	74
13	74	75
13	74	76
13	74	77
13	74	78
13	74	79
13	74	80
13	74	81
13	74	82
13	74	83
13	74	84
13	74	85
13	75	66
13	75	67
13	75	68
13	75	69
13	75	70
13	75	71
13	75	72
13	75	73
13	75	74
13	75	75
13	75	76
13	75	77
13	75	78
13	75	79
13	75	80
13	75	81
13	75	82
13	75	83
13	75	84
13	75	85
13	76	64
13	76	65
13	76	66
13	76	67
13	76	68
13	76	69
13	76	70
13	76	71
13	76	72
13	76	73
13	76	74
13	76	75
13	76	76
13	76	77
13	76	78
13	76	79
13	76	80
13	76	81
13	76	82
13	76	83
13	76	84
13	76	85
13	77	62
13	77	63
13	77	64
13	77	65
13	77	66
13	77	67
13	77	68
13	77	69
13	77	70
13	77	71
13	77	72
13	77	73
13	77	74
13	77	75
13	77	76
13	77	77
13	77	78
13	77	79
13	77	80
13	77	81
13	77	82
13	77	83
13	78	62
13	78	63
13	78	64
13	78	65
13	78	66
13	78	67
13	78	68
13	78	69
13	78	70
13	78	71
13	78	72
13	78	73
13	78	74
13	78	75
13	78	76
13	78	77
13	78	78
13	78	79
13	78	80
13	78	81
13	78	82
13	79	61
13	79	62
13	79	63
13	79	64
13	79	65
13	79	66
13	79	67
13	79	68
13	79	69
13	79	70
13	79	71
13	79	72
13	79	73
13	79	74
13	79	75
13	79	76
13	79	77
13	79	78
13	79	79
13	79	80
13	79	81
13	80	61
13	80	62
13	80	63
13	80	64
13	80	65
13	80	66
13	80	67
13	80	68
13	80	69
13	80	70
13	80	71
13	80	72
13	80	73
13	80	74
13	80	75
13	80	76
13	80	77
13	80	78
13	81	61
13	81	62
13	81	63
13	81	64
13	81	65
13	81	66
13	81	67
13	81	68
13	81	69
13	81	70
13	81	71
13	81	72
13	81	77
13	82	61
13	82	62
13	82	63
13	82	64
13	82	65
13	82	66
13	82	67
13	82	68
13	82	69
13	82	70
13	82	71
13	83	61
13	83	62
13	83	63
13	83	64
13	83	65
13	83	66
13	83	67
13	83	68
13	83	69
13	83	70
13	84	61
13	84	62
13	84	63
13	84	64
13	84	65
13	84	66
13	84	67
13	84	68
13	84	69
13	85	62
13	85	63
13	85	64
13	85	65
13	85	66
13	86	63
13	86	64
13	86	65
13	87	64
14	68	79
14	68	80
14	68	81
14	68	82
14	68	83
14	69	73
14	69	74
14	69	75
14	69	76
14	69	77
14	69	78
14	69	79
14	69	80
14	69	81
14	69	82
14	69	83
14	69	84
14	70	72
14	70	73
14	70	74
14	70	75
14	70	76
14	70	77
14	70	78
14	70	79
14	70	80
14	70	81
14	70	82
14	70	83
14	70	84
14	70	85
14	70	86
14	71	72
14	71	73
14	71	74
14	71	75
14	71	76
14	71	77
14	71	78
14	71	79
14	71	80
14	71	81
14	71	82
14	71	83
14	71	84
14	71	85
14	71	86
14	71	87
14	72	71
14	72	72
14	72	73
14	72	74
14	72	75
14	72	76
14	72	77
14	72	78
14	72	79
14	72	80
14	72	81
14	72	82
14	72	83
14	72	84
14	72	85
14	72	86
14	72	87
14	73	70
14	73	71
14	73	72
14	73	73
14	73	74
14	73	75
14	73	76
14	73	77
14	73	78
14	73	79
14	73	80
14	73	81
14	73	82
14	73	83
14	73	84
14	73	85
14	73	86
14	74	69
14	74	70
14	74	71
14	74	72
14	74	73
14	74	74
14	74	75
14	74	76
14	74	77
14	74	78
14	74	79
14	74	80
14	74	81
14	74	82
14	74	83
14	74	84
14	74	85
14	74	86
14	75	64
14	75	65
14	75	66
14	75	67
14	75	68
14	75	69
14	75	70
14	75	71
14	75	72
14	75	73
14	75	74
14	75	75
14	75	76
14	75	77
14	75	78
14	75	79
14	75	80
14	75	81
14	75	82
14	75	83
14	75	84
14	75	85
14	75	86
14	76	63
14	76	64
14	76	65
14	76	66
14	76	67
14	76	68
14	76	69
14	76	70
14	76	71
14	76	72
14	76	73
14	76	74
14	76	75
14	76	76
14	76	77
14	76	78
14	76	79
14	76	80
14	76	81
14	76	82
14	76	83
14	76	84
14	76	85
14	76	86
14	77	62
14	77	63
14	77	64
14	77	65
14	77	66
14	77	67
14	77	68
14	77	69
14	77	70
14	77	71
14	77	72
14	77	73
14	77	74
14	77	75
14	77	76
14	77	77
14	77	78
14	77	79
14	77	80
14	77	81
14	77	82
14	77	83
14	77	84
14	77	85
14	77	86
14	78	61
14	78	62
14	78	63
14	78	64
14	78	65
14	78	66
14	78	67
14	78	68
14	78	69
14	78	70
14	78	71
14	78	72
14	78	73
14	78	74
14	78	75
14	78	76
14	78	77
14	78	78
14	78	79
14	78	80
14	78	81
14	78	82
14	79	61
14	79	62
14	79	63
14	79	64
14	79	65
14	79	66
14	79	67
14	79	68
14	79	69
14	79	70
14	79	71
14	79	72
14	79	73
14	79	74
14	79	75
14	79	76
14	79	77
14	79	78
14	79	79
14	79	80
14	79	81
14	80	61
14	80	62
14	80	63
14	80	64
14	80	65
14	80	66
14	80	67
14	80	68
14	80	69
14	80	70
14	80	71
14	80	72
14	80	73
14	80	76
14	80	77
14	81	60
14	81	61
14	81	62
14	81	63
14	81	64
14	81	65
14	81	66
14	81	67
14	81	68
14	81	69
14	81	70
14	81	71
14	81	72
14	82	60
14	82	61
14	82	62
14	82	63
14	82	64
14	82	65
14	82	66
14	82	67
14	82	68
14	82	69
14	82	70
14	82	71
14	83	60
14	83	61
14	83	62
14	83	63
14	83	64
14	83	65
14	83	66
14	83	67
14	83	68
14	83	69
14	83	70
14	84	61
14	84	62
14	84	63
14	84	64
14	84	65
14	84	66
14	84	67
14	85	62
14	85	63
14	85	64
14	85	65
14	86	63
14	86	64
14	87	64
15	68	80
15	69	75
15	69	76
15	69	77
15	69	78
15	69	79
15	69	80
15	69	81
15	69	82
15	69	83
15	69	84
15	70	72
15	70	73
15	70	74
15	70	75
15	70	76
15	70	77
15	70	78
15	70	79
15	70	80
15	70	81
15	70	82
15	70	83
15	70	84
15	70	85
15	71	71
15	71	72
15	71	73
15	71	74
15	71	75
15	71	76
15	71	77
15	71	78
15	71	79
15	71	80
15	71	81
15	71	82
15	71	83
15	71	84
15	71	85
15	71	86
15	71	87
15	72	71
15	72	72
15	72	73
15	72	74
15	72	75
15	72	76
15	72	77
15	72	78
15	72	79
15	72	80
15	72	81
15	72	82
15	72	83
15	72	84
15	72	85
15	72	86
15	72	87
15	73	70
15	73	71
15	73	72
15	73	73
15	73	74
15	73	75
15	73	76
15	73	77
15	73	78
15	73	79
15	73	80
15	73	81
15	73	82
15	73	83
15	73	84
15	73	85
15	73	86
15	73	87
15	74	69
15	74	70
15	74	71
15	74	72
15	74	73
15	74	74
15	74	75
15	74	76
15	74	77
15	74	78
15	74	79
15	74	80
15	74	81
15	74	82
15	74	83
15	74	84
15	74	85
15	74	86
15	74	87
15	75	64
15	75	65
15	75	66
15	75	67
15	75	68
15	75	69
15	75	70
15	75	71
15	75	72
15	75	73
15	75	74
15	75	75
15	75	76
15	75	77
15	75	78
15	75	79
15	75	80
15	75	81
15	75	82
15	75	83
15	75	84
15	75	85
15	75	86
15	75	87
15	76	63
15	76	64
15	76	65
15	76	66
15	76	67
15	76	68
15	76	69
15	76	70
15	76	71
15	76	72
15	76	73
15	76	74
15	76	75
15	76	76
15	76	77
15	76	78
15	76	79
15	76	80
15	76	81
15	76	82
15	76	83
15	76	84
15	76	85
15	76	86
15	76	87
15	77	61
15	77	62
15	77	63
15	77	64
15	77	65
15	77	66
15	77	67
15	77	68
15	77	69
15	77	70
15	77	71
15	77	72
15	77	73
15	77	74
15	77	75
15	77	76
15	77	77
15	77	78
15	77	79
15	77	80
15	77	81
15	77	82
15	77	83
15	77	84
15	77	85
15	77	86
15	77	87
15	78	60
15	78	61
15	78	62
15	78	63
15	78	64
15	78	65
15	78	66
15	78	67
15	78	68
15	78	69
15	78	70
15	78	71
15	78	72
15	78	73
15	78	74
15	78	75
15	78	76
15	78	77
15	78	78
15	78	79
15	78	80
15	78	81
15	78	82
15	78	83
15	78	84
15	78	85
15	78	86
15	78	87
15	79	60
15	79	61
15	79	62
15	79	63
15	79	64
15	79	65
15	79	66
15	79	67
15	79	68
15	79	69
15	79	70
15	79	71
15	79	72
15	79	73
15	79	74
15	79	75
15	79	76
15	79	77
15	79	78
15	80	60
15	80	61
15	80	62
15	80	63
15	80	64
15	80	65
15	80	66
15	80	67
15	80	68
15	80	69
15	80	70
15	80	71
15	80	72
15	80	73
15	80	76
15	81	60
15	81	61
15	81	62
15	81	63
15	81	64
15	81	65
15	81	66
15	81	67
15	81	68
15	81	69
15	81	70
15	81	71
15	81	72
15	82	60
15	82	61
15	82	62
15	82	63
15	82	64
15	82	65
15	82	66
15	82	67
15	82	68
15	82	69
15	82	70
15	82	71
15	83	60
15	83	61
15	83	62
15	83	63
15	83	64
15	83	65
15	83	66
15	83	67
15	83	68
15	83	69
15	83	70
15	84	61
15	84	62
15	84	63
15	84	64
15	84	65
15	84	66
15	85	62
15	85	63
15	85	64
15	85	65
15	86	63
15	86	64
16	69	76
16	69	77
16	69	78
16	69	79
16	69	80
16	69	81
16	69	82
16	69	83
16	70	72
16	70	73
16	70	74
16	70	75
16	70	76
16	70	77
16	70	78
16	70	79
16	70	80
16	70	81
16	70	82
16	70	83
16	70	84
16	70	85
16	71	71
16	71	72
16	71	73
16	71	74
16	71	75
16	71	76
16	71	77
16	71	78
16	71	79
16	71	80
16	71	81
16	71	82
16	71	83
16	71	84
16	71	85
16	71	86
16	72	71
16	72	72
16	72	73
16	72	74
16	72	75
16	72	76
16	72	77
16	72	78
16	72	79
16	72	80
16	72	81
16	72	82
16	72	83
16	72	84
16	72	85
16	72	86
16	72	87
16	72	88
16	73	70
16	73	71
16	73	72
16	73	73
16	73	74
16	73	75
16	73	76
16	73	77
16	73	78
16	73	79
16	73	80
16	73	81
16	73	82
16	73	83
16	73	84
16	73	85
16	73	86
16	74	69
16	74	70
16	74	71
16	74	72
16	74	73
16	74	74
16	74	75
16	74	76
16	74	77
16	74	78
16	74	79
16	74	80
16	74	81
16	74	82
16	74	83
16	74	84
16	74	85
16	74	86
16	74	87
16	75	63
16	75	64
16	75	65
16	75	66
16	75	67
16	75	68
16	75	69
16	75	70
16	75	71
16	75	72
16	75	73
16	75	74
16	75	75
16	75	76
16	75	77
16	75	78
16	75	79
16	75	80
16	75	81
16	75	82
16	75	83
16	75	84
16	75	85
16	75	86
16	75	87
16	75	88
16	76	61
16	76	62
16	76	63
16	76	64
16	76	65
16	76	66
16	76	67
16	76	68
16	76	69
16	76	70
16	76	71
16	76	72
16	76	73
16	76	74
16	76	75
16	76	76
16	76	77
16	76	78
16	76	79
16	76	80
16	76	81
16	76	82
16	76	83
16	76	84
16	76	85
16	76	86
16	76	87
16	76	88
16	77	61
16	77	62
16	77	63
16	77	64
16	77	65
16	77	66
16	77	67
16	77	68
16	77	69
16	77	70
16	77	71
16	77	72
16	77	73
16	77	74
16	77	75
16	77	76
16	77	77
16	77	78
16	77	79
16	77	80
16	77	81
16	77	82
16	77	83
16	77	84
16	77	85
16	77	86
16	77	87
16	77	88
16	78	60
16	78	61
16	78	62
16	78	63
16	78	64
16	78	65
16	78	66
16	78	67
16	78	68
16	78	69
16	78	70
16	78	71
16	78	72
16	78	73
16	78	74
16	78	75
16	78	76
16	78	77
16	78	78
16	78	79
16	78	80
16	78	81
16	78	82
16	78	83
16	78	84
16	79	59
16	79	60
16	79	61
16	79	62
16	79	63
16	79	64
16	79	65
16	79	66
16	79	67
16	79	68
16	79	69
16	79	70
16	79	71
16	79	72
16	79	73
16	79	74
16	79	75
16	79	76
16	79	77
16	80	59
16	80	60
16	80	61
16	80	62
16	80	63
16	80	64
16	80	65
16	80	66
16	80	67
16	80	68
16	80	69
16	80	70
16	80	71
16	80	72
16	80	73
16	81	59
16	81	60
16	81	61
16	81	62
16	81	63
16	81	64
16	81	65
16	81	66
16	81	67
16	81	68
16	81	69
16	81	70
16	81	71
16	81	72
16	82	59
16	82	60
16	82	61
16	82	62
16	82	63
16	82	64
16	82	65
16	82	66
16	82	67
16	82	68
16	82	69
16	82	70
16	82	71
16	83	59
16	83	60
16	83	61
16	83	62
16	83	63
16	83	64
16	83	65
16	83	66
16	83	67
16	83	68
16	84	59
16	84	60
16	84	61
16	84	62
16	84	63
16	84	64
16	84	65
16	84	66
16	85	62
16	85	63
16	85	64
16	85	65
16	86	63
16	86	64
17	68	75
17	69	77
17	69	78
17	69	79
17	69	80
17	69	81
17	69	82
17	69	83
17	70	72
17	70	73
17	70	74
17	70	75
17	70	76
17	70	77
17	70	78
17	70	79
17	70	80
17	70	81
17	70	82
17	70	83
17	70	84
17	71	71
17	71	72
17	71	73
17	71	74
17	71	75
17	71	76
17	71	77
17	71	78
17	71	79
17	71	80
17	71	81
17	71	82
17	71	83
17	71	84
17	71	85
17	71	86
17	72	71
17	72	72
17	72	73
17	72	74
17	72	75
17	72	76
17	72	77
17	72	78
17	72	79
17	72	80
17	72	81
17	72	82
17	72	83
17	72	84
17	72	85
17	72	86
17	73	70
17	73	71
17	73	72
17	73	73
17	73	74
17	73	75
17	73	76
17	73	77
17	73	78
17	73	79
17	73	80
17	73	81
17	73	82
17	73	83
17	73	84
17	73	85
17	73	86
17	74	69
17	74	70
17	74	71
17	74	72
17	74	73
17	74	74
17	74	75
17	74	76
17	74	77
17	74	78
17	74	79
17	74	80
17	74	81
17	74	82
17	74	83
17	74	84
17	74	85
17	74	86
17	75	62
17	75	63
17	75	64
17	75	65
17	75	66
17	75	67
17	75	68
17	75	69
17	75	70
17	75	71
17	75	72
17	75	73
17	75	74
17	75	75
17	75	76
17	75	77
17	75	78
17	75	79
17	75	80
17	75	81
17	75	82
17	75	83
17	75	84
17	75	85
17	75	86
17	76	60
17	76	61
17	76	62
17	76	63
17	76	64
17	76	65
17	76	66
17	76	67
17	76	68
17	76	69
17	76	70
17	76	71
17	76	72
17	76	73
17	76	74
17	76	75
17	76	76
17	76	77
17	76	78
17	76	79
17	76	80
17	76	81
17	76	82
17	76	83
17	76	84
17	76	85
17	76	86
17	76	87
17	77	60
17	77	61
17	77	62
17	77	63
17	77	64
17	77	65
17	77	66
17	77	67
17	77	68
17	77	69
17	77	70
17	77	71
17	77	72
17	77	73
17	77	74
17	77	75
17	77	76
17	77	77
17	77	78
17	77	79
17	77	80
17	77	81
17	77	82
17	77	83
17	77	84
17	77	85
17	78	59
17	78	60
17	78	61
17	78	62
17	78	63
17	78	64
17	78	65
17	78	66
17	78	67
17	78	68
17	78	69
17	78	70
17	78	71
17	78	72
17	78	73
17	78	74
17	78	75
17	78	76
17	78	77
17	78	78
17	78	79
17	78	80
17	78	81
17	78	82
17	79	59
17	79	60
17	79	61
17	79	62
17	79	63
17	79	64
17	79	65
17	79	66
17	79	67
17	79	68
17	79	69
17	79	70
17	79	71
17	79	72
17	79	73
17	79	74
17	79	75
17	79	76
17	80	59
17	80	60
17	80	61
17	80	62
17	80	63
17	80	64
17	80	65
17	80	66
17	80	67
17	80	68
17	80	69
17	80	70
17	80	71
17	80	72
17	80	73
17	81	59
17	81	60
17	81	61
17	81	62
17	81	63
17	81	64
17	81	65
17	81	66
17	81	67
17	81	68
17	81	69
17	81	70
17	81	71
17	81	72
17	81	73
17	82	58
17	82	59
17	82	60
17	82	61
17	82	62
17	82	63
17	82	64
17	82	65
17	82	66
17	82	67
17	82	68
17	82	69
17	82	70
17	83	58
17	83	59
17	83	60
17	83	61
17	83	62
17	83	63
17	83	64
17	83	65
17	83	66
17	83	67
17	84	58
17	84	59
17	84	60
17	84	61
17	84	62
17	84	63
17	84	64
17	84	65
17	85	58
17	85	59
17	85	60
17	85	61
17	85	62
17	85	63
17	85	64
17	86	63
17	86	64
18	69	82
18	70	72
18	70	73
18	70	74
18	70	75
18	70	76
18	70	77
18	70	78
18	70	79
18	70	80
18	70	81
18	70	82
18	70	83
18	70	84
18	71	71
18	71	72
18	71	73
18	71	74
18	71	75
18	71	76
18	71	77
18	71	78
18	71	79
18	71	80
18	71	81
18	71	82
18	71	83
18	71	84
18	71	85
18	72	71
18	72	72
18	72	73
18	72	74
18	72	75
18	72	76
18	72	77
18	72	78
18	72	79
18	72	80
18	72	81
18	72	82
18	72	83
18	72	84
18	72	85
18	72	86
18	73	70
18	73	71
18	73	72
18	73	73
18	73	74
18	73	75
18	73	76
18	73	77
18	73	78
18	73	79
18	73	80
18	73	81
18	73	82
18	73	83
18	73	84
18	73	85
18	73	86
18	74	60
18	74	61
18	74	70
18	74	71
18	74	72
18	74	73
18	74	74
18	74	75
18	74	76
18	74	77
18	74	78
18	74	79
18	74	80
18	74	81
18	74	82
18	74	83
18	74	84
18	74	85
18	75	60
18	75	61
18	75	62
18	75	63
18	75	64
18	75	66
18	75	67
18	75	68
18	75	69
18	75	70
18	75	71
18	75	72
18	75	73
18	75	74
18	75	75
18	75	76
18	75	77
18	75	78
18	75	79
18	75	80
18	75	81
18	75	82
18	75	83
18	75	84
18	75	85
18	76	60
18	76	61
18	76	62
18	76	63
18	76	64
18	76	65
18	76	66
18	76	67
18	76	68
18	76	69
18	76	70
18	76	71
18	76	72
18	76	73
18	76	74
18	76	75
18	76	76
18	76	77
18	76	78
18	76	79
18	76	80
18	76	81
18	76	82
18	76	83
18	76	84
18	76	85
18	76	86
18	77	60
18	77	61
18	77	62
18	77	63
18	77	64
18	77	65
18	77	66
18	77	67
18	77	68
18	77	69
18	77	70
18	77	71
18	77	72
18	77	73
18	77	74
18	77	75
18	77	76
18	77	77
18	77	78
18	77	79
18	77	80
18	77	81
18	77	82
18	77	83
18	78	59
18	78	60
18	78	61
18	78	62
18	78	63
18	78	64
18	78	65
18	78	66
18	78	67
18	78	68
18	78	69
18	78	70
18	78	71
18	78	72
18	78	73
18	78	74
18	78	75
18	78	76
18	78	77
18	78	78
18	79	59
18	79	60
18	79	61
18	79	62
18	79	63
18	79	64
18	79	65
18	79	66
18	79	67
18	79	68
18	79	69
18	79	70
18	79	71
18	79	72
18	79	73
18	79	74
18	79	75
18	80	58
18	80	59
18	80	60
18	80	61
18	80	62
18	80	63
18	80	64
18	80	65
18	80	66
18	80	67
18	80	68
18	80	69
18	80	70
18	80	71
18	80	72
18	80	73
18	80	74
18	81	58
18	81	59
18	81	60
18	81	61
18	81	62
18	81	63
18	81	64
18	81	65
18	81	66
18	81	67
18	81	68
18	81	69
18	81	70
18	81	71
18	81	72
18	82	58
18	82	59
18	82	60
18	82	61
18	82	62
18	82	63
18	82	64
18	82	65
18	82	66
18	82	67
18	82	68
18	83	57
18	83	58
18	83	59
18	83	60
18	83	61
18	83	62
18	83	63
18	83	64
18	83	65
18	83	66
18	83	67
18	84	57
18	84	58
18	84	59
18	84	60
18	84	61
18	84	62
18	84	63
18	84	64
18	84	65
18	85	57
18	85	58
18	85	59
18	85	60
18	85	61
18	85	62
18	85	63
18	85	64
18	86	57
18	86	58
18	86	59
18	86	60
18	86	61
18	86	62
18	86	63
19	69	81
19	70	72
19	70	73
19	70	74
19	70	75
19	70	76
19	70	77
19	70	78
19	70	79
19	70	80
19	70	81
19	70	82
19	70	83
19	71	71
19	71	72
19	71	73
19	71	74
19	71	75
19	71	76
19	71	77
19	71	78
19	71	79
19	71	80
19	71	81
19	71	82
19	71	83
19	71	84
19	71	85
19	72	71
19	72	72
19	72	73
19	72	74
19	72	75
19	72	76
19	72	77
19	72	78
19	72	79
19	72	80
19	72	81
19	72	82
19	72	83
19	72	84
19	72	85
19	72	86
19	73	71
19	73	72
19	73	73
19	73	74
19	73	75
19	73	76
19	73	77
19	73	78
19	73	79
19	73	80
19	73	81
19	73	82
19	73	83
19	73	84
19	73	85
19	73	86
19	74	60
19	74	61
19	74	70
19	74	71
19	74	72
19	74	73
19	74	74
19	74	75
19	74	76
19	74	77
19	74	78
19	74	79
19	74	80
19	74	81
19	74	82
19	74	83
19	74	84
19	74	85
19	75	60
19	75	61
19	75	62
19	75	63
19	75	68
19	75	69
19	75	70
19	75	71
19	75	72
19	75	73
19	75	74
19	75	75
19	75	76
19	75	77
19	75	78
19	75	79
19	75	80
19	75	81
19	75	82
19	75	83
19	75	84
19	75	85
19	76	60
19	76	61
19	76	62
19	76	63
19	76	64
19	76	65
19	76	66
19	76	67
19	76	68
19	76	69
19	76	70
19	76	71
19	76	72
19	76	73
19	76	74
19	76	75
19	76	76
19	76	77
19	76	78
19	76	79
19	76	80
19	76	81
19	76	82
19	76	83
19	76	84
19	77	59
19	77	60
19	77	61
19	77	62
19	77	63
19	77	64
19	77	65
19	77	66
19	77	67
19	77	68
19	77	69
19	77	70
19	77	71
19	77	72
19	77	73
19	77	74
19	77	75
19	77	76
19	77	77
19	77	78
19	77	79
19	77	80
19	77	81
19	78	59
19	78	60
19	78	61
19	78	62
19	78	63
19	78	64
19	78	65
19	78	66
19	78	67
19	78	68
19	78	69
19	78	70
19	78	71
19	78	72
19	78	73
19	78	74
19	78	75
19	78	76
19	79	58
19	79	59
19	79	60
19	79	61
19	79	62
19	79	63
19	79	64
19	79	65
19	79	66
19	79	67
19	79	68
19	79	69
19	79	70
19	79	71
19	79	72
19	79	73
19	79	74
19	80	58
19	80	59
19	80	60
19	80	61
19	80	62
19	80	63
19	80	64
19	80	65
19	80	66
19	80	67
19	80	68
19	80	69
19	80	70
19	80	71
19	80	72
19	80	73
19	81	58
19	81	59
19	81	60
19	81	61
19	81	62
19	81	63
19	81	64
19	81	65
19	81	66
19	81	67
19	81	68
19	81	69
19	81	70
19	81	71
19	82	57
19	82	58
19	82	59
19	82	60
19	82	61
19	82	62
19	82	63
19	82	64
19	82	65
19	82	66
19	82	67
19	83	56
19	83	57
19	83	58
19	83	59
19	83	60
19	83	61
19	83	62
19	83	63
19	83	64
19	83	65
19	83	66
19	84	56
19	84	57
19	84	58
19	84	59
19	84	60
19	84	61
19	84	62
19	84	63
19	84	64
19	84	65
19	85	56
19	85	57
19	85	58
19	85	59
19	85	60
19	85	61
19	85	62
19	85	63
19	85	64
19	86	56
19	86	57
19	86	58
19	86	59
19	86	60
19	86	61
19	86	62
19	86	63
19	87	58
19	87	59
19	87	60
19	87	61
19	87	62
20	69	80
20	70	75
20	70	76
20	70	77
20	70	78
20	70	79
20	70	80
20	70	81
20	70	82
20	70	83
20	71	72
20	71	73
20	71	74
20	71	75
20	71	76
20	71	77
20	71	78
20	71	79
20	71	80
20	71	81
20	71	82
20	71	83
20	71	84
20	71	85
20	72	72
20	72	73
20	72	74
20	72	75
20	72	76
20	72	77
20	72	78
20	72	79
20	72	80
20	72	81
20	72	82
20	72	83
20	72	84
20	72	85
20	72	86
20	73	60
20	73	71
20	73	72
20	73	73
20	73	74
20	73	75
20	73	76
20	73	77
20	73	78
20	73	79
20	73	80
20	73	81
20	73	82
20	73	83
20	73	84
20	73	85
20	73	86
20	74	60
20	74	61
20	74	70
20	74	71
20	74	72
20	74	73
20	74	74
20	74	75
20	74	76
20	74	77
20	74	78
20	74	79
20	74	80
20	74	81
20	74	82
20	74	83
20	74	84
20	74	85
20	75	60
20	75	61
20	75	62
20	75	63
20	75	69
20	75	70
20	75	71
20	75	72
20	75	73
20	75	74
20	75	75
20	75	76
20	75	77
20	75	78
20	75	79
20	75	80
20	75	81
20	75	82
20	75	83
20	75	84
20	75	85
20	76	59
20	76	60
20	76	61
20	76	62
20	76	63
20	76	64
20	76	65
20	76	66
20	76	67
20	76	68
20	76	69
20	76	70
20	76	71
20	76	72
20	76	73
20	76	74
20	76	75
20	76	76
20	76	77
20	76	78
20	76	79
20	76	80
20	76	81
20	76	82
20	76	83
20	77	59
20	77	60
20	77	61
20	77	62
20	77	63
20	77	64
20	77	65
20	77	66
20	77	67
20	77	68
20	77	69
20	77	70
20	77	71
20	77	72
20	77	73
20	77	74
20	77	75
20	77	76
20	77	77
20	78	58
20	78	59
20	78	60
20	78	61
20	78	62
20	78	63
20	78	64
20	78	65
20	78	66
20	78	67
20	78	68
20	78	69
20	78	70
20	78	71
20	78	72
20	78	73
20	78	74
20	79	58
20	79	59
20	79	60
20	79	61
20	79	62
20	79	63
20	79	64
20	79	65
20	79	66
20	79	67
20	79	68
20	79	69
20	79	70
20	79	71
20	79	72
20	79	73
20	80	58
20	80	59
20	80	60
20	80	61
20	80	62
20	80	63
20	80	64
20	80	65
20	80	66
20	80	67
20	80	68
20	80	69
20	80	70
20	80	71
20	80	72
20	81	57
20	81	58
20	81	59
20	81	60
20	81	61
20	81	62
20	81	63
20	81	64
20	81	65
20	81	66
20	81	67
20	81	68
20	82	56
20	82	57
20	82	58
20	82	59
20	82	60
20	82	61
20	82	62
20	82	63
20	82	64
20	82	65
20	82	66
20	82	67
20	83	55
20	83	56
20	83	57
20	83	58
20	83	59
20	83	60
20	83	61
20	83	62
20	83	63
20	83	64
20	83	65
20	83	66
20	84	55
20	84	56
20	84	57
20	84	58
20	84	59
20	84	60
20	84	61
20	84	62
20	84	63
20	84	64
20	84	65
20	85	55
20	85	56
20	85	57
20	85	58
20	85	59
20	85	60
20	85	61
20	85	62
20	85	63
20	85	64
20	86	55
20	86	56
20	86	57
20	86	58
20	86	59
20	86	60
20	86	61
20	86	62
20	87	55
20	87	56
20	87	57
20	87	58
20	87	59
20	87	60
20	87	61
20	88	60
21	69	79
21	70	76
21	70	77
21	70	78
21	70	79
21	70	80
21	70	81
21	70	82
21	71	74
21	71	75
21	71	76
21	71	77
21	71	78
21	71	79
21	71	80
21	71	81
21	71	82
21	71	83
21	71	84
21	71	85
21	72	72
21	72	73
21	72	74
21	72	75
21	72	76
21	72	77
21	72	78
21	72	79
21	72	80
21	72	81
21	72	82
21	72	83
21	72	84
21	72	85
21	72	86
21	73	60
21	73	74
21	73	75
21	73	76
21	73	77
21	73	78
21	73	79
21	73	80
21	73	81
21	73	82
21	73	83
21	73	84
21	73	85
21	73	86
21	74	59
21	74	60
21	74	61
21	74	71
21	74	75
21	74	76
21	74	77
21	74	78
21	74	79
21	74	80
21	74	81
21	74	82
21	74	83
21	74	84
21	74	85
21	75	59
21	75	60
21	75	61
21	75	62
21	75	63
21	75	69
21	75	70
21	75	71
21	75	76
21	75	77
21	75	78
21	75	79
21	75	80
21	75	81
21	75	82
21	75	83
21	75	84
21	75	85
21	76	59
21	76	60
21	76	61
21	76	62
21	76	63
21	76	64
21	76	65
21	76	66
21	76	68
21	76	69
21	76	70
21	76	71
21	76	72
21	76	76
21	76	77
21	76	78
21	76	79
21	76	80
21	76	81
21	76	82
21	77	58
21	77	59
21	77	60
21	77	61
21	77	62
21	77	63
21	77	64
21	77	65
21	77	66
21	77	67
21	77	68
21	77	69
21	77	70
21	77	71
21	77	72
21	78	57
21	78	58
21	78	59
21	78	60
21	78	61
21	78	62
21	78	63
21	78	64
21	78	65
21	78	66
21	78	67
21	78	68
21	78	69
21	78	70
21	78	71
21	78	72
21	79	57
21	79	58
21	79	59
21	79	60
21	79	61
21	79	62
21	79	63
21	79	64
21	79	65
21	79	66
21	79	67
21	79	68
21	79	69
21	79	70
21	79	71
21	79	72
21	80	57
21	80	58
21	80	59
21	80	60
21	80	61
21	80	62
21	80	63
21	80	64
21	80	65
21	80	66
21	80	67
21	80	68
21	80	69
21	81	56
21	81	57
21	81	58
21	81	59
21	81	60
21	81	61
21	81	62
21	81	63
21	81	64
21	81	65
21	81	66
21	81	67
21	82	55
21	82	56
21	82	57
21	82	58
21	82	59
21	82	60
21	82	61
21	82	62
21	82	63
21	82	64
21	82	65
21	82	66
21	83	54
21	83	55
21	83	56
21	83	57
21	83	58
21	83	59
21	83	60
21	83	61
21	83	62
21	83	63
21	83	64
21	83	65
21	84	54
21	84	55
21	84	56
21	84	57
21	84	58
21	84	59
21	84	60
21	84	61
21	84	62
21	84	63
21	84	64
21	85	54
21	85	55
21	85	56
21	85	57
21	85	58
21	85	59
21	85	60
21	85	61
21	85	62
21	85	63
21	86	54
21	86	55
21	86	56
21	86	57
21	86	58
21	86	59
21	86	60
21	86	61
21	86	62
21	87	54
21	87	60
22	69	78
22	70	76
22	70	77
22	70	78
22	70	79
22	70	80
22	70	81
22	70	82
22	71	75
22	71	76
22	71	77
22	71	78
22	71	79
22	71	80
22	71	81
22	71	82
22	71	83
22	71	84
22	72	75
22	72	76
22	72	77
22	72	78
22	72	79
22	72	80
22	72	81
22	72	82
22	72	83
22	72	84
22	72	85
22	72	86
22	73	60
22	73	76
22	73	77
22	73	78
22	73	79
22	73	80
22	73	81
22	73	82
22	73	83
22	73	84
22	73	85
22	74	60
22	74	61
22	74	76
22	74	77
22	74	78
22	74	79
22	74	80
22	74	81
22	74	82
22	74	83
22	74	84
22	74	85
22	75	58
22	75	59
22	75	60
22	75	61
22	75	62
22	75	63
22	75	69
22	75	77
22	75	78
22	75	79
22	75	80
22	75	81
22	75	82
22	75	83
22	75	84
22	76	58
22	76	59
22	76	60
22	76	61
22	76	62
22	76	63
22	76	64
22	76	65
22	76	66
22	76	69
22	76	70
22	76	77
22	76	78
22	77	57
22	77	58
22	77	59
22	77	60
22	77	61
22	77	62
22	77	63
22	77	64
22	77	65
22	77	66
22	77	67
22	77	69
22	77	70
22	78	56
22	78	57
22	78	58
22	78	59
22	78	60
22	78	61
22	78	62
22	78	63
22	78	64
22	78	65
22	78	66
22	78	67
22	78	68
22	78	69
22	78	70
22	78	71
22	79	56
22	79	57
22	79	58
22	79	59
22	79	60
22	79	61
22	79	62
22	79	63
22	79	64
22	79	65
22	79	66
22	79	67
22	79	68
22	79	69
22	79	70
22	80	56
22	80	57
22	80	58
22	80	59
22	80	60
22	80	61
22	80	62
22	80	63
22	80	64
22	80	65
22	80	66
22	80	67
22	80	68
22	81	55
22	81	56
22	81	57
22	81	58
22	81	59
22	81	60
22	81	61
22	81	62
22	81	63
22	81	64
22	81	65
22	81	66
22	81	67
22	82	54
22	82	55
22	82	56
22	82	57
22	82	58
22	82	59
22	82	60
22	82	61
22	82	62
22	82	63
22	82	64
22	82	65
22	82	66
22	83	54
22	83	55
22	83	56
22	83	57
22	83	58
22	83	59
22	83	60
22	83	61
22	83	62
22	83	63
22	83	64
22	83	65
22	84	53
22	84	54
22	84	55
22	84	56
22	84	57
22	84	58
22	84	59
22	84	60
22	84	61
22	84	62
22	84	63
22	84	64
22	85	53
22	85	54
22	85	55
22	85	56
22	85	57
22	85	58
22	85	59
22	85	60
22	85	61
22	85	62
22	86	53
22	86	54
22	86	60
22	86	61
22	87	53
23	70	77
23	70	78
23	70	79
23	70	80
23	70	81
23	71	76
23	71	77
23	71	78
23	71	79
23	71	80
23	71	81
23	71	82
23	71	83
23	72	76
23	72	77
23	72	78
23	72	79
23	72	80
23	72	81
23	72	82
23	72	83
23	72	84
23	72	85
23	73	60
23	73	77
23	73	78
23	73	79
23	73	80
23	73	81
23	73	82
23	73	83
23	73	84
23	73	85
23	74	60
23	74	61
23	74	62
23	74	77
23	74	78
23	74	79
23	74	80
23	74	81
23	74	82
23	74	83
23	74	84
23	75	59
23	75	60
23	75	61
23	75	62
23	75	63
23	75	64
23	75	65
23	75	77
23	75	78
23	75	79
23	75	80
23	75	81
23	75	82
23	75	83
23	76	57
23	76	58
23	76	59
23	76	60
23	76	61
23	76	62
23	76	63
23	76	64
23	76	65
23	77	56
23	77	57
23	77	58
23	77	59
23	77	60
23	77	61
23	77	62
23	77	63
23	77	64
23	77	65
23	77	66
23	77	67
23	78	55
23	78	56
23	78	57
23	78	58
23	78	59
23	78	60
23	78	61
23	78	62
23	78	63
23	78	64
23	78	65
23	78	66
23	78	67
23	78	68
23	78	69
23	78	70
23	79	55
23	79	56
23	79	57
23	79	58
23	79	59
23	79	60
23	79	61
23	79	62
23	79	63
23	79	64
23	79	65
23	79	66
23	79	67
23	79	68
23	80	55
23	80	56
23	80	57
23	80	58
23	80	59
23	80	60
23	80	61
23	80	62
23	80	63
23	80	64
23	80	65
23	80	66
23	80	67
23	81	54
23	81	55
23	81	56
23	81	57
23	81	58
23	81	59
23	81	60
23	81	61
23	81	62
23	81	63
23	81	64
23	81	65
23	81	66
23	82	54
23	82	55
23	82	56
23	82	57
23	82	58
23	82	59
23	82	60
23	82	61
23	82	62
23	82	63
23	82	64
23	82	65
23	83	53
23	83	54
23	83	55
23	83	56
23	83	57
23	83	58
23	83	59
23	83	60
23	83	61
23	83	62
23	83	63
23	83	64
23	84	53
23	84	54
23	84	55
23	84	56
23	84	57
23	84	58
23	84	59
23	84	60
23	84	61
23	84	62
23	85	53
23	85	54
23	85	55
23	85	60
23	85	61
24	70	77
24	70	78
24	70	79
24	70	80
24	71	76
24	71	77
24	71	78
24	71	79
24	71	80
24	71	81
24	71	82
24	72	77
24	72	78
24	72	79
24	72	80
24	72	81
24	72	82
24	72	83
24	72	84
24	73	61
24	73	77
24	73	78
24	73	79
24	73	80
24	73	81
24	73	82
24	73	83
24	73	84
24	74	60
24	74	61
24	74	62
24	74	78
24	74	79
24	74	80
24	74	81
24	74	82
24	74	83
24	75	59
24	75	60
24	75	61
24	75	62
24	75	63
24	75	64
24	75	65
24	75	78
24	75	79
24	75	80
24	75	81
24	75	82
24	76	58
24	76	59
24	76	60
24	76	61
24	76	62
24	76	63
24	76	64
24	76	65
24	76	66
24	77	55
24	77	56
24	77	57
24	77	58
24	77	59
24	77	60
24	77	61
24	77	62
24	77	63
24	77	64
24	77	65
24	77	66
24	78	55
24	78	56
24	78	57
24	78	58
24	78	59
24	78	60
24	78	61
24	78	62
24	78	63
24	78	64
24	78	65
24	78	66
24	78	67
24	78	68
24	78	69
24	79	54
24	79	55
24	79	56
24	79	57
24	79	58
24	79	59
24	79	60
24	79	61
24	79	62
24	79	63
24	79	64
24	79	65
24	79	66
24	79	67
24	80	54
24	80	55
24	80	56
24	80	57
24	80	58
24	80	59
24	80	60
24	80	61
24	80	62
24	80	63
24	80	64
24	80	65
24	80	66
24	81	54
24	81	55
24	81	56
24	81	57
24	81	58
24	81	59
24	81	60
24	81	61
24	81	62
24	81	63
24	81	64
24	81	65
24	81	66
24	82	53
24	82	54
24	82	55
24	82	56
24	82	57
24	82	58
24	82	59
24	82	60
24	82	61
24	82	62
24	82	63
24	82	64
24	82	65
24	83	53
24	83	54
24	83	55
24	83	56
24	83	57
24	83	58
24	83	59
24	83	60
24	83	61
24	83	62
24	83	63
24	84	53
24	84	54
24	84	55
24	84	56
24	84	60
24	84	61
24	85	53
24	85	61
25	70	77
25	70	78
25	71	77
25	71	78
25	71	79
25	71	80
25	71	81
25	72	77
25	72	78
25	72	79
25	72	80
25	72	81
25	72	82
25	72	83
25	73	61
25	73	78
25	73	79
25	73	80
25	73	81
25	73	82
25	74	60
25	74	61
25	74	62
25	74	63
25	74	64
25	74	78
25	74	79
25	74	80
25	74	81
25	75	60
25	75	61
25	75	62
25	75	63
25	75	64
25	75	65
25	75	79
25	75	80
25	76	58
25	76	59
25	76	60
25	76	61
25	76	62
25	76	63
25	76	64
25	76	65
25	76	66
25	76	67
25	77	56
25	77	57
25	77	58
25	77	59
25	77	60
25	77	61
25	77	62
25	77	63
25	77	64
25	77	65
25	77	66
25	77	67
25	78	54
25	78	55
25	78	56
25	78	57
25	78	58
25	78	59
25	78	60
25	78	61
25	78	62
25	78	63
25	78	64
25	78	65
25	78	66
25	78	67
25	79	54
25	79	55
25	79	56
25	79	57
25	79	58
25	79	59
25	79	60
25	79	61
25	79	62
25	79	63
25	79	64
25	79	65
25	79	66
25	79	67
25	80	54
25	80	55
25	80	56
25	80	57
25	80	58
25	80	59
25	80	60
25	80	61
25	80	62
25	80	63
25	80	64
25	80	65
25	80	66
25	81	53
25	81	54
25	81	55
25	81	56
25	81	57
25	81	58
25	81	59
25	81	60
25	81	61
25	81	62
25	81	63
25	81	64
25	81	65
25	81	66
25	82	53
25	82	54
25	82	55
25	82	56
25	82	57
25	82	58
25	82	59
25	82	60
25	82	61
25	82	62
25	82	63
25	82	64
25	82	65
25	83	53
25	83	54
25	83	55
25	83	56
25	83	57
25	83	60
25	83	61
25	83	62
25	84	53
25	84	54
25	84	55
25	84	61
26	71	77
26	72	78
26	72	79
26	72	80
26	72	81
26	73	61
26	73	62
26	73	79
26	74	61
26	74	62
26	74	63
26	74	64
26	74	65
26	75	60
26	75	61
26	75	62
26	75	63
26	75	64
26	75	65
26	76	59
26	76	60
26	76	61
26	76	62
26	76	63
26	76	64
26	76	65
26	76	66
26	77	57
26	77	58
26	77	59
26	77	60
26	77	61
26	77	62
26	77	63
26	77	64
26	77	65
26	77	66
26	78	55
26	78	56
26	78	57
26	78	58
26	78	59
26	78	60
26	78	61
26	78	62
26	78	63
26	78	64
26	78	65
26	79	55
26	79	56
26	79	57
26	79	58
26	79	59
26	79	60
26	79	61
26	79	62
26	79	63
26	79	64
26	79	65
26	80	54
26	80	55
26	80	56
26	80	57
26	80	58
26	80	59
26	80	60
26	80	61
26	80	62
26	80	63
26	80	64
26	81	54
26	81	55
26	81	56
26	81	57
26	81	58
26	81	60
26	81	61
26	81	62
26	81	63
26	81	64
26	82	54
26	82	55
26	82	56
26	82	57
26	82	61
26	82	62
26	82	63
26	82	64
26	83	54
26	83	55
26	83	56
26	83	61
27	73	62
27	74	62
27	74	63
27	75	61
27	75	62
27	75	63
27	75	64
27	76	61
27	76	62
27	76	63
27	76	64
27	77	60
27	77	61
27	77	62
27	77	63
27	77	64
27	78	56
27	78	57
27	78	58
27	78	61
27	78	62
27	78	63
27	79	56
27	79	57
27	79	62
27	79	63
27	80	55
27	80	56
27	80	57
27	81	54
27	81	55
27	81	56
27	82	54
27	82	55
27	82	56
115	72	67
116	69	69
116	69	70
116	70	69
116	70	70
116	71	67
116	71	68
116	71	69
116	72	67
116	72	68
117	62	70
117	63	70
117	64	70
117	65	70
117	66	69
117	66	70
117	67	69
117	67	70
117	68	67
117	68	68
117	68	69
117	68	70
117	69	67
117	69	68
117	69	69
117	69	70
117	70	67
117	70	68
117	70	69
117	70	70
117	71	67
117	71	68
117	71	69
117	71	70
117	72	67
117	72	68
117	72	69
118	62	70
118	62	71
118	63	68
118	63	69
118	63	70
118	63	71
118	64	68
118	64	69
118	64	70
118	64	71
118	65	68
118	65	69
118	65	70
118	65	71
118	66	67
118	66	68
118	66	69
118	66	70
118	66	71
118	67	67
118	67	68
118	67	69
118	67	70
118	67	71
118	68	67
118	68	68
118	68	69
118	68	70
118	68	71
118	69	66
118	69	67
118	69	68
118	69	69
118	69	70
118	69	71
118	70	66
118	70	67
118	70	68
118	70	69
118	70	70
118	70	71
118	71	67
118	71	68
118	71	69
118	71	70
118	71	71
118	72	68
118	72	69
118	72	70
119	60	70
119	60	71
119	61	69
119	61	70
119	61	71
119	62	67
119	62	68
119	62	69
119	62	70
119	62	71
119	62	72
119	63	67
119	63	68
119	63	69
119	63	70
119	63	71
119	63	72
119	64	67
119	64	68
119	64	69
119	64	70
119	64	71
119	64	72
119	65	66
119	65	67
119	65	68
119	65	69
119	65	70
119	65	71
119	65	72
119	66	66
119	66	67
119	66	68
119	66	69
119	66	70
119	66	71
119	66	72
119	67	66
119	67	67
119	67	68
119	67	69
119	67	70
119	67	71
119	67	72
119	68	66
119	68	67
119	68	68
119	68	69
119	68	70
119	68	71
119	68	72
119	69	66
119	69	67
119	69	68
119	69	69
119	69	70
119	69	71
119	69	72
119	70	66
119	70	67
119	70	68
119	70	69
119	70	70
119	70	71
119	70	72
119	71	67
119	71	68
119	71	69
119	71	70
119	71	71
119	71	72
119	72	68
119	72	69
119	72	70
119	72	71
119	73	69
119	73	70
119	73	71
120	59	68
120	59	69
120	59	70
120	59	71
120	60	68
120	60	69
120	60	70
120	60	71
120	60	72
120	61	67
120	61	68
120	61	69
120	61	70
120	61	71
120	61	72
120	62	67
120	62	68
120	62	69
120	62	70
120	62	71
120	62	72
120	62	73
120	63	67
120	63	68
120	63	69
120	63	70
120	63	71
120	63	72
120	63	73
120	64	66
120	64	67
120	64	68
120	64	69
120	64	70
120	64	71
120	64	72
120	64	73
120	65	66
120	65	67
120	65	68
120	65	69
120	65	70
120	65	71
120	65	72
120	65	73
120	66	63
120	66	64
120	66	65
120	66	66
120	66	67
120	66	68
120	66	69
120	66	70
120	66	71
120	66	72
120	66	73
120	67	63
120	67	64
120	67	65
120	67	66
120	67	67
120	67	68
120	67	69
120	67	70
120	67	71
120	67	72
120	67	73
120	68	65
120	68	66
120	68	67
120	68	68
120	68	69
120	68	70
120	68	71
120	68	72
120	68	73
120	69	66
120	69	67
120	69	68
120	69	69
120	69	70
120	69	71
120	69	72
120	69	73
120	70	67
120	70	68
120	70	69
120	70	70
120	70	71
120	70	72
120	70	73
120	71	67
120	71	68
120	71	69
120	71	70
120	71	71
120	71	72
120	71	73
120	72	68
120	72	69
120	72	70
120	72	71
120	72	72
120	73	69
120	73	70
120	73	71
120	73	72
121	58	67
121	58	68
121	58	69
121	58	70
121	58	71
121	58	72
121	59	66
121	59	67
121	59	68
121	59	69
121	59	70
121	59	71
121	59	72
121	59	73
121	60	62
121	60	63
121	60	66
121	60	67
121	60	68
121	60	69
121	60	70
121	60	71
121	60	72
121	60	73
121	61	61
121	61	62
121	61	63
121	61	64
121	61	65
121	61	66
121	61	67
121	61	68
121	61	69
121	61	70
121	61	71
121	61	72
121	61	73
121	62	61
121	62	62
121	62	63
121	62	64
121	62	65
121	62	66
121	62	67
121	62	68
121	62	69
121	62	70
121	62	71
121	62	72
121	62	73
121	62	74
121	63	61
121	63	62
121	63	63
121	63	64
121	63	65
121	63	66
121	63	67
121	63	68
121	63	69
121	63	70
121	63	71
121	63	72
121	63	73
121	63	74
121	64	61
121	64	62
121	64	63
121	64	64
121	64	65
121	64	66
121	64	67
121	64	68
121	64	69
121	64	70
121	64	71
121	64	72
121	64	73
121	64	74
121	65	61
121	65	62
121	65	63
121	65	64
121	65	65
121	65	66
121	65	67
121	65	68
121	65	69
121	65	70
121	65	71
121	65	72
121	65	73
121	66	61
121	66	62
121	66	63
121	66	64
121	66	65
121	66	66
121	66	67
121	66	68
121	66	69
121	66	70
121	66	71
121	66	72
121	66	73
121	67	62
121	67	63
121	67	64
121	67	65
121	67	66
121	67	67
121	67	68
121	67	69
121	67	70
121	67	71
121	67	72
121	67	73
121	68	63
121	68	64
121	68	65
121	68	66
121	68	67
121	68	68
121	68	69
121	68	70
121	68	71
121	68	72
121	68	73
121	69	64
121	69	65
121	69	66
121	69	67
121	69	68
121	69	69
121	69	70
121	69	71
121	69	72
121	69	73
121	69	74
121	70	66
121	70	67
121	70	68
121	70	69
121	70	70
121	70	71
121	70	72
121	70	73
121	71	67
121	71	68
121	71	69
121	71	70
121	71	71
121	71	72
121	71	73
121	72	68
121	72	69
121	72	70
121	72	71
121	72	72
121	72	73
121	73	69
121	73	70
121	73	71
121	73	72
121	73	73
121	74	71
121	74	72
122	57	66
122	57	67
122	57	68
122	57	69
122	57	70
122	57	71
122	57	72
122	57	73
122	58	66
122	58	67
122	58	68
122	58	69
122	58	70
122	58	71
122	58	72
122	58	73
122	58	74
122	59	66
122	59	67
122	59	68
122	59	69
122	59	70
122	59	71
122	59	72
122	59	73
122	59	74
122	60	60
122	60	61
122	60	62
122	60	63
122	60	64
122	60	65
122	60	66
122	60	67
122	60	68
122	60	69
122	60	70
122	60	71
122	60	72
122	60	73
122	60	74
122	61	60
122	61	61
122	61	62
122	61	63
122	61	64
122	61	65
122	61	66
122	61	67
122	61	68
122	61	69
122	61	70
122	61	71
122	61	72
122	61	73
122	61	74
122	62	60
122	62	61
122	62	62
122	62	63
122	62	64
122	62	65
122	62	66
122	62	67
122	62	68
122	62	69
122	62	70
122	62	71
122	62	72
122	62	73
122	62	74
122	62	75
122	63	60
122	63	61
122	63	62
122	63	63
122	63	64
122	63	65
122	63	66
122	63	67
122	63	68
122	63	69
122	63	70
122	63	71
122	63	72
122	63	73
122	63	74
122	63	75
122	64	60
122	64	61
122	64	62
122	64	63
122	64	64
122	64	65
122	64	66
122	64	67
122	64	68
122	64	69
122	64	70
122	64	71
122	64	72
122	64	73
122	64	74
122	65	60
122	65	61
122	65	62
122	65	63
122	65	64
122	65	65
122	65	66
122	65	67
122	65	68
122	65	69
122	65	70
122	65	71
122	65	72
122	65	73
122	65	74
122	66	61
122	66	62
122	66	63
122	66	64
122	66	65
122	66	66
122	66	67
122	66	68
122	66	69
122	66	70
122	66	71
122	66	72
122	66	73
122	66	74
122	67	61
122	67	62
122	67	63
122	67	64
122	67	65
122	67	66
122	67	67
122	67	68
122	67	69
122	67	70
122	67	71
122	67	72
122	67	73
122	67	74
122	68	62
122	68	63
122	68	64
122	68	65
122	68	66
122	68	67
122	68	68
122	68	69
122	68	70
122	68	71
122	68	72
122	68	73
122	68	74
122	69	63
122	69	64
122	69	65
122	69	66
122	69	67
122	69	68
122	69	69
122	69	70
122	69	71
122	69	72
122	69	73
122	69	74
122	70	64
122	70	65
122	70	66
122	70	67
122	70	68
122	70	69
122	70	70
122	70	71
122	70	72
122	70	73
122	70	74
122	71	67
122	71	68
122	71	69
122	71	70
122	71	71
122	71	72
122	71	73
122	71	74
122	72	68
122	72	69
122	72	70
122	72	71
122	72	72
122	72	73
122	72	74
122	73	69
122	73	70
122	73	71
122	73	72
122	73	73
122	73	74
122	74	70
122	74	71
122	74	72
122	74	73
122	75	72
123	55	66
123	55	70
123	55	71
123	55	72
123	55	73
123	56	66
123	56	67
123	56	68
123	56	69
123	56	70
123	56	71
123	56	72
123	56	73
123	56	74
123	57	66
123	57	67
123	57	68
123	57	69
123	57	70
123	57	71
123	57	72
123	57	73
123	57	74
123	57	75
123	58	66
123	58	67
123	58	68
123	58	69
123	58	70
123	58	71
123	58	72
123	58	73
123	58	74
123	58	75
123	59	66
123	59	67
123	59	68
123	59	69
123	59	70
123	59	71
123	59	72
123	59	73
123	59	74
123	59	75
123	60	67
123	60	68
123	60	69
123	60	70
123	60	71
123	60	72
123	60	73
123	60	74
123	60	75
123	61	60
123	61	61
123	61	62
123	61	63
123	61	64
123	61	65
123	61	66
123	61	67
123	61	68
123	61	69
123	61	70
123	61	71
123	61	72
123	61	73
123	61	74
123	61	75
123	62	60
123	62	61
123	62	62
123	62	63
123	62	64
123	62	65
123	62	66
123	62	67
123	62	68
123	62	69
123	62	70
123	62	71
123	62	72
123	62	73
123	62	74
123	62	75
123	63	60
123	63	61
123	63	62
123	63	63
123	63	64
123	63	65
123	63	66
123	63	67
123	63	68
123	63	69
123	63	70
123	63	71
123	63	72
123	63	73
123	63	74
123	63	75
123	64	60
123	64	61
123	64	62
123	64	63
123	64	64
123	64	65
123	64	66
123	64	67
123	64	68
123	64	69
123	64	70
123	64	71
123	64	72
123	64	73
123	64	74
123	64	75
123	65	60
123	65	61
123	65	62
123	65	63
123	65	64
123	65	65
123	65	66
123	65	67
123	65	68
123	65	69
123	65	70
123	65	71
123	65	72
123	65	73
123	65	74
123	65	75
123	66	60
123	66	61
123	66	62
123	66	63
123	66	64
123	66	65
123	66	66
123	66	67
123	66	68
123	66	69
123	66	70
123	66	71
123	66	72
123	66	73
123	66	74
123	66	75
123	67	61
123	67	62
123	67	63
123	67	64
123	67	65
123	67	66
123	67	67
123	67	68
123	67	69
123	67	70
123	67	71
123	67	72
123	67	73
123	67	74
123	67	75
123	68	61
123	68	62
123	68	63
123	68	64
123	68	65
123	68	66
123	68	67
123	68	68
123	68	69
123	68	70
123	68	71
123	68	72
123	68	73
123	68	74
123	68	75
123	69	62
123	69	63
123	69	64
123	69	65
123	69	66
123	69	67
123	69	68
123	69	69
123	69	70
123	69	71
123	69	72
123	69	73
123	69	74
123	69	75
123	70	63
123	70	64
123	70	65
123	70	66
123	70	67
123	70	68
123	70	69
123	70	70
123	70	71
123	70	72
123	70	73
123	70	74
123	70	75
123	71	63
123	71	64
123	71	65
123	71	66
123	71	67
123	71	68
123	71	69
123	71	70
123	71	71
123	71	72
123	71	73
123	71	74
123	71	75
123	72	68
123	72	69
123	72	70
123	72	71
123	72	72
123	72	73
123	72	74
123	72	75
123	73	69
123	73	70
123	73	71
123	73	72
123	73	73
123	73	74
123	74	70
123	74	71
123	74	72
123	74	73
123	74	74
123	75	72
123	75	73
124	54	67
124	54	68
124	54	69
124	54	70
124	54	71
124	54	72
124	54	73
124	54	74
124	55	66
124	55	67
124	55	68
124	55	69
124	55	70
124	55	71
124	55	72
124	55	73
124	55	74
124	55	75
124	56	66
124	56	67
124	56	68
124	56	69
124	56	70
124	56	71
124	56	72
124	56	73
124	56	74
124	56	75
124	57	66
124	57	67
124	57	68
124	57	69
124	57	70
124	57	71
124	57	72
124	57	73
124	57	74
124	57	75
124	57	76
124	58	66
124	58	67
124	58	68
124	58	69
124	58	70
124	58	71
124	58	72
124	58	73
124	58	74
124	58	75
124	58	76
124	59	66
124	59	67
124	59	68
124	59	69
124	59	70
124	59	71
124	59	72
124	59	73
124	59	74
124	59	75
124	59	76
124	60	67
124	60	68
124	60	69
124	60	70
124	60	71
124	60	72
124	60	73
124	60	74
124	60	75
124	60	76
124	61	67
124	61	68
124	61	69
124	61	70
124	61	71
124	61	72
124	61	73
124	61	74
124	61	75
124	61	76
124	62	61
124	62	62
124	62	63
124	62	64
124	62	65
124	62	66
124	62	67
124	62	68
124	62	69
124	62	70
124	62	71
124	62	72
124	62	73
124	62	74
124	62	75
124	62	76
124	63	61
124	63	62
124	63	63
124	63	64
124	63	65
124	63	66
124	63	67
124	63	68
124	63	69
124	63	70
124	63	71
124	63	72
124	63	73
124	63	74
124	63	75
124	63	76
124	64	61
124	64	62
124	64	63
124	64	64
124	64	65
124	64	66
124	64	67
124	64	68
124	64	69
124	64	70
124	64	71
124	64	72
124	64	73
124	64	74
124	64	75
124	64	76
124	65	61
124	65	62
124	65	63
124	65	64
124	65	65
124	65	66
124	65	67
124	65	68
124	65	69
124	65	70
124	65	71
124	65	72
124	65	73
124	65	74
124	65	75
124	65	76
124	66	61
124	66	62
124	66	63
124	66	64
124	66	65
124	66	66
124	66	67
124	66	68
124	66	69
124	66	70
124	66	71
124	66	72
124	66	73
124	66	74
124	66	75
124	66	76
124	67	61
124	67	62
124	67	63
124	67	64
124	67	65
124	67	66
124	67	67
124	67	68
124	67	69
124	67	70
124	67	71
124	67	72
124	67	73
124	67	74
124	67	75
124	67	76
124	68	61
124	68	62
124	68	63
124	68	64
124	68	65
124	68	66
124	68	67
124	68	68
124	68	69
124	68	70
124	68	71
124	68	72
124	68	73
124	68	74
124	68	75
124	68	76
124	69	62
124	69	63
124	69	64
124	69	65
124	69	66
124	69	67
124	69	68
124	69	69
124	69	70
124	69	71
124	69	72
124	69	73
124	69	74
124	69	75
124	69	76
124	70	62
124	70	63
124	70	64
124	70	65
124	70	66
124	70	67
124	70	68
124	70	69
124	70	70
124	70	71
124	70	72
124	70	73
124	70	74
124	70	75
124	70	76
124	71	62
124	71	63
124	71	64
124	71	65
124	71	66
124	71	67
124	71	68
124	71	69
124	71	70
124	71	71
124	71	72
124	71	73
124	71	74
124	71	75
124	72	62
124	72	63
124	72	64
124	72	65
124	72	66
124	72	67
124	72	68
124	72	69
124	72	70
124	72	71
124	72	72
124	72	73
124	72	74
124	72	75
124	73	63
124	73	64
124	73	65
124	73	66
124	73	67
124	73	68
124	73	69
124	73	70
124	73	71
124	73	72
124	73	73
124	73	74
124	73	75
124	74	63
124	74	64
124	74	65
124	74	70
124	74	71
124	74	72
124	74	73
124	74	74
124	74	75
124	75	72
124	75	73
124	75	74
124	76	73
125	54	68
125	55	67
125	55	68
125	55	69
125	55	70
125	55	71
125	55	72
125	55	73
125	55	74
125	55	75
125	55	76
125	56	66
125	56	67
125	56	68
125	56	69
125	56	70
125	56	71
125	56	72
125	56	73
125	56	74
125	56	75
125	56	76
125	56	77
125	57	66
125	57	67
125	57	68
125	57	69
125	57	70
125	57	71
125	57	72
125	57	73
125	57	74
125	57	75
125	57	76
125	57	77
125	58	66
125	58	67
125	58	68
125	58	69
125	58	70
125	58	71
125	58	72
125	58	73
125	58	74
125	58	75
125	58	76
125	58	77
125	59	66
125	59	67
125	59	68
125	59	69
125	59	70
125	59	71
125	59	72
125	59	73
125	59	74
125	59	75
125	59	76
125	59	77
125	60	67
125	60	68
125	60	69
125	60	70
125	60	71
125	60	72
125	60	73
125	60	74
125	60	75
125	60	76
125	60	77
125	61	67
125	61	68
125	61	69
125	61	70
125	61	71
125	61	72
125	61	73
125	61	74
125	61	75
125	61	76
125	61	77
125	62	67
125	62	68
125	62	69
125	62	70
125	62	71
125	62	72
125	62	73
125	62	74
125	62	75
125	62	76
125	62	77
125	63	62
125	63	63
125	63	64
125	63	65
125	63	66
125	63	67
125	63	68
125	63	69
125	63	70
125	63	71
125	63	72
125	63	73
125	63	74
125	63	75
125	63	76
125	63	77
125	64	62
125	64	63
125	64	64
125	64	65
125	64	66
125	64	67
125	64	68
125	64	69
125	64	70
125	64	71
125	64	72
125	64	73
125	64	74
125	64	75
125	64	76
125	64	77
125	65	62
125	65	63
125	65	64
125	65	65
125	65	66
125	65	67
125	65	68
125	65	69
125	65	70
125	65	71
125	65	72
125	65	73
125	65	74
125	65	75
125	65	76
125	65	77
125	66	62
125	66	63
125	66	64
125	66	65
125	66	66
125	66	67
125	66	68
125	66	69
125	66	70
125	66	71
125	66	72
125	66	73
125	66	74
125	66	75
125	66	76
125	66	77
125	67	61
125	67	62
125	67	63
125	67	64
125	67	65
125	67	66
125	67	67
125	67	68
125	67	69
125	67	70
125	67	71
125	67	72
125	67	73
125	67	74
125	67	75
125	67	76
125	67	77
125	68	61
125	68	62
125	68	63
125	68	64
125	68	65
125	68	66
125	68	67
125	68	68
125	68	69
125	68	70
125	68	71
125	68	72
125	68	73
125	68	74
125	68	75
125	68	76
125	69	61
125	69	62
125	69	63
125	69	64
125	69	65
125	69	66
125	69	67
125	69	68
125	69	69
125	69	70
125	69	71
125	69	72
125	69	73
125	69	74
125	69	75
125	69	76
125	70	61
125	70	62
125	70	63
125	70	64
125	70	65
125	70	66
125	70	67
125	70	68
125	70	69
125	70	70
125	70	71
125	70	72
125	70	73
125	70	74
125	70	75
125	70	76
125	71	62
125	71	63
125	71	64
125	71	65
125	71	66
125	71	67
125	71	68
125	71	69
125	71	70
125	71	71
125	71	72
125	71	73
125	71	74
125	71	75
125	71	76
125	72	62
125	72	63
125	72	64
125	72	65
125	72	66
125	72	67
125	72	68
125	72	69
125	72	70
125	72	71
125	72	72
125	72	73
125	72	74
125	72	75
125	72	76
125	73	63
125	73	64
125	73	65
125	73	66
125	73	67
125	73	68
125	73	69
125	73	70
125	73	71
125	73	72
125	73	73
125	73	74
125	73	75
125	73	76
125	74	64
125	74	65
125	74	66
125	74	67
125	74	68
125	74	69
125	74	70
125	74	71
125	74	72
125	74	73
125	74	74
125	74	75
125	75	64
125	75	65
125	75	66
125	75	67
125	75	71
125	75	72
125	75	73
125	75	74
125	75	75
125	76	66
125	76	73
125	76	74
125	76	75
125	77	74
125	77	75
125	78	74
125	78	75
126	55	67
126	55	68
126	55	69
126	56	67
126	56	68
126	56	69
126	56	70
126	56	71
126	56	72
126	56	73
126	56	74
126	56	75
126	56	76
126	57	66
126	57	67
126	57	68
126	57	69
126	57	70
126	57	71
126	57	72
126	57	73
126	57	74
126	57	75
126	57	76
126	58	66
126	58	67
126	58	68
126	58	69
126	58	70
126	58	71
126	58	72
126	58	73
126	58	74
126	58	75
126	58	76
126	59	66
126	59	67
126	59	68
126	59	69
126	59	70
126	59	71
126	59	72
126	59	73
126	59	74
126	59	75
126	59	76
126	59	77
126	60	67
126	60	68
126	60	69
126	60	70
126	60	71
126	60	72
126	60	73
126	60	74
126	60	75
126	60	76
126	60	77
126	60	78
126	61	67
126	61	68
126	61	69
126	61	70
126	61	71
126	61	72
126	61	73
126	61	74
126	61	75
126	61	76
126	61	77
126	61	78
126	62	67
126	62	68
126	62	69
126	62	70
126	62	71
126	62	72
126	62	73
126	62	74
126	62	75
126	62	76
126	62	77
126	62	78
126	63	66
126	63	67
126	63	68
126	63	69
126	63	70
126	63	71
126	63	72
126	63	73
126	63	74
126	63	75
126	63	76
126	63	77
126	63	78
126	64	63
126	64	64
126	64	65
126	64	66
126	64	67
126	64	68
126	64	69
126	64	70
126	64	71
126	64	72
126	64	73
126	64	74
126	64	75
126	64	76
126	64	77
126	64	78
126	65	63
126	65	64
126	65	65
126	65	66
126	65	67
126	65	68
126	65	69
126	65	70
126	65	71
126	65	72
126	65	73
126	65	74
126	65	75
126	65	76
126	65	77
126	65	78
126	66	62
126	66	63
126	66	64
126	66	65
126	66	66
126	66	67
126	66	68
126	66	69
126	66	70
126	66	71
126	66	72
126	66	73
126	66	74
126	66	75
126	66	76
126	66	77
126	67	61
126	67	62
126	67	63
126	67	64
126	67	65
126	67	66
126	67	67
126	67	68
126	67	69
126	67	70
126	67	71
126	67	72
126	67	73
126	67	74
126	67	75
126	67	76
126	67	77
126	68	61
126	68	62
126	68	63
126	68	64
126	68	65
126	68	66
126	68	67
126	68	68
126	68	69
126	68	70
126	68	71
126	68	72
126	68	73
126	68	74
126	68	75
126	68	76
126	68	77
126	69	61
126	69	62
126	69	63
126	69	64
126	69	65
126	69	66
126	69	67
126	69	68
126	69	69
126	69	70
126	69	71
126	69	72
126	69	73
126	69	74
126	69	75
126	69	76
126	69	77
126	70	61
126	70	62
126	70	63
126	70	64
126	70	65
126	70	66
126	70	67
126	70	68
126	70	69
126	70	70
126	70	71
126	70	72
126	70	73
126	70	74
126	70	75
126	70	76
126	70	77
126	71	62
126	71	63
126	71	64
126	71	65
126	71	66
126	71	67
126	71	68
126	71	69
126	71	70
126	71	71
126	71	72
126	71	73
126	71	74
126	71	75
126	71	76
126	71	77
126	72	63
126	72	64
126	72	65
126	72	66
126	72	67
126	72	68
126	72	69
126	72	70
126	72	71
126	72	72
126	72	73
126	72	74
126	72	75
126	72	76
126	72	77
126	73	63
126	73	64
126	73	65
126	73	66
126	73	67
126	73	68
126	73	69
126	73	70
126	73	71
126	73	72
126	73	73
126	73	74
126	73	75
126	73	76
126	73	77
126	74	64
126	74	65
126	74	66
126	74	67
126	74	68
126	74	69
126	74	70
126	74	71
126	74	72
126	74	73
126	74	74
126	74	75
126	74	76
126	74	77
126	75	65
126	75	66
126	75	67
126	75	68
126	75	69
126	75	70
126	75	71
126	75	72
126	75	73
126	75	74
126	75	75
126	75	76
126	75	77
126	76	66
126	76	67
126	76	68
126	76	72
126	76	73
126	76	74
126	76	75
126	76	76
126	76	77
126	77	67
126	77	73
126	77	74
126	77	75
126	77	76
126	77	77
126	77	78
126	78	73
126	78	74
126	78	75
126	78	76
126	78	77
126	78	78
126	79	74
126	79	75
126	79	76
126	79	77
126	79	78
127	56	67
127	56	68
127	56	69
127	56	70
127	57	67
127	57	68
127	57	69
127	57	70
127	57	71
127	57	72
127	57	73
127	57	74
127	57	75
127	58	67
127	58	68
127	58	69
127	58	70
127	58	71
127	58	72
127	58	73
127	58	74
127	58	75
127	59	67
127	59	68
127	59	69
127	59	70
127	59	71
127	59	72
127	59	73
127	59	74
127	59	75
127	60	67
127	60	68
127	60	69
127	60	70
127	60	71
127	60	72
127	60	73
127	60	74
127	60	75
127	60	76
127	61	67
127	61	68
127	61	69
127	61	70
127	61	71
127	61	72
127	61	73
127	61	74
127	61	75
127	61	76
127	61	77
127	62	66
127	62	67
127	62	68
127	62	69
127	62	70
127	62	71
127	62	72
127	62	73
127	62	74
127	62	75
127	62	76
127	62	77
127	63	66
127	63	67
127	63	68
127	63	69
127	63	70
127	63	71
127	63	72
127	63	73
127	63	74
127	63	75
127	63	76
127	63	77
127	63	78
127	64	65
127	64	66
127	64	67
127	64	68
127	64	69
127	64	70
127	64	71
127	64	72
127	64	73
127	64	74
127	64	75
127	64	76
127	64	77
127	64	78
127	65	64
127	65	65
127	65	66
127	65	67
127	65	68
127	65	69
127	65	70
127	65	71
127	65	72
127	65	73
127	65	74
127	65	75
127	65	76
127	65	77
127	65	78
127	66	62
127	66	63
127	66	64
127	66	65
127	66	66
127	66	67
127	66	68
127	66	69
127	66	70
127	66	71
127	66	72
127	66	73
127	66	74
127	66	75
127	66	76
127	66	77
127	66	78
127	67	61
127	67	62
127	67	63
127	67	64
127	67	65
127	67	66
127	67	67
127	67	68
127	67	69
127	67	70
127	67	71
127	67	72
127	67	73
127	67	74
127	67	75
127	67	76
127	67	77
127	67	78
127	68	61
127	68	62
127	68	63
127	68	64
127	68	65
127	68	66
127	68	67
127	68	68
127	68	69
127	68	70
127	68	71
127	68	72
127	68	73
127	68	74
127	68	75
127	68	76
127	68	77
127	68	78
127	69	61
127	69	62
127	69	63
127	69	64
127	69	65
127	69	66
127	69	67
127	69	68
127	69	69
127	69	70
127	69	71
127	69	72
127	69	73
127	69	74
127	69	75
127	69	76
127	69	77
127	70	62
127	70	63
127	70	64
127	70	65
127	70	66
127	70	67
127	70	68
127	70	69
127	70	70
127	70	71
127	70	72
127	70	73
127	70	74
127	70	75
127	70	76
127	70	77
127	71	62
127	71	63
127	71	64
127	71	65
127	71	66
127	71	67
127	71	68
127	71	69
127	71	70
127	71	71
127	71	72
127	71	73
127	71	74
127	71	75
127	71	76
127	71	77
127	72	63
127	72	64
127	72	65
127	72	66
127	72	67
127	72	68
127	72	69
127	72	70
127	72	71
127	72	72
127	72	73
127	72	74
127	72	75
127	72	76
127	72	77
127	73	64
127	73	65
127	73	66
127	73	67
127	73	68
127	73	69
127	73	70
127	73	71
127	73	72
127	73	73
127	73	74
127	73	75
127	73	76
127	73	77
127	73	78
127	74	64
127	74	65
127	74	66
127	74	67
127	74	68
127	74	69
127	74	70
127	74	71
127	74	72
127	74	73
127	74	74
127	74	75
127	74	76
127	74	77
127	74	78
127	75	65
127	75	66
127	75	67
127	75	68
127	75	69
127	75	70
127	75	71
127	75	72
127	75	73
127	75	74
127	75	75
127	75	76
127	75	77
127	75	78
127	75	79
127	76	66
127	76	67
127	76	68
127	76	69
127	76	71
127	76	72
127	76	73
127	76	74
127	76	75
127	76	76
127	76	77
127	76	78
127	76	79
127	76	80
127	77	67
127	77	68
127	77	73
127	77	74
127	77	75
127	77	76
127	77	77
127	77	78
127	77	79
127	77	80
127	78	73
127	78	74
127	78	75
127	78	76
127	78	77
127	78	78
127	78	79
127	78	80
127	79	74
127	79	75
127	79	76
127	79	77
127	79	78
127	79	79
127	79	80
127	80	75
127	80	76
127	80	77
127	80	78
127	80	79
