#i	j	k
86	4	121
86	4	122
86	4	123
86	4	124
86	4	125
86	5	120
87	3	121
87	3	122
87	3	123
87	3	124
87	3	125
87	4	120
87	4	121
87	4	122
87	4	123
87	4	124
87	4	125
87	4	126
87	5	119
87	5	120
87	5	121
87	5	122
87	6	118
87	6	119
88	0	121
88	0	122
88	0	123
88	0	124
88	1	121
88	1	122
88	1	123
88	1	124
88	2	120
88	2	121
88	2	122
88	2	123
88	2	124
88	2	125
88	3	119
88	3	120
88	3	121
88	3	122
88	3	123
88	3	124
88	3	125
88	4	118
88	4	119
88	4	120
88	4	121
88	4	122
88	4	123
88	4	124
88	4	125
88	4	126
88	5	117
88	5	118
88	5	119
88	5	120
88	5	121
88	5	122
88	5	123
88	5	124
88	5	125
88	5	126
88	5	127
88	6	117
88	6	118
88	6	119
88	6	120
88	6	121
88	7	117
88	7	118
88	124	125
88	125	121
88	125	122
88	125	123
88	125	124
88	125	125
88	126	121
88	126	122
88	126	123
88	126	124
88	126	125
88	127	121
88	127	122
88	127	123
88	127	124
89	0	119
89	0	120
89	0	121
89	0	122
89	0	123
89	0	124
89	0	125
89	1	119
89	1	120
89	1	121
89	1	122
89	1	123
89	1	124
89	1	125
89	2	119
89	2	120
89	2	121
89	2	122
89	2	123
89	2	124
89	2	125
89	3	118
89	3	119
89	3	120
89	3	121
89	3	122
89	3	123
89	3	124
89	3	125
89	3	126
89	4	117
89	4	118
89	4	119
89	4	120
89	4	121
89	4	122
89	4	123
89	4	124
89	4	125
89	4	126
89	5	117
89	5	118
89	5	119
89	5	120
89	5	121
89	5	122
89	5	123
89	5	124
89	5	125
89	5	126
89	5	127
89	6	0
89	6	116
89	6	117
89	6	118
89	6	119
89	6	120
89	6	121
89	6	122
89	6	123
89	6	124
89	6	125
89	6	126
89	6	127
89	7	116
89	7	117
89	7	118
89	7	119
89	7	120
89	8	114
89	8	115
89	8	116
89	8	117
89	9	113
89	9	114
89	123	126
89	124	120
89	124	121
89	124	122
89	124	123
89	124	124
89	124	125
89	124	126
89	125	120
89	125	121
89	125	122
89	125	123
89	125	124
89	125	125
89	125	126
89	126	120
89	126	121
89	126	122
89	126	123
89	126	124
89	126	125
89	126	126
89	127	119
89	127	120
89	127	121
89	127	122
89	127	123
89	127	124
89	127	125
90	0	118
90	0	119
90	0	120
90	0	121
90	0	122
90	0	123
90	0	124
90	0	125
90	0	126
90	1	118
90	1	119
90	1	120
90	1	121
90	1	122
90	1	123
90	1	124
90	1	125
90	1	126
90	2	118
90	2	119
90	2	120
90	2	121
90	2	122
90	2	123
90	2	124
90	2	125
90	2	126
90	3	117
90	3	118
90	3	119
90	3	120
90	3	121
90	3	122
90	3	123
90	3	124
90	3	125
90	3	126
90	4	117
90	4	118
90	4	119
90	4	120
90	4	121
90	4	122
90	4	123
90	4	124
90	4	125
90	4	126
90	4	127
90	5	116
90	5	117
90	5	118
90	5	119
90	5	120
90	5	121
90	5	122
90	5	123
90	5	124
90	5	125
90	5	126
90	5	127
90	6	0
90	6	116
90	6	117
90	6	118
90	6	119
90	6	120
90	6	121
90	6	122
90	6	123
90	6	124
90	6	125
90	6	126
90	6	127
90	7	0
90	7	1
90	7	115
90	7	116
90	7	117
90	7	118
90	7	119
90	7	120
90	7	121
90	7	122
90	7	123
90	7	124
90	7	125
90	7	126
90	7	127
90	8	114
90	8	115
90	8	116
90	8	117
90	8	118
90	8	119
90	9	113
90	9	114
90	9	115
90	9	116
90	10	112
90	10	113
90	122	127
90	123	119
90	123	120
90	123	121
90	123	122
90	123	123
90	123	124
90	123	125
90	123	126
90	123	127
90	124	119
90	124	120
90	124	121
90	124	122
90	124	123
90	124	124
90	124	125
90	124	126
90	124	127
90	125	119
90	125	120
90	125	121
90	125	122
90	125	123
90	125	124
90	125	125
90	125	126
90	125	127
90	126	118
90	126	119
90	126	120
90	126	121
90	126	122
90	126	123
90	126	124
90	126	125
90	126	126
90	127	118
90	127	119
90	127	120
90	127	121
90	127	122
90	127	123
90	127	124
90	127	125
90	127	126
91	0	117
91	0	118
91	0	119
91	0	120
91	0	121
91	0	122
91	0	123
91	0	124
91	0	125
91	0	126
91	0	127
91	1	117
91	1	118
91	1	119
91	1	120
91	1	121
91	1	122
91	1	123
91	1	124
91	1	125
91	1	126
91	1	127
91	2	117
91	2	118
91	2	119
91	2	120
91	2	121
91	2	122
91	2	123
91	2	124
91	2	125
91	2	126
91	2	127
91	3	117
91	3	118
91	3	119
91	3	120
91	3	121
91	3	122
91	3	123
91	3	124
91	3	125
91	3	126
91	3	127
91	4	116
91	4	117
91	4	118
91	4	119
91	4	120
91	4	121
91	4	122
91	4	123
91	4	124
91	4	125
91	4	126
91	4	127
91	5	0
91	5	116
91	5	117
91	5	118
91	5	119
91	5	120
91	5	121
91	5	122
91	5	123
91	5	124
91	5	125
91	5	126
91	5	127
91	6	115
91	6	116
91	6	117
91	6	118
91	6	119
91	6	120
91	6	121
91	6	122
91	6	123
91	6	124
91	6	125
91	6	126
91	6	127
91	7	0
91	7	1
91	7	115
91	7	116
91	7	117
91	7	118
91	7	119
91	7	120
91	7	121
91	7	122
91	7	123
91	7	124
91	7	125
91	7	126
91	7	127
91	8	0
91	8	1
91	8	2
91	8	114
91	8	115
91	8	116
91	8	117
91	8	118
91	8	119
91	8	121
91	8	122
91	8	123
91	8	124
91	8	125
91	8	126
91	8	127
91	9	113
91	9	114
91	9	115
91	9	116
91	10	112
91	10	113
91	10	114
91	121	0
91	122	0
91	122	124
91	122	125
91	122	126
91	122	127
91	123	0
91	123	118
91	123	119
91	123	120
91	123	121
91	123	122
91	123	123
91	123	124
91	123	125
91	123	126
91	123	127
91	124	0
91	124	118
91	124	119
91	124	120
91	124	121
91	124	122
91	124	123
91	124	124
91	124	125
91	124	126
91	124	127
91	125	117
91	125	118
91	125	119
91	125	120
91	125	121
91	125	122
91	125	123
91	125	124
91	125	125
91	125	126
91	125	127
91	126	117
91	126	118
91	126	119
91	126	120
91	126	121
91	126	122
91	126	123
91	126	124
91	126	125
91	126	126
91	126	127
91	127	117
91	127	118
91	127	119
91	127	120
91	127	121
91	127	122
91	127	123
91	127	124
91	127	125
91	127	126
91	127	127
92	0	0
92	0	116
92	0	117
92	0	118
92	0	119
92	0	120
92	0	121
92	0	122
92	0	123
92	0	124
92	0	125
92	0	126
92	0	127
92	1	0
92	1	116
92	1	117
92	1	118
92	1	119
92	1	120
92	1	121
92	1	122
92	1	123
92	1	124
92	1	125
92	1	126
92	1	127
92	2	0
92	2	116
92	2	117
92	2	118
92	2	119
92	2	120
92	2	121
92	2	122
92	2	123
92	2	124
92	2	125
92	2	126
92	2	127
92	3	0
92	3	116
92	3	117
92	3	118
92	3	119
92	3	120
92	3	121
92	3	122
92	3	123
92	3	124
92	3	125
92	3	126
92	3	127
92	4	0
92	4	116
92	4	117
92	4	118
92	4	119
92	4	120
92	4	121
92	4	122
92	4	123
92	4	124
92	4	125
92	4	126
92	4	127
92	5	0
92	5	115
92	5	116
92	5	117
92	5	118
92	5	119
92	5	120
92	5	121
92	5	122
92	5	123
92	5	124
92	5	125
92	5	126
92	5	127
92	6	0
92	6	1
92	6	115
92	6	116
92	6	117
92	6	118
92	6	119
92	6	120
92	6	121
92	6	122
92	6	123
92	6	124
92	6	125
92	6	126
92	6	127
92	7	114
92	7	115
92	7	116
92	7	117
92	7	118
92	7	119
92	7	120
92	7	121
92	7	122
92	7	123
92	7	124
92	7	125
92	7	126
92	7	127
92	8	1
92	8	114
92	8	115
92	8	116
92	8	117
92	9	113
92	9	114
92	9	115
92	9	116
92	10	112
92	10	113
92	10	114
92	11	111
92	120	1
92	121	0
92	121	6
92	121	126
92	121	127
92	122	0
92	122	123
92	122	124
92	122	125
92	122	126
92	122	127
92	123	0
92	123	117
92	123	118
92	123	119
92	123	120
92	123	121
92	123	122
92	123	123
92	123	124
92	123	125
92	123	126
92	123	127
92	124	0
92	124	116
92	124	117
92	124	118
92	124	119
92	124	120
92	124	121
92	124	122
92	124	123
92	124	124
92	124	125
92	124	126
92	124	127
92	125	0
92	125	116
92	125	117
92	125	118
92	125	119
92	125	120
92	125	121
92	125	122
92	125	123
92	125	124
92	125	125
92	125	126
92	125	127
92	126	0
92	126	116
92	126	117
92	126	118
92	126	119
92	126	120
92	126	121
92	126	122
92	126	123
92	126	124
92	126	125
92	126	126
92	126	127
92	127	0
92	127	116
92	127	117
92	127	118
92	127	119
92	127	120
92	127	121
92	127	122
92	127	123
92	127	124
92	127	125
92	127	126
92	127	127
93	0	0
93	0	1
93	0	115
93	0	116
93	0	117
93	0	118
93	0	119
93	0	120
93	0	121
93	0	122
93	0	123
93	0	124
93	0	125
93	0	126
93	0	127
93	1	0
93	1	1
93	1	115
93	1	116
93	1	117
93	1	118
93	1	119
93	1	120
93	1	121
93	1	122
93	1	123
93	1	124
93	1	125
93	1	126
93	1	127
93	2	0
93	2	1
93	2	115
93	2	116
93	2	117
93	2	118
93	2	119
93	2	120
93	2	121
93	2	122
93	2	123
93	2	124
93	2	125
93	2	126
93	2	127
93	3	0
93	3	1
93	3	115
93	3	116
93	3	117
93	3	118
93	3	119
93	3	120
93	3	121
93	3	122
93	3	123
93	3	124
93	3	125
93	3	126
93	3	127
93	4	0
93	4	1
93	4	115
93	4	116
93	4	117
93	4	118
93	4	119
93	4	120
93	4	121
93	4	122
93	4	123
93	4	124
93	4	125
93	4	126
93	4	127
93	5	0
93	5	1
93	5	115
93	5	116
93	5	117
93	5	118
93	5	119
93	5	120
93	5	121
93	5	122
93	5	123
93	5	124
93	5	125
93	5	126
93	5	127
93	6	0
93	6	1
93	6	114
93	6	115
93	6	116
93	6	117
93	6	118
93	6	119
93	6	120
93	6	121
93	6	122
93	6	123
93	6	124
93	6	125
93	6	126
93	6	127
93	7	0
93	7	1
93	7	2
93	7	114
93	7	115
93	7	116
93	7	117
93	7	118
93	7	119
93	7	120
93	7	121
93	7	122
93	7	123
93	7	124
93	7	125
93	7	126
93	7	127
93	8	113
93	8	114
93	8	115
93	8	116
93	8	117
93	9	113
93	9	114
93	9	115
93	10	112
93	10	113
93	10	114
93	10	115
93	11	111
93	11	112
93	11	113
93	119	1
93	119	2
93	120	0
93	120	5
93	120	6
93	120	7
93	120	127
93	121	0
93	121	4
93	121	5
93	121	6
93	121	125
93	121	126
93	121	127
93	122	0
93	122	4
93	122	5
93	122	122
93	122	123
93	122	124
93	122	125
93	122	126
93	122	127
93	123	0
93	123	118
93	123	119
93	123	120
93	123	121
93	123	122
93	123	123
93	123	124
93	123	125
93	123	126
93	123	127
93	124	0
93	124	116
93	124	117
93	124	118
93	124	119
93	124	120
93	124	121
93	124	122
93	124	123
93	124	124
93	124	125
93	124	126
93	124	127
93	125	0
93	125	1
93	125	115
93	125	116
93	125	117
93	125	118
93	125	119
93	125	120
93	125	121
93	125	122
93	125	123
93	125	124
93	125	125
93	125	126
93	125	127
93	126	0
93	126	1
93	126	115
93	126	116
93	126	117
93	126	118
93	126	119
93	126	120
93	126	121
93	126	122
93	126	123
93	126	124
93	126	125
93	126	126
93	126	127
93	127	0
93	127	1
93	127	115
93	127	116
93	127	117
93	127	118
93	127	119
93	127	120
93	127	121
93	127	122
93	127	123
93	127	124
93	127	125
93	127	126
93	127	127
94	0	0
94	0	1
94	0	2
94	0	114
94	0	115
94	0	116
94	0	117
94	0	118
94	0	119
94	0	120
94	0	121
94	0	122
94	0	123
94	0	124
94	0	125
94	0	126
94	0	127
94	1	0
94	1	1
94	1	2
94	1	114
94	1	115
94	1	116
94	1	117
94	1	118
94	1	119
94	1	120
94	1	121
94	1	122
94	1	123
94	1	124
94	1	125
94	1	126
94	1	127
94	2	0
94	2	1
94	2	2
94	2	114
94	2	115
94	2	116
94	2	117
94	2	118
94	2	119
94	2	120
94	2	121
94	2	122
94	2	123
94	2	124
94	2	125
94	2	126
94	2	127
94	3	0
94	3	1
94	3	2
94	3	114
94	3	115
94	3	116
94	3	117
94	3	118
94	3	119
94	3	120
94	3	121
94	3	122
94	3	123
94	3	124
94	3	125
94	3	126
94	3	127
94	4	0
94	4	1
94	4	2
94	4	114
94	4	115
94	4	116
94	4	117
94	4	118
94	4	119
94	4	120
94	4	121
94	4	122
94	4	123
94	4	124
94	4	125
94	4	126
94	4	127
94	5	0
94	5	1
94	5	2
94	5	114
94	5	115
94	5	116
94	5	117
94	5	118
94	5	119
94	5	120
94	5	121
94	5	122
94	5	123
94	5	124
94	5	125
94	5	126
94	5	127
94	6	0
94	6	1
94	6	2
94	6	3
94	6	114
94	6	115
94	6	116
94	6	117
94	6	118
94	6	119
94	6	120
94	6	121
94	6	122
94	6	123
94	6	124
94	6	125
94	6	126
94	6	127
94	7	1
94	7	113
94	7	114
94	7	115
94	7	116
94	7	117
94	7	118
94	7	119
94	7	120
94	7	121
94	7	122
94	7	123
94	7	124
94	7	125
94	7	126
94	7	127
94	8	113
94	8	114
94	8	115
94	8	116
94	9	112
94	9	113
94	9	114
94	9	115
94	9	116
94	10	109
94	10	110
94	10	111
94	10	112
94	10	113
94	10	114
94	10	115
94	11	108
94	11	109
94	11	110
94	11	111
94	11	112
94	11	113
94	11	114
94	19	114
94	118	1
94	118	2
94	118	3
94	119	0
94	119	6
94	119	7
94	119	8
94	120	0
94	120	4
94	120	5
94	120	6
94	120	7
94	120	126
94	120	127
94	121	0
94	121	3
94	121	4
94	121	5
94	121	6
94	121	124
94	121	125
94	121	126
94	121	127
94	122	0
94	122	3
94	122	4
94	122	5
94	122	122
94	122	123
94	122	124
94	122	125
94	122	126
94	122	127
94	123	0
94	123	3
94	123	4
94	123	119
94	123	120
94	123	121
94	123	122
94	123	123
94	123	124
94	123	125
94	123	126
94	123	127
94	124	0
94	124	1
94	124	2
94	124	117
94	124	118
94	124	119
94	124	120
94	124	121
94	124	122
94	124	123
94	124	124
94	124	125
94	124	126
94	124	127
94	125	0
94	125	1
94	125	2
94	125	115
94	125	116
94	125	117
94	125	118
94	125	119
94	125	120
94	125	121
94	125	122
94	125	123
94	125	124
94	125	125
94	125	126
94	125	127
94	126	0
94	126	1
94	126	2
94	126	114
94	126	115
94	126	116
94	126	117
94	126	118
94	126	119
94	126	120
94	126	121
94	126	122
94	126	123
94	126	124
94	126	125
94	126	126
94	126	127
94	127	0
94	127	1
94	127	2
94	127	114
94	127	115
94	127	116
94	127	117
94	127	118
94	127	119
94	127	120
94	127	121
94	127	122
94	127	123
94	127	124
94	127	125
94	127	126
94	127	127
95	0	0
95	0	1
95	0	2
95	0	3
95	0	113
95	0	114
95	0	115
95	0	116
95	0	117
95	0	118
95	0	119
95	0	120
95	0	121
95	0	122
95	0	123
95	0	124
95	0	125
95	0	126
95	0	127
95	1	0
95	1	1
95	1	2
95	1	3
95	1	113
95	1	114
95	1	115
95	1	116
95	1	117
95	1	118
95	1	119
95	1	120
95	1	121
95	1	122
95	1	123
95	1	124
95	1	125
95	1	126
95	1	127
95	2	0
95	2	1
95	2	2
95	2	3
95	2	113
95	2	114
95	2	115
95	2	116
95	2	117
95	2	118
95	2	119
95	2	120
95	2	121
95	2	122
95	2	123
95	2	124
95	2	125
95	2	126
95	2	127
95	3	0
95	3	1
95	3	2
95	3	3
95	3	113
95	3	114
95	3	115
95	3	116
95	3	117
95	3	118
95	3	119
95	3	120
95	3	121
95	3	122
95	3	123
95	3	124
95	3	125
95	3	126
95	3	127
95	4	0
95	4	1
95	4	2
95	4	3
95	4	113
95	4	114
95	4	115
95	4	116
95	4	117
95	4	118
95	4	119
95	4	120
95	4	121
95	4	122
95	4	123
95	4	124
95	4	125
95	4	126
95	4	127
95	5	0
95	5	1
95	5	2
95	5	3
95	5	4
95	5	113
95	5	114
95	5	115
95	5	116
95	5	117
95	5	118
95	5	119
95	5	120
95	5	121
95	5	122
95	5	123
95	5	124
95	5	125
95	5	126
95	5	127
95	6	0
95	6	1
95	6	2
95	6	113
95	6	114
95	6	115
95	6	116
95	6	117
95	6	118
95	6	119
95	6	120
95	6	121
95	6	122
95	6	123
95	6	124
95	6	125
95	6	126
95	6	127
95	7	1
95	7	113
95	7	114
95	7	115
95	7	116
95	7	117
95	7	118
95	7	119
95	7	120
95	7	121
95	7	122
95	7	123
95	8	112
95	8	113
95	8	114
95	8	115
95	8	116
95	8	117
95	9	110
95	9	111
95	9	112
95	9	113
95	9	114
95	9	115
95	9	116
95	10	109
95	10	110
95	10	111
95	10	112
95	10	113
95	10	114
95	10	115
95	11	107
95	11	108
95	11	109
95	11	110
95	11	111
95	11	112
95	11	113
95	11	114
95	12	107
95	12	110
95	12	111
95	12	112
95	13	107
95	14	107
95	15	107
95	15	114
95	15	115
95	16	114
95	16	115
95	17	114
95	17	115
95	18	114
95	18	115
95	19	114
95	19	115
95	20	113
95	117	1
95	117	2
95	117	3
95	117	4
95	118	7
95	118	8
95	118	9
95	119	5
95	119	6
95	119	7
95	119	8
95	119	126
95	119	127
95	120	6
95	120	7
95	120	125
95	120	126
95	120	127
95	121	1
95	121	2
95	121	3
95	121	4
95	121	5
95	121	6
95	121	124
95	121	125
95	121	126
95	121	127
95	122	0
95	122	1
95	122	2
95	122	3
95	122	4
95	122	5
95	122	122
95	122	123
95	122	124
95	122	125
95	122	126
95	122	127
95	123	0
95	123	1
95	123	2
95	123	3
95	123	4
95	123	119
95	123	120
95	123	121
95	123	122
95	123	123
95	123	124
95	123	125
95	123	126
95	123	127
95	124	0
95	124	1
95	124	2
95	124	3
95	124	117
95	124	118
95	124	119
95	124	120
95	124	121
95	124	122
95	124	123
95	124	124
95	124	125
95	124	126
95	124	127
95	125	0
95	125	1
95	125	2
95	125	3
95	125	116
95	125	117
95	125	118
95	125	119
95	125	120
95	125	121
95	125	122
95	125	123
95	125	124
95	125	125
95	125	126
95	125	127
95	126	0
95	126	1
95	126	2
95	126	3
95	126	114
95	126	115
95	126	116
95	126	117
95	126	118
95	126	119
95	126	120
95	126	121
95	126	122
95	126	123
95	126	124
95	126	125
95	126	126
95	126	127
95	127	0
95	127	1
95	127	2
95	127	3
95	127	113
95	127	114
95	127	115
95	127	116
95	127	117
95	127	118
95	127	119
95	127	120
95	127	121
95	127	122
95	127	123
95	127	124
95	127	125
95	127	126
95	127	127
96	0	0
96	0	1
96	0	2
96	0	3
96	0	4
96	0	112
96	0	113
96	0	114
96	0	115
96	0	116
96	0	117
96	0	118
96	0	119
96	0	120
96	0	121
96	0	122
96	0	123
96	0	124
96	0	125
96	0	126
96	0	127
96	1	0
96	1	1
96	1	2
96	1	3
96	1	4
96	1	112
96	1	113
96	1	114
96	1	115
96	1	116
96	1	117
96	1	118
96	1	119
96	1	120
96	1	121
96	1	122
96	1	123
96	1	124
96	1	125
96	1	126
96	1	127
96	2	0
96	2	1
96	2	2
96	2	3
96	2	4
96	2	112
96	2	113
96	2	114
96	2	115
96	2	116
96	2	117
96	2	118
96	2	119
96	2	120
96	2	121
96	2	122
96	2	123
96	2	124
96	2	125
96	2	126
96	2	127
96	3	0
96	3	1
96	3	2
96	3	3
96	3	4
96	3	112
96	3	113
96	3	114
96	3	115
96	3	116
96	3	117
96	3	118
96	3	119
96	3	120
96	3	121
96	3	122
96	3	123
96	3	124
96	3	125
96	3	126
96	3	127
96	4	0
96	4	1
96	4	2
96	4	3
96	4	4
96	4	5
96	4	112
96	4	113
96	4	114
96	4	115
96	4	116
96	4	117
96	4	118
96	4	119
96	4	120
96	4	121
96	4	122
96	4	123
96	4	124
96	4	125
96	4	126
96	4	127
96	5	0
96	5	1
96	5	2
96	5	3
96	5	112
96	5	113
96	5	114
96	5	115
96	5	116
96	5	117
96	5	118
96	5	119
96	5	120
96	5	121
96	5	122
96	5	123
96	5	124
96	5	125
96	5	126
96	5	127
96	6	0
96	6	1
96	6	2
96	6	112
96	6	113
96	6	114
96	6	115
96	6	116
96	6	117
96	6	118
96	6	119
96	6	120
96	6	121
96	6	122
96	6	123
96	6	124
96	6	125
96	6	126
96	6	127
96	7	1
96	7	112
96	7	113
96	7	114
96	7	115
96	7	116
96	7	117
96	7	118
96	7	119
96	7	120
96	7	121
96	7	122
96	7	123
96	8	111
96	8	112
96	8	113
96	8	114
96	8	115
96	8	116
96	8	117
96	9	110
96	9	111
96	9	112
96	9	113
96	9	114
96	9	115
96	9	116
96	10	108
96	10	109
96	10	110
96	10	111
96	10	112
96	10	113
96	10	114
96	10	115
96	11	107
96	11	108
96	11	109
96	11	110
96	11	111
96	11	112
96	11	113
96	11	114
96	12	106
96	12	107
96	12	108
96	12	109
96	12	110
96	12	111
96	12	112
96	12	113
96	13	106
96	13	107
96	13	108
96	13	111
96	13	112
96	13	113
96	13	114
96	14	107
96	14	108
96	14	113
96	14	114
96	14	115
96	14	116
96	15	107
96	15	108
96	15	113
96	15	114
96	15	115
96	15	116
96	16	113
96	16	114
96	16	115
96	16	116
96	17	113
96	17	114
96	17	115
96	17	116
96	18	113
96	18	114
96	18	115
96	18	116
96	19	113
96	19	114
96	19	115
96	20	113
96	20	114
96	116	1
96	116	2
96	116	3
96	116	4
96	116	5
96	117	7
96	117	8
96	118	0
96	118	6
96	118	7
96	118	8
96	118	9
96	118	127
96	119	7
96	119	8
96	119	125
96	119	126
96	119	127
96	120	0
96	120	1
96	120	6
96	120	7
96	120	125
96	120	126
96	120	127
96	121	0
96	121	6
96	121	124
96	121	125
96	121	126
96	121	127
96	122	0
96	122	1
96	122	2
96	122	3
96	122	4
96	122	122
96	122	123
96	122	124
96	122	125
96	122	126
96	122	127
96	123	0
96	123	1
96	123	2
96	123	3
96	123	4
96	123	120
96	123	121
96	123	122
96	123	123
96	123	124
96	123	125
96	123	126
96	123	127
96	124	0
96	124	1
96	124	2
96	124	3
96	124	4
96	124	118
96	124	119
96	124	120
96	124	121
96	124	122
96	124	123
96	124	124
96	124	125
96	124	126
96	124	127
96	125	0
96	125	1
96	125	2
96	125	3
96	125	4
96	125	117
96	125	118
96	125	119
96	125	120
96	125	121
96	125	122
96	125	123
96	125	124
96	125	125
96	125	126
96	125	127
96	126	0
96	126	1
96	126	2
96	126	3
96	126	4
96	126	115
96	126	116
96	126	117
96	126	118
96	126	119
96	126	120
96	126	121
96	126	122
96	126	123
96	126	124
96	126	125
96	126	126
96	126	127
96	127	0
96	127	1
96	127	2
96	127	3
96	127	4
96	127	113
96	127	114
96	127	115
96	127	116
96	127	117
96	127	118
96	127	119
96	127	120
96	127	121
96	127	122
96	127	123
96	127	124
96	127	125
96	127	126
96	127	127
97	0	0
97	0	1
97	0	2
97	0	3
97	0	4
97	0	5
97	0	111
97	0	112
97	0	113
97	0	114
97	0	115
97	0	116
97	0	117
97	0	118
97	0	119
97	0	120
97	0	121
97	0	122
97	0	123
97	0	124
97	0	125
97	0	126
97	0	127
97	1	0
97	1	1
97	1	2
97	1	3
97	1	4
97	1	5
97	1	111
97	1	112
97	1	113
97	1	114
97	1	115
97	1	116
97	1	117
97	1	118
97	1	119
97	1	120
97	1	121
97	1	122
97	1	123
97	1	124
97	1	125
97	1	126
97	1	127
97	2	0
97	2	1
97	2	2
97	2	3
97	2	4
97	2	5
97	2	111
97	2	112
97	2	113
97	2	114
97	2	115
97	2	116
97	2	117
97	2	118
97	2	119
97	2	120
97	2	121
97	2	122
97	2	123
97	2	124
97	2	125
97	2	126
97	2	127
97	3	0
97	3	1
97	3	2
97	3	3
97	3	4
97	3	5
97	3	6
97	3	111
97	3	112
97	3	113
97	3	114
97	3	115
97	3	116
97	3	117
97	3	118
97	3	119
97	3	120
97	3	121
97	3	122
97	3	123
97	3	124
97	3	125
97	3	126
97	3	127
97	4	0
97	4	1
97	4	2
97	4	3
97	4	4
97	4	111
97	4	112
97	4	113
97	4	114
97	4	115
97	4	116
97	4	117
97	4	118
97	4	119
97	4	120
97	4	121
97	4	122
97	4	123
97	4	124
97	4	125
97	4	126
97	4	127
97	5	0
97	5	1
97	5	2
97	5	3
97	5	111
97	5	112
97	5	113
97	5	114
97	5	115
97	5	116
97	5	117
97	5	118
97	5	119
97	5	120
97	5	121
97	5	122
97	5	123
97	5	124
97	5	125
97	5	126
97	5	127
97	6	0
97	6	1
97	6	2
97	6	111
97	6	112
97	6	113
97	6	114
97	6	115
97	6	116
97	6	117
97	6	118
97	6	119
97	6	120
97	6	121
97	6	122
97	6	123
97	6	124
97	6	125
97	6	126
97	6	127
97	7	1
97	7	111
97	7	112
97	7	113
97	7	114
97	7	115
97	7	116
97	7	117
97	7	118
97	7	119
97	7	120
97	7	121
97	7	122
97	7	123
97	7	124
97	7	125
97	7	126
97	8	111
97	8	112
97	8	113
97	8	114
97	8	115
97	8	116
97	8	117
97	8	118
97	8	119
97	8	120
97	8	121
97	8	122
97	8	123
97	8	124
97	9	109
97	9	110
97	9	111
97	9	112
97	9	113
97	9	114
97	9	115
97	9	116
97	10	108
97	10	109
97	10	110
97	10	111
97	10	112
97	10	113
97	10	114
97	10	115
97	11	107
97	11	108
97	11	109
97	11	110
97	11	111
97	11	112
97	11	113
97	11	114
97	12	106
97	12	107
97	12	108
97	12	109
97	12	110
97	12	111
97	12	112
97	12	113
97	12	114
97	13	107
97	13	108
97	13	109
97	13	110
97	13	111
97	13	112
97	13	113
97	13	114
97	13	115
97	13	116
97	13	117
97	14	107
97	14	108
97	14	109
97	14	112
97	14	113
97	14	114
97	14	115
97	14	116
97	14	117
97	15	107
97	15	108
97	15	112
97	15	113
97	15	114
97	15	115
97	15	116
97	15	117
97	16	112
97	16	113
97	16	114
97	16	115
97	16	116
97	16	117
97	17	112
97	17	113
97	17	114
97	17	115
97	17	116
97	17	117
97	18	112
97	18	113
97	18	114
97	18	115
97	18	116
97	19	112
97	19	113
97	19	114
97	19	115
97	20	113
97	20	114
97	116	6
97	116	7
97	117	0
97	117	6
97	117	7
97	117	8
97	118	8
97	118	9
97	118	126
97	118	127
97	119	0
97	119	7
97	119	8
97	119	125
97	119	126
97	119	127
97	120	7
97	120	124
97	120	125
97	120	126
97	120	127
97	121	123
97	121	124
97	121	125
97	121	126
97	121	127
97	122	122
97	122	123
97	122	124
97	122	125
97	122	126
97	122	127
97	123	0
97	123	1
97	123	2
97	123	3
97	123	5
97	123	120
97	123	121
97	123	122
97	123	123
97	123	124
97	123	125
97	123	126
97	123	127
97	124	0
97	124	1
97	124	2
97	124	3
97	124	4
97	124	5
97	124	119
97	124	120
97	124	121
97	124	122
97	124	123
97	124	124
97	124	125
97	124	126
97	124	127
97	125	0
97	125	1
97	125	2
97	125	3
97	125	4
97	125	5
97	125	117
97	125	118
97	125	119
97	125	120
97	125	121
97	125	122
97	125	123
97	125	124
97	125	125
97	125	126
97	125	127
97	126	0
97	126	1
97	126	2
97	126	3
97	126	4
97	126	5
97	126	115
97	126	116
97	126	117
97	126	118
97	126	119
97	126	120
97	126	121
97	126	122
97	126	123
97	126	124
97	126	125
97	126	126
97	126	127
97	127	0
97	127	1
97	127	2
97	127	3
97	127	4
97	127	5
97	127	114
97	127	115
97	127	116
97	127	117
97	127	118
97	127	119
97	127	120
97	127	121
97	127	122
97	127	123
97	127	124
97	127	125
97	127	126
97	127	127
98	0	0
98	0	1
98	0	2
98	0	3
98	0	4
98	0	5
98	0	6
98	0	110
98	0	111
98	0	112
98	0	113
98	0	114
98	0	115
98	0	116
98	0	117
98	0	118
98	0	119
98	0	120
98	0	121
98	0	122
98	0	123
98	0	124
98	0	125
98	0	126
98	0	127
98	1	0
98	1	1
98	1	2
98	1	3
98	1	4
98	1	5
98	1	6
98	1	110
98	1	111
98	1	112
98	1	113
98	1	114
98	1	115
98	1	116
98	1	117
98	1	118
98	1	119
98	1	120
98	1	121
98	1	122
98	1	123
98	1	124
98	1	125
98	1	126
98	1	127
98	2	0
98	2	1
98	2	2
98	2	3
98	2	4
98	2	5
98	2	6
98	2	110
98	2	111
98	2	112
98	2	113
98	2	114
98	2	115
98	2	116
98	2	117
98	2	118
98	2	119
98	2	120
98	2	121
98	2	122
98	2	123
98	2	124
98	2	125
98	2	126
98	2	127
98	3	0
98	3	1
98	3	2
98	3	3
98	3	4
98	3	5
98	3	110
98	3	111
98	3	112
98	3	113
98	3	114
98	3	115
98	3	116
98	3	117
98	3	118
98	3	119
98	3	120
98	3	121
98	3	122
98	3	123
98	3	124
98	3	125
98	3	126
98	3	127
98	4	0
98	4	1
98	4	2
98	4	3
98	4	4
98	4	110
98	4	111
98	4	112
98	4	113
98	4	114
98	4	115
98	4	116
98	4	117
98	4	118
98	4	119
98	4	120
98	4	121
98	4	122
98	4	123
98	4	124
98	4	125
98	4	126
98	4	127
98	5	0
98	5	1
98	5	2
98	5	3
98	5	110
98	5	111
98	5	112
98	5	113
98	5	114
98	5	115
98	5	116
98	5	117
98	5	118
98	5	119
98	5	120
98	5	121
98	5	122
98	5	123
98	5	124
98	5	125
98	5	126
98	5	127
98	6	0
98	6	1
98	6	2
98	6	110
98	6	111
98	6	112
98	6	113
98	6	114
98	6	115
98	6	116
98	6	117
98	6	118
98	6	119
98	6	120
98	6	121
98	6	122
98	6	123
98	6	124
98	6	125
98	6	126
98	6	127
98	7	1
98	7	110
98	7	111
98	7	112
98	7	113
98	7	114
98	7	115
98	7	116
98	7	117
98	7	118
98	7	119
98	7	120
98	7	121
98	7	122
98	7	123
98	7	124
98	7	125
98	7	126
98	7	127
98	8	110
98	8	111
98	8	112
98	8	113
98	8	114
98	8	115
98	8	116
98	8	117
98	8	118
98	8	119
98	8	120
98	8	121
98	8	122
98	8	123
98	8	124
98	8	125
98	8	126
98	9	109
98	9	110
98	9	111
98	9	112
98	9	113
98	9	114
98	9	115
98	9	116
98	9	117
98	9	118
98	9	119
98	9	120
98	9	121
98	9	122
98	9	123
98	9	124
98	10	108
98	10	109
98	10	110
98	10	111
98	10	112
98	10	113
98	10	114
98	10	115
98	11	107
98	11	108
98	11	109
98	11	110
98	11	111
98	11	112
98	11	113
98	11	114
98	11	115
98	12	106
98	12	107
98	12	108
98	12	109
98	12	110
98	12	111
98	12	112
98	12	113
98	12	114
98	12	115
98	13	107
98	13	108
98	13	109
98	13	110
98	13	111
98	13	112
98	13	113
98	13	114
98	13	115
98	13	116
98	13	117
98	14	107
98	14	108
98	14	109
98	14	110
98	14	111
98	14	112
98	14	113
98	14	114
98	14	115
98	14	116
98	14	117
98	14	118
98	15	108
98	15	110
98	15	111
98	15	112
98	15	113
98	15	114
98	15	115
98	15	116
98	15	117
98	15	118
98	16	111
98	16	112
98	16	113
98	16	114
98	16	115
98	16	116
98	16	117
98	16	118
98	17	111
98	17	112
98	17	113
98	17	114
98	17	115
98	17	116
98	17	117
98	17	118
98	18	111
98	18	112
98	18	113
98	18	114
98	18	115
98	18	116
98	19	111
98	19	112
98	19	113
98	19	114
98	19	115
98	20	113
98	20	114
98	116	5
98	116	6
98	116	7
98	117	0
98	117	7
98	117	8
98	117	127
98	118	8
98	118	9
98	118	126
98	118	127
98	119	8
98	119	125
98	119	126
98	119	127
98	120	124
98	120	125
98	120	126
98	120	127
98	121	123
98	121	124
98	121	125
98	121	126
98	121	127
98	122	6
98	122	122
98	122	123
98	122	124
98	122	125
98	122	126
98	122	127
98	123	5
98	123	6
98	123	121
98	123	122
98	123	123
98	123	124
98	123	125
98	123	126
98	123	127
98	124	0
98	124	1
98	124	2
98	124	4
98	124	5
98	124	6
98	124	119
98	124	120
98	124	121
98	124	122
98	124	123
98	124	124
98	124	125
98	124	126
98	124	127
98	125	0
98	125	1
98	125	2
98	125	4
98	125	5
98	125	6
98	125	118
98	125	119
98	125	120
98	125	121
98	125	122
98	125	123
98	125	124
98	125	125
98	125	126
98	125	127
98	126	0
98	126	1
98	126	2
98	126	3
98	126	4
98	126	5
98	126	6
98	126	116
98	126	117
98	126	118
98	126	119
98	126	120
98	126	121
98	126	122
98	126	123
98	126	124
98	126	125
98	126	126
98	126	127
98	127	0
98	127	1
98	127	2
98	127	3
98	127	4
98	127	5
98	127	6
98	127	110
98	127	111
98	127	112
98	127	113
98	127	114
98	127	115
98	127	116
98	127	117
98	127	118
98	127	119
98	127	120
98	127	121
98	127	122
98	127	123
98	127	124
98	127	125
98	127	126
98	127	127
99	0	0
99	0	1
99	0	2
99	0	3
99	0	4
99	0	5
99	0	6
99	0	7
99	0	109
99	0	110
99	0	111
99	0	112
99	0	113
99	0	114
99	0	115
99	0	116
99	0	117
99	0	118
99	0	119
99	0	120
99	0	121
99	0	122
99	0	123
99	0	124
99	0	125
99	0	126
99	0	127
99	1	0
99	1	1
99	1	2
99	1	3
99	1	4
99	1	5
99	1	6
99	1	7
99	1	109
99	1	110
99	1	111
99	1	112
99	1	113
99	1	114
99	1	115
99	1	116
99	1	117
99	1	118
99	1	119
99	1	120
99	1	121
99	1	122
99	1	123
99	1	124
99	1	125
99	1	126
99	1	127
99	2	0
99	2	1
99	2	2
99	2	3
99	2	4
99	2	5
99	2	6
99	2	7
99	2	109
99	2	110
99	2	111
99	2	112
99	2	113
99	2	114
99	2	115
99	2	116
99	2	117
99	2	118
99	2	119
99	2	120
99	2	121
99	2	122
99	2	123
99	2	124
99	2	125
99	2	126
99	2	127
99	3	0
99	3	1
99	3	2
99	3	3
99	3	4
99	3	5
99	3	6
99	3	109
99	3	110
99	3	111
99	3	112
99	3	113
99	3	114
99	3	115
99	3	116
99	3	117
99	3	118
99	3	119
99	3	120
99	3	121
99	3	122
99	3	123
99	3	124
99	3	125
99	3	126
99	3	127
99	4	0
99	4	1
99	4	2
99	4	3
99	4	4
99	4	109
99	4	110
99	4	111
99	4	112
99	4	113
99	4	114
99	4	115
99	4	116
99	4	117
99	4	118
99	4	119
99	4	120
99	4	121
99	4	122
99	4	123
99	4	124
99	4	125
99	4	126
99	4	127
99	5	0
99	5	1
99	5	2
99	5	3
99	5	109
99	5	110
99	5	111
99	5	112
99	5	113
99	5	114
99	5	115
99	5	116
99	5	117
99	5	118
99	5	119
99	5	120
99	5	121
99	5	122
99	5	123
99	5	124
99	5	125
99	5	126
99	5	127
99	6	0
99	6	1
99	6	2
99	6	109
99	6	110
99	6	111
99	6	112
99	6	113
99	6	114
99	6	115
99	6	116
99	6	117
99	6	118
99	6	119
99	6	120
99	6	121
99	6	122
99	6	123
99	6	124
99	6	125
99	6	126
99	6	127
99	7	109
99	7	110
99	7	111
99	7	112
99	7	113
99	7	114
99	7	115
99	7	116
99	7	117
99	7	118
99	7	119
99	7	120
99	7	121
99	7	122
99	7	123
99	7	124
99	7	125
99	7	126
99	7	127
99	8	109
99	8	110
99	8	111
99	8	112
99	8	113
99	8	114
99	8	115
99	8	116
99	8	117
99	8	118
99	8	119
99	8	120
99	8	121
99	8	122
99	8	123
99	8	124
99	8	125
99	8	126
99	9	109
99	9	110
99	9	111
99	9	112
99	9	113
99	9	114
99	9	115
99	9	116
99	9	117
99	9	118
99	9	119
99	9	120
99	9	121
99	9	122
99	9	123
99	9	124
99	10	108
99	10	109
99	10	110
99	10	111
99	10	112
99	10	113
99	10	114
99	10	115
99	10	116
99	10	117
99	10	118
99	10	119
99	10	120
99	10	121
99	11	107
99	11	108
99	11	109
99	11	110
99	11	111
99	11	112
99	11	113
99	11	114
99	11	115
99	12	106
99	12	107
99	12	108
99	12	109
99	12	110
99	12	111
99	12	112
99	12	113
99	12	114
99	12	115
99	12	116
99	12	117
99	12	118
99	13	107
99	13	108
99	13	109
99	13	110
99	13	111
99	13	112
99	13	113
99	13	114
99	13	115
99	13	116
99	13	117
99	13	118
99	14	108
99	14	109
99	14	110
99	14	111
99	14	112
99	14	113
99	14	114
99	14	115
99	14	116
99	14	117
99	14	118
99	15	108
99	15	109
99	15	110
99	15	111
99	15	112
99	15	113
99	15	114
99	15	115
99	15	116
99	15	117
99	15	118
99	16	109
99	16	110
99	16	111
99	16	112
99	16	113
99	16	114
99	16	115
99	16	116
99	16	117
99	16	118
99	17	110
99	17	111
99	17	112
99	17	113
99	17	114
99	17	115
99	17	116
99	17	117
99	17	118
99	18	111
99	18	112
99	18	113
99	18	114
99	18	115
99	18	116
99	18	117
99	18	118
99	19	112
99	19	113
99	19	114
99	19	115
99	20	114
99	116	6
99	116	7
99	117	0
99	117	7
99	117	8
99	117	124
99	118	9
99	118	126
99	118	127
99	119	125
99	119	126
99	119	127
99	120	124
99	120	125
99	120	126
99	120	127
99	121	7
99	121	124
99	121	125
99	121	126
99	121	127
99	122	6
99	122	7
99	122	123
99	122	124
99	122	125
99	122	126
99	122	127
99	123	5
99	123	6
99	123	7
99	123	121
99	123	122
99	123	123
99	123	124
99	123	125
99	123	126
99	123	127
99	124	5
99	124	6
99	124	7
99	124	120
99	124	121
99	124	122
99	124	123
99	124	124
99	124	125
99	124	126
99	124	127
99	125	0
99	125	5
99	125	6
99	125	7
99	125	118
99	125	119
99	125	120
99	125	121
99	125	122
99	125	123
99	125	124
99	125	125
99	125	126
99	125	127
99	126	0
99	126	1
99	126	2
99	126	3
99	126	5
99	126	6
99	126	7
99	126	109
99	126	110
99	126	116
99	126	117
99	126	118
99	126	119
99	126	120
99	126	121
99	126	122
99	126	123
99	126	124
99	126	125
99	126	126
99	126	127
99	127	0
99	127	1
99	127	2
99	127	3
99	127	4
99	127	5
99	127	6
99	127	7
99	127	109
99	127	110
99	127	111
99	127	112
99	127	113
99	127	114
99	127	115
99	127	116
99	127	117
99	127	118
99	127	119
99	127	120
99	127	121
99	127	122
99	127	123
99	127	124
99	127	125
99	127	126
99	127	127
100	0	0
100	0	1
100	0	2
100	0	3
100	0	4
100	0	5
100	0	6
100	0	7
100	0	8
100	0	108
100	0	109
100	0	110
100	0	111
100	0	112
100	0	113
100	0	114
100	0	115
100	0	116
100	0	117
100	0	118
100	0	119
100	0	120
100	0	121
100	0	122
100	0	123
100	0	124
100	0	125
100	0	126
100	0	127
100	1	0
100	1	1
100	1	2
100	1	3
100	1	4
100	1	5
100	1	6
100	1	7
100	1	8
100	1	108
100	1	109
100	1	110
100	1	111
100	1	112
100	1	113
100	1	114
100	1	115
100	1	116
100	1	117
100	1	118
100	1	119
100	1	120
100	1	121
100	1	122
100	1	123
100	1	124
100	1	125
100	1	126
100	1	127
100	2	0
100	2	1
100	2	2
100	2	3
100	2	4
100	2	5
100	2	6
100	2	7
100	2	8
100	2	108
100	2	109
100	2	110
100	2	111
100	2	112
100	2	113
100	2	114
100	2	115
100	2	116
100	2	117
100	2	118
100	2	119
100	2	120
100	2	121
100	2	122
100	2	123
100	2	124
100	2	125
100	2	126
100	2	127
100	3	0
100	3	1
100	3	2
100	3	3
100	3	4
100	3	5
100	3	6
100	3	108
100	3	109
100	3	110
100	3	111
100	3	112
100	3	113
100	3	114
100	3	115
100	3	116
100	3	117
100	3	118
100	3	119
100	3	120
100	3	121
100	3	122
100	3	123
100	3	124
100	3	125
100	3	126
100	3	127
100	4	0
100	4	1
100	4	2
100	4	3
100	4	4
100	4	5
100	4	108
100	4	109
100	4	110
100	4	111
100	4	112
100	4	113
100	4	114
100	4	115
100	4	116
100	4	117
100	4	118
100	4	119
100	4	120
100	4	121
100	4	122
100	4	123
100	4	124
100	4	125
100	4	126
100	4	127
100	5	0
100	5	1
100	5	2
100	5	3
100	5	108
100	5	109
100	5	110
100	5	111
100	5	112
100	5	113
100	5	114
100	5	115
100	5	116
100	5	117
100	5	118
100	5	119
100	5	120
100	5	121
100	5	122
100	5	123
100	5	124
100	5	125
100	5	126
100	5	127
100	6	0
100	6	1
100	6	108
100	6	109
100	6	110
100	6	111
100	6	112
100	6	113
100	6	114
100	6	115
100	6	116
100	6	117
100	6	118
100	6	119
100	6	120
100	6	121
100	6	122
100	6	123
100	6	124
100	6	125
100	6	126
100	6	127
100	7	108
100	7	109
100	7	110
100	7	111
100	7	112
100	7	113
100	7	114
100	7	115
100	7	116
100	7	117
100	7	118
100	7	119
100	7	120
100	7	121
100	7	122
100	7	123
100	7	124
100	7	125
100	7	126
100	7	127
100	8	108
100	8	109
100	8	110
100	8	111
100	8	112
100	8	113
100	8	114
100	8	115
100	8	116
100	8	117
100	8	118
100	8	119
100	8	120
100	8	121
100	8	122
100	8	123
100	8	124
100	8	125
100	9	108
100	9	109
100	9	110
100	9	111
100	9	112
100	9	113
100	9	114
100	9	115
100	9	116
100	9	117
100	9	118
100	9	119
100	9	120
100	9	121
100	9	122
100	10	108
100	10	109
100	10	110
100	10	111
100	10	112
100	10	113
100	10	114
100	10	115
100	10	116
100	10	117
100	10	118
100	10	119
100	10	120
100	11	107
100	11	108
100	11	109
100	11	110
100	11	111
100	11	112
100	11	113
100	11	114
100	11	115
100	11	116
100	11	117
100	11	118
100	12	107
100	12	108
100	12	109
100	12	110
100	12	111
100	12	112
100	12	113
100	12	114
100	12	115
100	12	116
100	12	117
100	12	118
100	13	107
100	13	108
100	13	109
100	13	110
100	13	111
100	13	112
100	13	113
100	13	114
100	13	115
100	13	116
100	13	117
100	13	118
100	14	108
100	14	109
100	14	110
100	14	111
100	14	112
100	14	113
100	14	114
100	14	115
100	14	116
100	14	117
100	14	118
100	14	119
100	15	108
100	15	109
100	15	110
100	15	111
100	15	112
100	15	113
100	15	114
100	15	115
100	15	116
100	15	117
100	15	118
100	15	119
100	16	109
100	16	110
100	16	111
100	16	112
100	16	113
100	16	114
100	16	115
100	16	116
100	16	117
100	16	118
100	16	119
100	17	110
100	17	111
100	17	112
100	17	113
100	17	114
100	17	115
100	17	116
100	17	117
100	17	118
100	18	111
100	18	112
100	18	113
100	18	114
100	18	115
100	18	116
100	18	117
100	18	118
100	19	113
100	19	114
100	19	115
100	19	116
100	19	117
100	116	6
100	116	7
100	116	123
100	117	8
100	117	123
100	117	124
100	117	125
100	118	123
100	118	124
100	118	125
100	118	127
100	119	125
100	119	126
100	119	127
100	120	8
100	120	125
100	120	126
100	120	127
100	121	7
100	121	8
100	121	124
100	121	125
100	121	126
100	121	127
100	122	6
100	122	7
100	122	8
100	122	123
100	122	124
100	122	125
100	122	126
100	122	127
100	123	6
100	123	7
100	123	8
100	123	122
100	123	123
100	123	124
100	123	125
100	123	126
100	124	6
100	124	7
100	124	8
100	124	120
100	124	121
100	124	122
100	124	123
100	124	124
100	124	125
100	124	126
100	125	6
100	125	7
100	125	8
100	125	118
100	125	119
100	125	120
100	125	121
100	125	122
100	125	123
100	125	124
100	125	125
100	125	126
100	125	127
100	126	0
100	126	1
100	126	6
100	126	7
100	126	8
100	126	109
100	126	110
100	126	117
100	126	118
100	126	119
100	126	120
100	126	121
100	126	122
100	126	123
100	126	124
100	126	125
100	126	126
100	126	127
100	127	0
100	127	1
100	127	2
100	127	3
100	127	4
100	127	6
100	127	7
100	127	8
100	127	108
100	127	109
100	127	110
100	127	111
100	127	112
100	127	113
100	127	114
100	127	115
100	127	116
100	127	117
100	127	118
100	127	119
100	127	120
100	127	121
100	127	122
100	127	123
100	127	124
100	127	125
100	127	126
100	127	127
101	0	0
101	0	1
101	0	2
101	0	3
101	0	4
101	0	5
101	0	7
101	0	8
101	0	9
101	0	108
101	0	109
101	0	110
101	0	111
101	0	112
101	0	113
101	0	114
101	0	115
101	0	116
101	0	117
101	0	118
101	0	119
101	0	120
101	0	121
101	0	122
101	0	123
101	0	124
101	0	125
101	0	126
101	0	127
101	1	0
101	1	1
101	1	2
101	1	3
101	1	4
101	1	5
101	1	6
101	1	7
101	1	8
101	1	9
101	1	107
101	1	108
101	1	109
101	1	110
101	1	111
101	1	112
101	1	113
101	1	114
101	1	115
101	1	116
101	1	117
101	1	118
101	1	119
101	1	120
101	1	121
101	1	122
101	1	123
101	1	124
101	1	125
101	1	126
101	1	127
101	2	0
101	2	1
101	2	2
101	2	3
101	2	4
101	2	5
101	2	6
101	2	7
101	2	8
101	2	107
101	2	108
101	2	109
101	2	110
101	2	111
101	2	112
101	2	113
101	2	114
101	2	115
101	2	116
101	2	117
101	2	118
101	2	119
101	2	120
101	2	121
101	2	122
101	2	123
101	2	124
101	2	125
101	2	126
101	2	127
101	3	0
101	3	1
101	3	2
101	3	3
101	3	4
101	3	5
101	3	6
101	3	107
101	3	108
101	3	109
101	3	110
101	3	111
101	3	112
101	3	113
101	3	114
101	3	115
101	3	116
101	3	117
101	3	118
101	3	119
101	3	120
101	3	121
101	3	122
101	3	123
101	3	124
101	3	125
101	3	126
101	3	127
101	4	0
101	4	1
101	4	2
101	4	3
101	4	4
101	4	5
101	4	107
101	4	108
101	4	109
101	4	110
101	4	111
101	4	112
101	4	113
101	4	114
101	4	115
101	4	116
101	4	117
101	4	118
101	4	119
101	4	120
101	4	121
101	4	122
101	4	123
101	4	124
101	4	125
101	4	126
101	4	127
101	5	0
101	5	1
101	5	2
101	5	107
101	5	108
101	5	109
101	5	110
101	5	111
101	5	112
101	5	113
101	5	114
101	5	115
101	5	116
101	5	117
101	5	118
101	5	119
101	5	120
101	5	121
101	5	122
101	5	123
101	5	124
101	5	125
101	5	126
101	5	127
101	6	0
101	6	1
101	6	107
101	6	108
101	6	109
101	6	110
101	6	111
101	6	112
101	6	113
101	6	114
101	6	115
101	6	116
101	6	117
101	6	118
101	6	119
101	6	120
101	6	121
101	6	122
101	6	123
101	6	124
101	6	125
101	6	126
101	6	127
101	7	107
101	7	108
101	7	109
101	7	110
101	7	111
101	7	112
101	7	113
101	7	114
101	7	115
101	7	116
101	7	117
101	7	118
101	7	119
101	7	120
101	7	121
101	7	122
101	7	123
101	7	124
101	7	125
101	7	126
101	8	107
101	8	108
101	8	109
101	8	110
101	8	111
101	8	112
101	8	113
101	8	114
101	8	115
101	8	116
101	8	117
101	8	118
101	8	119
101	8	120
101	8	121
101	8	122
101	8	123
101	8	124
101	8	125
101	9	107
101	9	108
101	9	109
101	9	110
101	9	111
101	9	112
101	9	113
101	9	114
101	9	115
101	9	116
101	9	117
101	9	118
101	9	119
101	9	120
101	9	121
101	9	122
101	10	107
101	10	108
101	10	109
101	10	110
101	10	111
101	10	112
101	10	113
101	10	114
101	10	115
101	10	116
101	10	117
101	10	118
101	10	119
101	11	107
101	11	108
101	11	109
101	11	110
101	11	111
101	11	112
101	11	113
101	11	114
101	11	115
101	11	116
101	11	117
101	11	118
101	11	119
101	12	107
101	12	108
101	12	109
101	12	110
101	12	111
101	12	112
101	12	113
101	12	114
101	12	115
101	12	116
101	12	117
101	12	118
101	12	119
101	13	107
101	13	108
101	13	109
101	13	110
101	13	111
101	13	112
101	13	113
101	13	114
101	13	115
101	13	116
101	13	117
101	13	118
101	13	119
101	14	108
101	14	109
101	14	110
101	14	111
101	14	112
101	14	113
101	14	114
101	14	115
101	14	116
101	14	117
101	14	118
101	14	119
101	15	109
101	15	110
101	15	111
101	15	112
101	15	113
101	15	114
101	15	115
101	15	116
101	15	117
101	15	118
101	15	119
101	16	110
101	16	111
101	16	112
101	16	113
101	16	114
101	16	115
101	16	116
101	16	117
101	16	118
101	16	119
101	17	111
101	17	112
101	17	113
101	17	114
101	17	115
101	17	116
101	17	117
101	17	118
101	18	112
101	18	113
101	18	114
101	18	115
101	18	116
101	18	117
101	18	118
101	19	114
101	19	115
101	19	116
101	19	117
101	20	116
101	115	122
101	116	7
101	116	122
101	116	123
101	116	124
101	117	122
101	117	123
101	117	124
101	117	125
101	118	122
101	118	123
101	118	124
101	118	125
101	118	126
101	119	9
101	119	122
101	119	123
101	119	124
101	119	125
101	119	126
101	119	127
101	120	8
101	120	9
101	120	125
101	120	126
101	120	127
101	121	7
101	121	8
101	121	9
101	121	124
101	121	125
101	121	126
101	121	127
101	122	7
101	122	8
101	122	9
101	122	123
101	122	124
101	122	125
101	123	7
101	123	8
101	123	9
101	123	122
101	123	123
101	123	124
101	123	125
101	124	7
101	124	8
101	124	9
101	124	120
101	124	121
101	124	122
101	124	123
101	124	124
101	124	125
101	124	126
101	125	7
101	125	8
101	125	9
101	125	119
101	125	120
101	125	121
101	125	122
101	125	123
101	125	124
101	125	125
101	125	126
101	125	127
101	126	7
101	126	8
101	126	9
101	126	117
101	126	118
101	126	119
101	126	120
101	126	121
101	126	122
101	126	123
101	126	124
101	126	125
101	126	126
101	126	127
101	127	0
101	127	1
101	127	2
101	127	7
101	127	8
101	127	9
101	127	109
101	127	115
101	127	116
101	127	117
101	127	118
101	127	119
101	127	120
101	127	121
101	127	122
101	127	123
101	127	124
101	127	125
101	127	126
101	127	127
102	0	0
102	0	1
102	0	2
102	0	3
102	0	8
102	0	9
102	0	10
102	0	112
102	0	113
102	0	114
102	0	115
102	0	116
102	0	117
102	0	118
102	0	119
102	0	120
102	0	121
102	0	122
102	0	123
102	0	124
102	0	125
102	0	126
102	0	127
102	1	0
102	1	1
102	1	2
102	1	3
102	1	4
102	1	5
102	1	6
102	1	8
102	1	9
102	1	108
102	1	109
102	1	110
102	1	111
102	1	112
102	1	113
102	1	114
102	1	115
102	1	116
102	1	117
102	1	118
102	1	119
102	1	120
102	1	121
102	1	122
102	1	123
102	1	124
102	1	125
102	1	126
102	1	127
102	2	0
102	2	1
102	2	2
102	2	3
102	2	4
102	2	5
102	2	6
102	2	7
102	2	8
102	2	107
102	2	108
102	2	109
102	2	110
102	2	111
102	2	112
102	2	113
102	2	114
102	2	115
102	2	116
102	2	117
102	2	118
102	2	119
102	2	120
102	2	121
102	2	122
102	2	123
102	2	124
102	2	125
102	2	126
102	2	127
102	3	0
102	3	1
102	3	2
102	3	3
102	3	4
102	3	5
102	3	6
102	3	106
102	3	107
102	3	108
102	3	109
102	3	110
102	3	111
102	3	112
102	3	113
102	3	114
102	3	115
102	3	116
102	3	117
102	3	118
102	3	119
102	3	120
102	3	121
102	3	122
102	3	123
102	3	124
102	3	125
102	3	126
102	3	127
102	4	0
102	4	1
102	4	2
102	4	3
102	4	4
102	4	106
102	4	107
102	4	108
102	4	109
102	4	110
102	4	111
102	4	112
102	4	113
102	4	114
102	4	115
102	4	116
102	4	117
102	4	118
102	4	119
102	4	120
102	4	121
102	4	122
102	4	123
102	4	124
102	4	125
102	4	126
102	4	127
102	5	0
102	5	1
102	5	2
102	5	106
102	5	107
102	5	108
102	5	109
102	5	110
102	5	111
102	5	112
102	5	113
102	5	114
102	5	115
102	5	116
102	5	117
102	5	118
102	5	119
102	5	120
102	5	121
102	5	122
102	5	123
102	5	124
102	5	125
102	5	126
102	5	127
102	6	106
102	6	107
102	6	108
102	6	109
102	6	110
102	6	111
102	6	112
102	6	113
102	6	114
102	6	115
102	6	116
102	6	117
102	6	118
102	6	119
102	6	120
102	6	121
102	6	122
102	6	123
102	6	124
102	6	125
102	6	126
102	6	127
102	7	106
102	7	107
102	7	108
102	7	109
102	7	110
102	7	111
102	7	112
102	7	113
102	7	114
102	7	115
102	7	116
102	7	117
102	7	118
102	7	119
102	7	120
102	7	121
102	7	122
102	7	123
102	7	124
102	7	125
102	7	126
102	8	106
102	8	107
102	8	108
102	8	109
102	8	110
102	8	111
102	8	112
102	8	113
102	8	114
102	8	115
102	8	116
102	8	117
102	8	118
102	8	119
102	8	120
102	8	121
102	8	122
102	8	123
102	9	106
102	9	107
102	9	108
102	9	109
102	9	110
102	9	111
102	9	112
102	9	113
102	9	114
102	9	115
102	9	116
102	9	117
102	9	118
102	9	119
102	9	120
102	10	107
102	10	108
102	10	109
102	10	110
102	10	111
102	10	112
102	10	113
102	10	114
102	10	115
102	10	116
102	10	117
102	10	118
102	10	119
102	11	107
102	11	108
102	11	109
102	11	110
102	11	111
102	11	112
102	11	113
102	11	114
102	11	115
102	11	116
102	11	117
102	11	118
102	11	119
102	12	107
102	12	108
102	12	109
102	12	110
102	12	111
102	12	112
102	12	113
102	12	114
102	12	115
102	12	116
102	12	117
102	12	118
102	12	119
102	13	108
102	13	109
102	13	110
102	13	111
102	13	112
102	13	113
102	13	114
102	13	115
102	13	116
102	13	117
102	13	118
102	13	119
102	13	120
102	14	108
102	14	109
102	14	110
102	14	111
102	14	112
102	14	113
102	14	114
102	14	115
102	14	116
102	14	117
102	14	118
102	14	119
102	15	109
102	15	110
102	15	111
102	15	112
102	15	113
102	15	114
102	15	115
102	15	116
102	15	117
102	15	118
102	15	119
102	16	110
102	16	111
102	16	112
102	16	113
102	16	114
102	16	115
102	16	116
102	16	117
102	16	118
102	16	119
102	17	111
102	17	112
102	17	113
102	17	114
102	17	115
102	17	116
102	17	117
102	17	118
102	18	113
102	18	114
102	18	115
102	18	116
102	18	117
102	19	114
102	19	115
102	19	116
102	19	117
102	112	121
102	113	121
102	114	121
102	115	121
102	115	122
102	115	123
102	116	121
102	116	122
102	116	123
102	116	124
102	117	121
102	117	122
102	117	123
102	117	124
102	117	125
102	118	0
102	118	121
102	118	122
102	118	123
102	118	124
102	118	125
102	118	126
102	119	122
102	119	123
102	119	124
102	119	125
102	119	126
102	119	127
102	120	8
102	120	10
102	120	123
102	120	124
102	120	125
102	120	126
102	120	127
102	121	8
102	121	9
102	121	10
102	121	124
102	122	8
102	122	9
102	122	10
102	122	123
102	122	124
102	123	8
102	123	9
102	123	10
102	123	122
102	123	123
102	123	124
102	123	125
102	124	8
102	124	9
102	124	10
102	124	120
102	124	121
102	124	122
102	124	123
102	124	124
102	124	125
102	124	126
102	125	8
102	125	9
102	125	10
102	125	119
102	125	120
102	125	121
102	125	122
102	125	123
102	125	124
102	125	125
102	125	126
102	126	8
102	126	9
102	126	10
102	126	117
102	126	118
102	126	119
102	126	120
102	126	121
102	126	122
102	126	123
102	126	124
102	126	125
102	126	126
102	127	8
102	127	9
102	127	10
102	127	115
102	127	116
102	127	117
102	127	118
102	127	119
102	127	120
102	127	121
102	127	122
102	127	123
102	127	124
102	127	125
102	127	126
103	0	0
103	0	1
103	0	9
103	0	10
103	0	113
103	0	114
103	0	115
103	0	116
103	0	117
103	0	118
103	0	119
103	0	120
103	0	121
103	0	122
103	0	123
103	0	124
103	0	125
103	0	126
103	0	127
103	1	0
103	1	1
103	1	2
103	1	3
103	1	4
103	1	9
103	1	112
103	1	113
103	1	114
103	1	115
103	1	116
103	1	117
103	1	118
103	1	119
103	1	120
103	1	121
103	1	122
103	1	123
103	1	124
103	1	125
103	1	126
103	1	127
103	2	0
103	2	1
103	2	2
103	2	3
103	2	4
103	2	5
103	2	6
103	2	7
103	2	108
103	2	109
103	2	110
103	2	111
103	2	112
103	2	113
103	2	114
103	2	115
103	2	116
103	2	117
103	2	118
103	2	119
103	2	120
103	2	121
103	2	122
103	2	123
103	2	124
103	2	125
103	2	126
103	2	127
103	3	0
103	3	1
103	3	2
103	3	3
103	3	4
103	3	5
103	3	6
103	3	107
103	3	108
103	3	109
103	3	110
103	3	111
103	3	112
103	3	113
103	3	114
103	3	115
103	3	116
103	3	117
103	3	118
103	3	119
103	3	120
103	3	121
103	3	122
103	3	123
103	3	124
103	3	125
103	3	126
103	3	127
103	4	0
103	4	1
103	4	2
103	4	3
103	4	107
103	4	108
103	4	109
103	4	110
103	4	111
103	4	112
103	4	113
103	4	114
103	4	115
103	4	116
103	4	117
103	4	118
103	4	119
103	4	120
103	4	121
103	4	122
103	4	123
103	4	124
103	4	125
103	4	126
103	4	127
103	5	0
103	5	1
103	5	106
103	5	107
103	5	108
103	5	109
103	5	110
103	5	111
103	5	112
103	5	113
103	5	114
103	5	115
103	5	116
103	5	117
103	5	118
103	5	119
103	5	120
103	5	121
103	5	122
103	5	123
103	5	124
103	5	125
103	5	126
103	5	127
103	6	105
103	6	106
103	6	107
103	6	108
103	6	109
103	6	110
103	6	111
103	6	112
103	6	113
103	6	114
103	6	115
103	6	116
103	6	117
103	6	118
103	6	119
103	6	120
103	6	121
103	6	122
103	6	123
103	6	124
103	6	125
103	6	126
103	6	127
103	7	105
103	7	106
103	7	107
103	7	108
103	7	109
103	7	110
103	7	111
103	7	112
103	7	113
103	7	114
103	7	115
103	7	116
103	7	117
103	7	118
103	7	119
103	7	120
103	7	121
103	7	122
103	7	123
103	7	124
103	8	105
103	8	106
103	8	107
103	8	108
103	8	109
103	8	110
103	8	111
103	8	112
103	8	113
103	8	114
103	8	115
103	8	116
103	8	117
103	8	118
103	8	119
103	8	120
103	8	121
103	8	122
103	9	106
103	9	107
103	9	108
103	9	109
103	9	110
103	9	111
103	9	112
103	9	113
103	9	114
103	9	115
103	9	116
103	9	117
103	9	118
103	9	119
103	9	120
103	9	121
103	10	107
103	10	108
103	10	109
103	10	110
103	10	111
103	10	112
103	10	113
103	10	114
103	10	115
103	10	116
103	10	117
103	10	118
103	10	119
103	10	120
103	11	107
103	11	108
103	11	109
103	11	110
103	11	111
103	11	112
103	11	113
103	11	114
103	11	115
103	11	116
103	11	117
103	11	118
103	11	119
103	11	120
103	12	108
103	12	109
103	12	110
103	12	111
103	12	112
103	12	113
103	12	114
103	12	115
103	12	116
103	12	117
103	12	118
103	12	119
103	12	120
103	13	108
103	13	109
103	13	110
103	13	111
103	13	112
103	13	113
103	13	114
103	13	115
103	13	116
103	13	117
103	13	118
103	13	119
103	13	120
103	14	109
103	14	110
103	14	111
103	14	112
103	14	113
103	14	114
103	14	115
103	14	116
103	14	117
103	14	118
103	14	119
103	15	110
103	15	111
103	15	112
103	15	113
103	15	114
103	15	115
103	15	116
103	15	117
103	15	118
103	15	119
103	16	111
103	16	112
103	16	113
103	16	114
103	16	115
103	16	116
103	16	117
103	16	118
103	16	119
103	17	112
103	17	113
103	17	114
103	17	115
103	17	116
103	17	117
103	17	118
103	17	119
103	18	114
103	18	115
103	18	116
103	18	117
103	19	115
103	19	116
103	108	118
103	109	118
103	109	119
103	110	120
103	111	120
103	111	121
103	112	120
103	112	121
103	112	122
103	113	120
103	113	121
103	113	122
103	114	120
103	114	121
103	114	122
103	115	120
103	115	121
103	115	122
103	115	123
103	116	120
103	116	121
103	116	122
103	116	123
103	116	124
103	117	120
103	117	121
103	117	122
103	117	123
103	117	124
103	117	125
103	118	121
103	118	122
103	118	123
103	118	124
103	118	125
103	118	126
103	119	122
103	119	123
103	119	124
103	119	125
103	119	126
103	119	127
103	120	123
103	120	124
103	121	9
103	121	11
103	122	9
103	122	10
103	122	11
103	122	123
103	122	124
103	123	9
103	123	10
103	123	11
103	123	122
103	123	123
103	123	124
103	123	125
103	124	9
103	124	10
103	124	11
103	124	120
103	124	121
103	124	122
103	124	123
103	124	124
103	124	125
103	125	9
103	125	10
103	125	11
103	125	118
103	125	119
103	125	120
103	125	121
103	125	122
103	125	123
103	125	124
103	125	125
103	126	9
103	126	10
103	126	11
103	126	117
103	126	118
103	126	119
103	126	120
103	126	121
103	126	122
103	126	123
103	126	124
103	126	125
103	127	9
103	127	10
103	127	11
103	127	115
103	127	116
103	127	117
103	127	118
103	127	119
103	127	120
103	127	121
103	127	122
103	127	123
103	127	124
103	127	125
103	127	126
104	0	0
104	0	1
104	0	10
104	0	114
104	0	115
104	0	116
104	0	117
104	0	118
104	0	119
104	0	120
104	0	121
104	0	122
104	0	123
104	0	124
104	0	125
104	0	126
104	0	127
104	1	0
104	1	1
104	1	2
104	1	112
104	1	113
104	1	114
104	1	115
104	1	116
104	1	117
104	1	118
104	1	119
104	1	120
104	1	121
104	1	122
104	1	123
104	1	124
104	1	125
104	1	126
104	1	127
104	2	0
104	2	1
104	2	2
104	2	3
104	2	4
104	2	5
104	2	111
104	2	112
104	2	113
104	2	114
104	2	115
104	2	116
104	2	117
104	2	118
104	2	119
104	2	120
104	2	121
104	2	122
104	2	123
104	2	124
104	2	125
104	2	126
104	2	127
104	3	0
104	3	1
104	3	2
104	3	3
104	3	4
104	3	5
104	3	6
104	3	109
104	3	110
104	3	111
104	3	112
104	3	113
104	3	114
104	3	115
104	3	116
104	3	117
104	3	118
104	3	119
104	3	120
104	3	121
104	3	122
104	3	123
104	3	124
104	3	125
104	3	126
104	3	127
104	4	0
104	4	1
104	4	2
104	4	3
104	4	108
104	4	109
104	4	110
104	4	111
104	4	112
104	4	113
104	4	114
104	4	115
104	4	116
104	4	117
104	4	118
104	4	119
104	4	120
104	4	121
104	4	122
104	4	123
104	4	124
104	4	125
104	4	126
104	4	127
104	5	0
104	5	1
104	5	108
104	5	109
104	5	110
104	5	111
104	5	112
104	5	113
104	5	114
104	5	115
104	5	116
104	5	117
104	5	118
104	5	119
104	5	120
104	5	121
104	5	122
104	5	123
104	5	124
104	5	125
104	5	126
104	5	127
104	6	107
104	6	108
104	6	109
104	6	110
104	6	111
104	6	112
104	6	113
104	6	114
104	6	115
104	6	116
104	6	117
104	6	118
104	6	119
104	6	120
104	6	121
104	6	122
104	6	123
104	6	124
104	6	125
104	7	104
104	7	105
104	7	106
104	7	107
104	7	108
104	7	109
104	7	110
104	7	111
104	7	112
104	7	113
104	7	114
104	7	115
104	7	116
104	7	117
104	7	118
104	7	119
104	7	120
104	7	121
104	7	122
104	7	123
104	8	106
104	8	107
104	8	108
104	8	109
104	8	110
104	8	111
104	8	112
104	8	113
104	8	114
104	8	115
104	9	107
104	9	108
104	9	109
104	9	110
104	9	111
104	9	112
104	9	113
104	9	114
104	9	115
104	9	116
104	10	107
104	10	108
104	10	109
104	10	110
104	10	111
104	10	112
104	10	113
104	10	114
104	10	115
104	10	116
104	10	117
104	10	118
104	10	119
104	10	120
104	11	108
104	11	109
104	11	110
104	11	111
104	11	112
104	11	113
104	11	114
104	11	115
104	11	116
104	11	117
104	11	118
104	11	119
104	11	120
104	12	108
104	12	109
104	12	110
104	12	111
104	12	112
104	12	113
104	12	114
104	12	115
104	12	116
104	12	117
104	12	118
104	12	119
104	12	120
104	13	109
104	13	110
104	13	111
104	13	112
104	13	113
104	13	114
104	13	115
104	13	116
104	13	117
104	13	118
104	13	119
104	13	120
104	14	110
104	14	111
104	14	112
104	14	113
104	14	114
104	14	115
104	14	116
104	14	117
104	14	118
104	14	119
104	14	120
104	15	111
104	15	112
104	15	113
104	15	114
104	15	115
104	15	116
104	15	117
104	15	118
104	15	119
104	15	120
104	16	112
104	16	113
104	16	114
104	16	115
104	16	116
104	16	117
104	16	118
104	16	119
104	16	120
104	17	113
104	17	114
104	17	115
104	17	116
104	17	117
104	17	118
104	17	119
104	18	115
104	18	116
104	18	117
104	18	118
104	107	117
104	108	117
104	108	118
104	109	117
104	109	118
104	109	119
104	110	117
104	110	118
104	110	119
104	110	120
104	111	119
104	111	120
104	111	121
104	112	119
104	112	120
104	112	121
104	112	122
104	113	119
104	113	120
104	113	121
104	113	122
104	114	119
104	114	120
104	114	121
104	114	122
104	115	119
104	115	120
104	115	121
104	115	122
104	115	123
104	116	119
104	116	120
104	116	121
104	116	122
104	116	123
104	116	124
104	117	120
104	117	121
104	117	122
104	117	123
104	117	124
104	117	125
104	118	121
104	118	122
104	118	123
104	118	124
104	118	125
104	118	126
104	119	122
104	119	123
104	119	124
104	119	125
104	119	126
104	119	127
104	120	123
104	120	124
104	120	125
104	122	10
104	122	12
104	122	123
104	122	124
104	123	10
104	123	11
104	123	12
104	123	122
104	123	123
104	123	124
104	124	10
104	124	11
104	124	12
104	124	120
104	124	121
104	124	122
104	124	123
104	124	124
104	125	10
104	125	11
104	125	12
104	125	118
104	125	119
104	125	120
104	125	121
104	125	122
104	125	123
104	125	124
104	126	10
104	126	11
104	126	12
104	126	116
104	126	117
104	126	118
104	126	119
104	126	120
104	126	121
104	126	122
104	126	123
104	126	124
104	126	125
104	127	10
104	127	11
104	127	12
104	127	115
104	127	116
104	127	117
104	127	118
104	127	119
104	127	120
104	127	121
104	127	122
104	127	123
104	127	124
104	127	125
105	0	0
105	0	1
105	0	114
105	0	115
105	0	116
105	0	117
105	0	118
105	0	119
105	0	120
105	0	121
105	0	122
105	0	123
105	0	124
105	0	125
105	0	126
105	0	127
105	1	0
105	1	1
105	1	2
105	1	113
105	1	114
105	1	115
105	1	116
105	1	117
105	1	118
105	1	119
105	1	120
105	1	121
105	1	122
105	1	123
105	1	124
105	1	125
105	1	126
105	1	127
105	2	0
105	2	1
105	2	2
105	2	3
105	2	112
105	2	113
105	2	114
105	2	115
105	2	116
105	2	117
105	2	118
105	2	119
105	2	120
105	2	121
105	2	122
105	2	123
105	2	124
105	2	125
105	2	126
105	2	127
105	3	0
105	3	1
105	3	2
105	3	3
105	3	4
105	3	5
105	3	6
105	3	111
105	3	112
105	3	113
105	3	114
105	3	115
105	3	116
105	3	117
105	3	118
105	3	119
105	3	120
105	3	121
105	3	122
105	3	123
105	3	124
105	3	125
105	3	126
105	3	127
105	4	0
105	4	1
105	4	2
105	4	110
105	4	111
105	4	112
105	4	113
105	4	114
105	4	115
105	4	116
105	4	117
105	4	118
105	4	119
105	4	120
105	4	121
105	4	122
105	4	123
105	4	124
105	4	125
105	4	126
105	4	127
105	5	1
105	5	109
105	5	110
105	5	111
105	5	112
105	5	113
105	5	114
105	5	115
105	5	116
105	5	117
105	5	118
105	5	119
105	5	120
105	5	121
105	5	122
105	5	123
105	5	124
105	5	125
105	5	126
105	6	109
105	6	110
105	6	111
105	6	112
105	6	113
105	6	114
105	6	115
105	6	116
105	6	117
105	6	118
105	6	119
105	6	120
105	6	121
105	6	122
105	6	123
105	6	124
105	7	106
105	7	107
105	7	108
105	7	109
105	7	110
105	7	111
105	7	112
105	7	113
105	7	114
105	8	107
105	8	108
105	8	109
105	8	110
105	8	111
105	8	112
105	8	113
105	8	114
105	8	115
105	9	107
105	9	108
105	9	109
105	9	110
105	9	111
105	9	112
105	9	113
105	9	114
105	9	115
105	9	116
105	10	108
105	10	109
105	10	110
105	10	111
105	10	112
105	10	113
105	10	114
105	10	115
105	10	116
105	10	117
105	11	108
105	11	109
105	11	110
105	11	111
105	11	112
105	11	113
105	11	114
105	11	115
105	11	116
105	11	117
105	11	118
105	11	119
105	12	109
105	12	110
105	12	111
105	12	112
105	12	113
105	12	114
105	12	115
105	12	116
105	12	117
105	12	118
105	12	119
105	12	120
105	13	109
105	13	110
105	13	111
105	13	112
105	13	113
105	13	114
105	13	115
105	13	116
105	13	117
105	13	118
105	13	119
105	13	120
105	14	110
105	14	111
105	14	112
105	14	113
105	14	114
105	14	115
105	14	116
105	14	117
105	14	118
105	14	119
105	14	120
105	15	111
105	15	112
105	15	113
105	15	114
105	15	115
105	15	116
105	15	117
105	15	118
105	15	119
105	15	120
105	16	113
105	16	114
105	16	115
105	16	116
105	16	117
105	16	118
105	16	119
105	16	120
105	17	114
105	17	115
105	17	116
105	17	117
105	17	118
105	17	119
105	17	120
105	18	116
105	18	117
105	18	118
105	19	117
105	107	117
105	108	117
105	108	118
105	109	117
105	109	118
105	109	119
105	110	116
105	110	117
105	110	118
105	110	119
105	110	120
105	111	116
105	111	117
105	111	118
105	111	119
105	111	120
105	111	121
105	111	122
105	112	118
105	112	119
105	112	120
105	112	121
105	112	122
105	113	118
105	113	119
105	113	120
105	113	121
105	113	122
105	114	118
105	114	119
105	114	120
105	114	121
105	114	122
105	115	118
105	115	119
105	115	120
105	115	121
105	115	122
105	115	123
105	116	119
105	116	120
105	116	121
105	116	122
105	116	123
105	116	124
105	117	120
105	117	121
105	117	122
105	117	123
105	117	124
105	117	125
105	118	121
105	118	122
105	118	123
105	118	124
105	118	125
105	118	126
105	119	122
105	119	123
105	119	124
105	119	125
105	119	126
105	119	127
105	120	123
105	120	124
105	120	125
105	120	126
105	120	127
105	121	124
105	123	11
105	123	13
105	123	121
105	123	122
105	123	123
105	124	11
105	124	12
105	124	13
105	124	119
105	124	120
105	124	121
105	124	122
105	124	123
105	125	11
105	125	12
105	125	13
105	125	117
105	125	118
105	125	119
105	125	120
105	125	121
105	125	122
105	125	123
105	125	124
105	126	11
105	126	12
105	126	116
105	126	117
105	126	118
105	126	119
105	126	120
105	126	121
105	126	122
105	126	123
105	126	124
105	126	125
105	127	11
105	127	12
105	127	115
105	127	116
105	127	117
105	127	118
105	127	119
105	127	120
105	127	121
105	127	122
105	127	123
105	127	124
105	127	125
106	0	0
106	0	1
106	0	115
106	0	116
106	0	117
106	0	118
106	0	119
106	0	120
106	0	121
106	0	122
106	0	123
106	0	124
106	0	125
106	0	126
106	0	127
106	1	0
106	1	1
106	1	2
106	1	114
106	1	115
106	1	116
106	1	117
106	1	118
106	1	119
106	1	120
106	1	121
106	1	122
106	1	123
106	1	124
106	1	125
106	1	126
106	1	127
106	2	0
106	2	1
106	2	2
106	2	3
106	2	112
106	2	113
106	2	114
106	2	115
106	2	116
106	2	117
106	2	118
106	2	119
106	2	120
106	2	121
106	2	122
106	2	123
106	2	124
106	2	125
106	2	126
106	2	127
106	3	0
106	3	1
106	3	2
106	3	3
106	3	4
106	3	111
106	3	112
106	3	113
106	3	114
106	3	115
106	3	116
106	3	117
106	3	118
106	3	119
106	3	120
106	3	121
106	3	122
106	3	123
106	3	124
106	3	125
106	3	126
106	3	127
106	4	0
106	4	1
106	4	2
106	4	110
106	4	111
106	4	112
106	4	113
106	4	114
106	4	115
106	4	116
106	4	117
106	4	118
106	4	119
106	4	120
106	4	121
106	4	122
106	4	123
106	4	124
106	4	125
106	4	126
106	4	127
106	5	1
106	5	109
106	5	110
106	5	111
106	5	112
106	5	113
106	5	114
106	5	115
106	5	116
106	5	117
106	5	118
106	5	119
106	5	120
106	5	121
106	5	122
106	5	123
106	5	124
106	5	125
106	6	109
106	6	110
106	6	111
106	6	112
106	6	113
106	7	108
106	7	109
106	7	110
106	7	111
106	7	112
106	7	113
106	7	114
106	8	107
106	8	108
106	8	109
106	8	110
106	8	111
106	8	112
106	8	113
106	8	114
106	8	115
106	9	108
106	9	109
106	9	110
106	9	111
106	9	112
106	9	113
106	9	114
106	9	115
106	9	116
106	10	108
106	10	109
106	10	110
106	10	111
106	10	112
106	10	113
106	10	114
106	10	115
106	10	116
106	10	117
106	11	109
106	11	110
106	11	111
106	11	112
106	11	113
106	11	114
106	11	115
106	11	116
106	11	117
106	11	118
106	12	109
106	12	110
106	12	111
106	12	112
106	12	113
106	12	114
106	12	115
106	12	116
106	12	117
106	12	118
106	12	119
106	12	120
106	13	110
106	13	111
106	13	112
106	13	113
106	13	114
106	13	115
106	13	116
106	13	117
106	13	118
106	13	119
106	13	120
106	14	111
106	14	112
106	14	113
106	14	114
106	14	115
106	14	116
106	14	117
106	14	118
106	14	119
106	14	120
106	15	112
106	15	113
106	15	114
106	15	115
106	15	116
106	15	117
106	15	118
106	15	119
106	15	120
106	16	114
106	16	115
106	16	116
106	16	117
106	16	118
106	16	119
106	16	120
106	17	115
106	17	116
106	17	117
106	17	118
106	17	119
106	17	120
106	18	116
106	18	117
106	18	118
106	18	119
106	107	117
106	108	116
106	108	117
106	108	118
106	109	116
106	109	117
106	109	118
106	109	119
106	110	116
106	110	117
106	110	118
106	110	119
106	110	120
106	110	121
106	111	116
106	111	117
106	111	118
106	111	119
106	111	120
106	111	121
106	111	122
106	112	117
106	112	118
106	112	119
106	112	120
106	112	121
106	112	122
106	112	123
106	113	117
106	113	118
106	113	119
106	113	120
106	113	121
106	113	122
106	113	123
106	114	117
106	114	118
106	114	119
106	114	120
106	114	121
106	114	122
106	114	123
106	115	118
106	115	119
106	115	120
106	115	121
106	115	122
106	115	123
106	116	119
106	116	120
106	116	121
106	116	122
106	116	123
106	116	124
106	117	120
106	117	121
106	117	122
106	117	123
106	117	124
106	117	125
106	118	2
106	118	121
106	118	122
106	118	123
106	118	124
106	118	125
106	118	126
106	119	0
106	119	122
106	119	123
106	119	124
106	119	125
106	119	126
106	119	127
106	120	123
106	120	124
106	120	125
106	120	126
106	120	127
106	121	124
106	121	125
106	121	126
106	121	127
106	122	123
106	122	125
106	123	121
106	123	122
106	124	119
106	124	120
106	124	121
106	124	122
106	124	123
106	125	117
106	125	118
106	125	119
106	125	120
106	125	121
106	125	122
106	125	123
106	125	124
106	126	117
106	126	118
106	126	119
106	126	120
106	126	121
106	126	122
106	126	123
106	126	124
106	127	0
106	127	1
106	127	116
106	127	117
106	127	118
106	127	119
106	127	120
106	127	121
106	127	122
106	127	123
106	127	124
106	127	125
106	127	127
107	0	0
107	0	1
107	0	2
107	0	115
107	0	116
107	0	117
107	0	118
107	0	119
107	0	120
107	0	121
107	0	122
107	0	123
107	0	124
107	0	125
107	0	126
107	0	127
107	1	0
107	1	1
107	1	2
107	1	114
107	1	115
107	1	116
107	1	117
107	1	118
107	1	119
107	1	120
107	1	121
107	1	122
107	1	123
107	1	124
107	1	125
107	1	126
107	1	127
107	2	0
107	2	1
107	2	2
107	2	3
107	2	112
107	2	113
107	2	114
107	2	115
107	2	116
107	2	117
107	2	118
107	2	119
107	2	120
107	2	121
107	2	122
107	2	123
107	2	124
107	2	125
107	2	126
107	2	127
107	3	0
107	3	1
107	3	2
107	3	3
107	3	4
107	3	111
107	3	112
107	3	113
107	3	114
107	3	115
107	3	116
107	3	117
107	3	118
107	3	119
107	3	120
107	3	121
107	3	122
107	3	123
107	3	124
107	3	125
107	3	126
107	3	127
107	4	0
107	4	1
107	4	2
107	4	110
107	4	111
107	4	113
107	4	114
107	4	115
107	4	116
107	4	117
107	4	118
107	4	119
107	4	120
107	4	121
107	4	122
107	4	123
107	4	124
107	4	125
107	4	126
107	4	127
107	5	109
107	5	110
107	5	111
107	5	112
107	5	118
107	5	119
107	5	120
107	5	121
107	5	122
107	5	123
107	5	124
107	5	125
107	6	108
107	6	109
107	6	110
107	6	111
107	6	112
107	6	113
107	7	108
107	7	109
107	7	110
107	7	111
107	7	112
107	7	113
107	7	114
107	8	108
107	8	109
107	8	110
107	8	111
107	8	112
107	8	113
107	8	114
107	8	115
107	9	108
107	9	109
107	9	110
107	9	111
107	9	112
107	9	113
107	9	114
107	9	115
107	9	116
107	10	109
107	10	110
107	10	111
107	10	112
107	10	113
107	10	114
107	10	115
107	10	116
107	10	117
107	11	109
107	11	110
107	11	111
107	11	112
107	11	113
107	11	114
107	11	115
107	11	116
107	11	117
107	11	118
107	12	110
107	12	111
107	12	112
107	12	113
107	12	114
107	12	115
107	12	116
107	12	117
107	12	118
107	12	119
107	13	110
107	13	111
107	13	112
107	13	113
107	13	114
107	13	115
107	13	116
107	13	117
107	13	118
107	13	119
107	13	120
107	14	111
107	14	112
107	14	113
107	14	114
107	14	115
107	14	116
107	14	117
107	14	118
107	14	119
107	14	120
107	15	113
107	15	114
107	15	115
107	15	116
107	15	117
107	15	118
107	15	119
107	15	120
107	16	114
107	16	115
107	16	116
107	16	117
107	16	118
107	16	119
107	16	120
107	17	116
107	17	117
107	17	118
107	17	119
107	17	120
107	18	117
107	18	118
107	18	119
107	19	118
107	106	116
107	107	116
107	107	117
107	108	116
107	108	117
107	108	118
107	109	116
107	109	117
107	109	118
107	109	119
107	110	115
107	110	116
107	110	117
107	110	118
107	110	119
107	110	120
107	110	121
107	111	116
107	111	117
107	111	118
107	111	119
107	111	120
107	111	121
107	111	122
107	112	117
107	112	118
107	112	119
107	112	120
107	112	121
107	112	122
107	112	123
107	112	124
107	113	117
107	113	118
107	113	119
107	113	120
107	113	121
107	113	122
107	113	123
107	113	124
107	114	117
107	114	118
107	114	119
107	114	120
107	114	121
107	114	122
107	114	123
107	114	124
107	115	118
107	115	119
107	115	120
107	115	121
107	115	122
107	115	123
107	115	124
107	116	119
107	116	120
107	116	121
107	116	122
107	116	123
107	116	124
107	117	120
107	117	121
107	117	122
107	117	123
107	117	124
107	117	125
107	118	2
107	118	121
107	118	122
107	118	123
107	118	124
107	118	125
107	118	126
107	119	0
107	119	1
107	119	2
107	119	3
107	119	122
107	119	123
107	119	124
107	119	125
107	119	126
107	119	127
107	120	0
107	120	1
107	120	2
107	120	123
107	120	124
107	120	125
107	120	126
107	120	127
107	121	0
107	121	124
107	121	125
107	121	126
107	121	127
107	122	0
107	122	122
107	122	123
107	122	124
107	122	125
107	122	126
107	122	127
107	123	0
107	123	121
107	123	122
107	123	123
107	123	124
107	123	126
107	123	127
107	124	119
107	124	120
107	124	121
107	124	122
107	124	123
107	124	126
107	125	118
107	125	119
107	125	120
107	125	121
107	125	122
107	125	123
107	126	117
107	126	118
107	126	119
107	126	120
107	126	121
107	126	122
107	126	123
107	126	124
107	127	0
107	127	1
107	127	116
107	127	117
107	127	118
107	127	119
107	127	120
107	127	121
107	127	122
107	127	123
107	127	124
107	127	127
108	0	0
108	0	1
108	0	2
108	0	115
108	0	116
108	0	117
108	0	118
108	0	119
108	0	120
108	0	121
108	0	122
108	0	123
108	0	124
108	0	127
108	1	0
108	1	1
108	1	2
108	1	3
108	1	114
108	1	115
108	1	116
108	1	117
108	1	118
108	1	119
108	1	120
108	1	121
108	1	122
108	1	123
108	1	124
108	1	125
108	1	126
108	1	127
108	2	0
108	2	1
108	2	2
108	2	3
108	2	112
108	2	113
108	2	114
108	2	115
108	2	116
108	2	117
108	2	118
108	2	119
108	2	120
108	2	121
108	2	122
108	2	123
108	2	124
108	2	125
108	2	126
108	2	127
108	3	0
108	3	1
108	3	2
108	3	3
108	3	4
108	3	112
108	3	113
108	3	114
108	3	115
108	3	116
108	3	117
108	3	118
108	3	119
108	3	120
108	3	121
108	3	122
108	3	123
108	3	124
108	3	125
108	3	126
108	3	127
108	4	0
108	4	1
108	4	110
108	4	111
108	4	117
108	4	118
108	4	119
108	4	120
108	4	121
108	4	122
108	4	123
108	4	124
108	4	125
108	4	126
108	4	127
108	5	109
108	5	110
108	5	111
108	5	112
108	6	108
108	6	109
108	6	110
108	6	111
108	6	112
108	6	113
108	7	108
108	7	109
108	7	110
108	7	111
108	7	112
108	7	113
108	7	114
108	8	109
108	8	110
108	8	111
108	8	112
108	8	113
108	8	114
108	8	115
108	9	109
108	9	110
108	9	111
108	9	112
108	9	113
108	9	114
108	9	115
108	9	116
108	10	110
108	10	111
108	10	112
108	10	113
108	10	114
108	10	115
108	10	116
108	10	117
108	11	110
108	11	111
108	11	112
108	11	113
108	11	114
108	11	115
108	11	116
108	11	117
108	11	118
108	12	110
108	12	111
108	12	112
108	12	113
108	12	114
108	12	115
108	12	116
108	12	117
108	12	118
108	12	119
108	13	111
108	13	112
108	13	113
108	13	114
108	13	115
108	13	116
108	13	117
108	13	118
108	13	119
108	14	112
108	14	113
108	14	114
108	14	115
108	14	116
108	14	117
108	14	118
108	14	119
108	15	113
108	15	114
108	15	115
108	15	116
108	15	117
108	15	118
108	15	119
108	16	115
108	16	116
108	16	117
108	16	118
108	16	119
108	17	116
108	17	117
108	17	118
108	17	119
108	18	117
108	18	118
108	18	119
108	19	118
108	105	115
108	106	116
108	107	116
108	107	117
108	108	116
108	108	117
108	108	118
108	109	115
108	109	116
108	109	117
108	109	118
108	109	119
108	110	115
108	110	116
108	110	117
108	110	118
108	110	119
108	110	120
108	110	121
108	111	116
108	111	117
108	111	118
108	111	119
108	111	120
108	111	121
108	111	122
108	112	116
108	112	117
108	112	118
108	112	119
108	112	120
108	112	121
108	112	122
108	112	123
108	113	116
108	113	117
108	113	118
108	113	119
108	113	120
108	113	121
108	113	122
108	113	123
108	113	124
108	113	125
108	114	116
108	114	117
108	114	118
108	114	119
108	114	120
108	114	121
108	114	122
108	114	123
108	114	124
108	114	125
108	115	116
108	115	117
108	115	118
108	115	119
108	115	120
108	115	121
108	115	122
108	115	123
108	115	124
108	115	125
108	116	119
108	116	120
108	116	121
108	116	122
108	116	123
108	116	124
108	116	125
108	117	120
108	117	121
108	117	122
108	117	123
108	117	124
108	117	125
108	118	2
108	118	121
108	118	122
108	118	123
108	118	124
108	118	125
108	118	126
108	119	0
108	119	1
108	119	2
108	119	3
108	119	122
108	119	123
108	119	124
108	119	125
108	119	126
108	119	127
108	120	0
108	120	1
108	120	2
108	120	3
108	120	123
108	120	124
108	120	125
108	120	126
108	120	127
108	121	0
108	121	1
108	121	2
108	121	123
108	121	124
108	121	125
108	121	126
108	121	127
108	122	0
108	122	1
108	122	2
108	122	122
108	122	123
108	122	124
108	122	125
108	122	126
108	122	127
108	123	0
108	123	1
108	123	2
108	123	121
108	123	122
108	123	123
108	123	124
108	123	125
108	123	126
108	123	127
108	124	0
108	124	1
108	124	120
108	124	121
108	124	122
108	124	124
108	124	125
108	124	126
108	124	127
108	125	0
108	125	1
108	125	119
108	125	120
108	125	121
108	125	122
108	125	123
108	125	124
108	125	125
108	125	126
108	125	127
108	126	118
108	126	119
108	126	120
108	126	121
108	126	122
108	126	123
108	127	116
108	127	117
108	127	118
108	127	119
108	127	120
108	127	121
108	127	122
108	127	123
109	0	0
109	0	1
109	0	116
109	0	117
109	0	118
109	0	119
109	0	120
109	0	121
109	0	122
109	0	123
109	0	127
109	1	0
109	1	1
109	1	2
109	1	3
109	1	114
109	1	115
109	1	116
109	1	117
109	1	118
109	1	119
109	1	120
109	1	121
109	1	122
109	1	123
109	1	124
109	1	125
109	1	127
109	2	0
109	2	1
109	2	2
109	2	3
109	2	4
109	2	112
109	2	113
109	2	114
109	2	115
109	2	116
109	2	117
109	2	118
109	2	119
109	2	120
109	2	121
109	2	122
109	2	123
109	2	124
109	2	125
109	2	126
109	2	127
109	3	0
109	3	1
109	3	2
109	3	3
109	3	4
109	3	116
109	3	117
109	3	118
109	3	119
109	3	120
109	3	121
109	3	122
109	3	123
109	3	124
109	3	125
109	3	126
109	3	127
109	4	0
109	4	1
109	4	109
109	4	110
109	4	111
109	4	126
109	4	127
109	5	108
109	5	109
109	5	110
109	5	111
109	5	112
109	6	109
109	6	110
109	6	111
109	6	112
109	6	113
109	7	109
109	7	110
109	7	111
109	7	112
109	7	113
109	7	114
109	8	110
109	8	111
109	8	112
109	8	113
109	8	114
109	8	115
109	9	110
109	9	111
109	9	112
109	9	113
109	9	114
109	9	115
109	9	116
109	10	111
109	10	112
109	10	113
109	10	114
109	10	115
109	10	116
109	10	117
109	11	111
109	11	112
109	11	113
109	11	114
109	11	115
109	11	116
109	11	117
109	11	118
109	12	111
109	12	112
109	12	113
109	12	114
109	12	115
109	12	116
109	12	117
109	12	118
109	13	112
109	13	113
109	13	114
109	13	115
109	13	116
109	13	117
109	13	118
109	14	112
109	14	113
109	14	114
109	14	115
109	14	116
109	14	117
109	14	118
109	15	113
109	15	114
109	15	115
109	15	116
109	15	117
109	15	118
109	16	115
109	16	116
109	16	117
109	16	118
109	17	116
109	17	117
109	17	118
109	18	118
109	105	115
109	106	115
109	106	116
109	107	116
109	107	117
109	108	115
109	108	116
109	108	117
109	108	118
109	109	115
109	109	116
109	109	117
109	109	118
109	109	119
109	110	115
109	110	116
109	110	117
109	110	118
109	110	119
109	110	120
109	110	121
109	111	115
109	111	116
109	111	117
109	111	118
109	111	119
109	111	120
109	111	121
109	111	122
109	112	115
109	112	116
109	112	117
109	112	118
109	112	119
109	112	120
109	112	121
109	112	122
109	112	123
109	113	115
109	113	116
109	113	117
109	113	118
109	113	119
109	113	120
109	113	121
109	113	122
109	113	123
109	113	124
109	114	115
109	114	116
109	114	117
109	114	118
109	114	119
109	114	120
109	114	121
109	114	122
109	114	123
109	114	124
109	114	125
109	114	126
109	115	115
109	115	116
109	115	117
109	115	118
109	115	119
109	115	120
109	115	121
109	115	122
109	115	123
109	115	124
109	115	125
109	115	126
109	116	115
109	116	116
109	116	117
109	116	118
109	116	119
109	116	120
109	116	121
109	116	122
109	116	123
109	116	124
109	116	125
109	116	126
109	117	120
109	117	121
109	117	122
109	117	123
109	117	124
109	117	125
109	117	126
109	118	2
109	118	121
109	118	122
109	118	123
109	118	124
109	118	125
109	118	126
109	119	0
109	119	1
109	119	2
109	119	3
109	119	4
109	119	122
109	119	123
109	119	124
109	119	125
109	119	126
109	119	127
109	120	0
109	120	1
109	120	2
109	120	3
109	120	123
109	120	124
109	120	125
109	120	126
109	120	127
109	121	0
109	121	1
109	121	2
109	121	3
109	121	123
109	121	124
109	121	125
109	121	126
109	121	127
109	122	0
109	122	1
109	122	2
109	122	3
109	122	121
109	122	122
109	122	123
109	122	124
109	122	125
109	122	126
109	122	127
109	123	0
109	123	1
109	123	2
109	123	3
109	123	120
109	123	121
109	123	122
109	123	123
109	123	124
109	123	125
109	123	126
109	123	127
109	124	0
109	124	1
109	124	2
109	124	3
109	124	120
109	124	121
109	124	122
109	124	123
109	124	124
109	124	125
109	124	126
109	124	127
109	125	0
109	125	1
109	125	2
109	125	120
109	125	121
109	125	122
109	125	123
109	125	124
109	125	125
109	125	126
109	125	127
109	126	0
109	126	1
109	126	2
109	126	118
109	126	119
109	126	120
109	126	121
109	126	122
109	126	123
109	126	124
109	126	125
109	126	126
109	126	127
109	127	117
109	127	118
109	127	119
109	127	120
109	127	121
109	127	122
110	0	0
110	0	1
110	0	116
110	0	117
110	0	118
110	0	119
110	0	120
110	0	121
110	0	122
110	0	123
110	0	127
110	1	0
110	1	1
110	1	2
110	1	114
110	1	115
110	1	116
110	1	117
110	1	118
110	1	119
110	1	120
110	1	121
110	1	122
110	1	123
110	1	124
110	1	125
110	1	127
110	2	0
110	2	1
110	2	2
110	2	3
110	2	4
110	2	115
110	2	116
110	2	117
110	2	118
110	2	119
110	2	120
110	2	121
110	2	122
110	2	123
110	2	124
110	2	125
110	2	126
110	3	0
110	3	1
110	3	2
110	3	3
110	3	4
110	3	127
110	4	1
110	4	110
110	4	111
110	5	109
110	5	110
110	5	111
110	5	112
110	6	110
110	6	111
110	6	112
110	6	113
110	7	110
110	7	111
110	7	112
110	7	113
110	7	114
110	8	110
110	8	111
110	8	112
110	8	113
110	8	114
110	8	115
110	9	111
110	9	112
110	9	113
110	9	114
110	9	115
110	9	116
110	10	111
110	10	112
110	10	113
110	10	114
110	10	115
110	10	116
110	10	117
110	11	112
110	11	113
110	11	114
110	11	115
110	11	116
110	11	117
110	12	112
110	12	113
110	12	114
110	12	115
110	12	116
110	12	117
110	13	112
110	13	113
110	13	114
110	13	115
110	13	116
110	13	117
110	14	113
110	14	114
110	14	115
110	14	116
110	14	117
110	15	114
110	15	115
110	15	116
110	15	117
110	16	115
110	16	116
110	16	117
110	17	116
110	17	117
110	104	114
110	105	114
110	105	115
110	106	115
110	106	116
110	107	115
110	107	116
110	107	117
110	108	115
110	108	116
110	108	117
110	108	118
110	109	114
110	109	115
110	109	116
110	109	117
110	109	118
110	109	119
110	110	114
110	110	115
110	110	116
110	110	117
110	110	118
110	110	119
110	110	120
110	110	121
110	111	114
110	111	115
110	111	116
110	111	117
110	111	118
110	111	119
110	111	120
110	111	121
110	111	122
110	112	114
110	112	115
110	112	116
110	112	117
110	112	118
110	112	119
110	112	120
110	112	121
110	112	122
110	112	123
110	113	114
110	113	115
110	113	116
110	113	117
110	113	118
110	113	119
110	113	120
110	113	121
110	113	122
110	113	123
110	113	124
110	114	114
110	114	115
110	114	116
110	114	117
110	114	118
110	114	119
110	114	120
110	114	121
110	114	122
110	114	123
110	114	124
110	114	125
110	115	114
110	115	115
110	115	116
110	115	117
110	115	118
110	115	119
110	115	120
110	115	121
110	115	122
110	115	123
110	115	124
110	115	125
110	115	126
110	115	127
110	116	114
110	116	115
110	116	116
110	116	117
110	116	118
110	116	119
110	116	120
110	116	121
110	116	122
110	116	123
110	116	124
110	116	125
110	116	126
110	116	127
110	117	114
110	117	115
110	117	116
110	117	117
110	117	118
110	117	119
110	117	120
110	117	121
110	117	122
110	117	123
110	117	124
110	117	125
110	117	126
110	118	121
110	118	122
110	118	123
110	118	124
110	118	125
110	119	1
110	119	2
110	119	3
110	119	4
110	119	122
110	119	123
110	119	124
110	119	125
110	119	126
110	119	127
110	120	0
110	120	1
110	120	2
110	120	3
110	120	4
110	120	123
110	120	124
110	120	125
110	120	126
110	120	127
110	121	0
110	121	1
110	121	2
110	121	3
110	121	4
110	121	118
110	121	119
110	121	122
110	121	123
110	121	124
110	121	125
110	121	126
110	121	127
110	122	0
110	122	1
110	122	2
110	122	3
110	122	4
110	122	119
110	122	121
110	122	122
110	122	123
110	122	124
110	122	125
110	122	126
110	122	127
110	123	0
110	123	1
110	123	2
110	123	3
110	123	4
110	123	120
110	123	121
110	123	122
110	123	123
110	123	124
110	123	125
110	123	126
110	123	127
110	124	0
110	124	1
110	124	2
110	124	3
110	124	4
110	124	120
110	124	121
110	124	122
110	124	123
110	124	124
110	124	125
110	124	126
110	124	127
110	125	0
110	125	1
110	125	2
110	125	3
110	125	4
110	125	120
110	125	121
110	125	122
110	125	123
110	125	124
110	125	125
110	125	126
110	125	127
110	126	0
110	126	1
110	126	2
110	126	3
110	126	119
110	126	120
110	126	121
110	126	122
110	126	123
110	126	124
110	126	125
110	126	126
110	126	127
110	127	0
110	127	1
110	127	2
110	127	3
110	127	118
110	127	119
110	127	120
110	127	121
110	127	122
110	127	123
110	127	124
110	127	125
110	127	126
110	127	127
111	0	0
111	0	1
111	0	2
111	0	3
111	0	4
111	0	116
111	0	117
111	0	118
111	0	119
111	0	120
111	0	121
111	0	122
111	0	123
111	0	124
111	0	125
111	0	126
111	0	127
111	1	0
111	1	1
111	1	2
111	1	115
111	1	116
111	1	117
111	1	118
111	1	119
111	1	120
111	1	121
111	1	122
111	1	123
111	1	124
111	1	125
111	1	126
111	1	127
111	2	0
111	2	1
111	2	2
111	2	3
111	3	1
111	3	2
111	3	3
111	3	4
111	3	127
111	4	1
111	4	111
111	5	110
111	5	111
111	5	112
111	6	110
111	6	111
111	6	112
111	6	113
111	7	110
111	7	111
111	7	112
111	7	113
111	8	111
111	8	112
111	8	113
111	8	115
111	9	112
111	9	113
111	9	114
111	9	115
111	9	116
111	10	112
111	10	113
111	10	114
111	10	115
111	10	116
111	11	112
111	11	113
111	11	114
111	11	115
111	11	116
111	12	112
111	12	113
111	12	114
111	12	115
111	12	116
111	13	113
111	13	114
111	13	115
111	13	116
111	14	113
111	14	114
111	14	115
111	14	116
111	15	114
111	15	115
111	15	116
111	16	115
111	16	116
111	17	116
111	103	113
111	104	113
111	104	114
111	105	114
111	105	115
111	106	114
111	106	115
111	106	116
111	107	114
111	107	115
111	107	116
111	107	117
111	108	113
111	108	114
111	108	115
111	108	116
111	108	117
111	108	118
111	109	113
111	109	114
111	109	115
111	109	116
111	109	117
111	109	118
111	110	113
111	110	114
111	110	115
111	110	116
111	110	117
111	110	118
111	110	119
111	110	120
111	110	121
111	111	113
111	111	114
111	111	115
111	111	116
111	111	117
111	111	118
111	111	119
111	111	120
111	111	121
111	111	122
111	112	113
111	112	114
111	112	115
111	112	116
111	112	117
111	112	118
111	112	119
111	112	120
111	112	121
111	112	122
111	112	123
111	113	113
111	113	114
111	113	115
111	113	116
111	113	117
111	113	118
111	113	119
111	113	120
111	113	121
111	113	122
111	113	123
111	113	124
111	114	113
111	114	114
111	114	115
111	114	116
111	114	117
111	114	118
111	114	119
111	114	120
111	114	121
111	114	122
111	114	123
111	114	124
111	114	125
111	115	113
111	115	114
111	115	115
111	115	116
111	115	117
111	115	118
111	115	119
111	115	120
111	115	121
111	115	122
111	115	123
111	115	124
111	115	125
111	115	126
111	116	113
111	116	114
111	116	115
111	116	116
111	116	117
111	116	118
111	116	119
111	116	120
111	116	121
111	116	122
111	116	123
111	116	124
111	116	125
111	117	113
111	117	114
111	117	115
111	117	116
111	117	117
111	117	118
111	117	119
111	117	120
111	117	121
111	117	122
111	117	123
111	117	124
111	118	114
111	118	115
111	118	116
111	118	117
111	118	118
111	118	119
111	118	120
111	118	121
111	118	122
111	118	123
111	118	124
111	119	2
111	119	3
111	119	4
111	119	122
111	119	123
111	120	1
111	120	2
111	120	3
111	120	4
111	120	5
111	120	117
111	120	118
111	120	119
111	120	120
111	120	123
111	120	126
111	120	127
111	121	0
111	121	1
111	121	2
111	121	3
111	121	4
111	121	5
111	121	118
111	121	119
111	121	122
111	121	123
111	121	124
111	121	125
111	121	126
111	121	127
111	122	0
111	122	1
111	122	2
111	122	3
111	122	4
111	122	5
111	122	121
111	122	122
111	122	123
111	122	124
111	122	125
111	122	126
111	122	127
111	123	0
111	123	1
111	123	2
111	123	3
111	123	4
111	123	5
111	123	120
111	123	121
111	123	122
111	123	123
111	123	124
111	123	125
111	123	126
111	123	127
111	124	0
111	124	1
111	124	2
111	124	3
111	124	4
111	124	5
111	124	120
111	124	121
111	124	122
111	124	123
111	124	124
111	124	125
111	124	126
111	124	127
111	125	0
111	125	1
111	125	2
111	125	3
111	125	4
111	125	5
111	125	120
111	125	121
111	125	122
111	125	123
111	125	124
111	125	125
111	125	126
111	125	127
111	126	0
111	126	1
111	126	2
111	126	3
111	126	4
111	126	5
111	126	119
111	126	120
111	126	121
111	126	122
111	126	123
111	126	124
111	126	125
111	126	126
111	126	127
111	127	0
111	127	1
111	127	2
111	127	3
111	127	4
111	127	118
111	127	119
111	127	120
111	127	121
111	127	122
111	127	123
111	127	124
111	127	125
111	127	126
111	127	127
112	0	0
112	0	1
112	0	2
112	0	3
112	0	4
112	0	5
112	0	116
112	0	117
112	0	118
112	0	119
112	0	120
112	0	121
112	0	122
112	0	123
112	0	124
112	0	125
112	0	126
112	0	127
112	1	0
112	1	1
112	1	2
112	1	3
112	1	4
112	1	5
112	1	127
112	2	0
112	2	1
112	2	2
112	2	3
112	2	127
112	3	1
112	3	2
112	3	3
112	5	111
112	5	112
112	6	111
112	6	112
112	7	111
112	7	112
112	8	112
112	9	114
112	10	113
112	10	114
112	10	115
112	11	113
112	11	114
112	11	115
112	12	113
112	12	114
112	12	115
112	13	113
112	13	114
112	13	115
112	14	113
112	14	114
112	14	115
112	15	114
112	15	115
112	16	115
112	102	112
112	103	112
112	103	113
112	104	113
112	104	114
112	105	113
112	105	114
112	105	115
112	106	113
112	106	114
112	106	115
112	106	116
112	107	112
112	107	113
112	107	114
112	107	115
112	107	116
112	108	112
112	108	113
112	108	114
112	108	115
112	108	116
112	109	112
112	109	113
112	109	114
112	109	115
112	109	116
112	109	117
112	110	112
112	110	113
112	110	114
112	110	115
112	110	116
112	110	117
112	110	118
112	110	119
112	111	112
112	111	113
112	111	114
112	111	115
112	111	116
112	111	117
112	111	118
112	111	119
112	111	120
112	111	121
112	112	112
112	112	113
112	112	114
112	112	115
112	112	116
112	112	117
112	112	118
112	112	119
112	112	120
112	112	121
112	112	122
112	112	123
112	113	112
112	113	113
112	113	114
112	113	115
112	113	116
112	113	117
112	113	118
112	113	119
112	113	120
112	113	121
112	113	122
112	113	123
112	113	124
112	114	112
112	114	113
112	114	114
112	114	115
112	114	116
112	114	117
112	114	118
112	114	119
112	114	120
112	114	121
112	114	122
112	114	123
112	114	124
112	114	125
112	115	113
112	115	114
112	115	115
112	115	116
112	115	117
112	115	118
112	115	119
112	115	120
112	115	121
112	115	122
112	115	123
112	115	124
112	115	125
112	116	113
112	116	114
112	116	115
112	116	116
112	116	117
112	116	118
112	116	119
112	116	120
112	116	121
112	116	122
112	116	123
112	116	124
112	117	113
112	117	114
112	117	115
112	117	116
112	117	117
112	117	118
112	117	119
112	117	120
112	117	121
112	117	122
112	117	123
112	117	124
112	118	115
112	118	116
112	118	117
112	118	118
112	118	119
112	118	120
112	118	121
112	118	122
112	118	123
112	119	116
112	119	117
112	119	118
112	119	119
112	119	120
112	119	121
112	119	122
112	120	2
112	120	3
112	120	4
112	120	5
112	120	117
112	120	118
112	121	1
112	121	2
112	121	3
112	121	4
112	121	5
112	121	122
112	121	123
112	121	124
112	121	125
112	121	126
112	121	127
112	122	0
112	122	1
112	122	2
112	122	3
112	122	4
112	122	5
112	122	6
112	122	121
112	122	122
112	122	123
112	122	124
112	122	125
112	122	126
112	122	127
112	123	0
112	123	1
112	123	2
112	123	3
112	123	4
112	123	5
112	123	6
112	123	120
112	123	121
112	123	122
112	123	123
112	123	124
112	123	125
112	123	126
112	123	127
112	124	0
112	124	1
112	124	2
112	124	3
112	124	4
112	124	5
112	124	6
112	124	120
112	124	121
112	124	122
112	124	123
112	124	124
112	124	125
112	124	126
112	124	127
112	125	0
112	125	1
112	125	2
112	125	3
112	125	4
112	125	5
112	125	6
112	125	120
112	125	121
112	125	122
112	125	123
112	125	124
112	125	125
112	125	126
112	125	127
112	126	0
112	126	1
112	126	2
112	126	3
112	126	4
112	126	5
112	126	6
112	126	119
112	126	120
112	126	121
112	126	122
112	126	123
112	126	124
112	126	125
112	126	126
112	126	127
112	127	0
112	127	1
112	127	2
112	127	3
112	127	4
112	127	5
112	127	118
112	127	119
112	127	120
112	127	121
112	127	122
112	127	123
112	127	124
112	127	125
112	127	126
112	127	127
113	0	0
113	0	1
113	0	2
113	0	3
113	0	4
113	0	5
113	0	122
113	0	123
113	0	124
113	0	125
113	0	126
113	0	127
113	1	0
113	1	1
113	1	2
113	1	3
113	1	4
113	1	127
113	2	0
113	2	1
113	2	2
113	2	3
113	3	1
113	5	111
113	6	111
113	7	111
113	11	114
113	12	113
113	12	114
113	13	113
113	13	114
113	14	113
113	14	114
113	15	114
113	101	111
113	102	111
113	102	112
113	103	112
113	103	113
113	104	112
113	104	113
113	104	114
113	105	112
113	105	113
113	105	114
113	105	115
113	106	111
113	106	112
113	106	113
113	106	114
113	106	115
113	107	111
113	107	112
113	107	113
113	107	114
113	107	115
113	108	111
113	108	112
113	108	113
113	108	114
113	108	115
113	109	111
113	109	112
113	109	113
113	109	114
113	109	115
113	110	111
113	110	112
113	110	113
113	110	114
113	110	115
113	110	116
113	111	111
113	111	112
113	111	113
113	111	114
113	111	115
113	111	116
113	111	117
113	111	118
113	111	119
113	112	111
113	112	112
113	112	113
113	112	114
113	112	115
113	112	116
113	112	117
113	112	118
113	112	119
113	112	120
113	113	112
113	113	113
113	113	114
113	113	115
113	113	116
113	113	117
113	113	118
113	113	119
113	113	120
113	113	121
113	113	122
113	113	123
113	113	124
113	114	113
113	114	114
113	114	115
113	114	116
113	114	117
113	114	118
113	114	119
113	114	120
113	114	121
113	114	122
113	114	123
113	114	124
113	114	125
113	115	113
113	115	114
113	115	115
113	115	116
113	115	117
113	115	118
113	115	119
113	115	120
113	115	121
113	115	122
113	115	123
113	115	124
113	115	125
113	116	114
113	116	115
113	116	116
113	116	117
113	116	118
113	116	119
113	116	120
113	116	121
113	116	122
113	116	123
113	116	124
113	117	114
113	117	115
113	117	116
113	117	117
113	117	118
113	117	119
113	117	120
113	117	121
113	117	122
113	117	123
113	118	116
113	118	117
113	118	118
113	118	119
113	118	120
113	118	121
113	118	122
113	118	123
113	119	117
113	120	3
113	120	4
113	120	5
113	121	1
113	121	2
113	121	3
113	121	4
113	121	5
113	121	125
113	121	126
113	121	127
113	122	0
113	122	1
113	122	2
113	122	3
113	122	4
113	122	5
113	122	122
113	122	123
113	122	124
113	122	125
113	122	126
113	122	127
113	123	0
113	123	1
113	123	2
113	123	3
113	123	4
113	123	5
113	123	121
113	123	122
113	123	123
113	123	124
113	123	125
113	123	126
113	123	127
113	124	0
113	124	1
113	124	2
113	124	3
113	124	4
113	124	5
113	124	120
113	124	121
113	124	122
113	124	123
113	124	124
113	124	125
113	124	126
113	124	127
113	125	0
113	125	1
113	125	2
113	125	3
113	125	4
113	125	5
113	125	120
113	125	121
113	125	122
113	125	123
113	125	124
113	125	125
113	125	126
113	125	127
113	126	0
113	126	1
113	126	2
113	126	3
113	126	4
113	126	5
113	126	119
113	126	120
113	126	121
113	126	122
113	126	123
113	126	124
113	126	125
113	126	126
113	126	127
113	127	0
113	127	1
113	127	2
113	127	3
113	127	4
113	127	5
113	127	119
113	127	120
113	127	121
113	127	122
113	127	123
113	127	124
113	127	125
113	127	126
113	127	127
114	0	0
114	0	1
114	0	2
114	0	3
114	0	4
114	0	123
114	0	124
114	0	125
114	0	126
114	0	127
114	1	0
114	1	1
114	1	2
114	1	3
114	1	127
114	2	1
114	2	2
114	2	3
114	13	113
114	100	110
114	101	110
114	101	111
114	102	111
114	102	112
114	103	111
114	103	112
114	103	113
114	104	111
114	104	112
114	104	113
114	104	114
114	105	110
114	105	111
114	105	112
114	105	113
114	105	114
114	106	110
114	106	111
114	106	112
114	106	113
114	106	114
114	107	110
114	107	111
114	107	112
114	107	113
114	107	114
114	108	110
114	108	111
114	108	112
114	108	113
114	108	114
114	109	110
114	109	111
114	109	112
114	109	113
114	109	114
114	110	110
114	110	111
114	110	112
114	110	113
114	110	114
114	111	110
114	111	111
114	111	112
114	111	113
114	111	114
114	111	115
114	111	117
114	111	118
114	112	112
114	112	113
114	112	114
114	112	115
114	112	116
114	112	117
114	112	118
114	113	112
114	113	113
114	113	114
114	113	115
114	113	116
114	113	117
114	113	118
114	113	119
114	114	113
114	114	114
114	114	115
114	114	116
114	114	117
114	114	118
114	114	119
114	114	120
114	114	121
114	114	122
114	114	123
114	114	124
114	114	125
114	115	114
114	115	115
114	115	116
114	115	117
114	115	118
114	115	119
114	115	120
114	115	121
114	115	122
114	115	123
114	115	124
114	115	125
114	116	114
114	116	115
114	116	116
114	116	117
114	116	118
114	116	119
114	116	120
114	116	121
114	116	122
114	116	123
114	116	124
114	117	115
114	117	116
114	117	117
114	117	118
114	117	119
114	117	120
114	117	121
114	117	122
114	117	123
114	117	124
114	118	123
114	121	1
114	121	2
114	121	4
114	122	0
114	122	1
114	122	2
114	122	3
114	122	4
114	122	5
114	122	126
114	122	127
114	123	0
114	123	1
114	123	2
114	123	3
114	123	4
114	123	5
114	123	126
114	123	127
114	124	0
114	124	1
114	124	2
114	124	3
114	124	4
114	124	5
114	124	120
114	124	121
114	124	122
114	124	125
114	124	126
114	124	127
114	125	0
114	125	1
114	125	2
114	125	3
114	125	4
114	125	121
114	125	122
114	125	123
114	125	124
114	125	125
114	125	126
114	125	127
114	126	0
114	126	1
114	126	2
114	126	3
114	126	4
114	126	121
114	126	122
114	126	123
114	126	124
114	126	125
114	126	126
114	126	127
114	127	0
114	127	1
114	127	2
114	127	3
114	127	4
114	127	122
114	127	123
114	127	124
114	127	125
114	127	126
114	127	127
115	0	0
115	0	1
115	0	2
115	0	3
115	0	127
115	1	0
115	1	1
115	1	2
115	1	3
115	1	127
115	100	110
115	101	110
115	101	111
115	102	110
115	102	111
115	102	112
115	103	110
115	103	111
115	103	112
115	103	113
115	104	109
115	104	110
115	104	111
115	104	112
115	104	113
115	105	109
115	105	110
115	105	111
115	105	112
115	105	113
115	106	109
115	106	110
115	106	111
115	106	112
115	106	113
115	107	109
115	107	110
115	107	111
115	107	112
115	107	113
115	108	109
115	108	110
115	108	111
115	108	112
115	108	113
115	109	109
115	109	110
115	109	111
115	109	112
115	109	113
115	110	109
115	110	110
115	110	111
115	110	112
115	110	113
115	111	111
115	111	112
115	111	113
115	112	112
115	112	113
115	112	114
115	112	115
115	112	116
115	112	118
115	113	113
115	113	114
115	113	115
115	113	116
115	113	117
115	113	118
115	114	113
115	114	114
115	114	115
115	114	116
115	114	117
115	114	118
115	115	114
115	115	115
115	115	116
115	115	117
115	115	118
115	115	119
115	115	120
115	115	121
115	115	122
115	115	123
115	115	124
115	116	115
115	116	116
115	116	117
115	116	118
115	116	119
115	116	120
115	116	121
115	116	122
115	116	123
115	116	124
115	117	122
115	117	123
115	117	124
115	118	123
115	124	3
115	124	4
115	125	2
115	125	3
115	125	4
115	125	121
115	125	124
115	125	125
115	125	126
115	125	127
115	126	0
115	126	1
115	126	2
115	126	3
115	126	123
115	126	124
115	126	125
115	126	126
115	126	127
115	127	0
115	127	1
115	127	2
115	127	3
115	127	124
115	127	125
115	127	126
115	127	127
116	0	0
116	0	1
116	0	2
116	1	1
116	100	110
116	101	109
116	101	110
116	101	111
116	102	109
116	102	110
116	102	111
116	102	112
116	103	108
116	103	109
116	103	110
116	103	111
116	103	112
116	104	108
116	104	109
116	104	110
116	104	111
116	104	112
116	105	108
116	105	109
116	105	110
116	105	111
116	105	112
116	106	108
116	106	109
116	106	110
116	106	111
116	106	112
116	107	108
116	107	109
116	107	110
116	107	111
116	107	112
116	108	108
116	108	109
116	108	110
116	108	111
116	108	112
116	109	108
116	109	109
116	109	110
116	109	111
116	109	112
116	110	110
116	110	111
116	110	112
116	111	111
116	111	112
116	111	119
116	112	111
116	112	112
116	112	119
116	113	111
116	113	112
116	113	113
116	113	114
116	113	115
116	113	116
116	113	117
116	113	119
116	114	114
116	114	115
116	114	116
116	114	117
116	114	118
116	114	119
116	114	120
116	114	121
116	114	122
116	115	114
116	115	115
116	115	116
116	115	117
116	115	118
116	115	119
116	115	120
116	115	121
116	115	122
116	115	123
116	116	115
116	116	123
116	116	124
116	116	125
116	117	123
116	117	124
116	118	123
116	126	3
116	126	123
116	126	124
116	126	125
116	126	126
116	127	0
116	127	1
116	127	2
116	127	125
116	127	126
116	127	127
117	0	1
117	102	107
117	102	108
117	102	109
117	102	110
117	102	111
117	103	107
117	103	108
117	103	109
117	103	110
117	103	111
117	104	107
117	104	108
117	104	109
117	104	110
117	104	111
117	105	107
117	105	108
117	105	109
117	105	110
117	105	111
117	106	107
117	106	108
117	106	109
117	106	110
117	106	111
117	107	107
117	107	108
117	107	109
117	107	110
117	107	111
117	108	107
117	108	108
117	108	109
117	108	110
117	108	111
117	109	109
117	109	110
117	109	111
117	110	110
117	110	111
117	111	110
117	111	111
117	112	110
117	112	111
117	112	120
117	113	110
117	113	111
117	113	120
117	113	121
117	113	122
117	114	110
117	114	111
117	114	112
117	114	113
117	114	114
117	114	115
117	114	116
117	114	117
117	114	118
117	114	120
117	114	121
117	114	122
117	114	123
117	115	115
117	115	116
117	115	124
117	115	125
117	116	115
117	116	124
117	116	125
117	117	124
118	0	1
118	103	106
118	103	107
118	103	108
118	103	109
118	104	106
118	104	107
118	104	108
118	104	109
118	104	110
118	105	106
118	105	107
118	105	108
118	105	109
118	105	110
118	106	106
118	106	107
118	106	108
118	106	109
118	106	110
118	107	106
118	107	107
118	107	108
118	107	109
118	107	110
118	108	108
118	108	109
118	108	110
118	109	109
118	109	110
118	110	109
118	110	110
118	111	109
118	111	110
118	112	109
118	112	110
118	112	121
118	113	109
118	113	110
118	113	121
118	113	122
118	114	109
118	114	110
118	115	109
118	115	110
118	115	111
118	115	112
118	115	113
118	115	114
118	115	115
118	115	116
118	115	117
118	115	125
118	116	125
118	126	120
118	127	0
118	127	1
118	127	124
118	127	125
118	127	126
118	127	127
119	0	1
119	0	2
119	104	105
119	104	106
119	104	107
119	104	108
119	104	109
119	105	106
119	105	107
119	105	108
119	105	109
119	106	107
119	106	108
119	106	109
119	107	107
119	107	108
119	107	109
119	108	108
119	108	109
119	109	108
119	109	109
119	110	108
119	110	109
119	111	108
119	111	109
119	112	108
119	112	109
119	113	108
119	113	109
119	114	108
119	114	109
119	115	108
119	115	109
119	116	108
119	116	109
119	116	110
119	116	111
119	116	112
119	116	113
119	116	114
119	116	115
119	116	116
119	116	117
119	124	119
119	124	120
119	125	119
119	125	120
119	125	121
119	126	0
119	126	120
119	126	121
119	126	122
119	126	123
119	126	124
119	126	125
119	126	126
119	126	127
119	127	0
119	127	1
119	127	2
119	127	123
119	127	124
119	127	125
119	127	126
119	127	127
120	0	0
120	0	1
120	0	2
120	0	123
120	0	124
120	0	125
120	0	126
120	0	127
120	1	2
120	105	108
120	105	109
120	106	108
120	109	109
120	110	109
120	111	109
120	117	110
120	117	111
120	117	112
120	117	113
120	117	114
120	117	115
120	117	116
120	117	117
120	117	118
120	123	120
120	124	119
120	124	120
120	124	121
120	125	0
120	125	119
120	125	120
120	125	121
120	125	122
120	125	123
120	125	124
120	125	125
120	125	126
120	125	127
120	126	0
120	126	1
120	126	2
120	126	120
120	126	121
120	126	122
120	126	123
120	126	124
120	126	125
120	126	126
120	126	127
120	127	0
120	127	1
120	127	2
120	127	121
120	127	122
120	127	123
120	127	124
120	127	125
120	127	126
120	127	127
121	0	0
121	0	1
121	0	2
121	0	123
121	0	124
121	0	125
121	0	126
121	0	127
121	1	1
121	1	2
121	105	109
121	108	110
121	109	110
121	110	110
121	118	111
121	118	112
121	118	113
121	118	114
121	118	115
121	118	116
121	118	117
121	118	118
121	118	119
121	122	119
121	123	118
121	123	119
121	123	120
121	124	0
121	124	1
121	124	118
121	124	119
121	124	120
121	124	121
121	124	122
121	124	123
121	124	124
121	124	125
121	124	126
121	124	127
121	125	0
121	125	1
121	125	119
121	125	120
121	125	121
121	125	122
121	125	123
121	125	124
121	125	125
121	125	126
121	125	127
121	126	0
121	126	1
121	126	2
121	126	120
121	126	121
121	126	122
121	126	123
121	126	124
121	126	125
121	126	126
121	126	127
121	127	0
121	127	1
121	127	2
121	127	121
121	127	122
121	127	123
121	127	124
121	127	125
121	127	126
121	127	127
122	0	0
122	0	1
122	0	121
122	0	122
122	0	123
122	0	124
122	0	125
122	0	126
122	0	127
122	1	0
122	1	1
122	1	124
122	1	125
122	1	126
122	1	127
122	107	111
122	108	111
122	109	111
122	119	112
122	119	113
122	119	114
122	119	115
122	119	116
122	119	117
122	119	118
122	121	118
122	122	117
122	122	118
122	122	119
122	123	0
122	123	1
122	123	117
122	123	118
122	123	119
122	123	120
122	123	121
122	123	122
122	123	123
122	123	124
122	123	125
122	123	126
122	123	127
122	124	0
122	124	1
122	124	118
122	124	119
122	124	120
122	124	121
122	124	122
122	124	123
122	124	124
122	124	125
122	124	126
122	124	127
122	125	0
122	125	1
122	125	119
122	125	120
122	125	121
122	125	122
122	125	123
122	125	124
122	125	125
122	125	126
122	125	127
122	126	0
122	126	1
122	126	120
122	126	121
122	126	122
122	126	123
122	126	124
122	126	125
122	126	126
122	126	127
122	127	0
122	127	1
122	127	121
122	127	122
122	127	123
122	127	124
122	127	125
122	127	126
122	127	127
123	0	0
123	0	120
123	0	121
123	0	122
123	0	123
123	0	124
123	0	125
123	0	126
123	0	127
123	1	0
123	1	120
123	1	121
123	1	122
123	1	123
123	1	124
123	1	125
123	1	126
123	1	127
123	2	0
123	2	125
123	2	126
123	2	127
123	107	112
123	108	112
123	120	113
123	120	114
123	120	115
123	120	116
123	120	117
123	122	121
123	122	122
123	122	123
123	122	124
123	122	125
123	122	126
123	122	127
123	123	119
123	123	120
123	123	121
123	123	122
123	123	123
123	123	124
123	123	125
123	123	126
123	123	127
123	124	0
123	124	119
123	124	120
123	124	121
123	124	122
123	124	123
123	124	124
123	124	125
123	124	126
123	124	127
123	125	0
123	125	119
123	125	120
123	125	121
123	125	122
123	125	123
123	125	124
123	125	125
123	125	126
123	125	127
123	126	0
123	126	120
123	126	121
123	126	122
123	126	123
123	126	124
123	126	125
123	126	126
123	126	127
123	127	0
123	127	120
123	127	121
123	127	122
123	127	123
123	127	124
123	127	125
123	127	126
123	127	127
124	0	0
124	0	120
124	0	121
124	0	122
124	0	123
124	0	124
124	0	125
124	0	126
124	1	120
124	1	121
124	1	122
124	1	123
124	1	124
124	1	125
124	2	120
124	2	121
124	2	122
124	2	123
124	2	124
124	2	125
124	107	113
124	122	124
124	122	125
124	122	126
124	123	122
124	123	123
124	123	124
124	123	125
124	123	126
124	123	127
124	124	121
124	124	122
124	124	123
124	124	124
124	124	125
124	124	126
124	124	127
124	125	121
124	125	122
124	125	123
124	125	124
124	125	125
124	125	126
124	125	127
124	126	121
124	126	122
124	126	123
124	126	124
124	126	125
124	126	126
124	126	127
124	127	120
124	127	121
124	127	122
124	127	123
124	127	124
124	127	125
124	127	126
124	127	127
125	0	122
125	0	123
125	0	124
125	1	122
125	1	123
125	124	123
125	124	124
125	124	125
125	125	123
125	125	124
125	125	125
125	126	122
125	126	123
125	126	124
125	126	125
125	127	122
125	127	123
125	127	124
