#i	j	k
82	52	82
82	52	83
82	52	84
82	53	81
82	53	82
82	53	83
82	53	84
82	53	85
82	54	82
82	54	83
82	54	84
82	54	85
82	55	83
82	55	84
83	51	81
83	51	82
83	51	83
83	52	80
83	52	81
83	52	82
83	52	83
83	52	84
83	52	85
83	53	79
83	53	80
83	53	81
83	53	82
83	53	83
83	53	84
83	53	85
83	53	86
83	53	87
83	53	88
83	54	80
83	54	81
83	54	82
83	54	83
83	54	84
83	54	85
83	54	86
83	54	87
83	54	88
83	55	80
83	55	81
83	55	82
83	55	83
83	55	84
83	55	85
83	55	86
83	55	87
83	56	80
83	56	81
83	56	82
83	56	83
83	56	84
83	56	85
83	57	80
83	57	81
83	57	82
83	57	83
83	57	84
83	57	85
83	58	81
83	58	82
83	58	83
83	58	84
83	58	85
83	59	82
83	59	83
83	59	84
83	59	85
83	62	90
83	62	91
83	62	92
83	63	91
84	50	80
84	50	81
84	50	82
84	51	79
84	51	80
84	51	81
84	51	82
84	51	83
84	51	84
84	52	79
84	52	80
84	52	81
84	52	82
84	52	83
84	52	84
84	52	85
84	52	86
84	52	87
84	52	88
84	52	89
84	53	79
84	53	80
84	53	81
84	53	82
84	53	83
84	53	84
84	53	85
84	53	86
84	53	87
84	53	88
84	53	89
84	54	79
84	54	80
84	54	81
84	54	82
84	54	83
84	54	84
84	54	85
84	54	86
84	54	87
84	54	88
84	55	79
84	55	80
84	55	81
84	55	82
84	55	83
84	55	84
84	55	85
84	55	86
84	55	87
84	55	88
84	56	79
84	56	80
84	56	81
84	56	82
84	56	83
84	56	84
84	56	85
84	56	86
84	56	87
84	56	88
84	57	79
84	57	80
84	57	81
84	57	82
84	57	83
84	57	84
84	57	85
84	57	86
84	57	87
84	57	88
84	58	80
84	58	81
84	58	82
84	58	83
84	58	84
84	58	85
84	58	86
84	58	87
84	58	88
84	59	80
84	59	81
84	59	82
84	59	83
84	59	84
84	59	85
84	59	86
84	59	87
84	59	88
84	60	81
84	60	82
84	60	83
84	60	84
84	60	85
84	60	86
84	60	87
84	60	88
84	60	89
84	61	83
84	61	84
84	61	85
84	61	86
84	61	87
84	61	88
84	61	89
84	61	90
84	61	91
84	62	85
84	62	86
84	62	87
84	62	88
84	62	89
84	62	90
84	62	91
84	63	89
84	63	90
84	63	91
85	49	79
85	49	80
85	49	81
85	50	78
85	50	79
85	50	80
85	50	81
85	50	82
85	50	83
85	50	84
85	50	85
85	51	78
85	51	79
85	51	80
85	51	81
85	51	82
85	51	83
85	51	84
85	51	85
85	51	86
85	51	87
85	51	88
85	51	89
85	51	90
85	52	78
85	52	79
85	52	80
85	52	81
85	52	82
85	52	83
85	52	84
85	52	85
85	52	86
85	52	87
85	52	88
85	52	89
85	52	90
85	53	79
85	53	80
85	53	81
85	53	82
85	53	83
85	53	84
85	53	85
85	53	86
85	53	87
85	53	88
85	53	89
85	54	78
85	54	79
85	54	80
85	54	81
85	54	82
85	54	83
85	54	84
85	54	85
85	54	86
85	54	87
85	54	88
85	54	89
85	55	79
85	55	80
85	55	81
85	55	82
85	55	83
85	55	84
85	55	85
85	55	86
85	55	87
85	55	88
85	55	89
85	56	79
85	56	80
85	56	81
85	56	82
85	56	83
85	56	84
85	56	85
85	56	86
85	56	87
85	56	88
85	56	89
85	57	79
85	57	80
85	57	81
85	57	82
85	57	83
85	57	84
85	57	85
85	57	86
85	57	87
85	57	88
85	57	89
85	58	79
85	58	80
85	58	81
85	58	82
85	58	83
85	58	84
85	58	85
85	58	86
85	58	87
85	58	88
85	58	89
85	59	79
85	59	80
85	59	81
85	59	82
85	59	83
85	59	84
85	59	85
85	59	86
85	59	87
85	59	88
85	59	89
85	60	80
85	60	81
85	60	82
85	60	83
85	60	84
85	60	85
85	60	86
85	60	87
85	60	88
85	60	89
85	60	90
85	61	81
85	61	82
85	61	83
85	61	84
85	61	85
85	61	86
85	61	87
85	61	88
85	61	89
85	61	90
85	62	82
85	62	83
85	62	84
85	62	85
85	62	86
85	62	87
85	62	88
85	62	89
85	62	90
85	63	85
85	63	86
85	63	87
85	63	88
85	63	89
85	64	88
85	64	89
86	48	78
86	48	79
86	48	80
86	48	81
86	48	82
86	49	77
86	49	78
86	49	79
86	49	80
86	49	81
86	49	82
86	49	83
86	49	84
86	49	85
86	50	77
86	50	78
86	50	79
86	50	80
86	50	81
86	50	82
86	50	83
86	50	84
86	50	85
86	50	86
86	50	87
86	50	88
86	50	89
86	50	90
86	51	77
86	51	78
86	51	79
86	51	80
86	51	81
86	51	82
86	51	83
86	51	84
86	51	85
86	51	86
86	51	87
86	51	88
86	51	89
86	51	90
86	51	91
86	52	78
86	52	79
86	52	80
86	52	81
86	52	82
86	52	83
86	52	84
86	52	85
86	52	86
86	52	87
86	52	88
86	52	89
86	52	90
86	53	78
86	53	79
86	53	80
86	53	81
86	53	82
86	53	83
86	53	84
86	53	85
86	53	86
86	53	87
86	53	88
86	53	89
86	53	90
86	54	78
86	54	79
86	54	80
86	54	81
86	54	82
86	54	83
86	54	84
86	54	85
86	54	86
86	54	87
86	54	88
86	54	89
86	54	90
86	55	79
86	55	80
86	55	81
86	55	82
86	55	83
86	55	84
86	55	85
86	55	86
86	55	87
86	55	88
86	55	89
86	55	90
86	56	80
86	56	81
86	56	82
86	56	83
86	56	84
86	56	85
86	56	86
86	56	87
86	56	88
86	56	89
86	56	90
86	57	80
86	57	81
86	57	82
86	57	83
86	57	84
86	57	85
86	57	86
86	57	87
86	57	88
86	57	89
86	57	90
86	58	80
86	58	81
86	58	82
86	58	83
86	58	84
86	58	85
86	58	86
86	58	87
86	58	88
86	58	89
86	58	90
86	59	80
86	59	81
86	59	82
86	59	83
86	59	84
86	59	85
86	59	86
86	59	87
86	59	88
86	59	89
86	59	90
86	60	80
86	60	81
86	60	82
86	60	83
86	60	84
86	60	85
86	60	86
86	60	87
86	60	88
86	60	89
86	60	90
86	61	80
86	61	81
86	61	82
86	61	83
86	61	84
86	61	85
86	61	86
86	61	87
86	61	88
86	61	89
86	61	90
86	62	81
86	62	82
86	62	83
86	62	84
86	62	85
86	62	86
86	62	87
86	62	88
86	62	89
86	62	90
86	63	83
86	63	84
86	63	85
86	63	86
86	63	87
86	63	88
86	63	89
86	64	86
86	64	87
86	64	88
86	64	89
86	65	87
87	48	81
87	48	82
87	49	76
87	49	77
87	49	78
87	49	79
87	49	80
87	49	81
87	49	82
87	50	77
87	50	78
87	50	79
87	50	80
87	50	81
87	50	82
87	50	83
87	51	77
87	51	78
87	51	79
87	51	80
87	51	81
87	51	82
87	51	83
87	51	84
87	51	85
87	51	86
87	51	87
87	51	88
87	51	89
87	52	77
87	52	78
87	52	79
87	52	80
87	52	81
87	52	82
87	52	83
87	52	84
87	52	85
87	52	86
87	52	87
87	52	88
87	52	89
87	52	90
87	52	91
87	53	77
87	53	78
87	53	79
87	53	80
87	53	81
87	53	82
87	53	83
87	53	84
87	53	85
87	53	86
87	53	87
87	53	88
87	53	89
87	53	90
87	53	91
87	54	78
87	54	79
87	54	80
87	54	81
87	54	82
87	54	83
87	54	84
87	54	85
87	54	86
87	54	87
87	54	88
87	54	89
87	54	90
87	54	91
87	55	79
87	55	80
87	55	81
87	55	82
87	55	83
87	55	84
87	55	85
87	55	86
87	55	87
87	55	88
87	55	89
87	55	90
87	55	91
87	56	80
87	56	81
87	56	82
87	56	83
87	56	84
87	56	85
87	56	86
87	56	87
87	56	88
87	56	89
87	56	90
87	56	91
87	57	81
87	57	82
87	57	83
87	57	84
87	57	85
87	57	86
87	57	87
87	57	88
87	57	89
87	57	90
87	58	81
87	58	82
87	58	83
87	58	84
87	58	85
87	58	86
87	58	87
87	58	88
87	58	89
87	58	90
87	59	81
87	59	82
87	59	83
87	59	84
87	59	85
87	59	86
87	59	87
87	59	88
87	59	89
87	59	90
87	60	81
87	60	82
87	60	83
87	60	84
87	60	85
87	60	86
87	60	87
87	60	88
87	60	89
87	60	90
87	61	82
87	61	83
87	61	84
87	61	85
87	61	86
87	61	87
87	61	88
87	61	89
87	61	90
87	62	82
87	62	83
87	62	84
87	62	85
87	62	86
87	62	87
87	62	88
87	62	89
87	63	82
87	63	83
87	63	84
87	63	85
87	63	86
87	63	87
87	63	88
87	63	89
87	64	84
87	64	85
87	64	86
87	64	87
87	64	88
87	64	89
87	65	86
87	65	87
87	65	88
88	50	78
88	50	79
88	50	80
88	50	81
88	51	78
88	51	79
88	51	80
88	51	81
88	51	82
88	52	78
88	52	79
88	52	80
88	52	81
88	52	82
88	52	83
88	52	84
88	52	88
88	52	89
88	52	90
88	53	77
88	53	78
88	53	79
88	53	80
88	53	81
88	53	82
88	53	83
88	53	84
88	53	85
88	53	86
88	53	87
88	53	88
88	53	89
88	53	90
88	54	78
88	54	79
88	54	80
88	54	81
88	54	82
88	54	83
88	54	84
88	54	85
88	54	86
88	54	87
88	54	88
88	54	89
88	54	90
88	55	79
88	55	80
88	55	81
88	55	82
88	55	83
88	55	84
88	55	85
88	55	86
88	55	87
88	55	88
88	55	89
88	55	90
88	56	80
88	56	81
88	56	82
88	56	83
88	56	84
88	56	85
88	56	86
88	56	87
88	56	88
88	56	89
88	56	90
88	57	82
88	57	83
88	57	84
88	57	85
88	57	86
88	57	87
88	57	88
88	57	89
88	57	90
88	58	82
88	58	83
88	58	84
88	58	85
88	58	86
88	58	87
88	58	88
88	58	89
88	58	90
88	59	82
88	59	83
88	59	84
88	59	85
88	59	86
88	59	87
88	59	88
88	59	89
88	59	90
88	60	83
88	60	84
88	60	85
88	60	86
88	60	87
88	60	88
88	60	89
88	60	90
88	61	83
88	61	84
88	61	85
88	61	86
88	61	87
88	61	88
88	61	89
88	61	90
88	62	83
88	62	84
88	62	85
88	62	86
88	62	87
88	62	88
88	62	89
88	63	82
88	63	83
88	63	84
88	63	85
88	63	86
88	63	87
88	63	88
88	63	89
88	64	83
88	64	84
88	64	85
88	64	86
88	64	87
88	64	88
88	65	85
88	65	86
88	65	87
88	65	88
88	66	87
89	51	78
89	51	79
89	51	80
89	52	78
89	52	79
89	52	80
89	52	81
89	53	79
89	53	80
89	53	81
89	53	82
89	53	83
89	53	84
89	53	85
89	53	87
89	53	88
89	53	89
89	54	79
89	54	80
89	54	81
89	54	82
89	54	83
89	54	84
89	54	85
89	54	86
89	54	87
89	54	88
89	54	89
89	54	90
89	55	79
89	55	80
89	55	81
89	55	82
89	55	83
89	55	84
89	55	85
89	55	86
89	55	87
89	55	88
89	55	89
89	55	90
89	56	81
89	56	82
89	56	83
89	56	84
89	56	85
89	56	86
89	56	87
89	56	88
89	56	89
89	56	90
89	57	82
89	57	83
89	57	84
89	57	85
89	57	86
89	57	87
89	57	88
89	57	89
89	57	90
89	58	84
89	58	85
89	58	86
89	58	87
89	58	88
89	58	89
89	58	90
89	59	84
89	59	85
89	59	86
89	59	87
89	59	88
89	59	89
89	59	90
89	60	84
89	60	85
89	60	86
89	60	87
89	60	88
89	60	89
89	60	90
89	61	84
89	61	85
89	61	86
89	61	87
89	61	88
89	61	89
89	61	90
89	62	83
89	62	84
89	62	85
89	62	86
89	62	87
89	62	88
89	62	89
89	63	82
89	63	83
89	63	84
89	63	85
89	63	86
89	63	87
89	63	88
89	63	89
89	64	82
89	64	83
89	64	84
89	64	85
89	64	86
89	64	87
89	64	88
89	65	84
89	65	85
89	65	86
89	65	87
89	65	88
89	66	86
89	66	87
90	52	79
90	53	79
90	53	80
90	53	81
90	53	89
90	54	80
90	54	81
90	54	82
90	54	83
90	54	84
90	54	85
90	54	86
90	54	87
90	54	88
90	54	89
90	55	80
90	55	81
90	55	82
90	55	83
90	55	84
90	55	85
90	55	86
90	55	87
90	55	88
90	55	89
90	56	81
90	56	82
90	56	83
90	56	84
90	56	85
90	56	86
90	56	87
90	56	88
90	56	89
90	56	90
90	56	91
90	56	92
90	57	85
90	57	86
90	57	87
90	57	88
90	57	89
90	57	90
90	57	91
90	57	92
90	58	85
90	58	86
90	58	87
90	58	88
90	58	89
90	58	90
90	58	91
90	58	92
90	59	85
90	59	86
90	59	87
90	59	88
90	59	89
90	60	85
90	60	86
90	60	87
90	60	88
90	60	89
90	61	84
90	61	85
90	61	86
90	61	87
90	61	88
90	61	89
90	62	83
90	62	84
90	62	85
90	62	86
90	62	87
90	62	88
90	62	89
90	63	82
90	63	83
90	63	84
90	63	85
90	63	86
90	63	87
90	63	88
90	63	89
90	64	81
90	64	82
90	64	83
90	64	84
90	64	85
90	64	86
90	64	87
90	64	88
90	65	83
90	65	84
90	65	85
90	65	86
90	65	87
90	66	85
90	66	86
90	66	87
91	54	87
91	54	88
91	54	89
91	54	90
91	55	81
91	55	82
91	55	83
91	55	84
91	55	85
91	55	86
91	55	87
91	55	88
91	55	89
91	55	90
91	55	91
91	55	92
91	56	86
91	56	87
91	56	88
91	56	89
91	56	90
91	56	91
91	56	92
91	57	86
91	57	87
91	57	88
91	57	89
91	57	90
91	57	91
91	57	92
91	57	93
91	58	86
91	58	87
91	58	88
91	58	89
91	58	90
91	58	91
91	58	92
91	58	93
91	59	86
91	59	87
91	59	88
91	59	89
91	59	90
91	59	91
91	59	92
91	59	93
91	60	86
91	60	87
91	60	88
91	60	89
91	60	90
91	60	91
91	60	92
91	61	86
91	61	87
91	61	88
91	61	89
91	61	90
91	61	91
91	61	92
91	62	85
91	62	86
91	62	87
91	62	88
91	62	90
91	62	91
91	63	82
91	63	83
91	63	84
91	63	85
91	63	86
91	63	87
91	63	88
91	64	81
91	64	82
91	64	83
91	64	84
91	64	85
91	64	86
91	64	87
91	64	88
91	65	82
91	65	83
91	65	84
91	65	85
91	65	86
91	65	87
91	66	84
91	66	85
91	66	86
91	66	87
91	66	88
91	68	90
92	53	89
92	54	88
92	54	89
92	54	90
92	54	91
92	55	85
92	55	86
92	55	87
92	55	88
92	55	89
92	55	90
92	55	91
92	55	92
92	56	85
92	56	86
92	56	87
92	56	88
92	56	89
92	56	90
92	56	91
92	56	92
92	56	93
92	57	86
92	57	87
92	57	88
92	57	89
92	57	90
92	57	91
92	57	92
92	57	93
92	57	94
92	58	87
92	58	88
92	58	89
92	58	90
92	58	91
92	58	92
92	58	93
92	58	94
92	58	95
92	59	87
92	59	88
92	59	89
92	59	90
92	59	91
92	59	92
92	59	93
92	59	94
92	59	95
92	60	87
92	60	88
92	60	89
92	60	90
92	60	91
92	60	92
92	60	93
92	60	94
92	60	95
92	61	87
92	61	88
92	61	89
92	61	90
92	61	91
92	61	92
92	61	93
92	61	94
92	61	95
92	62	87
92	62	88
92	62	89
92	62	90
92	62	91
92	62	92
92	62	93
92	62	94
92	63	86
92	63	87
92	63	88
92	63	89
92	63	90
92	63	91
92	64	81
92	64	82
92	64	83
92	64	84
92	64	85
92	64	86
92	64	87
92	64	89
92	65	82
92	65	83
92	65	84
92	65	85
92	65	86
92	65	87
92	65	89
92	66	83
92	66	84
92	66	85
92	66	86
92	66	87
92	66	88
92	66	89
92	67	89
92	67	91
92	68	89
92	68	90
93	53	90
93	54	88
93	54	89
93	54	90
93	54	91
93	55	86
93	55	87
93	55	88
93	55	89
93	55	90
93	55	91
93	55	92
93	56	85
93	56	86
93	56	87
93	56	88
93	56	89
93	56	90
93	56	91
93	56	92
93	56	93
93	57	85
93	57	86
93	57	87
93	57	88
93	57	89
93	57	90
93	57	91
93	57	92
93	57	93
93	57	94
93	57	95
93	58	85
93	58	86
93	58	87
93	58	88
93	58	89
93	58	90
93	58	91
93	58	92
93	58	93
93	58	94
93	58	95
93	58	96
93	59	85
93	59	86
93	59	87
93	59	88
93	59	89
93	59	90
93	59	91
93	59	92
93	59	93
93	59	94
93	59	95
93	59	96
93	60	86
93	60	87
93	60	88
93	60	89
93	60	90
93	60	91
93	60	92
93	60	93
93	60	94
93	60	95
93	60	96
93	61	86
93	61	87
93	61	88
93	61	89
93	61	90
93	61	91
93	61	92
93	61	93
93	61	94
93	61	95
93	61	96
93	62	87
93	62	88
93	62	89
93	62	90
93	62	91
93	62	92
93	62	93
93	62	94
93	62	95
93	62	96
93	63	87
93	63	88
93	63	89
93	63	90
93	63	91
93	63	92
93	63	93
93	63	94
93	63	95
93	64	87
93	64	88
93	64	89
93	64	90
93	64	91
93	64	92
93	64	93
93	64	94
93	65	82
93	65	83
93	65	84
93	65	85
93	65	86
93	65	87
93	65	88
93	65	89
93	65	90
93	65	93
93	66	83
93	66	84
93	66	85
93	66	87
93	66	88
93	66	89
93	66	90
93	66	92
93	67	84
93	67	89
93	67	90
93	67	91
93	68	89
93	68	90
94	53	90
94	54	89
94	54	90
94	54	91
94	55	86
94	55	87
94	55	88
94	55	89
94	55	90
94	55	91
94	55	92
94	56	85
94	56	86
94	56	87
94	56	88
94	56	89
94	56	90
94	56	91
94	56	92
94	56	93
94	56	94
94	57	84
94	57	85
94	57	86
94	57	87
94	57	88
94	57	89
94	57	90
94	57	91
94	57	92
94	57	93
94	57	94
94	57	95
94	58	84
94	58	85
94	58	86
94	58	87
94	58	88
94	58	89
94	58	90
94	58	91
94	58	92
94	58	93
94	58	94
94	58	95
94	58	96
94	59	84
94	59	85
94	59	86
94	59	87
94	59	88
94	59	89
94	59	90
94	59	91
94	59	92
94	59	93
94	59	94
94	59	95
94	59	96
94	60	84
94	60	85
94	60	86
94	60	87
94	60	88
94	60	89
94	60	90
94	60	91
94	60	92
94	60	93
94	60	94
94	60	95
94	60	96
94	61	85
94	61	86
94	61	87
94	61	88
94	61	89
94	61	90
94	61	91
94	61	92
94	61	93
94	61	94
94	61	95
94	61	96
94	62	85
94	62	86
94	62	87
94	62	88
94	62	89
94	62	90
94	62	91
94	62	92
94	62	93
94	62	94
94	62	95
94	62	96
94	63	86
94	63	87
94	63	88
94	63	89
94	63	90
94	63	91
94	63	92
94	63	93
94	63	94
94	63	95
94	64	87
94	64	88
94	64	89
94	64	90
94	64	91
94	64	92
94	64	93
94	64	94
94	65	87
94	65	88
94	65	89
94	65	90
94	65	91
94	65	92
94	65	93
94	66	83
94	66	84
94	66	88
94	66	89
94	66	90
94	66	91
94	66	92
94	67	89
94	67	90
94	67	91
94	67	92
94	68	89
94	68	90
95	54	90
95	54	91
95	55	87
95	55	88
95	55	89
95	55	90
95	55	91
95	55	92
95	55	93
95	56	85
95	56	86
95	56	87
95	56	88
95	56	89
95	56	90
95	56	91
95	56	92
95	56	93
95	56	94
95	57	84
95	57	85
95	57	86
95	57	87
95	57	88
95	57	89
95	57	90
95	57	91
95	57	92
95	57	93
95	57	94
95	58	83
95	58	84
95	58	85
95	58	86
95	58	87
95	58	88
95	58	89
95	58	90
95	58	91
95	58	92
95	58	93
95	58	94
95	58	95
95	59	83
95	59	84
95	59	85
95	59	86
95	59	87
95	59	88
95	59	89
95	59	90
95	59	91
95	59	92
95	59	93
95	59	94
95	59	95
95	59	96
95	60	83
95	60	84
95	60	85
95	60	86
95	60	87
95	60	88
95	60	89
95	60	90
95	60	91
95	60	92
95	60	93
95	60	94
95	60	95
95	60	96
95	61	83
95	61	84
95	61	85
95	61	86
95	61	87
95	61	88
95	61	89
95	61	90
95	61	91
95	61	92
95	61	93
95	61	94
95	61	95
95	61	96
95	62	84
95	62	85
95	62	86
95	62	87
95	62	88
95	62	89
95	62	90
95	62	91
95	62	92
95	62	93
95	62	94
95	62	95
95	62	96
95	63	84
95	63	85
95	63	86
95	63	87
95	63	88
95	63	89
95	63	90
95	63	91
95	63	92
95	63	93
95	63	94
95	63	95
95	64	85
95	64	86
95	64	87
95	64	88
95	64	89
95	64	90
95	64	91
95	64	92
95	64	93
95	64	94
95	65	86
95	65	87
95	65	88
95	65	89
95	65	90
95	65	91
95	65	92
95	65	93
95	66	88
95	66	89
95	66	90
95	66	91
95	66	92
95	66	93
95	67	89
95	67	90
95	67	91
95	67	92
95	68	90
96	54	91
96	54	92
96	55	89
96	55	90
96	55	91
96	55	92
96	55	93
96	56	85
96	56	86
96	56	87
96	56	88
96	56	89
96	56	90
96	56	91
96	56	92
96	56	93
96	57	84
96	57	85
96	57	86
96	57	87
96	57	88
96	57	89
96	57	90
96	57	91
96	57	92
96	57	93
96	57	94
96	58	83
96	58	84
96	58	85
96	58	86
96	58	87
96	58	88
96	58	89
96	58	90
96	58	91
96	58	92
96	58	93
96	58	94
96	58	95
96	59	82
96	59	83
96	59	84
96	59	85
96	59	86
96	59	87
96	59	88
96	59	89
96	59	90
96	59	91
96	59	92
96	59	93
96	59	94
96	59	95
96	59	96
96	60	82
96	60	83
96	60	84
96	60	85
96	60	86
96	60	87
96	60	88
96	60	89
96	60	90
96	60	91
96	60	92
96	60	93
96	60	94
96	60	95
96	60	96
96	61	82
96	61	83
96	61	84
96	61	85
96	61	86
96	61	87
96	61	88
96	61	89
96	61	90
96	61	91
96	61	92
96	61	93
96	61	94
96	61	95
96	61	96
96	62	82
96	62	83
96	62	84
96	62	85
96	62	86
96	62	87
96	62	88
96	62	89
96	62	90
96	62	91
96	62	92
96	62	93
96	62	94
96	62	95
96	62	96
96	63	83
96	63	84
96	63	85
96	63	86
96	63	87
96	63	88
96	63	89
96	63	90
96	63	91
96	63	92
96	63	93
96	63	94
96	63	95
96	64	83
96	64	84
96	64	85
96	64	86
96	64	87
96	64	88
96	64	89
96	64	90
96	64	91
96	64	92
96	64	93
96	64	94
96	65	84
96	65	85
96	65	86
96	65	87
96	65	88
96	65	89
96	65	90
96	65	91
96	65	92
96	65	93
96	65	94
96	66	88
96	66	89
96	66	90
96	66	91
96	66	92
96	66	93
96	67	89
97	54	92
97	55	91
97	55	92
97	56	87
97	56	88
97	56	89
97	56	90
97	56	91
97	56	92
97	56	93
97	57	84
97	57	85
97	57	86
97	57	87
97	57	88
97	57	89
97	57	90
97	57	91
97	57	92
97	57	93
97	57	94
97	57	95
97	58	83
97	58	84
97	58	85
97	58	86
97	58	87
97	58	88
97	58	89
97	58	90
97	58	91
97	58	92
97	58	93
97	58	94
97	58	95
97	59	81
97	59	82
97	59	83
97	59	84
97	59	85
97	59	86
97	59	87
97	59	88
97	59	89
97	59	90
97	59	91
97	59	92
97	59	93
97	59	94
97	59	95
97	59	96
97	60	82
97	60	83
97	60	84
97	60	85
97	60	86
97	60	87
97	60	88
97	60	89
97	60	90
97	60	91
97	60	92
97	60	93
97	60	94
97	60	95
97	60	96
97	61	82
97	61	83
97	61	84
97	61	85
97	61	86
97	61	87
97	61	88
97	61	89
97	61	90
97	61	91
97	61	92
97	61	93
97	61	94
97	61	95
97	61	96
97	62	82
97	62	83
97	62	84
97	62	85
97	62	86
97	62	87
97	62	88
97	62	89
97	62	90
97	62	91
97	62	92
97	62	93
97	62	94
97	62	95
97	62	96
97	63	82
97	63	83
97	63	84
97	63	85
97	63	86
97	63	87
97	63	88
97	63	89
97	63	90
97	63	91
97	63	92
97	63	93
97	63	94
97	63	95
97	64	82
97	64	83
97	64	84
97	64	85
97	64	86
97	64	87
97	64	88
97	64	89
97	64	90
97	64	91
97	64	92
97	64	93
97	64	94
97	64	95
97	65	85
97	65	86
97	65	87
97	65	88
97	65	89
97	65	90
97	65	91
97	65	92
97	65	93
97	65	94
97	66	88
97	66	89
97	66	90
97	67	88
97	67	89
98	55	91
98	55	92
98	56	90
98	56	91
98	56	92
98	56	93
98	56	94
98	57	84
98	57	85
98	57	86
98	57	87
98	57	88
98	57	89
98	57	90
98	57	91
98	57	92
98	57	93
98	57	94
98	57	95
98	58	83
98	58	84
98	58	85
98	58	86
98	58	87
98	58	88
98	58	89
98	58	90
98	58	91
98	58	92
98	58	93
98	58	94
98	58	95
98	58	96
98	59	81
98	59	82
98	59	83
98	59	84
98	59	85
98	59	86
98	59	87
98	59	88
98	59	89
98	59	90
98	59	91
98	59	92
98	59	93
98	59	94
98	59	95
98	59	96
98	60	81
98	60	82
98	60	83
98	60	84
98	60	85
98	60	86
98	60	87
98	60	88
98	60	89
98	60	90
98	60	91
98	60	92
98	60	93
98	60	94
98	60	95
98	60	96
98	61	81
98	61	82
98	61	83
98	61	84
98	61	85
98	61	86
98	61	87
98	61	88
98	61	89
98	61	90
98	61	91
98	61	92
98	61	93
98	61	94
98	61	95
98	61	96
98	62	81
98	62	82
98	62	83
98	62	84
98	62	85
98	62	86
98	62	87
98	62	88
98	62	89
98	62	90
98	62	91
98	62	92
98	62	93
98	62	94
98	62	95
98	62	96
98	63	81
98	63	82
98	63	83
98	63	84
98	63	85
98	63	86
98	63	87
98	63	88
98	63	89
98	63	90
98	63	91
98	63	92
98	63	93
98	63	94
98	63	95
98	63	96
98	64	81
98	64	82
98	64	83
98	64	84
98	64	85
98	64	86
98	64	87
98	64	88
98	64	89
98	64	90
98	64	91
98	64	92
98	64	93
98	64	94
98	64	95
98	65	85
98	65	86
98	65	87
98	65	88
98	65	89
98	65	90
98	65	91
98	66	87
98	66	88
98	66	89
98	66	90
98	67	88
98	67	89
99	55	92
99	55	93
99	56	88
99	56	89
99	56	91
99	56	92
99	56	93
99	56	94
99	57	85
99	57	86
99	57	87
99	57	88
99	57	89
99	57	90
99	57	91
99	57	92
99	57	93
99	57	94
99	57	95
99	58	82
99	58	83
99	58	84
99	58	85
99	58	86
99	58	87
99	58	88
99	58	89
99	58	90
99	58	91
99	58	92
99	58	93
99	58	94
99	58	95
99	58	96
99	59	81
99	59	82
99	59	83
99	59	84
99	59	85
99	59	86
99	59	87
99	59	88
99	59	89
99	59	90
99	59	91
99	59	92
99	59	93
99	59	94
99	59	95
99	59	96
99	59	97
99	60	80
99	60	81
99	60	82
99	60	83
99	60	84
99	60	85
99	60	86
99	60	87
99	60	88
99	60	89
99	60	90
99	60	91
99	60	92
99	60	93
99	60	94
99	60	95
99	60	96
99	61	80
99	61	81
99	61	82
99	61	83
99	61	84
99	61	85
99	61	86
99	61	87
99	61	88
99	61	89
99	61	90
99	61	91
99	61	92
99	61	93
99	61	94
99	61	95
99	61	96
99	62	80
99	62	81
99	62	82
99	62	83
99	62	84
99	62	85
99	62	86
99	62	87
99	62	88
99	62	89
99	62	90
99	62	91
99	62	92
99	62	93
99	62	94
99	62	95
99	62	96
99	63	80
99	63	81
99	63	82
99	63	83
99	63	84
99	63	85
99	63	86
99	63	87
99	63	88
99	63	89
99	63	90
99	63	91
99	63	92
99	63	93
99	63	94
99	63	95
99	63	96
99	64	80
99	64	81
99	64	82
99	64	83
99	64	84
99	64	85
99	64	86
99	64	87
99	64	88
99	64	89
99	64	90
99	64	91
99	64	92
99	65	83
99	65	84
99	65	85
99	65	86
99	65	87
99	65	88
99	65	89
99	65	90
99	65	91
99	66	86
99	66	87
99	66	88
99	66	89
99	66	90
99	67	87
99	67	88
99	67	89
99	68	88
100	55	93
100	56	89
100	56	90
100	56	92
100	56	93
100	56	94
100	57	90
100	57	91
100	57	92
100	57	93
100	57	94
100	57	95
100	58	82
100	58	83
100	58	84
100	58	85
100	58	86
100	58	87
100	58	88
100	58	89
100	58	90
100	58	91
100	58	92
100	58	93
100	58	94
100	58	95
100	58	96
100	59	81
100	59	82
100	59	83
100	59	84
100	59	85
100	59	86
100	59	87
100	59	88
100	59	89
100	59	90
100	59	91
100	59	92
100	59	93
100	59	94
100	59	95
100	59	96
100	59	97
100	60	80
100	60	81
100	60	82
100	60	83
100	60	84
100	60	85
100	60	86
100	60	87
100	60	88
100	60	89
100	60	90
100	60	91
100	60	92
100	60	93
100	60	94
100	60	95
100	60	96
100	61	80
100	61	81
100	61	82
100	61	83
100	61	84
100	61	85
100	61	86
100	61	87
100	61	88
100	61	89
100	61	90
100	61	91
100	61	92
100	61	93
100	61	94
100	61	95
100	62	80
100	62	81
100	62	82
100	62	83
100	62	84
100	62	85
100	62	86
100	62	87
100	62	88
100	62	89
100	62	90
100	62	91
100	62	92
100	62	93
100	62	94
100	62	95
100	63	80
100	63	81
100	63	82
100	63	83
100	63	84
100	63	85
100	63	86
100	63	87
100	63	88
100	63	89
100	63	90
100	63	91
100	63	92
100	63	93
100	64	79
100	64	80
100	64	81
100	64	82
100	64	83
100	64	84
100	64	85
100	64	86
100	64	87
100	64	88
100	64	89
100	64	90
100	64	91
100	64	92
100	65	80
100	65	81
100	65	82
100	65	83
100	65	84
100	65	85
100	65	86
100	65	87
100	65	88
100	65	89
100	65	90
100	65	91
100	66	85
100	66	86
100	66	87
100	66	88
100	66	89
100	66	90
100	67	86
100	67	87
100	67	88
100	67	89
100	68	87
100	68	88
101	55	93
101	56	90
101	56	93
101	56	94
101	57	83
101	57	84
101	57	88
101	57	89
101	57	91
101	57	92
101	57	93
101	57	94
101	57	95
101	58	82
101	58	83
101	58	84
101	58	85
101	58	86
101	58	87
101	58	88
101	58	89
101	58	90
101	58	91
101	58	92
101	58	93
101	58	94
101	58	95
101	58	96
101	59	81
101	59	82
101	59	83
101	59	84
101	59	85
101	59	86
101	59	87
101	59	88
101	59	89
101	59	90
101	59	91
101	59	92
101	59	93
101	59	94
101	59	95
101	59	96
101	59	97
101	60	79
101	60	80
101	60	81
101	60	82
101	60	83
101	60	84
101	60	85
101	60	86
101	60	87
101	60	88
101	60	89
101	60	90
101	60	91
101	60	92
101	60	93
101	60	94
101	60	95
101	60	96
101	61	79
101	61	80
101	61	81
101	61	82
101	61	83
101	61	84
101	61	85
101	61	86
101	61	87
101	61	88
101	61	89
101	61	90
101	61	91
101	61	92
101	61	93
101	61	94
101	61	95
101	62	79
101	62	80
101	62	81
101	62	82
101	62	83
101	62	84
101	62	85
101	62	86
101	62	87
101	62	88
101	62	89
101	62	90
101	62	91
101	62	92
101	62	93
101	62	94
101	63	79
101	63	80
101	63	81
101	63	82
101	63	83
101	63	84
101	63	85
101	63	86
101	63	87
101	63	88
101	63	89
101	63	90
101	63	91
101	63	92
101	63	93
101	64	79
101	64	80
101	64	81
101	64	82
101	64	83
101	64	84
101	64	85
101	64	86
101	64	87
101	64	88
101	64	89
101	64	90
101	64	91
101	64	92
101	65	78
101	65	79
101	65	80
101	65	81
101	65	82
101	65	83
101	65	84
101	65	85
101	65	86
101	65	87
101	65	88
101	65	89
101	65	90
101	65	91
101	66	84
101	66	85
101	66	86
101	66	87
101	66	88
101	66	89
101	66	90
101	67	85
101	67	86
101	67	87
101	67	88
101	67	89
101	68	86
101	68	87
101	68	88
101	69	87
102	55	93
102	56	93
102	56	94
102	57	82
102	57	83
102	57	84
102	57	89
102	57	92
102	57	93
102	57	94
102	57	95
102	58	81
102	58	82
102	58	83
102	58	84
102	58	85
102	58	86
102	58	87
102	58	89
102	58	90
102	58	91
102	58	92
102	58	93
102	58	94
102	58	95
102	58	96
102	59	80
102	59	81
102	59	82
102	59	83
102	59	84
102	59	85
102	59	86
102	59	87
102	59	88
102	59	89
102	59	90
102	59	91
102	59	92
102	59	93
102	59	94
102	59	95
102	59	96
102	59	97
102	60	79
102	60	80
102	60	81
102	60	82
102	60	83
102	60	84
102	60	85
102	60	86
102	60	87
102	60	88
102	60	89
102	60	90
102	60	91
102	60	92
102	60	93
102	60	94
102	60	95
102	60	96
102	61	79
102	61	80
102	61	81
102	61	82
102	61	83
102	61	84
102	61	85
102	61	86
102	61	87
102	61	88
102	61	89
102	61	90
102	61	91
102	61	92
102	61	93
102	62	79
102	62	80
102	62	81
102	62	82
102	62	83
102	62	84
102	62	85
102	62	86
102	62	87
102	62	88
102	62	89
102	62	90
102	62	91
102	62	92
102	62	93
102	63	79
102	63	80
102	63	81
102	63	82
102	63	83
102	63	84
102	63	85
102	63	86
102	63	87
102	63	88
102	63	89
102	63	90
102	63	91
102	63	92
102	63	93
102	64	79
102	64	80
102	64	81
102	64	82
102	64	83
102	64	84
102	64	85
102	64	86
102	64	87
102	64	88
102	64	89
102	64	90
102	64	91
102	64	92
102	65	78
102	65	79
102	65	80
102	65	81
102	65	82
102	65	83
102	65	84
102	65	85
102	65	86
102	65	87
102	65	88
102	65	89
102	65	90
102	65	91
102	66	82
102	66	83
102	66	84
102	66	85
102	66	86
102	66	87
102	66	88
102	66	89
102	66	90
102	67	84
102	67	85
102	67	86
102	67	87
102	67	88
102	67	89
102	68	86
102	68	87
102	68	88
102	69	86
102	69	87
103	55	93
103	56	93
103	56	94
103	57	80
103	57	81
103	57	82
103	57	83
103	57	84
103	57	85
103	57	92
103	57	93
103	57	94
103	57	95
103	58	80
103	58	81
103	58	82
103	58	83
103	58	84
103	58	85
103	58	86
103	58	87
103	58	90
103	58	91
103	58	92
103	58	93
103	58	94
103	58	95
103	58	96
103	59	80
103	59	81
103	59	82
103	59	83
103	59	84
103	59	85
103	59	86
103	59	87
103	59	88
103	59	89
103	59	90
103	59	91
103	59	92
103	59	93
103	59	94
103	59	95
103	59	96
103	59	97
103	60	79
103	60	80
103	60	81
103	60	82
103	60	83
103	60	84
103	60	85
103	60	86
103	60	87
103	60	88
103	60	89
103	60	90
103	60	91
103	60	92
103	61	78
103	61	79
103	61	80
103	61	81
103	61	82
103	61	83
103	61	84
103	61	85
103	61	86
103	61	87
103	61	88
103	61	89
103	61	90
103	61	91
103	61	92
103	62	78
103	62	79
103	62	80
103	62	81
103	62	82
103	62	83
103	62	84
103	62	85
103	62	86
103	62	87
103	62	88
103	62	89
103	62	90
103	62	91
103	62	92
103	63	78
103	63	79
103	63	80
103	63	81
103	63	82
103	63	83
103	63	84
103	63	85
103	63	86
103	63	87
103	63	88
103	63	89
103	63	90
103	63	91
103	63	92
103	64	78
103	64	79
103	64	80
103	64	81
103	64	82
103	64	83
103	64	84
103	64	85
103	64	86
103	64	87
103	64	88
103	64	89
103	64	90
103	64	91
103	64	92
103	65	78
103	65	79
103	65	80
103	65	81
103	65	82
103	65	83
103	65	84
103	65	85
103	65	86
103	65	87
103	65	88
103	65	89
103	65	90
103	65	91
103	66	78
103	66	79
103	66	80
103	66	81
103	66	82
103	66	83
103	66	84
103	66	85
103	66	86
103	66	87
103	66	88
103	66	89
103	66	90
103	67	83
103	67	84
103	67	85
103	67	86
103	67	87
103	67	88
103	67	89
103	68	85
103	68	86
103	68	87
103	68	88
103	69	86
103	69	87
103	70	86
104	56	77
104	56	78
104	56	79
104	56	80
104	56	81
104	56	82
104	56	83
104	56	84
104	56	85
104	56	94
104	57	78
104	57	79
104	57	80
104	57	81
104	57	82
104	57	83
104	57	84
104	57	85
104	57	93
104	57	94
104	57	95
104	58	79
104	58	80
104	58	81
104	58	82
104	58	83
104	58	84
104	58	85
104	58	86
104	58	87
104	58	90
104	58	91
104	58	92
104	58	93
104	58	94
104	58	95
104	58	96
104	59	79
104	59	80
104	59	81
104	59	82
104	59	83
104	59	84
104	59	85
104	59	86
104	59	87
104	59	88
104	59	89
104	59	90
104	59	91
104	60	78
104	60	79
104	60	80
104	60	81
104	60	82
104	60	83
104	60	84
104	60	85
104	60	86
104	60	87
104	60	88
104	60	89
104	60	90
104	60	91
104	61	77
104	61	78
104	61	79
104	61	80
104	61	81
104	61	82
104	61	83
104	61	84
104	61	85
104	61	86
104	61	87
104	61	88
104	61	89
104	61	90
104	61	91
104	62	77
104	62	78
104	62	79
104	62	80
104	62	81
104	62	82
104	62	83
104	62	84
104	62	85
104	62	86
104	62	87
104	62	88
104	62	89
104	62	90
104	62	91
104	63	77
104	63	78
104	63	79
104	63	80
104	63	81
104	63	82
104	63	83
104	63	84
104	63	85
104	63	86
104	63	87
104	63	88
104	63	89
104	63	90
104	63	91
104	64	77
104	64	78
104	64	79
104	64	80
104	64	81
104	64	82
104	64	83
104	64	84
104	64	85
104	64	86
104	64	87
104	64	88
104	64	89
104	64	90
104	64	91
104	65	77
104	65	78
104	65	79
104	65	80
104	65	81
104	65	82
104	65	83
104	65	84
104	65	85
104	65	86
104	65	87
104	65	88
104	65	89
104	65	90
104	65	91
104	66	78
104	66	79
104	66	81
104	66	82
104	66	83
104	66	84
104	66	85
104	66	86
104	66	87
104	66	88
104	66	89
104	66	90
104	67	81
104	67	82
104	67	83
104	67	84
104	67	85
104	67	86
104	67	87
104	67	88
104	67	89
104	68	83
104	68	84
104	68	85
104	68	86
104	68	87
104	68	88
104	69	85
104	69	86
104	69	87
104	70	86
105	55	76
105	55	77
105	55	78
105	55	79
105	55	80
105	55	81
105	55	82
105	55	83
105	55	84
105	55	85
105	55	86
105	56	75
105	56	76
105	56	77
105	56	78
105	56	79
105	56	80
105	56	81
105	56	82
105	56	83
105	56	84
105	56	85
105	56	86
105	56	94
105	57	76
105	57	77
105	57	78
105	57	79
105	57	80
105	57	81
105	57	82
105	57	83
105	57	84
105	57	85
105	57	86
105	57	93
105	57	94
105	57	95
105	58	77
105	58	78
105	58	79
105	58	80
105	58	81
105	58	82
105	58	83
105	58	84
105	58	85
105	58	86
105	58	87
105	58	88
105	58	89
105	58	90
105	59	77
105	59	78
105	59	79
105	59	80
105	59	81
105	59	82
105	59	83
105	59	84
105	59	85
105	59	86
105	59	87
105	59	88
105	59	89
105	59	90
105	60	77
105	60	78
105	60	79
105	60	80
105	60	81
105	60	82
105	60	83
105	60	84
105	60	85
105	60	86
105	60	87
105	60	88
105	60	89
105	60	90
105	61	78
105	61	79
105	61	80
105	61	81
105	61	82
105	61	83
105	61	84
105	61	85
105	61	86
105	61	87
105	61	88
105	61	89
105	61	90
105	62	77
105	62	78
105	62	79
105	62	80
105	62	81
105	62	82
105	62	83
105	62	84
105	62	85
105	62	86
105	62	87
105	62	88
105	62	89
105	62	90
105	63	77
105	63	78
105	63	79
105	63	80
105	63	81
105	63	82
105	63	83
105	63	84
105	63	85
105	63	86
105	63	87
105	63	88
105	63	89
105	63	90
105	64	77
105	64	78
105	64	79
105	64	80
105	64	81
105	64	82
105	64	83
105	64	84
105	64	85
105	64	86
105	64	87
105	64	88
105	64	89
105	64	90
105	65	78
105	65	79
105	65	80
105	65	81
105	65	82
105	65	83
105	65	84
105	65	85
105	65	86
105	65	87
105	65	88
105	65	89
105	65	90
105	66	78
105	66	79
105	66	81
105	66	82
105	66	83
105	66	84
105	66	85
105	66	86
105	66	87
105	66	88
105	66	89
105	66	90
105	67	83
105	67	84
105	67	85
105	67	86
105	67	87
105	67	88
105	67	89
105	68	83
105	68	84
105	68	85
105	68	86
105	68	87
105	68	88
105	69	84
105	69	85
105	69	86
105	69	87
105	70	84
105	70	85
105	70	86
105	71	85
106	54	82
106	54	83
106	54	84
106	54	85
106	54	86
106	55	76
106	55	77
106	55	78
106	55	79
106	55	80
106	55	81
106	55	82
106	55	83
106	55	84
106	55	85
106	55	86
106	55	87
106	56	75
106	56	76
106	56	77
106	56	78
106	56	79
106	56	80
106	56	81
106	56	82
106	56	83
106	56	84
106	56	85
106	56	86
106	56	87
106	56	94
106	57	74
106	57	75
106	57	76
106	57	77
106	57	78
106	57	79
106	57	80
106	57	81
106	57	82
106	57	83
106	57	84
106	57	85
106	57	86
106	57	87
106	58	75
106	58	76
106	58	77
106	58	78
106	58	79
106	58	80
106	58	81
106	58	82
106	58	83
106	58	84
106	58	85
106	58	86
106	58	87
106	58	88
106	58	89
106	59	76
106	59	77
106	59	78
106	59	79
106	59	80
106	59	81
106	59	82
106	59	83
106	59	84
106	59	85
106	59	86
106	59	87
106	59	88
106	59	89
106	60	77
106	60	78
106	60	79
106	60	80
106	60	81
106	60	82
106	60	83
106	60	84
106	60	85
106	60	86
106	60	87
106	60	88
106	60	89
106	61	78
106	61	79
106	61	80
106	61	81
106	61	82
106	61	83
106	61	84
106	61	85
106	61	86
106	61	87
106	61	88
106	61	89
106	62	78
106	62	79
106	62	80
106	62	81
106	62	82
106	62	83
106	62	84
106	62	85
106	62	86
106	62	87
106	62	88
106	62	89
106	63	78
106	63	79
106	63	80
106	63	81
106	63	82
106	63	83
106	63	84
106	63	85
106	63	86
106	63	87
106	63	88
106	63	89
106	64	78
106	64	79
106	64	80
106	64	81
106	64	82
106	64	83
106	64	84
106	64	85
106	64	86
106	64	87
106	64	88
106	64	89
106	65	78
106	65	80
106	65	81
106	65	82
106	65	83
106	65	84
106	65	85
106	65	86
106	65	87
106	65	88
106	65	89
106	66	82
106	66	83
106	66	84
106	66	85
106	66	86
106	66	87
106	66	88
106	66	89
106	67	83
106	67	84
106	67	85
106	67	86
106	67	87
106	67	88
106	67	89
106	68	84
106	68	85
106	68	86
106	68	87
106	68	88
106	69	84
106	69	85
106	69	86
106	69	87
106	70	84
106	70	85
106	70	86
106	71	84
106	71	85
107	54	81
107	54	82
107	54	83
107	54	84
107	54	85
107	54	86
107	54	87
107	55	76
107	55	77
107	55	78
107	55	79
107	55	80
107	55	81
107	55	82
107	55	83
107	55	84
107	55	85
107	55	86
107	55	87
107	55	88
107	56	75
107	56	76
107	56	77
107	56	78
107	56	79
107	56	80
107	56	81
107	56	82
107	56	83
107	56	84
107	56	85
107	56	86
107	56	87
107	56	88
107	57	74
107	57	75
107	57	76
107	57	77
107	57	78
107	57	79
107	57	80
107	57	81
107	57	82
107	57	83
107	57	84
107	57	85
107	57	86
107	57	87
107	57	88
107	58	75
107	58	76
107	58	77
107	58	78
107	58	79
107	58	80
107	58	81
107	58	82
107	58	83
107	58	84
107	58	85
107	58	86
107	58	87
107	58	88
107	58	89
107	59	76
107	59	77
107	59	78
107	59	79
107	59	80
107	59	81
107	59	82
107	59	83
107	59	84
107	59	85
107	59	86
107	59	87
107	59	88
107	60	77
107	60	78
107	60	79
107	60	80
107	60	81
107	60	82
107	60	83
107	60	84
107	60	85
107	60	86
107	60	87
107	60	88
107	61	77
107	61	78
107	61	79
107	61	80
107	61	81
107	61	82
107	61	83
107	61	84
107	61	85
107	61	86
107	61	87
107	61	88
107	62	78
107	62	79
107	62	80
107	62	81
107	62	82
107	62	83
107	62	84
107	62	85
107	62	86
107	62	87
107	62	88
107	63	79
107	63	80
107	63	81
107	63	82
107	63	83
107	63	84
107	63	85
107	63	86
107	63	87
107	63	88
107	64	79
107	64	80
107	64	81
107	64	82
107	64	83
107	64	84
107	64	85
107	64	86
107	64	87
107	64	88
107	65	81
107	65	82
107	65	83
107	65	84
107	65	85
107	65	86
107	65	87
107	65	88
107	66	82
107	66	83
107	66	84
107	66	85
107	66	86
107	66	87
107	66	88
107	67	83
107	67	84
107	67	85
107	67	86
107	67	87
107	67	88
107	68	84
107	68	85
107	68	86
107	68	87
107	68	88
107	69	84
107	69	85
107	69	86
107	69	87
107	70	84
107	70	85
107	70	86
107	71	83
107	71	84
107	71	85
107	72	83
107	72	84
107	72	85
108	53	82
108	53	83
108	53	84
108	53	85
108	54	76
108	54	77
108	54	78
108	54	79
108	54	80
108	54	81
108	54	82
108	54	83
108	54	84
108	54	85
108	54	86
108	54	87
108	54	88
108	54	89
108	55	75
108	55	76
108	55	77
108	55	78
108	55	79
108	55	80
108	55	81
108	55	82
108	55	83
108	55	84
108	55	85
108	55	86
108	55	87
108	55	88
108	55	89
108	56	75
108	56	76
108	56	77
108	56	78
108	56	79
108	56	80
108	56	81
108	56	82
108	56	83
108	56	84
108	56	85
108	56	86
108	56	87
108	56	88
108	56	89
108	57	75
108	57	76
108	57	77
108	57	78
108	57	79
108	57	80
108	57	81
108	57	82
108	57	83
108	57	84
108	57	85
108	57	86
108	57	87
108	57	88
108	57	89
108	58	75
108	58	76
108	58	77
108	58	78
108	58	79
108	58	80
108	58	81
108	58	82
108	58	83
108	58	84
108	58	85
108	58	86
108	58	87
108	58	88
108	58	89
108	58	90
108	58	91
108	59	76
108	59	77
108	59	78
108	59	79
108	59	80
108	59	81
108	59	82
108	59	83
108	59	84
108	59	85
108	59	86
108	59	87
108	59	88
108	60	77
108	60	78
108	60	79
108	60	80
108	60	81
108	60	82
108	60	83
108	60	84
108	60	85
108	60	86
108	60	87
108	61	77
108	61	78
108	61	79
108	61	80
108	61	81
108	61	82
108	61	83
108	61	84
108	61	85
108	61	86
108	61	87
108	62	78
108	62	79
108	62	80
108	62	81
108	62	82
108	62	83
108	62	84
108	62	85
108	62	86
108	62	87
108	63	78
108	63	79
108	63	80
108	63	81
108	63	82
108	63	83
108	63	84
108	63	85
108	63	86
108	63	87
108	64	79
108	64	80
108	64	81
108	64	82
108	64	83
108	64	84
108	64	85
108	64	86
108	64	87
108	65	79
108	65	80
108	65	81
108	65	82
108	65	83
108	65	84
108	65	85
108	65	86
108	65	87
108	66	82
108	66	83
108	66	84
108	66	85
108	66	86
108	66	87
108	67	83
108	67	84
108	67	85
108	67	86
108	67	87
108	68	84
108	68	85
108	68	86
108	68	87
108	69	84
108	69	85
108	69	86
108	69	87
108	70	84
108	70	85
108	70	86
108	71	83
108	71	84
108	71	85
108	72	82
108	72	83
108	72	84
108	72	85
109	53	77
109	53	78
109	53	79
109	53	80
109	53	81
109	53	82
109	53	83
109	53	84
109	53	85
109	53	86
109	54	75
109	54	76
109	54	77
109	54	78
109	54	79
109	54	80
109	54	81
109	54	82
109	54	83
109	54	84
109	54	85
109	54	86
109	54	87
109	54	88
109	54	89
109	54	90
109	55	75
109	55	76
109	55	77
109	55	78
109	55	79
109	55	80
109	55	81
109	55	82
109	55	83
109	55	84
109	55	85
109	55	86
109	55	87
109	55	88
109	55	89
109	55	90
109	56	75
109	56	76
109	56	77
109	56	78
109	56	79
109	56	80
109	56	81
109	56	82
109	56	83
109	56	84
109	56	85
109	56	86
109	56	87
109	56	88
109	56	89
109	56	90
109	57	75
109	57	76
109	57	77
109	57	78
109	57	79
109	57	80
109	57	81
109	57	82
109	57	83
109	57	84
109	57	85
109	57	86
109	57	87
109	57	88
109	57	89
109	57	90
109	57	91
109	57	93
109	58	76
109	58	77
109	58	78
109	58	79
109	58	80
109	58	81
109	58	82
109	58	83
109	58	84
109	58	85
109	58	86
109	58	87
109	58	88
109	58	89
109	58	90
109	58	91
109	58	92
109	59	76
109	59	77
109	59	78
109	59	79
109	59	80
109	59	81
109	59	82
109	59	83
109	59	84
109	59	85
109	59	86
109	59	87
109	59	88
109	59	89
109	59	90
109	59	91
109	59	92
109	60	77
109	60	78
109	60	79
109	60	80
109	60	81
109	60	82
109	60	83
109	60	84
109	60	85
109	60	86
109	60	87
109	60	88
109	60	89
109	60	90
109	60	91
109	61	77
109	61	78
109	61	79
109	61	80
109	61	81
109	61	82
109	61	83
109	61	84
109	61	85
109	61	86
109	61	87
109	61	91
109	61	92
109	61	93
109	62	77
109	62	78
109	62	79
109	62	80
109	62	81
109	62	82
109	62	83
109	62	84
109	62	85
109	62	86
109	62	90
109	62	91
109	62	92
109	62	93
109	63	78
109	63	79
109	63	80
109	63	81
109	63	82
109	63	83
109	63	84
109	63	85
109	63	86
109	63	90
109	63	91
109	63	92
109	63	93
109	63	94
109	64	78
109	64	79
109	64	80
109	64	81
109	64	82
109	64	83
109	64	84
109	64	85
109	64	86
109	64	90
109	64	91
109	64	92
109	64	93
109	64	94
109	65	79
109	65	80
109	65	81
109	65	82
109	65	83
109	65	84
109	65	85
109	65	86
109	65	91
109	65	92
109	65	93
109	66	79
109	66	80
109	66	81
109	66	82
109	66	83
109	66	84
109	66	85
109	66	86
109	67	83
109	67	84
109	67	85
109	67	86
109	68	83
109	68	84
109	68	85
109	68	86
109	69	83
109	69	84
109	69	85
109	69	86
109	70	83
109	70	84
109	70	85
109	70	86
109	71	83
109	71	84
109	71	85
109	71	86
109	71	87
109	72	83
109	72	84
109	72	85
109	72	86
110	52	79
110	52	80
110	52	81
110	52	82
110	52	83
110	52	84
110	52	85
110	53	77
110	53	78
110	53	79
110	53	80
110	53	81
110	53	82
110	53	83
110	53	84
110	53	85
110	53	86
110	53	87
110	54	75
110	54	76
110	54	77
110	54	78
110	54	79
110	54	80
110	54	81
110	54	82
110	54	83
110	54	84
110	54	85
110	54	86
110	54	87
110	54	88
110	54	89
110	54	90
110	54	91
110	55	75
110	55	76
110	55	77
110	55	78
110	55	79
110	55	80
110	55	81
110	55	82
110	55	83
110	55	84
110	55	85
110	55	86
110	55	87
110	55	88
110	55	89
110	55	90
110	55	91
110	55	92
110	55	93
110	55	94
110	56	76
110	56	77
110	56	78
110	56	79
110	56	80
110	56	81
110	56	82
110	56	83
110	56	84
110	56	85
110	56	86
110	56	87
110	56	88
110	56	89
110	56	90
110	56	91
110	56	92
110	56	93
110	56	94
110	56	95
110	57	76
110	57	77
110	57	78
110	57	79
110	57	80
110	57	81
110	57	82
110	57	83
110	57	84
110	57	85
110	57	86
110	57	87
110	57	88
110	57	89
110	57	90
110	57	91
110	57	92
110	57	93
110	57	94
110	57	95
110	58	76
110	58	77
110	58	78
110	58	79
110	58	80
110	58	81
110	58	82
110	58	83
110	58	84
110	58	85
110	58	86
110	58	87
110	58	88
110	58	89
110	58	90
110	58	91
110	58	92
110	58	93
110	58	94
110	58	95
110	59	77
110	59	78
110	59	79
110	59	80
110	59	81
110	59	82
110	59	83
110	59	84
110	59	85
110	59	86
110	59	87
110	59	88
110	59	89
110	59	90
110	59	91
110	59	92
110	59	93
110	60	77
110	60	78
110	60	79
110	60	80
110	60	81
110	60	82
110	60	83
110	60	84
110	60	85
110	60	86
110	60	87
110	60	88
110	60	89
110	60	90
110	60	91
110	60	92
110	60	93
110	60	94
110	60	95
110	60	96
110	61	77
110	61	78
110	61	79
110	61	80
110	61	81
110	61	82
110	61	83
110	61	84
110	61	85
110	61	86
110	61	87
110	61	88
110	61	89
110	61	90
110	61	91
110	61	92
110	61	93
110	61	94
110	61	95
110	61	96
110	62	77
110	62	78
110	62	79
110	62	80
110	62	81
110	62	82
110	62	83
110	62	84
110	62	85
110	62	86
110	62	88
110	62	89
110	62	90
110	62	91
110	62	92
110	62	93
110	62	94
110	62	95
110	62	96
110	63	77
110	63	78
110	63	79
110	63	80
110	63	81
110	63	82
110	63	83
110	63	84
110	63	85
110	63	88
110	63	89
110	63	90
110	63	91
110	63	92
110	63	93
110	63	94
110	63	95
110	63	96
110	63	97
110	64	78
110	64	79
110	64	80
110	64	81
110	64	82
110	64	83
110	64	84
110	64	85
110	64	88
110	64	89
110	64	90
110	64	91
110	64	92
110	64	93
110	64	94
110	64	95
110	64	96
110	65	78
110	65	79
110	65	80
110	65	81
110	65	82
110	65	83
110	65	84
110	65	85
110	65	88
110	65	89
110	65	90
110	65	91
110	65	92
110	65	93
110	65	94
110	65	95
110	65	96
110	66	79
110	66	80
110	66	81
110	66	82
110	66	83
110	66	84
110	66	85
110	66	88
110	66	89
110	66	90
110	66	91
110	66	92
110	66	93
110	66	94
110	66	95
110	67	83
110	67	84
110	67	85
110	67	88
110	67	89
110	67	90
110	67	91
110	67	92
110	67	93
110	67	94
110	68	84
110	68	85
110	68	88
110	68	89
110	68	90
110	68	91
110	68	92
110	68	93
110	69	84
110	69	85
110	69	88
110	69	89
110	69	90
110	69	91
110	69	92
110	70	84
110	70	85
110	70	86
110	70	87
110	71	84
110	71	85
110	71	86
110	71	87
111	52	78
111	52	79
111	52	80
111	52	81
111	52	82
111	52	86
111	53	76
111	53	77
111	53	78
111	53	79
111	53	80
111	53	81
111	53	82
111	53	83
111	53	84
111	53	85
111	53	86
111	53	87
111	53	88
111	53	89
111	53	90
111	54	76
111	54	77
111	54	78
111	54	79
111	54	80
111	54	81
111	54	82
111	54	83
111	54	84
111	54	85
111	54	86
111	54	87
111	54	88
111	54	89
111	54	90
111	54	91
111	54	92
111	55	76
111	55	77
111	55	78
111	55	79
111	55	80
111	55	81
111	55	82
111	55	83
111	55	84
111	55	85
111	55	86
111	55	87
111	55	88
111	55	89
111	55	90
111	55	91
111	55	92
111	55	93
111	55	94
111	55	95
111	55	96
111	56	76
111	56	77
111	56	78
111	56	79
111	56	80
111	56	81
111	56	82
111	56	83
111	56	84
111	56	85
111	56	86
111	56	87
111	56	88
111	56	89
111	56	90
111	56	91
111	56	92
111	56	93
111	56	94
111	56	95
111	56	96
111	56	97
111	57	77
111	57	78
111	57	79
111	57	80
111	57	81
111	57	82
111	57	83
111	57	84
111	57	85
111	57	86
111	57	87
111	57	88
111	57	89
111	57	90
111	57	91
111	57	92
111	57	93
111	57	94
111	57	95
111	57	96
111	57	97
111	58	77
111	58	78
111	58	79
111	58	80
111	58	81
111	58	82
111	58	83
111	58	84
111	58	85
111	58	86
111	58	87
111	58	88
111	58	89
111	58	90
111	58	91
111	58	92
111	58	93
111	58	94
111	58	95
111	58	96
111	59	77
111	59	78
111	59	79
111	59	80
111	59	81
111	59	82
111	59	83
111	59	84
111	59	85
111	59	86
111	59	87
111	59	88
111	59	89
111	59	90
111	59	91
111	59	92
111	59	93
111	59	94
111	59	95
111	59	96
111	59	97
111	60	77
111	60	78
111	60	79
111	60	80
111	60	81
111	60	82
111	60	83
111	60	84
111	60	85
111	60	86
111	60	87
111	60	88
111	60	89
111	60	90
111	60	91
111	60	92
111	60	93
111	60	94
111	60	95
111	60	96
111	60	97
111	61	77
111	61	78
111	61	79
111	61	80
111	61	81
111	61	82
111	61	83
111	61	84
111	61	85
111	61	86
111	61	87
111	61	88
111	61	89
111	61	90
111	61	91
111	61	92
111	61	93
111	61	94
111	61	95
111	61	96
111	61	97
111	62	77
111	62	78
111	62	79
111	62	80
111	62	81
111	62	82
111	62	83
111	62	84
111	62	85
111	62	86
111	62	87
111	62	88
111	62	89
111	62	90
111	62	91
111	62	92
111	62	93
111	62	94
111	62	95
111	62	96
111	62	97
111	63	77
111	63	78
111	63	79
111	63	80
111	63	81
111	63	82
111	63	83
111	63	84
111	63	85
111	63	86
111	63	87
111	63	88
111	63	89
111	63	90
111	63	91
111	63	92
111	63	93
111	63	94
111	63	95
111	63	96
111	63	97
111	64	77
111	64	78
111	64	79
111	64	80
111	64	81
111	64	82
111	64	83
111	64	84
111	64	85
111	64	87
111	64	88
111	64	89
111	64	90
111	64	91
111	64	92
111	64	93
111	64	94
111	64	95
111	64	96
111	64	97
111	65	78
111	65	79
111	65	80
111	65	81
111	65	82
111	65	83
111	65	84
111	65	87
111	65	88
111	65	89
111	65	90
111	65	91
111	65	92
111	65	93
111	65	94
111	65	95
111	65	96
111	66	78
111	66	79
111	66	80
111	66	81
111	66	82
111	66	83
111	66	84
111	66	87
111	66	88
111	66	89
111	66	90
111	66	91
111	66	92
111	66	93
111	66	94
111	66	95
111	66	96
111	67	83
111	67	84
111	67	87
111	67	88
111	67	89
111	67	90
111	67	91
111	67	92
111	67	93
111	67	94
111	67	95
111	68	84
111	68	87
111	68	88
111	68	89
111	68	90
111	68	91
111	68	92
111	68	93
111	68	94
111	69	87
111	69	88
111	69	89
111	69	90
111	69	91
111	69	92
111	69	93
111	70	88
111	70	89
111	70	90
111	70	91
111	70	92
111	70	93
111	71	85
111	71	86
111	71	87
111	71	88
111	71	89
111	71	90
111	71	91
111	71	92
112	51	79
112	51	86
112	52	77
112	52	78
112	52	79
112	52	80
112	52	81
112	52	82
112	52	83
112	52	85
112	52	86
112	52	87
112	52	88
112	52	89
112	52	90
112	52	91
112	53	76
112	53	77
112	53	78
112	53	79
112	53	80
112	53	81
112	53	82
112	53	83
112	53	84
112	53	85
112	53	86
112	53	87
112	53	88
112	53	89
112	53	90
112	53	91
112	54	76
112	54	77
112	54	78
112	54	79
112	54	80
112	54	81
112	54	82
112	54	83
112	54	84
112	54	85
112	54	86
112	54	87
112	54	88
112	54	89
112	54	90
112	54	91
112	54	92
112	55	77
112	55	78
112	55	79
112	55	80
112	55	81
112	55	82
112	55	83
112	55	84
112	55	85
112	55	86
112	55	87
112	55	88
112	55	89
112	55	90
112	55	91
112	55	92
112	55	93
112	55	94
112	55	95
112	56	77
112	56	78
112	56	79
112	56	80
112	56	81
112	56	82
112	56	83
112	56	84
112	56	85
112	56	86
112	56	87
112	56	88
112	56	89
112	56	90
112	56	91
112	56	92
112	56	93
112	56	94
112	56	95
112	56	96
112	57	77
112	57	78
112	57	79
112	57	80
112	57	81
112	57	82
112	57	83
112	57	84
112	57	85
112	57	86
112	57	87
112	57	88
112	57	89
112	57	90
112	57	91
112	57	92
112	57	93
112	57	94
112	57	95
112	57	96
112	57	97
112	58	77
112	58	78
112	58	79
112	58	80
112	58	81
112	58	82
112	58	83
112	58	84
112	58	85
112	58	86
112	58	87
112	58	88
112	58	89
112	58	90
112	58	91
112	58	92
112	58	93
112	58	94
112	58	95
112	58	96
112	58	97
112	58	98
112	59	78
112	59	79
112	59	80
112	59	81
112	59	82
112	59	83
112	59	84
112	59	85
112	59	86
112	59	87
112	59	88
112	59	89
112	59	90
112	59	91
112	59	92
112	59	93
112	59	94
112	59	95
112	59	96
112	59	97
112	59	98
112	60	78
112	60	79
112	60	80
112	60	81
112	60	82
112	60	83
112	60	84
112	60	85
112	60	86
112	60	87
112	60	88
112	60	89
112	60	90
112	60	91
112	60	92
112	60	93
112	60	94
112	60	95
112	60	96
112	60	97
112	60	98
112	61	78
112	61	79
112	61	80
112	61	81
112	61	82
112	61	83
112	61	84
112	61	85
112	61	86
112	61	87
112	61	88
112	61	89
112	61	90
112	61	91
112	61	92
112	61	93
112	61	94
112	61	95
112	61	96
112	61	97
112	61	98
112	62	77
112	62	78
112	62	79
112	62	80
112	62	81
112	62	82
112	62	83
112	62	84
112	62	85
112	62	86
112	62	87
112	62	88
112	62	89
112	62	90
112	62	91
112	62	92
112	62	93
112	62	94
112	62	95
112	62	96
112	62	97
112	62	98
112	63	77
112	63	78
112	63	79
112	63	80
112	63	81
112	63	82
112	63	83
112	63	84
112	63	85
112	63	86
112	63	87
112	63	88
112	63	89
112	63	90
112	63	91
112	63	92
112	63	93
112	63	94
112	63	95
112	63	96
112	63	97
112	64	77
112	64	78
112	64	79
112	64	80
112	64	81
112	64	82
112	64	83
112	64	84
112	64	85
112	64	86
112	64	87
112	64	88
112	64	89
112	64	90
112	64	91
112	64	92
112	64	93
112	64	94
112	64	95
112	64	96
112	64	97
112	65	77
112	65	78
112	65	79
112	65	80
112	65	81
112	65	82
112	65	83
112	65	84
112	65	86
112	65	87
112	65	88
112	65	89
112	65	90
112	65	91
112	65	92
112	65	93
112	65	94
112	65	95
112	65	96
112	65	97
112	66	77
112	66	78
112	66	79
112	66	80
112	66	81
112	66	82
112	66	83
112	66	84
112	66	86
112	66	87
112	66	88
112	66	89
112	66	90
112	66	91
112	66	92
112	66	93
112	66	94
112	66	95
112	66	96
112	67	77
112	67	78
112	67	79
112	67	80
112	67	81
112	67	82
112	67	83
112	67	86
112	67	87
112	67	88
112	67	89
112	67	90
112	67	91
112	67	92
112	67	93
112	67	94
112	67	95
112	68	86
112	68	87
112	68	88
112	68	89
112	68	90
112	68	91
112	68	92
112	68	93
112	68	94
112	69	86
112	69	87
112	69	88
112	69	89
112	69	90
112	69	91
112	69	92
112	69	93
112	69	94
112	70	86
112	70	87
112	70	88
112	70	89
112	70	90
112	70	91
112	70	92
112	70	93
112	71	88
112	71	89
112	71	90
112	71	91
113	50	78
113	51	77
113	51	78
113	51	79
113	52	76
113	52	77
113	52	78
113	52	79
113	52	80
113	52	82
113	52	83
113	52	84
113	52	85
113	52	86
113	52	87
113	52	88
113	53	77
113	53	78
113	53	79
113	53	80
113	53	81
113	53	82
113	53	83
113	53	84
113	53	85
113	53	86
113	53	87
113	53	88
113	53	89
113	53	90
113	53	91
113	54	77
113	54	78
113	54	79
113	54	80
113	54	81
113	54	82
113	54	83
113	54	84
113	54	85
113	54	86
113	54	87
113	54	88
113	54	89
113	54	90
113	54	91
113	54	92
113	55	77
113	55	78
113	55	79
113	55	80
113	55	81
113	55	82
113	55	83
113	55	84
113	55	85
113	55	86
113	55	87
113	55	88
113	55	89
113	55	90
113	55	91
113	55	92
113	55	93
113	55	94
113	55	95
113	56	77
113	56	78
113	56	79
113	56	80
113	56	81
113	56	82
113	56	83
113	56	84
113	56	85
113	56	86
113	56	87
113	56	88
113	56	89
113	56	90
113	56	91
113	56	92
113	56	93
113	56	94
113	56	95
113	56	96
113	56	97
113	57	77
113	57	78
113	57	79
113	57	80
113	57	81
113	57	82
113	57	83
113	57	84
113	57	85
113	57	86
113	57	87
113	57	88
113	57	89
113	57	90
113	57	91
113	57	92
113	57	93
113	57	94
113	57	95
113	57	96
113	57	97
113	58	78
113	58	79
113	58	80
113	58	81
113	58	82
113	58	83
113	58	84
113	58	85
113	58	86
113	58	87
113	58	88
113	58	89
113	58	90
113	58	91
113	58	92
113	58	93
113	58	94
113	58	95
113	58	96
113	58	97
113	58	98
113	59	78
113	59	79
113	59	80
113	59	81
113	59	82
113	59	83
113	59	84
113	59	85
113	59	86
113	59	87
113	59	88
113	59	89
113	59	90
113	59	91
113	59	92
113	59	93
113	59	94
113	59	95
113	59	96
113	59	97
113	59	98
113	60	78
113	60	79
113	60	80
113	60	81
113	60	82
113	60	83
113	60	84
113	60	85
113	60	86
113	60	87
113	60	88
113	60	89
113	60	90
113	60	91
113	60	92
113	60	93
113	60	94
113	60	95
113	60	96
113	60	97
113	60	98
113	61	78
113	61	79
113	61	80
113	61	81
113	61	82
113	61	83
113	61	84
113	61	85
113	61	86
113	61	87
113	61	88
113	61	89
113	61	90
113	61	91
113	61	92
113	61	93
113	61	94
113	61	95
113	61	96
113	61	97
113	61	98
113	62	77
113	62	78
113	62	79
113	62	80
113	62	81
113	62	82
113	62	83
113	62	84
113	62	85
113	62	86
113	62	87
113	62	88
113	62	89
113	62	90
113	62	91
113	62	92
113	62	93
113	62	94
113	62	95
113	62	96
113	62	97
113	62	98
113	63	77
113	63	78
113	63	79
113	63	80
113	63	81
113	63	82
113	63	83
113	63	84
113	63	85
113	63	86
113	63	87
113	63	88
113	63	89
113	63	90
113	63	91
113	63	92
113	63	93
113	63	94
113	63	95
113	63	96
113	63	97
113	63	98
113	64	77
113	64	78
113	64	79
113	64	80
113	64	81
113	64	82
113	64	83
113	64	84
113	64	85
113	64	86
113	64	87
113	64	88
113	64	89
113	64	90
113	64	91
113	64	92
113	64	93
113	64	94
113	64	95
113	64	96
113	64	97
113	65	77
113	65	78
113	65	79
113	65	80
113	65	81
113	65	82
113	65	83
113	65	84
113	65	85
113	65	86
113	65	87
113	65	88
113	65	89
113	65	90
113	65	91
113	65	92
113	65	93
113	65	94
113	65	95
113	65	96
113	65	97
113	66	76
113	66	77
113	66	78
113	66	79
113	66	80
113	66	81
113	66	82
113	66	83
113	66	84
113	66	85
113	66	86
113	66	87
113	66	88
113	66	89
113	66	90
113	66	91
113	66	92
113	66	93
113	66	94
113	66	95
113	66	96
113	67	76
113	67	77
113	67	78
113	67	79
113	67	80
113	67	81
113	67	82
113	67	83
113	67	85
113	67	86
113	67	87
113	67	88
113	67	89
113	67	90
113	67	91
113	67	92
113	67	93
113	67	94
113	67	95
113	68	75
113	68	76
113	68	77
113	68	78
113	68	79
113	68	85
113	68	86
113	68	87
113	68	88
113	68	89
113	68	90
113	68	91
113	68	92
113	68	93
113	68	94
113	69	76
113	69	77
113	69	86
113	69	87
113	69	88
113	69	89
113	69	90
113	69	91
113	69	92
113	69	93
113	70	86
113	70	87
113	70	88
113	70	89
113	70	90
113	70	91
113	70	92
113	71	87
113	71	88
113	71	89
113	71	90
113	71	91
114	50	77
114	51	77
114	51	78
114	51	79
114	52	77
114	52	78
114	52	79
114	52	80
114	53	77
114	53	78
114	53	79
114	53	80
114	53	81
114	53	83
114	53	84
114	53	85
114	53	86
114	53	87
114	53	88
114	54	77
114	54	78
114	54	79
114	54	80
114	54	81
114	54	82
114	54	83
114	54	84
114	54	85
114	54	86
114	54	87
114	54	88
114	54	89
114	54	90
114	55	77
114	55	78
114	55	79
114	55	80
114	55	81
114	55	82
114	55	83
114	55	84
114	55	85
114	55	86
114	55	87
114	55	88
114	55	89
114	55	90
114	55	91
114	55	94
114	56	78
114	56	79
114	56	80
114	56	81
114	56	82
114	56	83
114	56	84
114	56	85
114	56	86
114	56	87
114	56	88
114	56	89
114	56	90
114	56	91
114	56	92
114	56	93
114	56	94
114	56	95
114	56	96
114	57	78
114	57	79
114	57	80
114	57	81
114	57	82
114	57	83
114	57	84
114	57	85
114	57	86
114	57	87
114	57	88
114	57	89
114	57	90
114	57	91
114	57	92
114	57	93
114	57	94
114	57	95
114	57	96
114	57	97
114	58	78
114	58	79
114	58	80
114	58	81
114	58	82
114	58	83
114	58	84
114	58	85
114	58	86
114	58	87
114	58	88
114	58	89
114	58	90
114	58	91
114	58	92
114	58	93
114	58	94
114	58	95
114	58	96
114	58	97
114	58	98
114	59	78
114	59	79
114	59	80
114	59	81
114	59	82
114	59	83
114	59	84
114	59	85
114	59	86
114	59	87
114	59	88
114	59	89
114	59	90
114	59	91
114	59	92
114	59	93
114	59	94
114	59	95
114	59	96
114	59	97
114	59	98
114	59	99
114	60	78
114	60	79
114	60	80
114	60	81
114	60	82
114	60	83
114	60	84
114	60	85
114	60	86
114	60	87
114	60	88
114	60	89
114	60	90
114	60	91
114	60	92
114	60	93
114	60	94
114	60	95
114	60	96
114	60	97
114	60	98
114	61	78
114	61	79
114	61	80
114	61	81
114	61	82
114	61	83
114	61	84
114	61	85
114	61	86
114	61	87
114	61	88
114	61	89
114	61	90
114	61	91
114	61	92
114	61	93
114	61	94
114	61	95
114	61	96
114	61	97
114	61	98
114	62	78
114	62	79
114	62	80
114	62	81
114	62	82
114	62	83
114	62	84
114	62	85
114	62	88
114	62	89
114	62	90
114	62	91
114	62	92
114	62	93
114	62	94
114	62	95
114	62	96
114	62	97
114	62	98
114	63	78
114	63	79
114	63	80
114	63	81
114	63	82
114	63	83
114	63	84
114	63	85
114	63	88
114	63	89
114	63	90
114	63	91
114	63	92
114	63	93
114	63	94
114	63	95
114	63	96
114	63	97
114	63	98
114	64	77
114	64	78
114	64	79
114	64	80
114	64	81
114	64	82
114	64	83
114	64	84
114	64	85
114	64	86
114	64	87
114	64	88
114	64	89
114	64	90
114	64	91
114	64	92
114	64	93
114	64	94
114	64	95
114	64	96
114	64	97
114	64	98
114	65	77
114	65	78
114	65	79
114	65	80
114	65	81
114	65	82
114	65	83
114	65	84
114	65	85
114	65	86
114	65	87
114	65	88
114	65	89
114	65	90
114	65	91
114	65	92
114	65	93
114	65	94
114	65	95
114	65	96
114	65	97
114	66	76
114	66	77
114	66	78
114	66	79
114	66	80
114	66	81
114	66	82
114	66	83
114	66	84
114	66	85
114	66	86
114	66	87
114	66	88
114	66	89
114	66	90
114	66	91
114	66	92
114	66	93
114	66	94
114	66	95
114	66	96
114	67	76
114	67	77
114	67	78
114	67	79
114	67	80
114	67	81
114	67	82
114	67	83
114	67	84
114	67	85
114	67	86
114	67	87
114	67	88
114	67	89
114	67	90
114	67	91
114	67	92
114	67	93
114	67	94
114	67	95
114	68	76
114	68	77
114	68	78
114	68	79
114	68	80
114	68	81
114	68	85
114	68	86
114	68	87
114	68	88
114	68	89
114	68	90
114	68	91
114	68	92
114	68	93
114	68	94
114	69	76
114	69	77
114	69	78
114	69	79
114	69	86
114	69	87
114	69	88
114	69	89
114	69	90
114	69	91
114	69	92
114	69	93
114	70	77
114	70	78
114	70	87
114	70	88
114	70	89
114	70	90
114	70	91
114	70	92
114	71	88
114	71	89
114	71	90
114	71	91
115	50	77
115	51	77
115	51	78
115	52	77
115	52	78
115	52	79
115	52	80
115	53	77
115	53	78
115	53	79
115	53	80
115	53	81
115	54	78
115	54	79
115	54	80
115	54	81
115	54	82
115	54	84
115	54	85
115	54	86
115	54	87
115	54	88
115	54	89
115	55	78
115	55	79
115	55	80
115	55	81
115	55	82
115	55	83
115	55	84
115	55	85
115	55	86
115	55	87
115	55	88
115	55	89
115	55	90
115	56	78
115	56	79
115	56	80
115	56	81
115	56	82
115	56	83
115	56	84
115	56	85
115	56	86
115	56	87
115	56	88
115	56	89
115	56	90
115	56	91
115	56	92
115	56	93
115	56	94
115	56	95
115	56	96
115	57	78
115	57	79
115	57	80
115	57	81
115	57	82
115	57	83
115	57	84
115	57	85
115	57	86
115	57	87
115	57	88
115	57	89
115	57	90
115	57	91
115	57	92
115	57	93
115	57	94
115	57	95
115	57	96
115	57	97
115	57	98
115	58	79
115	58	80
115	58	81
115	58	82
115	58	83
115	58	84
115	58	85
115	58	86
115	58	87
115	58	88
115	58	89
115	58	90
115	58	91
115	58	92
115	58	93
115	58	94
115	58	95
115	58	96
115	58	97
115	58	98
115	59	79
115	59	80
115	59	81
115	59	82
115	59	83
115	59	84
115	59	85
115	59	86
115	59	87
115	59	88
115	59	89
115	59	90
115	59	91
115	59	92
115	59	93
115	59	94
115	59	95
115	59	96
115	59	97
115	59	98
115	59	99
115	60	79
115	60	80
115	60	81
115	60	82
115	60	83
115	60	84
115	60	85
115	60	86
115	60	87
115	60	88
115	60	89
115	60	90
115	60	91
115	60	92
115	60	93
115	60	94
115	60	95
115	60	96
115	60	97
115	60	98
115	60	99
115	61	78
115	61	79
115	61	80
115	61	81
115	61	82
115	61	83
115	61	84
115	61	89
115	61	90
115	61	91
115	61	92
115	61	93
115	61	94
115	61	95
115	61	96
115	61	97
115	61	98
115	62	78
115	62	79
115	62	80
115	62	81
115	62	82
115	62	83
115	62	84
115	62	89
115	62	90
115	62	91
115	62	92
115	62	93
115	62	94
115	62	95
115	62	96
115	62	97
115	62	98
115	63	78
115	63	79
115	63	80
115	63	81
115	63	82
115	63	83
115	63	84
115	63	89
115	63	90
115	63	91
115	63	92
115	63	93
115	63	94
115	63	95
115	63	96
115	63	97
115	63	98
115	64	78
115	64	79
115	64	80
115	64	81
115	64	82
115	64	83
115	64	84
115	64	85
115	64	89
115	64	90
115	64	91
115	64	92
115	64	93
115	64	94
115	64	95
115	64	96
115	64	97
115	64	98
115	65	77
115	65	78
115	65	79
115	65	80
115	65	81
115	65	82
115	65	83
115	65	84
115	65	85
115	65	86
115	65	88
115	65	89
115	65	90
115	65	91
115	65	92
115	65	93
115	65	94
115	65	95
115	65	96
115	65	97
115	65	98
115	66	77
115	66	78
115	66	79
115	66	80
115	66	81
115	66	82
115	66	83
115	66	84
115	66	85
115	66	86
115	66	87
115	66	88
115	66	89
115	66	90
115	66	91
115	66	92
115	66	93
115	66	94
115	66	95
115	66	96
115	66	97
115	67	77
115	67	78
115	67	79
115	67	80
115	67	81
115	67	82
115	67	83
115	67	84
115	67	85
115	67	86
115	67	87
115	67	88
115	67	89
115	67	90
115	67	91
115	67	92
115	67	93
115	67	94
115	67	95
115	68	77
115	68	78
115	68	79
115	68	80
115	68	81
115	68	82
115	68	83
115	68	87
115	68	88
115	68	89
115	68	90
115	68	91
115	68	92
115	68	93
115	68	94
115	69	77
115	69	78
115	69	79
115	69	80
115	69	81
115	69	88
115	69	89
115	69	90
115	69	91
115	69	92
115	69	93
115	70	77
115	70	78
115	70	79
115	70	88
115	70	89
115	70	90
115	70	91
115	70	92
115	71	77
115	71	78
115	71	90
115	71	91
116	50	77
116	51	77
116	51	78
116	52	78
116	52	79
116	52	80
116	53	78
116	53	79
116	53	80
116	53	81
116	54	79
116	54	80
116	54	81
116	55	79
116	55	80
116	55	81
116	55	85
116	55	86
116	56	79
116	56	80
116	56	81
116	56	82
116	56	83
116	56	84
116	56	85
116	56	86
116	56	87
116	56	88
116	56	89
116	56	90
116	56	93
116	56	94
116	56	95
116	56	96
116	57	79
116	57	80
116	57	81
116	57	82
116	57	83
116	57	84
116	57	85
116	57	86
116	57	87
116	57	88
116	57	89
116	57	90
116	57	91
116	57	92
116	57	93
116	57	94
116	57	95
116	57	96
116	57	97
116	57	98
116	58	79
116	58	80
116	58	81
116	58	82
116	58	83
116	58	84
116	58	85
116	58	86
116	58	87
116	58	88
116	58	89
116	58	90
116	58	91
116	58	92
116	58	93
116	58	94
116	58	95
116	58	96
116	58	97
116	58	98
116	59	79
116	59	80
116	59	81
116	59	82
116	59	83
116	59	84
116	59	85
116	59	86
116	59	87
116	59	88
116	59	89
116	59	90
116	59	91
116	59	92
116	59	93
116	59	94
116	59	95
116	59	96
116	59	97
116	59	98
116	59	99
116	60	79
116	60	80
116	60	81
116	60	82
116	60	83
116	60	84
116	60	85
116	60	88
116	60	89
116	60	90
116	60	91
116	60	92
116	60	93
116	60	94
116	60	95
116	60	96
116	60	97
116	60	98
116	60	99
116	61	79
116	61	80
116	61	81
116	61	82
116	61	83
116	61	90
116	61	91
116	61	92
116	61	93
116	61	94
116	61	95
116	61	96
116	61	97
116	61	98
116	61	99
116	62	79
116	62	80
116	62	81
116	62	82
116	62	83
116	62	90
116	62	91
116	62	92
116	62	93
116	62	94
116	62	95
116	62	96
116	62	97
116	62	98
116	62	99
116	63	79
116	63	80
116	63	81
116	63	82
116	63	83
116	63	84
116	63	90
116	63	91
116	63	92
116	63	93
116	63	94
116	63	95
116	63	96
116	63	97
116	63	98
116	63	99
116	64	78
116	64	79
116	64	80
116	64	81
116	64	82
116	64	83
116	64	84
116	64	90
116	64	91
116	64	92
116	64	93
116	64	94
116	64	95
116	64	96
116	64	97
116	64	98
116	64	99
116	65	78
116	65	79
116	65	80
116	65	81
116	65	82
116	65	83
116	65	84
116	65	85
116	65	90
116	65	91
116	65	92
116	65	93
116	65	94
116	65	95
116	65	96
116	65	97
116	65	98
116	66	78
116	66	79
116	66	80
116	66	81
116	66	82
116	66	83
116	66	84
116	66	85
116	66	86
116	66	89
116	66	90
116	66	91
116	66	92
116	66	93
116	66	94
116	66	95
116	66	96
116	67	77
116	67	78
116	67	79
116	67	80
116	67	81
116	67	82
116	67	83
116	67	84
116	67	85
116	67	89
116	67	90
116	67	91
116	67	92
116	67	93
116	67	94
116	67	95
116	68	77
116	68	78
116	68	79
116	68	80
116	68	81
116	68	82
116	68	83
116	68	84
116	68	89
116	68	90
116	68	91
116	68	92
116	68	93
116	68	94
116	69	78
116	69	79
116	69	80
116	69	81
116	69	82
116	69	89
116	69	90
116	69	91
116	69	92
116	69	93
116	70	78
116	70	79
116	70	80
116	70	81
116	70	90
116	70	91
116	70	92
116	71	78
116	71	79
116	71	91
117	53	79
117	54	80
117	55	80
117	56	80
117	56	84
117	56	85
117	56	94
117	56	95
117	56	96
117	57	80
117	57	81
117	57	82
117	57	83
117	57	84
117	57	85
117	57	86
117	57	87
117	57	88
117	57	89
117	57	90
117	57	91
117	57	93
117	57	94
117	57	95
117	57	96
117	57	97
117	57	98
117	58	80
117	58	81
117	58	82
117	58	83
117	58	84
117	58	85
117	58	86
117	58	87
117	58	88
117	58	89
117	58	90
117	58	91
117	58	92
117	58	93
117	58	94
117	58	95
117	58	96
117	58	97
117	58	98
117	59	80
117	59	81
117	59	82
117	59	83
117	59	84
117	59	85
117	59	86
117	59	87
117	59	88
117	59	89
117	59	90
117	59	91
117	59	92
117	59	93
117	59	94
117	59	95
117	59	96
117	59	97
117	59	98
117	59	99
117	60	80
117	60	81
117	60	82
117	60	83
117	60	84
117	60	90
117	60	91
117	60	92
117	60	93
117	60	94
117	60	95
117	60	96
117	60	97
117	60	98
117	60	99
117	60	100
117	61	79
117	61	80
117	61	81
117	61	82
117	61	83
117	61	91
117	61	92
117	61	93
117	61	94
117	61	95
117	61	96
117	61	97
117	61	98
117	61	99
117	61	100
117	62	79
117	62	80
117	62	81
117	62	82
117	62	83
117	62	91
117	62	92
117	62	93
117	62	94
117	62	95
117	62	96
117	62	97
117	62	98
117	62	99
117	62	100
117	63	79
117	63	80
117	63	81
117	63	82
117	63	83
117	63	84
117	63	91
117	63	92
117	63	93
117	63	94
117	63	95
117	63	96
117	63	97
117	63	98
117	63	99
117	63	100
117	64	79
117	64	80
117	64	81
117	64	82
117	64	83
117	64	84
117	64	91
117	64	92
117	64	93
117	64	94
117	64	95
117	64	96
117	64	97
117	64	98
117	64	99
117	64	100
117	65	79
117	65	80
117	65	81
117	65	82
117	65	83
117	65	84
117	65	85
117	65	91
117	65	92
117	65	93
117	65	94
117	65	95
117	65	96
117	65	97
117	65	98
117	66	79
117	66	80
117	66	81
117	66	82
117	66	83
117	66	84
117	66	85
117	66	90
117	66	91
117	66	92
117	66	93
117	66	94
117	66	95
117	66	96
117	67	78
117	67	79
117	67	80
117	67	81
117	67	82
117	67	83
117	67	84
117	67	85
117	67	90
117	67	91
117	67	92
117	67	93
117	68	78
117	68	79
117	68	80
117	68	81
117	68	82
117	68	83
117	68	84
117	68	90
117	68	91
117	68	92
117	69	78
117	69	79
117	69	80
117	69	81
117	69	82
117	69	83
117	69	90
117	69	91
117	69	92
117	70	79
117	70	80
117	70	81
117	70	82
117	70	91
117	70	92
117	71	79
117	71	80
117	71	91
118	56	96
118	57	83
118	57	84
118	57	94
118	57	95
118	57	96
118	57	97
118	58	81
118	58	82
118	58	83
118	58	84
118	58	85
118	58	86
118	58	87
118	58	88
118	58	89
118	58	90
118	58	91
118	58	92
118	58	93
118	58	94
118	58	95
118	58	96
118	58	97
118	58	98
118	59	80
118	59	81
118	59	82
118	59	83
118	59	84
118	59	85
118	59	86
118	59	87
118	59	88
118	59	89
118	59	90
118	59	91
118	59	92
118	59	93
118	59	94
118	59	95
118	59	96
118	59	97
118	59	98
118	59	99
118	60	80
118	60	81
118	60	82
118	60	83
118	60	84
118	60	91
118	60	92
118	60	93
118	60	94
118	60	95
118	60	96
118	60	97
118	60	98
118	60	99
118	60	100
118	61	80
118	61	81
118	61	82
118	61	83
118	61	92
118	61	93
118	61	94
118	61	95
118	61	96
118	61	97
118	61	98
118	61	99
118	61	100
118	62	80
118	62	81
118	62	82
118	62	83
118	62	92
118	62	93
118	62	94
118	62	95
118	62	96
118	62	97
118	62	98
118	62	99
118	62	100
118	62	101
118	63	80
118	63	81
118	63	82
118	63	83
118	63	84
118	63	92
118	63	93
118	63	94
118	63	95
118	63	96
118	63	97
118	63	98
118	63	99
118	63	100
118	64	80
118	64	81
118	64	82
118	64	83
118	64	84
118	64	92
118	64	93
118	64	94
118	64	95
118	64	96
118	64	97
118	64	98
118	64	99
118	64	100
118	65	80
118	65	81
118	65	82
118	65	83
118	65	84
118	65	85
118	65	92
118	65	93
118	65	94
118	65	95
118	65	96
118	65	97
118	66	80
118	66	81
118	66	82
118	66	83
118	66	84
118	66	85
118	66	92
118	66	93
118	67	79
118	67	80
118	67	81
118	67	82
118	67	83
118	67	84
118	67	85
118	67	91
118	68	79
118	68	80
118	68	81
118	68	82
118	68	83
118	68	84
118	68	91
118	69	80
118	69	81
118	69	82
118	69	83
118	69	91
118	70	80
118	70	81
118	70	82
118	70	91
118	71	91
119	57	96
119	57	97
119	58	82
119	58	83
119	58	94
119	58	95
119	58	96
119	58	97
119	58	98
119	59	81
119	59	82
119	59	83
119	59	84
119	59	85
119	59	86
119	59	87
119	59	88
119	59	89
119	59	90
119	59	91
119	59	92
119	59	93
119	59	94
119	59	95
119	59	96
119	59	97
119	59	98
119	59	99
119	60	81
119	60	82
119	60	83
119	60	84
119	60	85
119	60	93
119	60	94
119	60	95
119	60	96
119	60	97
119	60	98
119	60	99
119	61	80
119	61	81
119	61	82
119	61	83
119	61	84
119	61	93
119	61	94
119	61	95
119	61	96
119	61	97
119	61	98
119	61	99
119	61	100
119	62	80
119	62	81
119	62	82
119	62	83
119	62	84
119	62	93
119	62	94
119	62	95
119	62	96
119	62	97
119	62	98
119	62	99
119	63	81
119	63	82
119	63	83
119	63	84
119	63	93
119	63	94
119	63	95
119	63	96
119	63	97
119	63	98
119	64	81
119	64	82
119	64	83
119	64	84
119	64	93
119	64	94
119	64	95
119	64	96
119	64	97
119	64	98
119	65	81
119	65	82
119	65	83
119	65	84
119	65	85
119	65	93
119	65	94
119	65	95
119	65	96
119	66	81
119	66	82
119	66	83
119	66	84
119	66	85
119	67	81
119	67	82
119	67	83
119	67	84
119	68	81
119	68	82
119	68	83
119	68	84
119	69	81
119	69	82
119	69	83
120	57	97
120	58	97
120	58	98
120	59	82
120	59	93
120	59	94
120	59	95
120	59	96
120	59	97
120	59	98
120	60	81
120	60	82
120	60	83
120	60	84
120	60	85
120	60	86
120	60	94
120	60	95
120	60	96
120	60	97
120	60	98
120	60	99
120	61	81
120	61	82
120	61	83
120	61	84
120	61	94
120	61	95
120	61	96
120	61	97
120	61	98
120	61	99
120	62	81
120	62	82
120	62	83
120	62	84
120	62	94
120	62	95
120	62	96
120	62	97
120	62	98
120	63	81
120	63	82
120	63	83
120	63	84
120	63	95
120	63	96
120	63	97
120	64	82
120	64	83
120	64	84
120	64	95
120	64	96
120	65	82
120	65	83
120	65	84
120	65	85
120	66	82
120	66	83
120	66	84
120	66	85
120	67	82
120	67	83
120	67	84
120	68	83
121	59	96
121	60	95
121	60	96
121	60	97
121	61	82
121	61	83
121	61	84
121	61	95
121	61	96
121	61	97
121	61	98
121	62	82
121	62	83
121	62	84
121	62	85
121	62	96
121	62	97
121	63	82
121	63	83
121	63	84
121	63	85
121	64	83
121	64	84
121	64	85
121	65	84
121	65	85
121	66	84
122	62	83
122	62	84
122	62	85
122	63	83
122	63	84
122	63	85
