#i	j	k
16	3	49
16	4	50
17	2	48
17	3	49
17	4	50
17	5	50
18	1	47
18	2	48
18	3	49
18	4	49
18	4	50
18	5	50
18	124	41
18	124	42
18	125	41
18	125	42
19	0	46
19	1	47
19	2	48
19	3	48
19	3	49
19	4	49
19	4	50
19	5	50
19	123	42
19	124	41
19	124	42
19	125	41
19	125	42
19	125	43
19	126	40
19	126	41
19	126	42
19	126	43
20	0	45
20	0	46
20	1	46
20	1	47
20	2	47
20	2	48
20	3	48
20	3	49
20	4	49
20	4	50
20	5	50
20	123	42
20	124	42
20	124	43
20	125	41
20	125	42
20	125	43
20	126	40
20	126	41
20	126	42
20	126	43
20	126	44
20	127	41
20	127	42
20	127	43
20	127	44
20	127	45
21	0	42
21	0	43
21	0	44
21	0	45
21	0	46
21	1	46
21	1	47
21	2	47
21	2	48
21	3	48
21	3	49
21	4	49
21	124	42
21	124	43
21	125	41
21	125	42
21	125	43
21	125	44
21	126	40
21	126	41
21	126	42
21	126	43
21	126	44
21	127	41
21	127	42
21	127	43
21	127	44
21	127	45
22	0	42
22	0	43
22	0	44
22	0	45
22	0	46
22	1	44
22	1	45
22	1	46
22	1	47
22	2	47
22	2	48
22	3	48
22	3	49
22	4	49
22	124	43
22	125	42
22	125	43
22	125	44
22	125	45
22	126	41
22	126	42
22	126	43
22	126	44
22	126	45
22	127	41
22	127	42
22	127	43
22	127	44
22	127	45
23	0	41
23	0	42
23	0	43
23	0	44
23	0	45
23	0	46
23	1	41
23	1	42
23	1	43
23	1	44
23	1	45
23	1	46
23	1	47
23	2	45
23	2	46
23	2	47
23	2	48
23	3	48
23	3	49
23	4	49
23	123	44
23	124	43
23	124	44
23	124	45
23	124	46
23	125	42
23	125	43
23	125	44
23	125	45
23	125	46
23	126	41
23	126	42
23	126	43
23	126	44
23	126	45
23	126	46
23	127	41
23	127	42
23	127	43
23	127	44
23	127	45
23	127	46
24	0	40
24	0	41
24	0	42
24	0	43
24	0	44
24	0	45
24	0	46
24	0	47
24	1	40
24	1	41
24	1	42
24	1	43
24	1	44
24	1	45
24	1	46
24	1	47
24	2	40
24	2	41
24	2	42
24	2	43
24	2	44
24	2	45
24	2	46
24	2	47
24	2	48
24	3	46
24	3	47
24	3	48
24	3	49
24	4	49
24	122	45
24	123	44
24	123	45
24	123	46
24	123	47
24	124	43
24	124	44
24	124	45
24	124	46
24	124	47
24	125	43
24	125	44
24	125	45
24	125	46
24	125	47
24	126	41
24	126	42
24	126	43
24	126	44
24	126	45
24	126	46
24	126	47
24	127	40
24	127	41
24	127	42
24	127	43
24	127	44
24	127	45
24	127	46
24	127	47
25	0	39
25	0	40
25	0	41
25	0	42
25	0	43
25	0	44
25	0	45
25	0	46
25	0	47
25	0	48
25	1	39
25	1	40
25	1	41
25	1	42
25	1	43
25	1	44
25	1	45
25	1	46
25	1	47
25	1	48
25	2	39
25	2	40
25	2	41
25	2	42
25	2	43
25	2	44
25	2	45
25	2	46
25	2	47
25	2	48
25	3	39
25	3	40
25	3	41
25	3	42
25	3	43
25	3	44
25	3	45
25	3	46
25	3	47
25	3	48
25	4	47
25	4	48
25	121	46
25	122	45
25	122	46
25	122	47
25	122	48
25	123	44
25	123	45
25	123	46
25	123	47
25	123	48
25	124	44
25	124	45
25	124	46
25	124	47
25	124	48
25	125	44
25	125	45
25	125	46
25	125	47
25	125	48
25	126	44
25	126	45
25	126	46
25	126	47
25	126	48
25	127	40
25	127	41
25	127	42
25	127	43
25	127	44
25	127	45
25	127	46
25	127	47
25	127	48
26	0	39
26	0	40
26	0	41
26	0	42
26	0	43
26	0	44
26	0	45
26	0	46
26	0	47
26	0	48
26	0	49
26	1	40
26	1	41
26	1	42
26	1	43
26	1	44
26	1	45
26	1	46
26	1	47
26	1	48
26	1	49
26	2	40
26	2	41
26	2	42
26	2	43
26	2	44
26	2	45
26	2	46
26	2	47
26	2	48
26	3	39
26	3	40
26	3	41
26	3	42
26	3	43
26	3	44
26	3	45
26	3	46
26	3	47
26	3	48
26	4	39
26	4	40
26	4	41
26	4	42
26	4	43
26	4	44
26	4	45
26	4	46
26	4	47
26	4	48
26	5	48
26	121	46
26	122	45
26	122	46
26	122	47
26	123	45
26	123	46
26	123	47
26	123	48
26	124	45
26	124	46
26	124	47
26	124	48
26	124	49
26	125	45
26	125	46
26	125	47
26	125	48
26	125	49
26	126	45
26	126	46
26	126	47
26	126	48
26	126	49
26	127	45
26	127	46
26	127	47
26	127	48
26	127	49
27	0	44
27	0	45
27	0	46
27	0	47
27	0	48
27	1	41
27	1	42
27	1	43
27	1	44
27	1	45
27	1	46
27	1	47
27	1	48
27	2	40
27	2	41
27	2	42
27	2	43
27	2	44
27	2	45
27	2	46
27	2	47
27	2	48
27	3	40
27	3	41
27	3	42
27	3	43
27	3	44
27	3	45
27	3	46
27	3	47
27	3	48
27	4	40
27	4	41
27	4	42
27	4	43
27	4	44
27	4	45
27	4	46
27	4	47
27	4	48
27	5	40
27	5	41
27	5	42
27	5	43
27	5	44
27	5	45
27	5	46
27	5	47
27	5	48
27	121	46
27	122	46
27	123	46
27	123	47
27	124	46
27	124	47
27	125	46
27	125	47
27	126	46
27	126	47
27	127	44
27	127	45
27	127	46
27	127	47
27	127	48
28	0	43
28	0	44
28	0	45
28	0	46
28	0	47
28	1	41
28	1	42
28	1	43
28	1	44
28	1	45
28	1	46
28	1	47
28	2	41
28	2	42
28	2	43
28	2	44
28	2	45
28	2	46
28	2	47
28	3	41
28	3	42
28	3	43
28	3	44
28	3	45
28	3	46
28	3	47
28	3	48
28	4	41
28	4	42
28	4	43
28	4	44
28	4	45
28	4	46
28	4	47
28	4	48
28	5	41
28	5	42
28	5	43
28	5	44
28	5	45
28	5	46
28	5	47
28	5	48
28	6	41
28	6	42
28	6	43
28	6	44
28	6	45
28	6	46
28	123	46
28	124	46
28	125	46
28	126	45
28	126	46
28	127	45
28	127	46
29	0	43
29	0	44
29	0	45
29	1	42
29	1	43
29	1	44
29	1	45
29	1	46
29	2	42
29	2	43
29	2	44
29	2	45
29	2	46
29	3	42
29	3	43
29	3	44
29	3	45
29	3	46
29	3	47
29	4	43
29	4	44
29	4	45
29	4	46
29	4	47
29	4	48
29	5	43
29	5	44
29	5	45
29	5	46
29	5	47
29	125	45
29	126	45
29	127	44
29	127	45
30	0	43
30	0	44
30	1	43
30	1	44
30	2	43
30	2	44
30	2	45
30	3	44
30	3	45
30	3	46
30	3	47
30	4	44
30	4	45
30	4	46
30	4	47
30	4	48
30	126	44
30	127	44
31	0	44
31	1	44
31	1	45
31	1	46
31	2	45
31	2	46
31	2	47
31	3	45
31	3	46
31	3	47
31	3	48
31	127	44
32	0	45
32	0	46
32	1	46
32	1	47
32	2	46
32	2	47
32	2	48
32	127	45
33	1	48
