#i	j	k
88	120	110
88	121	109
88	121	110
88	122	109
88	122	110
88	123	110
88	124	110
89	119	109
89	120	108
89	120	109
89	120	110
89	120	111
89	121	108
89	121	109
89	121	110
89	121	111
89	122	108
89	122	109
89	122	110
89	122	111
89	123	108
89	123	109
89	123	110
89	123	111
89	124	108
89	124	109
89	124	110
89	124	111
89	125	108
89	125	109
89	125	110
90	119	108
90	119	109
90	119	110
90	120	107
90	120	108
90	120	109
90	120	110
90	120	111
90	120	112
90	121	107
90	121	108
90	121	109
90	121	110
90	121	111
90	121	112
90	122	107
90	122	108
90	122	109
90	122	110
90	122	111
90	122	112
90	123	107
90	123	108
90	123	109
90	123	110
90	123	111
90	123	112
90	124	107
90	124	108
90	124	109
90	124	110
90	124	111
90	124	112
90	125	107
90	125	108
90	125	109
90	125	110
90	125	111
90	126	107
90	126	108
90	126	109
91	0	91
91	119	108
91	119	109
91	119	110
91	119	111
91	120	107
91	120	108
91	120	109
91	120	110
91	120	111
91	120	112
91	121	106
91	121	107
91	121	108
91	121	109
91	121	110
91	121	111
91	121	112
91	121	113
91	122	106
91	122	107
91	122	108
91	122	109
91	122	110
91	122	111
91	122	112
91	122	113
91	123	106
91	123	107
91	123	108
91	123	109
91	123	110
91	123	111
91	123	112
91	123	113
91	123	114
91	124	106
91	124	107
91	124	108
91	124	109
91	124	110
91	124	111
91	124	112
91	124	113
91	125	106
91	125	107
91	125	108
91	125	109
91	125	110
91	125	111
91	126	106
91	126	107
91	126	108
91	126	109
91	126	110
91	127	106
91	127	107
92	0	105
92	0	106
92	118	110
92	119	109
92	119	110
92	119	111
92	120	107
92	120	108
92	120	109
92	120	110
92	120	111
92	120	112
92	121	106
92	121	107
92	121	108
92	121	109
92	121	110
92	121	111
92	121	112
92	121	113
92	122	106
92	122	107
92	122	108
92	122	109
92	122	110
92	122	111
92	122	112
92	122	113
92	123	105
92	123	106
92	123	107
92	123	108
92	123	109
92	123	110
92	123	111
92	123	112
92	123	113
92	123	114
92	123	115
92	124	105
92	124	106
92	124	107
92	124	108
92	124	109
92	124	110
92	124	111
92	124	112
92	124	113
92	124	114
92	125	105
92	125	106
92	125	107
92	125	108
92	125	109
92	125	110
92	125	111
92	125	112
92	126	105
92	126	106
92	126	107
92	126	108
92	126	109
92	126	110
92	127	92
92	127	105
92	127	106
92	127	107
92	127	108
92	127	109
93	0	104
93	0	105
93	0	106
93	0	107
93	0	108
93	1	104
93	118	110
93	119	109
93	119	110
93	119	111
93	120	108
93	120	109
93	120	110
93	120	111
93	120	112
93	121	106
93	121	107
93	121	108
93	121	109
93	121	110
93	121	111
93	121	112
93	121	113
93	121	114
93	122	106
93	122	107
93	122	108
93	122	109
93	122	110
93	122	111
93	122	112
93	122	113
93	122	114
93	123	105
93	123	106
93	123	107
93	123	108
93	123	109
93	123	110
93	123	111
93	123	112
93	123	113
93	123	114
93	123	115
93	124	105
93	124	106
93	124	107
93	124	108
93	124	109
93	124	110
93	124	111
93	124	112
93	124	113
93	124	114
93	124	115
93	125	105
93	125	106
93	125	107
93	125	108
93	125	109
93	125	110
93	125	111
93	125	112
93	125	113
93	126	93
93	126	105
93	126	106
93	126	107
93	126	108
93	126	109
93	126	110
93	126	111
93	127	105
93	127	106
93	127	107
93	127	108
93	127	109
94	0	104
94	0	105
94	0	106
94	0	107
94	0	108
94	1	103
94	1	104
94	2	103
94	119	109
94	119	110
94	119	111
94	120	108
94	120	109
94	120	110
94	120	111
94	120	112
94	120	113
94	121	107
94	121	108
94	121	109
94	121	110
94	121	111
94	121	112
94	121	113
94	121	114
94	122	106
94	122	107
94	122	108
94	122	109
94	122	110
94	122	111
94	122	112
94	122	113
94	122	114
94	123	105
94	123	106
94	123	107
94	123	108
94	123	109
94	123	110
94	123	111
94	123	112
94	123	113
94	123	114
94	123	115
94	124	105
94	124	106
94	124	107
94	124	108
94	124	109
94	124	110
94	124	111
94	124	112
94	124	113
94	124	114
94	124	115
94	124	116
94	125	94
94	125	105
94	125	106
94	125	107
94	125	108
94	125	109
94	125	110
94	125	111
94	125	112
94	125	113
94	125	114
94	126	105
94	126	106
94	126	107
94	126	108
94	126	109
94	126	110
94	126	111
94	126	112
94	127	105
94	127	106
94	127	107
94	127	108
94	127	109
94	127	110
95	0	104
95	0	105
95	0	106
95	0	107
95	0	108
95	0	109
95	1	104
95	119	109
95	119	110
95	119	111
95	119	112
95	120	108
95	120	109
95	120	110
95	120	111
95	120	112
95	120	113
95	121	107
95	121	108
95	121	109
95	121	110
95	121	111
95	121	112
95	121	113
95	121	114
95	122	106
95	122	107
95	122	108
95	122	109
95	122	110
95	122	111
95	122	112
95	122	113
95	122	114
95	123	106
95	123	107
95	123	108
95	123	109
95	123	110
95	123	111
95	123	112
95	123	113
95	123	114
95	123	115
95	124	95
95	124	105
95	124	106
95	124	107
95	124	108
95	124	109
95	124	110
95	124	111
95	124	112
95	124	113
95	124	114
95	124	115
95	124	116
95	125	105
95	125	106
95	125	107
95	125	108
95	125	109
95	125	110
95	125	111
95	125	112
95	125	113
95	125	114
95	125	115
95	126	105
95	126	106
95	126	107
95	126	108
95	126	109
95	126	110
95	126	111
95	126	112
95	126	113
95	127	105
95	127	106
95	127	107
95	127	108
95	127	109
95	127	110
95	127	111
96	0	105
96	0	108
96	0	109
96	0	110
96	116	115
96	118	111
96	119	109
96	119	110
96	119	111
96	119	112
96	120	108
96	120	109
96	120	110
96	120	111
96	120	112
96	120	113
96	121	107
96	121	108
96	121	109
96	121	110
96	121	111
96	121	112
96	121	113
96	121	114
96	122	107
96	122	108
96	122	109
96	122	110
96	122	111
96	122	112
96	122	113
96	122	114
96	123	96
96	123	97
96	123	107
96	123	108
96	123	109
96	123	110
96	123	111
96	123	112
96	123	113
96	123	114
96	123	115
96	124	106
96	124	107
96	124	108
96	124	109
96	124	110
96	124	111
96	124	112
96	124	113
96	124	114
96	124	115
96	124	116
96	125	106
96	125	107
96	125	108
96	125	109
96	125	110
96	125	111
96	125	112
96	125	113
96	125	114
96	125	115
96	125	116
96	126	106
96	126	107
96	126	108
96	126	109
96	126	110
96	126	111
96	126	112
96	126	113
96	126	114
96	127	106
96	127	107
96	127	108
96	127	109
96	127	110
96	127	111
96	127	112
97	0	110
97	115	114
97	115	115
97	115	116
97	115	117
97	116	113
97	116	114
97	116	115
97	116	116
97	117	112
97	117	113
97	118	111
97	119	110
97	119	111
97	119	112
97	120	106
97	120	107
97	120	108
97	120	109
97	120	110
97	120	111
97	120	112
97	120	113
97	121	108
97	121	109
97	121	110
97	121	111
97	121	112
97	121	113
97	122	97
97	122	98
97	122	99
97	122	100
97	122	107
97	122	108
97	122	109
97	122	110
97	122	111
97	122	112
97	122	113
97	123	107
97	123	108
97	123	109
97	123	110
97	123	111
97	123	112
97	123	113
97	124	107
97	124	108
97	124	109
97	124	110
97	124	111
97	124	112
97	124	113
97	124	114
97	124	115
97	124	116
97	125	107
97	125	108
97	125	109
97	125	110
97	125	111
97	125	112
97	125	113
97	125	114
97	125	115
97	125	116
97	126	107
97	126	108
97	126	109
97	126	110
97	126	111
97	126	112
97	126	113
97	126	114
97	127	106
97	127	107
97	127	108
97	127	109
97	127	110
97	127	111
97	127	112
97	127	113
98	114	113
98	114	114
98	114	115
98	114	116
98	114	117
98	115	112
98	115	113
98	115	114
98	115	115
98	115	116
98	115	117
98	115	118
98	116	111
98	116	112
98	116	113
98	116	114
98	116	115
98	116	116
98	116	117
98	116	118
98	117	110
98	117	111
98	117	112
98	117	113
98	117	114
98	118	109
98	118	110
98	118	111
98	119	105
98	119	106
98	119	107
98	119	108
98	119	109
98	119	110
98	119	111
98	119	112
98	120	104
98	120	105
98	120	106
98	120	107
98	120	109
98	120	110
98	120	111
98	120	112
98	121	98
98	121	99
98	121	100
98	121	101
98	121	102
98	121	103
98	121	104
98	121	108
98	121	109
98	121	110
98	121	111
98	121	112
98	122	108
98	122	109
98	122	110
98	122	111
98	122	112
98	123	108
98	123	109
98	123	110
98	123	111
98	123	112
98	124	108
98	124	109
98	124	110
98	124	111
98	124	112
98	125	108
98	125	109
98	125	110
98	125	111
98	125	112
98	125	113
98	125	114
98	125	115
98	125	116
98	125	117
98	126	108
98	126	109
98	126	110
98	126	111
98	126	112
98	126	113
98	126	114
98	126	115
98	127	109
99	113	112
99	113	113
99	113	114
99	113	115
99	113	116
99	113	119
99	114	111
99	114	112
99	114	113
99	114	114
99	114	115
99	114	116
99	114	117
99	114	118
99	114	119
99	115	110
99	115	111
99	115	112
99	115	113
99	115	114
99	115	115
99	115	116
99	115	117
99	115	118
99	115	119
99	116	109
99	116	110
99	116	111
99	116	112
99	116	113
99	116	114
99	116	115
99	116	116
99	116	117
99	116	118
99	116	119
99	116	120
99	116	121
99	116	122
99	116	123
99	117	108
99	117	109
99	117	110
99	117	111
99	117	112
99	117	113
99	117	114
99	117	115
99	117	116
99	117	117
99	117	118
99	117	119
99	117	120
99	117	121
99	117	122
99	117	123
99	118	102
99	118	103
99	118	104
99	118	105
99	118	106
99	118	107
99	118	108
99	118	109
99	118	110
99	118	111
99	118	112
99	119	100
99	119	101
99	119	102
99	119	103
99	119	104
99	119	105
99	119	106
99	119	107
99	119	108
99	119	109
99	119	110
99	119	111
99	120	99
99	120	100
99	120	101
99	120	102
99	120	103
99	120	104
99	120	105
99	120	106
99	120	107
99	120	108
99	120	110
99	120	111
99	121	101
99	121	102
99	121	103
99	121	109
99	121	110
99	121	111
99	122	109
99	122	110
99	122	111
99	123	109
99	123	110
99	123	111
99	124	109
99	124	110
99	124	111
99	125	109
99	125	110
99	125	111
99	126	108
99	126	111
99	126	112
99	126	113
99	126	114
99	126	115
100	111	111
100	111	112
100	111	113
100	112	110
100	112	111
100	112	112
100	112	113
100	112	114
100	112	115
100	112	118
100	112	119
100	113	107
100	113	108
100	113	109
100	113	110
100	113	111
100	113	112
100	113	113
100	113	114
100	113	115
100	113	116
100	113	117
100	113	118
100	113	119
100	113	120
100	114	107
100	114	108
100	114	109
100	114	110
100	114	111
100	114	112
100	114	113
100	114	114
100	114	115
100	114	116
100	114	117
100	114	118
100	114	119
100	114	120
100	115	107
100	115	108
100	115	109
100	115	110
100	115	111
100	115	112
100	115	113
100	115	114
100	115	115
100	115	116
100	115	117
100	115	118
100	115	119
100	115	120
100	115	121
100	115	122
100	116	105
100	116	106
100	116	107
100	116	108
100	116	109
100	116	110
100	116	111
100	116	112
100	116	113
100	116	114
100	116	115
100	116	116
100	116	117
100	116	118
100	116	119
100	116	120
100	116	121
100	116	122
100	117	102
100	117	103
100	117	104
100	117	105
100	117	106
100	117	107
100	117	108
100	117	109
100	117	110
100	117	111
100	117	112
100	117	113
100	117	114
100	117	115
100	117	116
100	117	117
100	117	118
100	117	119
100	117	120
100	117	121
100	117	122
100	118	101
100	118	102
100	118	103
100	118	104
100	118	105
100	118	106
100	118	107
100	118	108
100	118	109
100	118	110
100	118	111
100	118	112
100	118	113
100	118	120
100	118	121
100	118	122
100	119	100
100	119	101
100	119	102
100	119	103
100	119	104
100	119	105
100	119	106
100	119	107
100	119	108
100	119	109
100	119	110
100	119	111
100	119	122
100	120	100
100	120	101
100	120	102
100	120	103
100	120	104
100	120	105
100	120	106
100	120	107
100	120	108
100	120	110
100	121	110
100	122	110
100	123	110
100	124	110
100	125	110
101	110	112
101	110	113
101	110	114
101	111	109
101	111	110
101	111	111
101	111	112
101	111	113
101	111	114
101	111	115
101	111	116
101	111	117
101	111	118
101	112	106
101	112	107
101	112	108
101	112	109
101	112	110
101	112	111
101	112	112
101	112	113
101	112	114
101	112	115
101	112	116
101	112	117
101	112	118
101	112	119
101	112	120
101	113	105
101	113	106
101	113	107
101	113	108
101	113	109
101	113	110
101	113	111
101	113	112
101	113	113
101	113	114
101	113	115
101	113	116
101	113	117
101	113	118
101	113	119
101	113	120
101	114	105
101	114	106
101	114	107
101	114	108
101	114	109
101	114	110
101	114	111
101	114	112
101	114	113
101	114	114
101	114	115
101	114	116
101	114	117
101	114	118
101	114	119
101	114	120
101	114	121
101	115	105
101	115	106
101	115	107
101	115	108
101	115	109
101	115	110
101	115	111
101	115	112
101	115	113
101	115	114
101	115	115
101	115	116
101	115	117
101	115	118
101	115	119
101	115	120
101	115	121
101	116	103
101	116	104
101	116	105
101	116	106
101	116	107
101	116	108
101	116	109
101	116	110
101	116	111
101	116	112
101	116	113
101	116	114
101	116	115
101	116	116
101	116	117
101	116	118
101	116	119
101	116	120
101	116	121
101	117	102
101	117	103
101	117	104
101	117	105
101	117	106
101	117	107
101	117	108
101	117	109
101	117	110
101	117	111
101	117	112
101	117	113
101	117	114
101	117	115
101	117	116
101	117	117
101	117	118
101	117	119
101	117	120
101	117	121
101	118	101
101	118	102
101	118	103
101	118	104
101	118	105
101	118	106
101	118	107
101	118	108
101	118	109
101	118	110
101	118	111
101	118	112
101	118	113
101	118	114
101	118	115
101	118	116
101	118	117
101	118	118
101	118	119
101	118	120
101	118	121
101	119	100
101	119	101
101	119	102
101	119	103
101	119	104
101	119	105
101	119	106
101	119	107
101	119	108
101	119	109
101	119	110
101	119	111
101	119	120
101	119	121
101	120	102
101	120	103
101	120	104
101	120	105
101	120	106
101	120	107
101	120	108
101	120	123
102	109	113
102	109	114
102	109	115
102	109	119
102	110	108
102	110	109
102	110	110
102	110	111
102	110	112
102	110	113
102	110	114
102	110	115
102	110	116
102	110	117
102	110	118
102	110	119
102	111	105
102	111	106
102	111	107
102	111	108
102	111	109
102	111	110
102	111	111
102	111	112
102	111	113
102	111	114
102	111	115
102	111	116
102	111	117
102	111	118
102	111	119
102	111	120
102	112	104
102	112	105
102	112	106
102	112	107
102	112	108
102	112	109
102	112	110
102	112	111
102	112	112
102	112	113
102	112	114
102	112	115
102	112	116
102	112	117
102	112	118
102	112	119
102	112	120
102	113	104
102	113	105
102	113	106
102	113	107
102	113	108
102	113	109
102	113	110
102	113	111
102	113	112
102	113	113
102	113	114
102	113	115
102	113	116
102	113	117
102	113	118
102	113	119
102	113	120
102	114	102
102	114	103
102	114	104
102	114	105
102	114	106
102	114	107
102	114	108
102	114	109
102	114	110
102	114	111
102	114	112
102	114	113
102	114	114
102	114	115
102	114	116
102	114	117
102	114	118
102	114	119
102	114	120
102	115	102
102	115	103
102	115	104
102	115	105
102	115	106
102	115	107
102	115	108
102	115	109
102	115	110
102	115	111
102	115	112
102	115	113
102	115	114
102	115	115
102	115	116
102	115	117
102	115	118
102	115	119
102	115	120
102	116	102
102	116	103
102	116	104
102	116	105
102	116	106
102	116	107
102	116	108
102	116	109
102	116	110
102	116	111
102	116	112
102	116	113
102	116	114
102	116	115
102	116	116
102	116	117
102	116	118
102	116	119
102	116	120
102	117	102
102	117	103
102	117	104
102	117	105
102	117	106
102	117	107
102	117	108
102	117	109
102	117	110
102	117	111
102	117	112
102	117	113
102	117	114
102	117	115
102	117	116
102	117	117
102	117	118
102	117	119
102	117	120
102	118	101
102	118	102
102	118	103
102	118	104
102	118	105
102	118	106
102	118	107
102	118	108
102	118	109
102	118	110
102	118	111
102	118	112
102	118	113
102	118	114
102	118	115
102	118	116
102	118	117
102	118	118
102	118	119
102	118	120
102	119	101
102	119	102
102	119	103
102	119	104
102	119	105
102	119	106
102	119	107
102	119	108
102	119	109
102	119	110
102	119	111
102	119	112
102	119	113
102	119	116
102	119	117
102	119	118
102	119	119
102	119	120
102	119	121
102	120	107
102	120	108
102	120	109
102	120	119
102	120	120
102	120	121
102	120	122
103	108	114
103	108	115
103	108	116
103	109	107
103	109	108
103	109	109
103	109	110
103	109	111
103	109	112
103	109	113
103	109	114
103	109	115
103	109	116
103	109	117
103	110	104
103	110	105
103	110	106
103	110	107
103	110	108
103	110	109
103	110	110
103	110	111
103	110	112
103	110	113
103	110	114
103	110	115
103	110	116
103	110	117
103	110	118
103	110	119
103	111	103
103	111	104
103	111	105
103	111	106
103	111	107
103	111	108
103	111	109
103	111	110
103	111	111
103	111	112
103	111	113
103	111	114
103	111	115
103	111	116
103	111	117
103	111	118
103	111	119
103	112	103
103	112	104
103	112	105
103	112	106
103	112	107
103	112	108
103	112	109
103	112	110
103	112	111
103	112	112
103	112	113
103	112	114
103	112	115
103	112	116
103	112	117
103	112	118
103	112	119
103	113	101
103	113	102
103	113	103
103	113	104
103	113	105
103	113	106
103	113	107
103	113	108
103	113	109
103	113	110
103	113	111
103	113	112
103	113	113
103	113	114
103	113	115
103	113	116
103	113	117
103	113	118
103	113	119
103	114	101
103	114	102
103	114	103
103	114	104
103	114	105
103	114	106
103	114	107
103	114	108
103	114	109
103	114	110
103	114	111
103	114	112
103	114	113
103	114	114
103	114	115
103	114	116
103	114	117
103	114	118
103	114	119
103	115	101
103	115	102
103	115	103
103	115	104
103	115	105
103	115	106
103	115	107
103	115	108
103	115	109
103	115	110
103	115	111
103	115	112
103	115	113
103	115	114
103	115	115
103	115	116
103	115	117
103	115	118
103	115	119
103	116	101
103	116	102
103	116	103
103	116	104
103	116	105
103	116	106
103	116	107
103	116	108
103	116	109
103	116	110
103	116	111
103	116	112
103	116	113
103	116	114
103	116	115
103	116	116
103	116	117
103	116	118
103	116	119
103	117	101
103	117	102
103	117	103
103	117	104
103	117	105
103	117	106
103	117	107
103	117	108
103	117	109
103	117	110
103	117	111
103	117	112
103	117	113
103	117	114
103	117	115
103	117	116
103	117	117
103	117	118
103	117	119
103	118	101
103	118	102
103	118	103
103	118	104
103	118	105
103	118	106
103	118	107
103	118	108
103	118	109
103	118	110
103	118	111
103	118	112
103	118	113
103	118	114
103	118	115
103	118	116
103	118	117
103	118	118
103	118	119
103	118	120
103	119	102
103	119	103
103	119	104
103	119	105
103	119	106
103	119	107
103	119	108
103	119	109
103	119	110
103	119	111
103	119	112
103	119	113
103	119	114
103	119	115
103	119	116
103	119	117
103	119	118
103	119	119
103	119	120
103	119	121
103	120	109
103	120	110
103	120	111
103	120	112
103	120	116
103	120	117
103	120	118
103	120	119
103	120	120
103	120	121
103	120	122
103	121	120
103	121	121
103	121	122
103	121	123
104	107	115
104	107	116
104	108	106
104	108	107
104	108	108
104	108	109
104	108	110
104	108	111
104	108	112
104	108	113
104	108	114
104	108	115
104	108	116
104	109	103
104	109	104
104	109	105
104	109	106
104	109	107
104	109	108
104	109	109
104	109	110
104	109	111
104	109	112
104	109	113
104	109	114
104	109	115
104	109	116
104	110	102
104	110	103
104	110	104
104	110	105
104	110	106
104	110	107
104	110	108
104	110	109
104	110	110
104	110	111
104	110	112
104	110	113
104	110	114
104	110	115
104	110	116
104	111	102
104	111	103
104	111	104
104	111	105
104	111	106
104	111	107
104	111	108
104	111	109
104	111	110
104	111	111
104	111	112
104	111	113
104	111	114
104	111	115
104	111	116
104	111	117
104	111	118
104	112	100
104	112	101
104	112	102
104	112	103
104	112	104
104	112	105
104	112	106
104	112	107
104	112	108
104	112	109
104	112	110
104	112	111
104	112	112
104	112	113
104	112	114
104	112	115
104	112	116
104	112	117
104	112	118
104	113	100
104	113	101
104	113	102
104	113	103
104	113	104
104	113	105
104	113	106
104	113	107
104	113	108
104	113	109
104	113	110
104	113	111
104	113	112
104	113	113
104	113	114
104	113	115
104	113	116
104	113	117
104	113	118
104	114	100
104	114	101
104	114	102
104	114	103
104	114	104
104	114	105
104	114	106
104	114	107
104	114	108
104	114	109
104	114	110
104	114	111
104	114	112
104	114	113
104	114	114
104	114	115
104	114	116
104	114	117
104	114	118
104	115	100
104	115	101
104	115	102
104	115	103
104	115	104
104	115	105
104	115	106
104	115	107
104	115	108
104	115	109
104	115	110
104	115	111
104	115	112
104	115	113
104	115	114
104	115	115
104	115	116
104	115	117
104	115	118
104	116	100
104	116	101
104	116	102
104	116	103
104	116	104
104	116	105
104	116	106
104	116	107
104	116	108
104	116	109
104	116	110
104	116	111
104	116	112
104	116	113
104	116	114
104	116	115
104	116	116
104	116	117
104	116	118
104	117	100
104	117	101
104	117	102
104	117	103
104	117	104
104	117	105
104	117	106
104	117	107
104	117	108
104	117	109
104	117	110
104	117	111
104	117	112
104	117	113
104	117	114
104	117	115
104	117	116
104	117	117
104	117	118
104	117	119
104	118	101
104	118	102
104	118	103
104	118	104
104	118	105
104	118	106
104	118	107
104	118	108
104	118	109
104	118	110
104	118	111
104	118	112
104	118	113
104	118	114
104	118	115
104	118	116
104	118	117
104	118	118
104	118	119
104	118	120
104	119	103
104	119	104
104	119	105
104	119	106
104	119	107
104	119	108
104	119	109
104	119	110
104	119	111
104	119	112
104	119	113
104	119	114
104	119	115
104	119	116
104	119	117
104	119	118
104	119	119
104	119	120
104	119	121
104	120	109
104	120	110
104	120	111
104	120	112
104	120	113
104	120	114
104	120	115
104	120	116
104	120	117
104	120	118
104	120	119
104	120	120
104	120	121
104	120	122
104	121	110
104	121	111
104	121	112
104	121	115
104	121	116
104	121	117
104	121	118
104	121	119
104	121	120
104	121	121
104	121	122
104	121	123
104	122	121
104	122	122
105	106	116
105	107	105
105	107	106
105	107	107
105	107	108
105	107	109
105	107	110
105	107	111
105	107	112
105	107	113
105	107	114
105	107	115
105	107	116
105	108	102
105	108	103
105	108	104
105	108	105
105	108	106
105	108	107
105	108	108
105	108	109
105	108	110
105	108	111
105	108	112
105	108	113
105	108	114
105	108	115
105	108	116
105	109	101
105	109	102
105	109	103
105	109	104
105	109	105
105	109	106
105	109	107
105	109	108
105	109	109
105	109	110
105	109	111
105	109	112
105	109	113
105	109	114
105	109	115
105	109	116
105	110	101
105	110	102
105	110	103
105	110	104
105	110	105
105	110	106
105	110	107
105	110	108
105	110	109
105	110	110
105	110	111
105	110	112
105	110	113
105	110	114
105	110	115
105	111	99
105	111	100
105	111	101
105	111	102
105	111	103
105	111	104
105	111	105
105	111	106
105	111	107
105	111	108
105	111	109
105	111	110
105	111	111
105	111	112
105	111	113
105	111	114
105	111	115
105	112	99
105	112	100
105	112	101
105	112	102
105	112	103
105	112	104
105	112	105
105	112	106
105	112	107
105	112	108
105	112	109
105	112	110
105	112	111
105	112	112
105	112	113
105	112	114
105	112	115
105	112	116
105	112	117
105	113	99
105	113	100
105	113	101
105	113	102
105	113	103
105	113	104
105	113	105
105	113	106
105	113	107
105	113	108
105	113	109
105	113	110
105	113	111
105	113	112
105	113	113
105	113	114
105	113	115
105	113	116
105	113	117
105	114	99
105	114	100
105	114	101
105	114	102
105	114	103
105	114	104
105	114	105
105	114	106
105	114	107
105	114	108
105	114	109
105	114	110
105	114	111
105	114	112
105	114	113
105	114	114
105	114	115
105	114	116
105	114	117
105	115	99
105	115	100
105	115	101
105	115	102
105	115	103
105	115	104
105	115	105
105	115	106
105	115	107
105	115	108
105	115	109
105	115	110
105	115	111
105	115	112
105	115	113
105	115	114
105	115	115
105	115	116
105	115	117
105	116	100
105	116	101
105	116	102
105	116	103
105	116	104
105	116	105
105	116	106
105	116	107
105	116	108
105	116	109
105	116	110
105	116	111
105	116	112
105	116	113
105	116	114
105	116	115
105	116	116
105	116	117
105	116	118
105	117	100
105	117	101
105	117	102
105	117	103
105	117	104
105	117	105
105	117	106
105	117	107
105	117	108
105	117	109
105	117	110
105	117	111
105	117	112
105	117	113
105	117	114
105	117	115
105	117	116
105	117	117
105	117	118
105	117	119
105	118	101
105	118	102
105	118	103
105	118	104
105	118	105
105	118	106
105	118	107
105	118	108
105	118	109
105	118	110
105	118	111
105	118	112
105	118	113
105	118	114
105	118	115
105	118	116
105	118	117
105	118	118
105	118	119
105	118	120
105	119	103
105	119	104
105	119	105
105	119	108
105	119	109
105	119	110
105	119	111
105	119	112
105	119	113
105	119	114
105	119	115
105	119	116
105	119	117
105	119	118
105	119	119
105	119	120
105	119	121
105	120	109
105	120	110
105	120	111
105	120	112
105	120	113
105	120	114
105	120	115
105	120	116
105	120	117
105	120	118
105	120	119
105	120	120
105	120	121
105	120	122
105	121	111
105	121	112
105	121	113
105	121	114
105	121	115
105	121	116
105	121	117
105	121	118
105	121	119
105	121	120
105	121	121
105	121	122
105	121	123
105	122	112
105	122	115
105	122	116
105	122	117
105	122	118
105	122	119
105	122	120
105	122	121
105	122	122
106	106	104
106	106	105
106	106	106
106	106	107
106	106	108
106	106	109
106	106	110
106	106	111
106	106	112
106	106	113
106	106	114
106	106	115
106	106	116
106	107	103
106	107	104
106	107	105
106	107	106
106	107	107
106	107	108
106	107	109
106	107	110
106	107	111
106	107	112
106	107	113
106	107	114
106	107	115
106	107	116
106	108	100
106	108	103
106	108	104
106	108	105
106	108	106
106	108	107
106	108	108
106	108	109
106	108	110
106	108	111
106	108	112
106	108	113
106	108	114
106	108	115
106	109	100
106	109	101
106	109	102
106	109	103
106	109	104
106	109	105
106	109	106
106	109	107
106	109	108
106	109	109
106	109	110
106	109	111
106	109	112
106	109	113
106	109	114
106	109	115
106	110	98
106	110	99
106	110	100
106	110	101
106	110	102
106	110	103
106	110	104
106	110	105
106	110	106
106	110	107
106	110	108
106	110	109
106	110	110
106	110	111
106	110	112
106	110	113
106	110	114
106	110	115
106	111	98
106	111	99
106	111	100
106	111	101
106	111	102
106	111	103
106	111	104
106	111	105
106	111	106
106	111	107
106	111	108
106	111	109
106	111	110
106	111	111
106	111	112
106	111	113
106	111	114
106	111	115
106	112	98
106	112	99
106	112	100
106	112	101
106	112	102
106	112	103
106	112	104
106	112	105
106	112	106
106	112	107
106	112	108
106	112	109
106	112	110
106	112	111
106	112	112
106	112	113
106	112	114
106	112	115
106	112	116
106	113	98
106	113	99
106	113	100
106	113	101
106	113	102
106	113	103
106	113	104
106	113	105
106	113	106
106	113	107
106	113	108
106	113	109
106	113	110
106	113	111
106	113	112
106	113	113
106	113	114
106	113	115
106	113	116
106	114	98
106	114	99
106	114	100
106	114	101
106	114	102
106	114	103
106	114	104
106	114	105
106	114	106
106	114	107
106	114	108
106	114	109
106	114	110
106	114	111
106	114	112
106	114	113
106	114	114
106	114	115
106	114	116
106	115	99
106	115	100
106	115	101
106	115	102
106	115	103
106	115	104
106	115	105
106	115	106
106	115	107
106	115	108
106	115	109
106	115	110
106	115	111
106	115	112
106	115	113
106	115	114
106	115	115
106	115	116
106	115	117
106	116	100
106	116	101
106	116	102
106	116	103
106	116	104
106	116	105
106	116	106
106	116	107
106	116	108
106	116	109
106	116	110
106	116	111
106	116	112
106	116	113
106	116	114
106	116	115
106	116	116
106	116	117
106	116	118
106	117	101
106	117	102
106	117	103
106	117	104
106	117	105
106	117	106
106	117	107
106	117	108
106	117	109
106	117	110
106	117	111
106	117	112
106	117	113
106	117	114
106	117	115
106	117	116
106	117	117
106	117	118
106	117	119
106	118	102
106	118	103
106	118	104
106	118	105
106	118	106
106	118	107
106	118	108
106	118	109
106	118	110
106	118	111
106	118	112
106	118	113
106	118	114
106	118	115
106	118	116
106	118	117
106	118	118
106	118	119
106	118	120
106	119	108
106	119	109
106	119	110
106	119	111
106	119	112
106	119	113
106	119	114
106	119	115
106	119	116
106	119	117
106	119	118
106	119	119
106	119	120
106	119	121
106	120	110
106	120	111
106	120	112
106	120	113
106	120	114
106	120	115
106	120	116
106	120	117
106	120	118
106	120	119
106	120	120
106	120	121
106	120	122
106	121	111
106	121	112
106	121	113
106	121	114
106	121	115
106	121	116
106	121	117
106	121	118
106	121	119
106	121	120
106	121	121
106	121	122
106	121	123
106	122	112
106	122	113
106	122	114
106	122	115
106	122	116
106	122	117
106	122	118
106	122	119
106	122	120
106	122	121
106	122	122
106	123	116
106	123	117
106	123	118
106	123	119
106	123	120
107	105	103
107	105	104
107	105	105
107	105	106
107	105	107
107	105	108
107	105	109
107	105	110
107	105	111
107	105	112
107	105	113
107	105	114
107	105	115
107	106	103
107	106	104
107	106	105
107	106	106
107	106	107
107	106	108
107	106	109
107	106	110
107	106	111
107	106	112
107	106	113
107	106	114
107	106	115
107	107	103
107	107	104
107	107	105
107	107	106
107	107	107
107	107	108
107	107	109
107	107	110
107	107	111
107	107	112
107	107	113
107	107	114
107	107	115
107	108	99
107	108	100
107	108	101
107	108	102
107	108	103
107	108	104
107	108	105
107	108	106
107	108	107
107	108	108
107	108	109
107	108	110
107	108	111
107	108	112
107	108	113
107	108	114
107	108	115
107	109	98
107	109	99
107	109	100
107	109	101
107	109	102
107	109	103
107	109	104
107	109	105
107	109	106
107	109	107
107	109	108
107	109	109
107	109	110
107	109	111
107	109	112
107	109	113
107	109	114
107	109	115
107	110	97
107	110	98
107	110	99
107	110	100
107	110	101
107	110	102
107	110	103
107	110	104
107	110	105
107	110	106
107	110	107
107	110	108
107	110	109
107	110	110
107	110	111
107	110	112
107	110	113
107	110	114
107	111	97
107	111	98
107	111	99
107	111	100
107	111	101
107	111	102
107	111	103
107	111	104
107	111	105
107	111	106
107	111	107
107	111	108
107	111	109
107	111	110
107	111	111
107	111	112
107	111	113
107	111	114
107	111	115
107	112	97
107	112	98
107	112	99
107	112	100
107	112	101
107	112	102
107	112	103
107	112	104
107	112	105
107	112	106
107	112	107
107	112	108
107	112	109
107	112	110
107	112	111
107	112	112
107	112	113
107	112	114
107	112	115
107	112	116
107	113	97
107	113	98
107	113	99
107	113	100
107	113	101
107	113	102
107	113	103
107	113	104
107	113	105
107	113	106
107	113	107
107	113	108
107	113	109
107	113	110
107	113	111
107	113	112
107	113	113
107	113	114
107	113	115
107	113	116
107	114	98
107	114	99
107	114	100
107	114	101
107	114	102
107	114	103
107	114	104
107	114	105
107	114	106
107	114	107
107	114	108
107	114	109
107	114	110
107	114	111
107	114	112
107	114	113
107	114	114
107	114	115
107	114	116
107	115	99
107	115	100
107	115	101
107	115	102
107	115	103
107	115	104
107	115	105
107	115	106
107	115	107
107	115	108
107	115	109
107	115	110
107	115	111
107	115	112
107	115	113
107	115	114
107	115	115
107	115	116
107	115	117
107	116	101
107	116	102
107	116	103
107	116	104
107	116	105
107	116	106
107	116	107
107	116	108
107	116	109
107	116	110
107	116	111
107	116	112
107	116	113
107	116	114
107	116	115
107	116	116
107	116	117
107	116	118
107	117	101
107	117	102
107	117	103
107	117	104
107	117	105
107	117	106
107	117	107
107	117	108
107	117	109
107	117	110
107	117	111
107	117	112
107	117	113
107	117	114
107	117	115
107	117	116
107	117	117
107	117	118
107	117	119
107	118	102
107	118	103
107	118	104
107	118	105
107	118	106
107	118	107
107	118	108
107	118	109
107	118	110
107	118	111
107	118	112
107	118	113
107	118	114
107	118	115
107	118	116
107	118	117
107	118	118
107	118	119
107	118	120
107	119	108
107	119	109
107	119	110
107	119	111
107	119	112
107	119	113
107	119	114
107	119	115
107	119	116
107	119	117
107	119	118
107	119	119
107	119	120
107	119	121
107	120	110
107	120	111
107	120	112
107	120	113
107	120	114
107	120	115
107	120	116
107	120	117
107	120	118
107	120	119
107	120	120
107	120	121
107	120	122
107	121	111
107	121	112
107	121	113
107	121	114
107	121	115
107	121	116
107	121	117
107	121	118
107	121	119
107	121	120
107	121	121
107	121	122
107	121	123
107	122	112
107	122	113
107	122	114
107	122	115
107	122	116
107	122	117
107	122	118
107	122	119
107	122	120
107	122	121
107	123	113
107	123	114
107	123	115
107	123	116
107	123	117
107	123	118
107	123	119
107	123	120
107	124	115
107	124	116
107	124	117
107	124	118
107	125	115
107	125	116
107	125	117
107	126	116
108	104	102
108	104	103
108	104	104
108	104	105
108	104	106
108	104	107
108	104	108
108	104	109
108	104	110
108	104	111
108	104	112
108	104	113
108	104	114
108	105	102
108	105	103
108	105	104
108	105	105
108	105	106
108	105	107
108	105	108
108	105	109
108	105	110
108	105	111
108	105	112
108	105	113
108	105	114
108	106	102
108	106	103
108	106	104
108	106	105
108	106	106
108	106	107
108	106	108
108	106	109
108	106	110
108	106	111
108	106	112
108	106	113
108	106	114
108	106	115
108	107	100
108	107	101
108	107	102
108	107	103
108	107	104
108	107	105
108	107	106
108	107	107
108	107	108
108	107	109
108	107	110
108	107	111
108	107	112
108	107	113
108	107	114
108	107	115
108	108	99
108	108	100
108	108	101
108	108	102
108	108	103
108	108	104
108	108	105
108	108	106
108	108	107
108	108	108
108	108	109
108	108	110
108	108	111
108	108	112
108	108	113
108	108	114
108	108	115
108	109	98
108	109	99
108	109	100
108	109	101
108	109	102
108	109	103
108	109	104
108	109	105
108	109	106
108	109	107
108	109	108
108	109	109
108	109	110
108	109	111
108	109	112
108	109	113
108	109	114
108	110	98
108	110	99
108	110	100
108	110	101
108	110	102
108	110	103
108	110	104
108	110	105
108	110	106
108	110	107
108	110	108
108	110	109
108	110	110
108	110	111
108	110	112
108	110	113
108	110	114
108	111	98
108	111	99
108	111	100
108	111	101
108	111	102
108	111	103
108	111	104
108	111	105
108	111	106
108	111	107
108	111	108
108	111	109
108	111	110
108	111	111
108	111	112
108	111	113
108	111	114
108	111	115
108	112	97
108	112	98
108	112	99
108	112	100
108	112	101
108	112	102
108	112	103
108	112	104
108	112	105
108	112	106
108	112	107
108	112	108
108	112	109
108	112	110
108	112	111
108	112	112
108	112	113
108	112	114
108	112	115
108	113	96
108	113	97
108	113	98
108	113	99
108	113	100
108	113	101
108	113	102
108	113	103
108	113	104
108	113	105
108	113	106
108	113	107
108	113	108
108	113	109
108	113	110
108	113	111
108	113	112
108	113	113
108	113	114
108	113	115
108	114	98
108	114	99
108	114	100
108	114	101
108	114	102
108	114	103
108	114	104
108	114	105
108	114	106
108	114	107
108	114	108
108	114	109
108	114	110
108	114	111
108	114	112
108	114	113
108	114	114
108	114	115
108	115	100
108	115	101
108	115	102
108	115	103
108	115	104
108	115	105
108	115	106
108	115	107
108	115	108
108	115	109
108	115	110
108	115	111
108	115	112
108	115	113
108	115	114
108	115	115
108	116	101
108	116	102
108	116	103
108	116	104
108	116	105
108	116	106
108	116	107
108	116	108
108	116	109
108	116	110
108	116	111
108	116	112
108	116	113
108	116	114
108	116	115
108	116	116
108	116	117
108	116	118
108	117	102
108	117	103
108	117	104
108	117	105
108	117	106
108	117	107
108	117	108
108	117	109
108	117	110
108	117	111
108	117	112
108	117	113
108	117	114
108	117	115
108	117	116
108	117	117
108	117	118
108	117	119
108	118	103
108	118	104
108	118	105
108	118	106
108	118	107
108	118	108
108	118	109
108	118	110
108	118	111
108	118	112
108	118	113
108	118	114
108	118	115
108	118	116
108	118	117
108	118	118
108	118	119
108	118	120
108	119	108
108	119	109
108	119	110
108	119	111
108	119	112
108	119	113
108	119	114
108	119	115
108	119	116
108	119	117
108	119	118
108	119	119
108	119	120
108	119	121
108	120	110
108	120	111
108	120	112
108	120	113
108	120	114
108	120	115
108	120	116
108	120	117
108	120	118
108	120	119
108	120	120
108	120	121
108	120	122
108	121	111
108	121	112
108	121	113
108	121	114
108	121	115
108	121	116
108	121	117
108	121	118
108	121	119
108	121	120
108	121	121
108	121	122
108	122	112
108	122	113
108	122	114
108	122	115
108	122	116
108	122	117
108	122	118
108	122	119
108	122	120
108	122	121
108	123	113
108	123	114
108	123	115
108	123	116
108	123	117
108	123	118
108	123	119
108	123	120
108	124	114
108	124	115
108	124	116
108	124	117
108	124	118
108	124	119
108	125	115
108	125	116
108	125	117
108	125	118
108	126	116
108	126	117
109	103	101
109	103	102
109	103	103
109	103	104
109	103	105
109	103	106
109	103	107
109	103	108
109	103	109
109	103	110
109	103	111
109	103	112
109	103	113
109	103	114
109	104	101
109	104	102
109	104	103
109	104	104
109	104	105
109	104	106
109	104	107
109	104	108
109	104	109
109	104	110
109	104	111
109	104	112
109	104	113
109	104	114
109	105	101
109	105	102
109	105	103
109	105	104
109	105	105
109	105	106
109	105	107
109	105	108
109	105	109
109	105	110
109	105	111
109	105	112
109	105	113
109	105	114
109	106	99
109	106	100
109	106	101
109	106	102
109	106	103
109	106	104
109	106	105
109	106	106
109	106	107
109	106	108
109	106	109
109	106	110
109	106	111
109	106	112
109	106	113
109	106	114
109	107	100
109	107	101
109	107	102
109	107	103
109	107	104
109	107	105
109	107	106
109	107	107
109	107	108
109	107	109
109	107	110
109	107	111
109	107	112
109	107	113
109	107	114
109	107	115
109	108	99
109	108	100
109	108	101
109	108	102
109	108	103
109	108	104
109	108	105
109	108	106
109	108	107
109	108	108
109	108	109
109	108	110
109	108	111
109	108	112
109	108	113
109	108	114
109	109	99
109	109	100
109	109	101
109	109	102
109	109	103
109	109	104
109	109	105
109	109	106
109	109	107
109	109	108
109	109	109
109	109	110
109	109	111
109	109	112
109	109	113
109	109	114
109	110	99
109	110	100
109	110	101
109	110	102
109	110	103
109	110	104
109	110	105
109	110	106
109	110	107
109	110	108
109	110	109
109	110	110
109	110	111
109	110	112
109	110	113
109	110	114
109	111	98
109	111	99
109	111	100
109	111	101
109	111	102
109	111	103
109	111	104
109	111	105
109	111	106
109	111	107
109	111	108
109	111	109
109	111	110
109	111	111
109	111	112
109	111	113
109	111	114
109	112	98
109	112	99
109	112	100
109	112	101
109	112	102
109	112	103
109	112	104
109	112	105
109	112	106
109	112	107
109	112	108
109	112	109
109	112	110
109	112	111
109	112	112
109	112	113
109	112	114
109	113	96
109	113	97
109	113	98
109	113	99
109	113	100
109	113	101
109	113	102
109	113	103
109	113	104
109	113	105
109	113	106
109	113	107
109	113	108
109	113	109
109	113	110
109	113	111
109	113	112
109	113	113
109	113	114
109	114	95
109	114	96
109	114	99
109	114	100
109	114	101
109	114	102
109	114	103
109	114	104
109	114	105
109	114	106
109	114	107
109	114	108
109	114	109
109	114	110
109	114	111
109	114	112
109	114	113
109	114	114
109	115	100
109	115	101
109	115	102
109	115	103
109	115	104
109	115	105
109	115	106
109	115	107
109	115	108
109	115	109
109	115	110
109	115	111
109	115	112
109	115	113
109	115	114
109	116	101
109	116	102
109	116	103
109	116	104
109	116	105
109	116	106
109	116	107
109	116	108
109	116	109
109	116	110
109	116	111
109	116	112
109	116	113
109	116	114
109	117	101
109	117	102
109	117	103
109	117	104
109	117	105
109	117	106
109	117	107
109	117	108
109	117	109
109	117	110
109	117	111
109	117	112
109	117	113
109	117	114
109	117	115
109	117	116
109	117	117
109	117	118
109	117	119
109	118	101
109	118	102
109	118	103
109	118	104
109	118	105
109	118	106
109	118	107
109	118	108
109	118	109
109	118	110
109	118	111
109	118	112
109	118	113
109	118	114
109	118	115
109	118	116
109	118	117
109	118	118
109	118	119
109	118	120
109	119	104
109	119	105
109	119	108
109	119	109
109	119	110
109	119	111
109	119	112
109	119	113
109	119	114
109	119	115
109	119	116
109	119	117
109	119	118
109	119	119
109	119	120
109	119	121
109	120	108
109	120	109
109	120	110
109	120	111
109	120	112
109	120	113
109	120	114
109	120	115
109	120	116
109	120	117
109	120	118
109	120	119
109	120	120
109	120	121
109	120	122
109	121	111
109	121	112
109	121	113
109	121	114
109	121	115
109	121	116
109	121	117
109	121	118
109	121	119
109	121	120
109	121	121
109	121	122
109	122	112
109	122	113
109	122	114
109	122	115
109	122	116
109	122	117
109	122	118
109	122	119
109	122	120
109	123	113
109	123	114
109	123	115
109	123	116
109	123	117
109	123	118
109	123	119
109	124	114
109	124	115
109	124	116
109	124	117
109	124	118
109	124	119
109	125	115
109	125	116
109	125	117
109	125	118
109	125	119
109	126	116
109	126	117
110	102	100
110	102	101
110	102	102
110	102	103
110	102	104
110	102	105
110	102	106
110	102	107
110	102	108
110	102	109
110	102	110
110	102	111
110	102	112
110	102	113
110	103	100
110	103	101
110	103	102
110	103	103
110	103	104
110	103	105
110	103	106
110	103	107
110	103	108
110	103	109
110	103	110
110	103	111
110	103	112
110	103	113
110	104	100
110	104	101
110	104	102
110	104	103
110	104	104
110	104	105
110	104	106
110	104	107
110	104	108
110	104	109
110	104	110
110	104	111
110	104	112
110	104	113
110	105	98
110	105	99
110	105	100
110	105	101
110	105	102
110	105	103
110	105	104
110	105	105
110	105	106
110	105	107
110	105	108
110	105	109
110	105	110
110	105	111
110	105	112
110	105	113
110	106	99
110	106	100
110	106	101
110	106	102
110	106	103
110	106	104
110	106	105
110	106	106
110	106	107
110	106	108
110	106	109
110	106	110
110	106	111
110	106	112
110	106	113
110	106	114
110	107	100
110	107	101
110	107	102
110	107	103
110	107	104
110	107	105
110	107	106
110	107	107
110	107	108
110	107	109
110	107	110
110	107	111
110	107	112
110	107	113
110	107	114
110	108	99
110	108	100
110	108	101
110	108	102
110	108	103
110	108	104
110	108	105
110	108	106
110	108	107
110	108	108
110	108	109
110	108	110
110	108	111
110	108	112
110	108	113
110	108	114
110	109	99
110	109	100
110	109	101
110	109	102
110	109	103
110	109	104
110	109	105
110	109	106
110	109	107
110	109	108
110	109	109
110	109	110
110	109	111
110	109	112
110	109	113
110	110	99
110	110	100
110	110	101
110	110	102
110	110	103
110	110	104
110	110	105
110	110	106
110	110	107
110	110	108
110	110	109
110	110	110
110	110	111
110	110	112
110	110	113
110	111	99
110	111	100
110	111	101
110	111	102
110	111	103
110	111	104
110	111	105
110	111	106
110	111	107
110	111	108
110	111	109
110	111	110
110	111	111
110	111	112
110	111	113
110	112	98
110	112	99
110	112	100
110	112	101
110	112	102
110	112	103
110	112	104
110	112	105
110	112	106
110	112	107
110	112	108
110	112	109
110	112	110
110	112	111
110	112	112
110	112	113
110	113	97
110	113	98
110	113	99
110	113	100
110	113	101
110	113	102
110	113	103
110	113	104
110	113	105
110	113	106
110	113	107
110	113	108
110	113	109
110	113	110
110	113	111
110	113	112
110	113	113
110	114	95
110	114	96
110	114	97
110	114	99
110	114	100
110	114	101
110	114	102
110	114	103
110	114	104
110	114	105
110	114	106
110	114	107
110	114	108
110	114	109
110	114	110
110	114	111
110	114	112
110	114	113
110	115	94
110	115	95
110	115	100
110	115	101
110	115	102
110	115	103
110	115	104
110	115	105
110	115	106
110	115	107
110	115	108
110	115	109
110	115	110
110	115	111
110	115	112
110	115	113
110	116	100
110	116	101
110	116	102
110	116	103
110	116	104
110	116	105
110	116	106
110	116	107
110	116	108
110	116	109
110	116	110
110	116	111
110	116	112
110	116	113
110	117	100
110	117	101
110	117	102
110	117	103
110	117	104
110	117	105
110	117	106
110	117	107
110	117	108
110	117	109
110	117	110
110	117	111
110	117	112
110	117	113
110	118	100
110	118	101
110	118	102
110	118	103
110	118	104
110	118	105
110	118	106
110	118	107
110	118	108
110	118	109
110	118	110
110	118	111
110	118	112
110	118	113
110	118	114
110	118	115
110	118	116
110	118	117
110	118	118
110	118	119
110	118	120
110	119	100
110	119	101
110	119	102
110	119	103
110	119	104
110	119	105
110	119	106
110	119	107
110	119	108
110	119	109
110	119	110
110	119	111
110	119	112
110	119	113
110	119	114
110	119	115
110	119	116
110	119	117
110	119	118
110	119	119
110	119	120
110	119	121
110	120	103
110	120	104
110	120	105
110	120	106
110	120	107
110	120	108
110	120	109
110	120	110
110	120	111
110	120	112
110	120	113
110	120	114
110	120	115
110	120	116
110	120	117
110	120	118
110	120	119
110	120	120
110	120	121
110	120	122
110	121	107
110	121	108
110	121	109
110	121	110
110	121	111
110	121	112
110	121	113
110	121	114
110	121	115
110	121	116
110	121	117
110	121	120
110	121	121
110	122	112
110	122	113
110	122	114
110	122	115
110	122	116
110	122	117
110	122	118
110	122	120
110	123	113
110	123	114
110	123	115
110	123	116
110	123	117
110	123	118
110	123	119
110	124	114
110	124	115
110	124	116
110	124	117
110	124	118
110	124	119
110	125	115
110	125	116
110	125	117
110	125	118
110	125	119
110	126	116
110	126	117
110	126	118
110	127	117
111	101	99
111	101	100
111	101	101
111	101	102
111	101	103
111	101	104
111	101	105
111	101	106
111	101	107
111	101	108
111	101	109
111	101	110
111	101	111
111	101	112
111	102	99
111	102	100
111	102	101
111	102	102
111	102	103
111	102	104
111	102	105
111	102	106
111	102	107
111	102	108
111	102	109
111	102	110
111	102	111
111	102	112
111	103	99
111	103	100
111	103	101
111	103	102
111	103	103
111	103	104
111	103	105
111	103	106
111	103	107
111	103	108
111	103	109
111	103	110
111	103	111
111	103	112
111	104	97
111	104	98
111	104	99
111	104	100
111	104	101
111	104	102
111	104	103
111	104	104
111	104	105
111	104	106
111	104	107
111	104	108
111	104	109
111	104	110
111	104	111
111	104	112
111	105	99
111	105	100
111	105	101
111	105	102
111	105	103
111	105	104
111	105	105
111	105	106
111	105	107
111	105	108
111	105	109
111	105	110
111	105	111
111	105	112
111	105	113
111	106	99
111	106	100
111	106	101
111	106	102
111	106	103
111	106	104
111	106	105
111	106	106
111	106	107
111	106	108
111	106	109
111	106	110
111	106	111
111	106	112
111	106	113
111	107	99
111	107	100
111	107	101
111	107	102
111	107	103
111	107	104
111	107	105
111	107	106
111	107	107
111	107	108
111	107	109
111	107	110
111	107	111
111	107	112
111	107	113
111	108	99
111	108	100
111	108	101
111	108	102
111	108	103
111	108	104
111	108	105
111	108	106
111	108	107
111	108	108
111	108	109
111	108	110
111	108	111
111	108	112
111	109	99
111	109	100
111	109	101
111	109	102
111	109	103
111	109	104
111	109	105
111	109	106
111	109	107
111	109	108
111	109	109
111	109	110
111	109	111
111	109	112
111	110	99
111	110	100
111	110	101
111	110	102
111	110	103
111	110	104
111	110	105
111	110	106
111	110	107
111	110	108
111	110	109
111	110	110
111	110	111
111	110	112
111	111	98
111	111	99
111	111	100
111	111	101
111	111	102
111	111	103
111	111	104
111	111	105
111	111	106
111	111	107
111	111	108
111	111	109
111	111	110
111	111	111
111	111	112
111	112	98
111	112	99
111	112	100
111	112	101
111	112	102
111	112	103
111	112	104
111	112	105
111	112	106
111	112	107
111	112	108
111	112	109
111	112	110
111	112	111
111	112	112
111	113	97
111	113	98
111	113	99
111	113	100
111	113	101
111	113	102
111	113	103
111	113	104
111	113	105
111	113	106
111	113	107
111	113	108
111	113	109
111	113	110
111	113	111
111	113	112
111	114	96
111	114	97
111	114	98
111	114	99
111	114	100
111	114	101
111	114	102
111	114	103
111	114	104
111	114	105
111	114	106
111	114	107
111	114	108
111	114	109
111	114	110
111	114	111
111	114	112
111	115	94
111	115	95
111	115	96
111	115	98
111	115	99
111	115	100
111	115	101
111	115	102
111	115	103
111	115	104
111	115	105
111	115	106
111	115	107
111	115	108
111	115	109
111	115	110
111	115	111
111	115	112
111	116	94
111	116	99
111	116	100
111	116	101
111	116	102
111	116	103
111	116	104
111	116	105
111	116	106
111	116	107
111	116	108
111	116	109
111	116	110
111	116	111
111	116	112
111	117	99
111	117	100
111	117	101
111	117	102
111	117	103
111	117	104
111	117	105
111	117	106
111	117	107
111	117	108
111	117	109
111	117	110
111	117	111
111	117	112
111	118	99
111	118	100
111	118	101
111	118	102
111	118	103
111	118	104
111	118	105
111	118	106
111	118	107
111	118	108
111	118	109
111	118	110
111	118	111
111	118	112
111	118	113
111	119	99
111	119	100
111	119	101
111	119	102
111	119	103
111	119	104
111	119	105
111	119	106
111	119	107
111	119	108
111	119	109
111	119	110
111	119	111
111	119	112
111	119	113
111	119	114
111	119	115
111	119	116
111	119	117
111	119	118
111	119	119
111	119	120
111	119	121
111	120	99
111	120	100
111	120	101
111	120	102
111	120	103
111	120	104
111	120	105
111	120	106
111	120	107
111	120	108
111	120	109
111	120	110
111	120	111
111	120	112
111	120	113
111	120	114
111	120	115
111	120	116
111	120	121
111	120	122
111	121	102
111	121	103
111	121	104
111	121	105
111	121	106
111	121	107
111	121	108
111	121	109
111	121	110
111	121	111
111	121	112
111	121	113
111	121	114
111	121	115
111	121	116
111	121	117
111	121	121
111	122	106
111	122	107
111	122	108
111	122	109
111	122	110
111	122	111
111	122	112
111	122	113
111	122	114
111	122	115
111	122	116
111	122	117
111	122	118
111	123	113
111	123	114
111	123	115
111	123	116
111	123	117
111	123	118
111	123	119
111	124	114
111	124	115
111	124	116
111	124	117
111	124	118
111	124	119
111	125	115
111	125	116
111	125	117
111	125	118
111	125	119
111	126	116
111	126	117
111	126	118
111	127	117
112	100	98
112	100	99
112	100	100
112	100	101
112	100	102
112	100	103
112	100	104
112	100	105
112	100	106
112	100	107
112	100	108
112	100	109
112	100	110
112	100	111
112	101	98
112	101	99
112	101	100
112	101	101
112	101	102
112	101	103
112	101	104
112	101	105
112	101	106
112	101	107
112	101	108
112	101	109
112	101	110
112	101	111
112	102	98
112	102	99
112	102	100
112	102	101
112	102	102
112	102	103
112	102	104
112	102	105
112	102	106
112	102	107
112	102	108
112	102	109
112	102	110
112	102	111
112	103	96
112	103	97
112	103	98
112	103	99
112	103	100
112	103	101
112	103	102
112	103	103
112	103	104
112	103	105
112	103	106
112	103	107
112	103	108
112	103	109
112	103	110
112	103	111
112	104	98
112	104	99
112	104	100
112	104	101
112	104	102
112	104	103
112	104	104
112	104	105
112	104	106
112	104	107
112	104	108
112	104	109
112	104	110
112	104	111
112	104	112
112	105	99
112	105	100
112	105	101
112	105	102
112	105	103
112	105	104
112	105	105
112	105	106
112	105	107
112	105	108
112	105	109
112	105	110
112	105	111
112	105	112
112	106	99
112	106	100
112	106	101
112	106	102
112	106	103
112	106	104
112	106	105
112	106	106
112	106	107
112	106	108
112	106	109
112	106	110
112	106	111
112	106	112
112	107	98
112	107	99
112	107	100
112	107	101
112	107	102
112	107	103
112	107	104
112	107	105
112	107	106
112	107	107
112	107	108
112	107	109
112	107	110
112	107	111
112	108	98
112	108	99
112	108	100
112	108	101
112	108	102
112	108	103
112	108	104
112	108	105
112	108	106
112	108	107
112	108	108
112	108	109
112	108	110
112	108	111
112	109	98
112	109	99
112	109	100
112	109	101
112	109	102
112	109	103
112	109	104
112	109	105
112	109	106
112	109	107
112	109	108
112	109	109
112	109	110
112	109	111
112	110	98
112	110	99
112	110	100
112	110	101
112	110	102
112	110	103
112	110	104
112	110	105
112	110	106
112	110	107
112	110	108
112	110	109
112	110	110
112	110	111
112	111	98
112	111	99
112	111	100
112	111	101
112	111	102
112	111	103
112	111	104
112	111	105
112	111	106
112	111	107
112	111	108
112	111	109
112	111	110
112	111	111
112	112	97
112	112	98
112	112	99
112	112	100
112	112	101
112	112	102
112	112	103
112	112	104
112	112	105
112	112	106
112	112	107
112	112	108
112	112	109
112	112	110
112	112	111
112	113	97
112	113	98
112	113	99
112	113	100
112	113	101
112	113	102
112	113	103
112	113	104
112	113	105
112	113	106
112	113	107
112	113	108
112	113	109
112	113	110
112	113	111
112	114	96
112	114	97
112	114	98
112	114	99
112	114	100
112	114	101
112	114	102
112	114	103
112	114	104
112	114	105
112	114	106
112	114	107
112	114	108
112	114	109
112	114	110
112	114	111
112	115	95
112	115	96
112	115	97
112	115	98
112	115	99
112	115	100
112	115	101
112	115	102
112	115	103
112	115	104
112	115	105
112	115	106
112	115	107
112	115	108
112	115	109
112	115	110
112	115	111
112	115	112
112	116	97
112	116	98
112	116	99
112	116	100
112	116	101
112	116	102
112	116	103
112	116	104
112	116	105
112	116	106
112	116	107
112	116	108
112	116	109
112	116	110
112	116	111
112	116	112
112	117	98
112	117	99
112	117	100
112	117	101
112	117	102
112	117	103
112	117	104
112	117	105
112	117	106
112	117	107
112	117	108
112	117	109
112	117	110
112	117	111
112	117	112
112	118	98
112	118	99
112	118	100
112	118	101
112	118	102
112	118	103
112	118	104
112	118	105
112	118	106
112	118	107
112	118	108
112	118	109
112	118	110
112	118	111
112	118	112
112	118	113
112	118	114
112	119	98
112	119	99
112	119	100
112	119	101
112	119	102
112	119	103
112	119	104
112	119	105
112	119	106
112	119	107
112	119	108
112	119	109
112	119	110
112	119	111
112	119	112
112	119	113
112	119	114
112	119	115
112	120	98
112	120	99
112	120	100
112	120	101
112	120	102
112	120	103
112	120	104
112	120	105
112	120	106
112	120	107
112	120	108
112	120	109
112	120	110
112	120	111
112	120	112
112	120	113
112	120	114
112	120	115
112	120	116
112	121	98
112	121	99
112	121	100
112	121	101
112	121	102
112	121	103
112	121	104
112	121	105
112	121	106
112	121	107
112	121	108
112	121	109
112	121	110
112	121	111
112	121	112
112	121	113
112	121	114
112	121	115
112	121	116
112	121	117
112	122	101
112	122	102
112	122	103
112	122	104
112	122	105
112	122	106
112	122	107
112	122	108
112	122	109
112	122	110
112	122	111
112	122	112
112	122	113
112	122	114
112	122	115
112	122	116
112	122	117
112	122	118
112	123	105
112	123	106
112	123	107
112	123	108
112	123	109
112	123	110
112	123	111
112	123	112
112	123	113
112	123	114
112	123	115
112	123	116
112	123	117
112	123	118
112	123	119
112	124	114
112	124	115
112	124	116
112	124	117
112	124	118
112	124	119
112	125	115
112	125	116
112	125	117
112	125	118
112	125	119
112	126	116
112	126	117
112	126	118
112	127	115
112	127	116
112	127	117
113	99	97
113	99	98
113	99	99
113	99	100
113	99	101
113	99	102
113	99	103
113	99	104
113	99	105
113	99	106
113	99	107
113	99	108
113	99	109
113	99	110
113	99	111
113	100	97
113	100	98
113	100	99
113	100	100
113	100	101
113	100	102
113	100	103
113	100	104
113	100	105
113	100	106
113	100	107
113	100	108
113	100	109
113	100	110
113	101	97
113	101	98
113	101	99
113	101	100
113	101	101
113	101	102
113	101	103
113	101	104
113	101	105
113	101	106
113	101	107
113	101	108
113	101	109
113	101	110
113	102	97
113	102	98
113	102	99
113	102	100
113	102	101
113	102	102
113	102	103
113	102	104
113	102	105
113	102	106
113	102	107
113	102	108
113	102	109
113	102	110
113	103	98
113	103	99
113	103	100
113	103	101
113	103	102
113	103	103
113	103	104
113	103	105
113	103	106
113	103	107
113	103	108
113	103	109
113	103	110
113	103	111
113	104	99
113	104	100
113	104	101
113	104	102
113	104	103
113	104	104
113	104	105
113	104	106
113	104	107
113	104	108
113	104	109
113	104	110
113	104	111
113	105	99
113	105	100
113	105	101
113	105	102
113	105	103
113	105	104
113	105	105
113	105	106
113	105	107
113	105	108
113	105	109
113	105	110
113	105	111
113	106	99
113	106	100
113	106	101
113	106	102
113	106	103
113	106	104
113	106	105
113	106	106
113	106	107
113	106	108
113	106	109
113	106	110
113	107	98
113	107	99
113	107	100
113	107	101
113	107	102
113	107	103
113	107	104
113	107	105
113	107	106
113	107	107
113	107	108
113	107	109
113	107	110
113	108	98
113	108	99
113	108	100
113	108	101
113	108	102
113	108	103
113	108	104
113	108	105
113	108	106
113	108	107
113	108	108
113	108	109
113	108	110
113	109	97
113	109	98
113	109	99
113	109	100
113	109	101
113	109	102
113	109	103
113	109	104
113	109	105
113	109	106
113	109	107
113	109	108
113	109	109
113	109	110
113	110	97
113	110	98
113	110	99
113	110	100
113	110	101
113	110	102
113	110	103
113	110	104
113	110	105
113	110	106
113	110	107
113	110	108
113	110	109
113	110	110
113	111	97
113	111	98
113	111	99
113	111	100
113	111	101
113	111	102
113	111	103
113	111	104
113	111	105
113	111	106
113	111	107
113	111	108
113	111	109
113	111	110
113	112	97
113	112	98
113	112	99
113	112	100
113	112	101
113	112	102
113	112	103
113	112	104
113	112	105
113	112	106
113	112	107
113	112	108
113	112	109
113	112	110
113	113	96
113	113	97
113	113	98
113	113	99
113	113	100
113	113	101
113	113	102
113	113	103
113	113	104
113	113	105
113	113	106
113	113	107
113	113	108
113	113	109
113	113	110
113	113	111
113	114	96
113	114	97
113	114	98
113	114	99
113	114	100
113	114	101
113	114	102
113	114	103
113	114	104
113	114	105
113	114	106
113	114	107
113	114	108
113	114	109
113	114	110
113	114	111
113	114	112
113	115	96
113	115	97
113	115	98
113	115	99
113	115	100
113	115	101
113	115	102
113	115	103
113	115	104
113	115	105
113	115	106
113	115	107
113	115	108
113	115	109
113	115	110
113	115	111
113	115	112
113	116	96
113	116	97
113	116	98
113	116	99
113	116	100
113	116	101
113	116	102
113	116	103
113	116	104
113	116	105
113	116	106
113	116	107
113	116	108
113	116	109
113	116	110
113	116	111
113	116	112
113	116	113
113	117	96
113	117	97
113	117	98
113	117	99
113	117	100
113	117	101
113	117	102
113	117	103
113	117	104
113	117	105
113	117	106
113	117	107
113	117	108
113	117	109
113	117	110
113	117	111
113	117	112
113	117	113
113	118	97
113	118	98
113	118	99
113	118	100
113	118	101
113	118	102
113	118	103
113	118	104
113	118	105
113	118	106
113	118	107
113	118	108
113	118	109
113	118	110
113	118	111
113	118	112
113	118	113
113	118	114
113	118	115
113	119	97
113	119	98
113	119	99
113	119	100
113	119	101
113	119	102
113	119	103
113	119	104
113	119	105
113	119	106
113	119	107
113	119	108
113	119	109
113	119	110
113	119	111
113	119	112
113	119	113
113	119	114
113	119	115
113	119	116
113	120	97
113	120	98
113	120	99
113	120	100
113	120	101
113	120	102
113	120	103
113	120	104
113	120	105
113	120	106
113	120	107
113	120	108
113	120	109
113	120	110
113	120	111
113	120	112
113	120	113
113	120	114
113	120	115
113	120	116
113	121	98
113	121	99
113	121	100
113	121	101
113	121	102
113	121	103
113	121	104
113	121	105
113	121	106
113	121	107
113	121	108
113	121	109
113	121	110
113	121	111
113	121	112
113	121	113
113	121	114
113	121	115
113	121	116
113	121	117
113	122	100
113	122	101
113	122	102
113	122	103
113	122	104
113	122	105
113	122	106
113	122	107
113	122	108
113	122	109
113	122	110
113	122	111
113	122	112
113	122	113
113	122	114
113	122	115
113	122	116
113	122	117
113	122	118
113	123	102
113	123	103
113	123	104
113	123	105
113	123	106
113	123	107
113	123	108
113	123	109
113	123	110
113	123	111
113	123	112
113	123	113
113	123	114
113	123	115
113	123	116
113	123	117
113	123	118
113	123	119
113	124	108
113	124	109
113	124	110
113	124	111
113	124	112
113	124	113
113	124	114
113	124	115
113	124	116
113	124	117
113	124	118
113	124	119
113	125	115
113	125	116
113	125	117
113	125	118
113	125	119
113	126	116
114	98	100
114	98	101
114	98	102
114	98	103
114	98	104
114	98	105
114	98	106
114	98	107
114	98	108
114	98	109
114	98	110
114	98	111
114	98	112
114	99	99
114	99	100
114	99	101
114	99	102
114	99	103
114	99	104
114	99	105
114	99	106
114	99	107
114	99	108
114	99	109
114	99	110
114	100	97
114	100	98
114	100	99
114	100	100
114	100	101
114	100	102
114	100	103
114	100	104
114	100	105
114	100	106
114	100	107
114	100	108
114	100	109
114	101	97
114	101	98
114	101	99
114	101	100
114	101	101
114	101	102
114	101	103
114	101	104
114	101	105
114	101	106
114	101	107
114	101	108
114	101	109
114	102	98
114	102	99
114	102	100
114	102	101
114	102	102
114	102	103
114	102	104
114	102	105
114	102	106
114	102	107
114	102	108
114	102	109
114	102	110
114	103	99
114	103	100
114	103	101
114	103	102
114	103	103
114	103	104
114	103	105
114	103	106
114	103	107
114	103	108
114	103	109
114	103	110
114	104	99
114	104	100
114	104	101
114	104	102
114	104	103
114	104	104
114	104	105
114	104	106
114	104	107
114	104	108
114	104	109
114	104	110
114	105	99
114	105	100
114	105	101
114	105	102
114	105	103
114	105	104
114	105	105
114	105	106
114	105	107
114	105	108
114	105	109
114	106	98
114	106	99
114	106	100
114	106	101
114	106	102
114	106	103
114	106	104
114	106	105
114	106	106
114	106	107
114	106	108
114	106	109
114	107	97
114	107	98
114	107	99
114	107	100
114	107	101
114	107	102
114	107	103
114	107	104
114	107	105
114	107	106
114	107	107
114	107	108
114	107	109
114	108	97
114	108	98
114	108	99
114	108	100
114	108	101
114	108	102
114	108	103
114	108	104
114	108	105
114	108	106
114	108	107
114	108	108
114	108	109
114	109	97
114	109	98
114	109	99
114	109	100
114	109	101
114	109	102
114	109	103
114	109	104
114	109	105
114	109	106
114	109	107
114	109	108
114	109	109
114	110	96
114	110	97
114	110	98
114	110	99
114	110	100
114	110	101
114	110	102
114	110	103
114	110	104
114	110	105
114	110	106
114	110	107
114	110	108
114	110	109
114	111	96
114	111	97
114	111	98
114	111	99
114	111	100
114	111	101
114	111	102
114	111	103
114	111	104
114	111	105
114	111	106
114	111	107
114	111	108
114	111	109
114	112	96
114	112	97
114	112	98
114	112	99
114	112	100
114	112	101
114	112	102
114	112	103
114	112	104
114	112	105
114	112	106
114	112	107
114	112	108
114	112	109
114	112	110
114	112	111
114	113	96
114	113	97
114	113	98
114	113	99
114	113	100
114	113	101
114	113	102
114	113	103
114	113	104
114	113	105
114	113	106
114	113	107
114	113	108
114	113	109
114	113	110
114	113	111
114	114	97
114	114	98
114	114	99
114	114	100
114	114	101
114	114	102
114	114	103
114	114	104
114	114	105
114	114	106
114	114	107
114	114	108
114	114	109
114	114	110
114	114	111
114	114	112
114	115	97
114	115	98
114	115	99
114	115	100
114	115	101
114	115	102
114	115	103
114	115	104
114	115	105
114	115	106
114	115	107
114	115	108
114	115	109
114	115	110
114	115	111
114	115	112
114	115	113
114	116	97
114	116	98
114	116	99
114	116	100
114	116	101
114	116	102
114	116	103
114	116	104
114	116	105
114	116	106
114	116	107
114	116	108
114	116	109
114	116	110
114	116	111
114	116	112
114	116	113
114	117	98
114	117	99
114	117	100
114	117	101
114	117	102
114	117	103
114	117	104
114	117	105
114	117	106
114	117	107
114	117	108
114	117	109
114	117	110
114	117	111
114	117	112
114	117	113
114	117	114
114	118	98
114	118	99
114	118	100
114	118	101
114	118	102
114	118	103
114	118	104
114	118	105
114	118	106
114	118	107
114	118	108
114	118	109
114	118	110
114	118	111
114	118	112
114	118	113
114	118	114
114	118	115
114	119	99
114	119	100
114	119	101
114	119	102
114	119	103
114	119	104
114	119	105
114	119	106
114	119	107
114	119	108
114	119	109
114	119	110
114	119	111
114	119	112
114	119	113
114	119	114
114	119	115
114	120	99
114	120	100
114	120	101
114	120	102
114	120	103
114	120	104
114	120	105
114	120	106
114	120	107
114	120	108
114	120	109
114	120	110
114	120	111
114	120	112
114	120	113
114	120	114
114	120	115
114	121	100
114	121	101
114	121	102
114	121	103
114	121	104
114	121	105
114	121	106
114	121	107
114	121	108
114	121	109
114	121	110
114	121	111
114	121	112
114	121	113
114	121	114
114	121	115
114	121	116
114	121	117
114	122	101
114	122	102
114	122	103
114	122	104
114	122	105
114	122	106
114	122	107
114	122	108
114	122	109
114	122	110
114	122	111
114	122	112
114	122	113
114	122	114
114	122	115
114	122	116
114	122	117
114	122	118
114	123	102
114	123	103
114	123	104
114	123	105
114	123	106
114	123	107
114	123	108
114	123	109
114	123	110
114	123	111
114	123	112
114	123	113
114	123	114
114	123	115
114	123	116
114	123	117
114	123	118
114	123	119
114	124	108
114	124	109
114	124	110
114	124	111
114	124	112
114	124	113
114	124	114
114	124	115
114	124	116
114	124	117
114	124	118
114	125	109
114	125	110
114	125	111
114	125	112
114	125	113
114	125	114
114	125	115
114	125	116
114	126	111
114	126	112
114	126	113
114	126	114
114	127	109
114	127	110
114	127	111
115	0	110
115	0	111
115	97	103
115	97	104
115	97	105
115	97	106
115	97	107
115	97	108
115	97	109
115	97	110
115	97	111
115	98	102
115	98	103
115	98	104
115	98	105
115	98	106
115	98	107
115	98	108
115	98	109
115	98	110
115	98	111
115	99	101
115	99	102
115	99	103
115	99	104
115	99	105
115	99	106
115	99	107
115	99	108
115	99	109
115	99	110
115	100	98
115	100	99
115	100	100
115	100	101
115	100	102
115	100	103
115	100	104
115	100	105
115	100	106
115	100	107
115	100	108
115	100	109
115	101	98
115	101	99
115	101	100
115	101	101
115	101	102
115	101	103
115	101	104
115	101	105
115	101	106
115	101	107
115	101	108
115	101	109
115	102	98
115	102	99
115	102	100
115	102	101
115	102	102
115	102	103
115	102	104
115	102	105
115	102	106
115	102	107
115	102	108
115	102	109
115	103	99
115	103	100
115	103	101
115	103	102
115	103	103
115	103	104
115	103	105
115	103	106
115	103	107
115	103	108
115	103	109
115	104	100
115	104	101
115	104	102
115	104	103
115	104	104
115	104	105
115	104	106
115	104	107
115	104	108
115	105	99
115	105	100
115	105	101
115	105	102
115	105	103
115	105	104
115	105	105
115	105	106
115	105	107
115	105	108
115	106	97
115	106	98
115	106	99
115	106	100
115	106	101
115	106	102
115	106	103
115	106	104
115	106	105
115	106	106
115	106	107
115	106	108
115	107	97
115	107	98
115	107	99
115	107	100
115	107	101
115	107	102
115	107	103
115	107	104
115	107	105
115	107	106
115	107	107
115	107	108
115	108	96
115	108	97
115	108	98
115	108	99
115	108	100
115	108	101
115	108	102
115	108	103
115	108	104
115	108	105
115	108	106
115	108	107
115	108	108
115	109	96
115	109	97
115	109	98
115	109	99
115	109	100
115	109	101
115	109	102
115	109	103
115	109	104
115	109	105
115	109	106
115	109	107
115	109	108
115	110	96
115	110	97
115	110	98
115	110	99
115	110	100
115	110	101
115	110	102
115	110	103
115	110	104
115	110	105
115	110	106
115	110	107
115	110	108
115	111	97
115	111	98
115	111	99
115	111	100
115	111	101
115	111	102
115	111	103
115	111	104
115	111	105
115	111	106
115	111	107
115	111	108
115	111	109
115	111	110
115	112	97
115	112	98
115	112	99
115	112	100
115	112	101
115	112	102
115	112	103
115	112	104
115	112	105
115	112	106
115	112	107
115	112	108
115	112	109
115	112	110
115	112	111
115	113	98
115	113	99
115	113	100
115	113	101
115	113	102
115	113	103
115	113	104
115	113	105
115	113	106
115	113	107
115	113	108
115	113	109
115	113	110
115	113	111
115	113	112
115	114	98
115	114	99
115	114	100
115	114	101
115	114	102
115	114	103
115	114	104
115	114	105
115	114	106
115	114	107
115	114	108
115	114	109
115	114	110
115	114	111
115	114	112
115	115	99
115	115	100
115	115	101
115	115	102
115	115	103
115	115	104
115	115	105
115	115	106
115	115	107
115	115	108
115	115	109
115	115	110
115	115	111
115	115	112
115	115	113
115	116	99
115	116	100
115	116	101
115	116	102
115	116	103
115	116	104
115	116	105
115	116	106
115	116	107
115	116	108
115	116	109
115	116	110
115	116	111
115	116	112
115	116	113
115	116	114
115	117	100
115	117	101
115	117	102
115	117	103
115	117	104
115	117	105
115	117	106
115	117	107
115	117	108
115	117	109
115	117	110
115	117	111
115	117	112
115	117	113
115	117	114
115	118	100
115	118	101
115	118	102
115	118	103
115	118	104
115	118	105
115	118	106
115	118	107
115	118	108
115	118	109
115	118	110
115	118	111
115	118	112
115	118	113
115	118	114
115	119	101
115	119	102
115	119	103
115	119	104
115	119	105
115	119	106
115	119	107
115	119	108
115	119	109
115	119	110
115	119	111
115	119	112
115	119	113
115	119	114
115	120	101
115	120	102
115	120	103
115	120	104
115	120	105
115	120	106
115	120	107
115	120	108
115	120	109
115	120	110
115	120	111
115	120	112
115	120	113
115	120	114
115	121	102
115	121	103
115	121	104
115	121	105
115	121	106
115	121	107
115	121	108
115	121	109
115	121	110
115	121	111
115	121	112
115	121	113
115	121	114
115	122	103
115	122	104
115	122	105
115	122	106
115	122	107
115	122	108
115	122	109
115	122	110
115	122	111
115	122	112
115	122	113
115	122	114
115	122	115
115	122	116
115	122	117
115	122	118
115	123	104
115	123	105
115	123	106
115	123	107
115	123	108
115	123	109
115	123	110
115	123	111
115	123	112
115	123	113
115	123	114
115	123	115
115	123	116
115	123	117
115	123	118
115	123	119
115	124	108
115	124	109
115	124	110
115	124	111
115	124	112
115	124	113
115	124	114
115	124	115
115	124	116
115	124	117
115	125	108
115	125	109
115	125	110
115	125	111
115	125	112
115	125	113
115	125	114
115	125	115
115	125	116
115	126	108
115	126	109
115	126	110
115	126	111
115	126	112
115	126	113
115	126	114
115	126	115
115	127	109
115	127	110
115	127	111
115	127	112
115	127	113
116	0	110
116	0	111
116	0	112
116	98	105
116	98	106
116	98	107
116	98	108
116	98	109
116	98	110
116	99	104
116	99	105
116	99	106
116	99	107
116	99	108
116	99	109
116	100	102
116	100	103
116	100	104
116	100	105
116	100	106
116	100	107
116	100	108
116	100	109
116	101	99
116	101	100
116	101	101
116	101	102
116	101	103
116	101	104
116	101	105
116	101	106
116	101	107
116	101	108
116	102	100
116	102	101
116	102	102
116	102	103
116	102	104
116	102	105
116	102	106
116	102	107
116	102	108
116	103	101
116	103	102
116	103	103
116	103	104
116	103	105
116	103	106
116	103	107
116	104	100
116	104	101
116	104	102
116	104	103
116	104	104
116	104	105
116	104	106
116	104	107
116	105	99
116	105	100
116	105	101
116	105	102
116	105	103
116	105	104
116	105	105
116	105	106
116	105	107
116	106	100
116	106	101
116	106	102
116	106	103
116	106	104
116	106	105
116	106	106
116	106	107
116	107	98
116	107	99
116	107	100
116	107	101
116	107	102
116	107	103
116	107	104
116	107	105
116	107	106
116	107	107
116	108	98
116	108	99
116	108	100
116	108	101
116	108	102
116	108	103
116	108	104
116	108	105
116	108	106
116	108	107
116	109	98
116	109	99
116	109	100
116	109	101
116	109	102
116	109	103
116	109	104
116	109	105
116	109	106
116	109	107
116	110	98
116	110	99
116	110	100
116	110	101
116	110	102
116	110	103
116	110	104
116	110	105
116	110	106
116	110	107
116	110	108
116	110	109
116	111	98
116	111	99
116	111	100
116	111	101
116	111	102
116	111	103
116	111	104
116	111	105
116	111	106
116	111	107
116	111	108
116	111	109
116	111	110
116	112	99
116	112	100
116	112	101
116	112	102
116	112	103
116	112	104
116	112	105
116	112	106
116	112	107
116	112	108
116	112	109
116	112	110
116	113	99
116	113	100
116	113	101
116	113	102
116	113	103
116	113	104
116	113	105
116	113	106
116	113	107
116	113	108
116	113	109
116	113	110
116	114	100
116	114	101
116	114	102
116	114	103
116	114	104
116	114	105
116	114	106
116	114	107
116	114	108
116	114	109
116	114	110
116	114	111
116	114	112
116	114	113
116	115	101
116	115	102
116	115	103
116	115	104
116	115	105
116	115	106
116	115	107
116	115	108
116	115	109
116	115	110
116	115	111
116	115	112
116	115	113
116	116	101
116	116	102
116	116	103
116	116	104
116	116	105
116	116	106
116	116	107
116	116	108
116	116	109
116	116	110
116	116	111
116	116	112
116	116	113
116	116	114
116	117	102
116	117	103
116	117	104
116	117	105
116	117	106
116	117	107
116	117	108
116	117	109
116	117	110
116	117	111
116	117	112
116	117	113
116	118	102
116	118	103
116	118	104
116	118	105
116	118	106
116	118	107
116	118	108
116	118	109
116	118	110
116	118	111
116	118	112
116	118	113
116	119	103
116	119	104
116	119	105
116	119	106
116	119	107
116	119	108
116	119	109
116	119	110
116	119	111
116	119	112
116	119	113
116	120	103
116	120	104
116	120	105
116	120	106
116	120	107
116	120	108
116	120	109
116	120	110
116	120	111
116	120	112
116	120	113
116	121	104
116	121	105
116	121	106
116	121	107
116	121	108
116	121	109
116	121	110
116	121	111
116	121	112
116	121	113
116	122	105
116	122	106
116	122	107
116	122	108
116	122	109
116	122	110
116	122	111
116	122	112
116	122	113
116	123	107
116	123	108
116	123	109
116	123	110
116	123	111
116	123	112
116	123	113
116	123	114
116	123	115
116	123	116
116	123	117
116	124	108
116	124	109
116	124	110
116	124	111
116	124	112
116	124	113
116	124	114
116	124	115
116	125	109
116	125	110
116	125	111
116	125	112
116	125	113
116	125	114
116	125	115
116	125	116
116	126	109
116	126	110
116	126	111
116	126	112
116	126	113
116	126	114
116	126	115
116	127	109
116	127	110
116	127	111
116	127	112
116	127	113
116	127	114
116	127	115
117	0	111
117	0	112
117	101	107
117	102	102
117	102	103
117	102	104
117	102	105
117	102	106
117	103	101
117	103	102
117	103	103
117	103	104
117	103	105
117	103	106
117	104	100
117	104	101
117	104	102
117	104	103
117	104	104
117	104	105
117	104	106
117	105	101
117	105	102
117	105	103
117	105	104
117	105	105
117	105	106
117	106	100
117	106	101
117	106	102
117	106	103
117	106	104
117	106	105
117	106	106
117	107	100
117	107	101
117	107	102
117	107	103
117	107	104
117	107	105
117	107	106
117	108	99
117	108	100
117	108	101
117	108	102
117	108	103
117	108	104
117	108	105
117	108	106
117	109	100
117	109	101
117	109	102
117	109	103
117	109	104
117	109	105
117	109	106
117	109	107
117	109	108
117	110	100
117	110	101
117	110	102
117	110	103
117	110	104
117	110	105
117	110	106
117	110	107
117	110	108
117	110	109
117	111	101
117	111	102
117	111	103
117	111	104
117	111	105
117	111	106
117	111	107
117	111	108
117	111	109
117	112	101
117	112	102
117	112	103
117	112	104
117	112	105
117	112	106
117	112	107
117	112	108
117	112	109
117	113	101
117	113	102
117	113	103
117	113	104
117	113	105
117	113	106
117	113	107
117	113	108
117	113	109
117	114	102
117	114	103
117	114	104
117	114	105
117	114	106
117	114	107
117	114	108
117	114	109
117	115	102
117	115	103
117	115	104
117	115	105
117	115	106
117	115	107
117	115	108
117	115	109
117	115	110
117	115	111
117	115	112
117	115	113
117	115	114
117	116	103
117	116	104
117	116	105
117	116	106
117	116	107
117	116	108
117	116	109
117	116	110
117	116	111
117	116	112
117	116	113
117	116	114
117	117	104
117	117	105
117	117	106
117	117	107
117	117	108
117	117	109
117	117	110
117	117	111
117	117	112
117	117	113
117	117	114
117	118	104
117	118	105
117	118	106
117	118	107
117	118	108
117	118	109
117	118	110
117	118	111
117	118	112
117	118	113
117	119	105
117	119	106
117	119	107
117	119	108
117	119	109
117	119	110
117	119	111
117	119	112
117	120	106
117	120	107
117	120	108
117	120	109
117	120	110
117	120	111
117	120	112
117	121	106
117	121	107
117	121	108
117	121	109
117	121	110
117	121	111
117	121	112
117	122	108
117	122	109
117	122	110
117	122	111
117	122	112
117	123	108
117	123	109
117	123	110
117	123	111
117	123	112
117	124	109
117	124	110
117	124	111
117	124	112
117	124	113
117	124	114
117	124	115
117	125	110
117	125	111
117	125	112
117	125	113
117	125	114
117	125	115
117	125	116
117	126	110
117	126	111
117	126	112
117	126	113
117	126	114
117	126	115
117	126	116
117	126	117
117	127	111
117	127	112
117	127	113
117	127	114
118	103	101
118	103	102
118	103	103
118	103	104
118	103	105
118	104	102
118	104	103
118	104	104
118	104	105
118	105	101
118	105	102
118	105	103
118	105	104
118	105	105
118	106	101
118	106	102
118	106	103
118	106	104
118	106	105
118	107	100
118	107	101
118	107	102
118	107	103
118	107	104
118	107	105
118	108	102
118	108	103
118	108	104
118	108	105
118	108	106
118	108	107
118	109	104
118	109	105
118	109	106
118	109	107
118	109	108
118	110	104
118	110	105
118	110	106
118	110	107
118	110	108
118	111	104
118	111	105
118	111	106
118	111	107
118	111	108
118	112	105
118	112	106
118	112	107
118	112	108
118	113	105
118	113	106
118	113	107
118	113	108
118	114	105
118	114	106
118	114	107
118	114	108
118	115	105
118	115	106
118	115	107
118	115	108
118	116	106
118	116	107
118	116	108
118	116	109
118	116	110
118	116	111
118	116	112
118	116	113
118	116	114
118	116	115
118	117	106
118	117	107
118	117	108
118	117	109
118	117	110
118	117	111
118	117	112
118	117	113
118	117	114
118	118	107
118	118	108
118	118	109
118	118	110
118	118	111
118	118	112
118	118	113
118	119	107
118	119	108
118	119	109
118	119	110
118	119	111
118	119	112
118	120	108
118	120	109
118	120	110
118	120	111
118	121	109
118	121	110
118	121	111
118	122	109
118	122	110
118	122	111
118	123	109
118	123	110
118	123	111
118	124	111
118	125	111
118	125	112
118	125	113
118	125	114
118	125	115
118	125	116
118	126	112
118	126	113
118	126	114
118	126	115
118	127	112
118	127	113
118	127	114
119	104	102
119	104	103
119	104	104
119	105	102
119	105	103
119	105	104
119	105	105
119	106	101
119	106	102
119	106	103
119	106	104
119	106	105
119	106	106
119	107	103
119	107	104
119	107	105
119	107	106
119	108	105
119	108	106
119	108	107
119	109	106
119	109	107
119	110	107
119	111	107
119	117	108
119	117	109
119	117	110
119	117	111
119	117	112
119	117	113
119	117	114
119	117	115
119	118	109
119	118	110
119	118	111
119	118	112
119	118	113
119	118	114
119	119	110
119	119	111
119	119	112
119	120	111
119	122	110
119	126	114
119	126	115
120	104	103
120	105	102
120	105	103
120	105	104
120	105	105
120	105	106
120	105	107
120	106	104
120	106	105
120	106	106
120	106	107
120	107	106
120	107	107
120	107	108
120	108	107
120	108	108
120	109	108
120	118	111
120	118	112
120	118	113
120	118	114
120	118	115
120	118	116
120	119	111
120	119	112
120	119	113
120	119	114
120	119	115
120	120	112
121	105	105
121	105	106
121	105	107
121	105	108
121	106	107
121	106	108
121	106	109
121	107	108
121	107	109
121	108	109
121	119	112
121	119	113
121	119	114
121	119	115
121	119	116
121	119	117
121	120	112
121	120	113
121	120	114
121	120	115
121	120	116
121	121	113
122	105	108
122	106	109
122	106	110
122	107	110
122	120	113
122	120	114
122	120	115
122	120	116
122	120	117
122	120	118
122	121	113
122	121	114
122	121	115
122	121	116
122	122	114
123	106	111
123	121	114
