#i	j	k
2	120	75
3	120	74
3	120	75
3	121	74
3	121	75
3	121	76
3	121	77
3	121	78
4	120	74
4	120	75
4	120	76
4	121	73
4	121	74
4	121	75
4	121	76
4	121	77
4	121	78
4	121	79
4	122	73
4	122	74
4	122	75
4	122	76
4	122	77
4	122	78
4	122	79
5	120	74
5	120	75
5	120	76
5	120	77
5	120	78
5	120	79
5	121	67
5	121	68
5	121	73
5	121	74
5	121	75
5	121	76
5	121	77
5	121	78
5	121	79
5	121	80
5	122	63
5	122	64
5	122	65
5	122	66
5	122	67
5	122	68
5	122	72
5	122	73
5	122	74
5	122	75
5	122	76
5	122	77
5	122	78
5	122	79
5	122	80
5	122	81
5	123	72
5	123	73
5	123	74
5	123	75
5	123	76
5	123	77
5	123	78
5	123	79
5	123	80
5	123	81
6	119	72
6	119	73
6	119	74
6	120	64
6	120	65
6	120	66
6	120	67
6	120	68
6	120	69
6	120	72
6	120	73
6	120	74
6	120	75
6	120	76
6	120	77
6	120	78
6	120	79
6	120	80
6	120	81
6	120	82
6	121	62
6	121	63
6	121	64
6	121	65
6	121	66
6	121	67
6	121	68
6	121	69
6	121	72
6	121	73
6	121	74
6	121	75
6	121	76
6	121	77
6	121	78
6	121	79
6	121	80
6	121	81
6	121	82
6	121	83
6	122	62
6	122	63
6	122	64
6	122	65
6	122	66
6	122	67
6	122	68
6	122	71
6	122	72
6	122	73
6	122	74
6	122	75
6	122	76
6	122	77
6	122	78
6	122	79
6	122	80
6	122	81
6	122	82
6	122	83
6	122	84
6	123	63
6	123	64
6	123	65
6	123	66
6	123	67
6	123	68
6	123	71
6	123	72
6	123	73
6	123	74
6	123	75
6	123	76
6	123	77
6	123	78
6	123	79
6	123	80
6	123	81
6	123	82
6	123	83
6	123	84
6	124	70
6	124	71
6	124	72
6	124	73
6	124	74
6	124	75
6	124	76
6	124	77
6	124	78
6	124	79
6	124	80
6	124	81
6	124	82
6	124	83
6	124	84
7	118	68
7	119	63
7	119	64
7	119	65
7	119	66
7	119	67
7	119	68
7	119	69
7	119	70
7	119	71
7	119	72
7	119	73
7	119	74
7	119	75
7	119	76
7	119	77
7	120	61
7	120	62
7	120	63
7	120	64
7	120	65
7	120	66
7	120	67
7	120	68
7	120	69
7	120	70
7	120	71
7	120	72
7	120	73
7	120	74
7	120	75
7	120	76
7	120	77
7	120	78
7	120	79
7	120	80
7	120	81
7	120	82
7	121	61
7	121	62
7	121	63
7	121	64
7	121	65
7	121	66
7	121	67
7	121	68
7	121	69
7	121	70
7	121	71
7	121	72
7	121	73
7	121	74
7	121	75
7	121	76
7	121	77
7	121	78
7	121	79
7	121	80
7	121	81
7	121	82
7	121	83
7	121	84
7	122	62
7	122	63
7	122	64
7	122	65
7	122	66
7	122	67
7	122	68
7	122	69
7	122	70
7	122	71
7	122	72
7	122	73
7	122	74
7	122	75
7	122	76
7	122	77
7	122	78
7	122	79
7	122	80
7	122	81
7	122	82
7	122	83
7	122	84
7	122	85
7	123	63
7	123	64
7	123	65
7	123	66
7	123	67
7	123	68
7	123	69
7	123	70
7	123	71
7	123	72
7	123	73
7	123	74
7	123	75
7	123	76
7	123	77
7	123	78
7	123	79
7	123	80
7	123	81
7	123	82
7	123	83
7	123	84
7	123	85
7	124	64
7	124	65
7	124	66
7	124	67
7	124	68
7	124	69
7	124	70
7	124	71
7	124	72
7	124	73
7	124	74
7	124	75
7	124	76
7	124	77
7	124	78
7	124	79
7	124	80
7	124	81
7	124	82
7	124	83
7	124	84
7	125	69
7	125	70
7	125	71
7	125	72
7	125	73
7	125	74
7	125	75
7	125	76
7	125	77
7	125	78
7	125	79
7	125	80
7	125	81
7	125	82
7	125	83
7	125	84
7	126	84
7	127	84
8	0	83
8	0	84
8	1	84
8	117	59
8	117	66
8	118	62
8	118	63
8	118	64
8	118	65
8	118	66
8	118	67
8	118	68
8	118	69
8	119	60
8	119	61
8	119	62
8	119	63
8	119	64
8	119	65
8	119	66
8	119	67
8	119	68
8	119	69
8	119	70
8	119	71
8	119	72
8	119	73
8	119	74
8	119	75
8	119	76
8	119	77
8	119	78
8	119	79
8	119	80
8	120	60
8	120	61
8	120	62
8	120	63
8	120	64
8	120	65
8	120	66
8	120	67
8	120	68
8	120	69
8	120	70
8	120	71
8	120	72
8	120	73
8	120	74
8	120	75
8	120	76
8	120	77
8	120	78
8	120	79
8	120	80
8	120	81
8	120	82
8	120	83
8	121	61
8	121	62
8	121	63
8	121	64
8	121	65
8	121	66
8	121	67
8	121	68
8	121	69
8	121	70
8	121	71
8	121	72
8	121	73
8	121	74
8	121	75
8	121	76
8	121	77
8	121	78
8	121	79
8	121	80
8	121	81
8	121	82
8	121	83
8	121	84
8	122	62
8	122	63
8	122	64
8	122	65
8	122	66
8	122	67
8	122	68
8	122	69
8	122	70
8	122	71
8	122	72
8	122	73
8	122	74
8	122	75
8	122	76
8	122	77
8	122	78
8	122	79
8	122	80
8	122	81
8	122	82
8	122	83
8	122	84
8	122	85
8	123	63
8	123	64
8	123	65
8	123	66
8	123	67
8	123	68
8	123	69
8	123	70
8	123	71
8	123	72
8	123	73
8	123	74
8	123	75
8	123	76
8	123	77
8	123	78
8	123	79
8	123	80
8	123	81
8	123	82
8	123	83
8	123	84
8	123	85
8	124	64
8	124	65
8	124	66
8	124	67
8	124	68
8	124	69
8	124	70
8	124	71
8	124	72
8	124	73
8	124	74
8	124	75
8	124	76
8	124	77
8	124	78
8	124	79
8	124	80
8	124	81
8	124	82
8	124	83
8	124	84
8	124	85
8	125	65
8	125	66
8	125	67
8	125	68
8	125	69
8	125	70
8	125	71
8	125	72
8	125	73
8	125	74
8	125	75
8	125	76
8	125	77
8	125	78
8	125	79
8	125	80
8	125	81
8	125	82
8	125	83
8	125	84
8	125	85
8	126	68
8	126	69
8	126	70
8	126	71
8	126	72
8	126	73
8	126	74
8	126	75
8	126	76
8	126	77
8	126	78
8	126	79
8	126	80
8	126	81
8	126	82
8	126	83
8	126	84
8	126	85
8	127	83
8	127	84
9	0	82
9	0	83
9	0	84
9	0	85
9	1	82
9	1	83
9	1	84
9	2	83
9	2	84
9	3	84
9	117	59
9	117	61
9	117	62
9	117	63
9	117	64
9	117	65
9	117	66
9	118	60
9	118	61
9	118	62
9	118	63
9	118	64
9	118	65
9	118	66
9	118	67
9	118	68
9	118	69
9	118	70
9	119	60
9	119	61
9	119	62
9	119	63
9	119	64
9	119	65
9	119	66
9	119	67
9	119	68
9	119	69
9	119	70
9	119	71
9	119	72
9	119	73
9	119	74
9	119	75
9	119	76
9	119	77
9	119	78
9	119	79
9	119	80
9	119	81
9	119	82
9	120	60
9	120	61
9	120	62
9	120	63
9	120	64
9	120	65
9	120	66
9	120	67
9	120	68
9	120	69
9	120	70
9	120	71
9	120	72
9	120	73
9	120	74
9	120	75
9	120	76
9	120	77
9	120	78
9	120	79
9	120	80
9	120	81
9	120	82
9	120	83
9	121	61
9	121	62
9	121	63
9	121	64
9	121	65
9	121	66
9	121	67
9	121	68
9	121	69
9	121	70
9	121	71
9	121	72
9	121	73
9	121	74
9	121	75
9	121	76
9	121	77
9	121	78
9	121	79
9	121	80
9	121	81
9	121	82
9	121	83
9	121	84
9	122	62
9	122	63
9	122	64
9	122	65
9	122	66
9	122	67
9	122	68
9	122	69
9	122	70
9	122	71
9	122	72
9	122	73
9	122	74
9	122	75
9	122	76
9	122	77
9	122	78
9	122	79
9	122	80
9	122	81
9	122	82
9	122	83
9	122	84
9	122	85
9	123	63
9	123	64
9	123	65
9	123	66
9	123	67
9	123	68
9	123	69
9	123	70
9	123	71
9	123	72
9	123	73
9	123	74
9	123	75
9	123	76
9	123	77
9	123	78
9	123	79
9	123	80
9	123	81
9	123	82
9	123	83
9	123	84
9	123	85
9	123	86
9	124	64
9	124	65
9	124	66
9	124	67
9	124	68
9	124	69
9	124	70
9	124	71
9	124	72
9	124	73
9	124	74
9	124	75
9	124	76
9	124	77
9	124	78
9	124	79
9	124	80
9	124	81
9	124	82
9	124	83
9	124	84
9	124	85
9	124	86
9	125	65
9	125	66
9	125	67
9	125	68
9	125	69
9	125	70
9	125	71
9	125	72
9	125	73
9	125	74
9	125	75
9	125	76
9	125	77
9	125	78
9	125	79
9	125	80
9	125	81
9	125	82
9	125	83
9	125	84
9	125	85
9	125	86
9	126	66
9	126	67
9	126	68
9	126	69
9	126	70
9	126	71
9	126	72
9	126	73
9	126	74
9	126	75
9	126	76
9	126	77
9	126	78
9	126	79
9	126	80
9	126	81
9	126	82
9	126	83
9	126	84
9	126	85
9	127	69
9	127	70
9	127	71
9	127	72
9	127	73
9	127	74
9	127	75
9	127	76
9	127	77
9	127	78
9	127	79
9	127	80
9	127	81
9	127	82
9	127	83
9	127	84
9	127	85
10	0	70
10	0	71
10	0	72
10	0	73
10	0	74
10	0	75
10	0	76
10	0	77
10	0	78
10	0	79
10	0	80
10	0	81
10	0	82
10	0	83
10	0	84
10	0	85
10	1	81
10	1	82
10	1	83
10	1	84
10	1	85
10	2	81
10	2	82
10	2	83
10	2	84
10	2	85
10	3	82
10	3	83
10	3	84
10	3	85
10	4	83
10	4	84
10	4	85
10	116	60
10	116	61
10	116	62
10	116	63
10	116	64
10	116	65
10	117	59
10	117	60
10	117	61
10	117	62
10	117	63
10	117	64
10	117	65
10	117	66
10	117	67
10	118	60
10	118	61
10	118	62
10	118	63
10	118	64
10	118	65
10	118	66
10	118	67
10	118	68
10	118	69
10	118	70
10	118	71
10	118	72
10	118	73
10	118	74
10	118	75
10	118	76
10	118	77
10	118	78
10	118	79
10	118	80
10	118	81
10	119	60
10	119	61
10	119	62
10	119	63
10	119	64
10	119	65
10	119	66
10	119	67
10	119	68
10	119	69
10	119	70
10	119	71
10	119	72
10	119	73
10	119	74
10	119	75
10	119	76
10	119	77
10	119	78
10	119	79
10	119	80
10	119	81
10	119	82
10	119	83
10	120	60
10	120	61
10	120	62
10	120	63
10	120	64
10	120	65
10	120	66
10	120	67
10	120	68
10	120	69
10	120	70
10	120	71
10	120	72
10	120	73
10	120	74
10	120	75
10	120	76
10	120	77
10	120	78
10	120	79
10	120	80
10	120	81
10	120	82
10	120	83
10	120	84
10	121	61
10	121	62
10	121	63
10	121	64
10	121	65
10	121	66
10	121	67
10	121	68
10	121	69
10	121	70
10	121	71
10	121	72
10	121	73
10	121	74
10	121	75
10	121	76
10	121	77
10	121	78
10	121	79
10	121	80
10	121	81
10	121	82
10	121	83
10	121	84
10	121	85
10	122	62
10	122	63
10	122	64
10	122	65
10	122	66
10	122	67
10	122	68
10	122	69
10	122	70
10	122	71
10	122	72
10	122	73
10	122	74
10	122	75
10	122	76
10	122	77
10	122	78
10	122	79
10	122	80
10	122	81
10	122	82
10	122	83
10	122	84
10	122	85
10	122	86
10	123	63
10	123	64
10	123	65
10	123	66
10	123	67
10	123	68
10	123	69
10	123	70
10	123	71
10	123	72
10	123	73
10	123	74
10	123	75
10	123	76
10	123	77
10	123	78
10	123	79
10	123	80
10	123	81
10	123	82
10	123	83
10	123	84
10	123	85
10	123	86
10	124	64
10	124	65
10	124	66
10	124	67
10	124	68
10	124	69
10	124	70
10	124	71
10	124	72
10	124	73
10	124	74
10	124	75
10	124	76
10	124	77
10	124	78
10	124	79
10	124	80
10	124	81
10	124	82
10	124	83
10	124	84
10	124	85
10	124	86
10	124	87
10	125	65
10	125	66
10	125	67
10	125	68
10	125	69
10	125	70
10	125	71
10	125	72
10	125	73
10	125	74
10	125	75
10	125	76
10	125	77
10	125	78
10	125	79
10	125	80
10	125	81
10	125	82
10	125	83
10	125	84
10	125	85
10	125	86
10	126	66
10	126	67
10	126	68
10	126	69
10	126	70
10	126	71
10	126	72
10	126	73
10	126	74
10	126	75
10	126	76
10	126	77
10	126	78
10	126	79
10	126	80
10	126	81
10	126	82
10	126	83
10	126	84
10	126	85
10	126	86
10	127	67
10	127	68
10	127	69
10	127	70
10	127	71
10	127	72
10	127	73
10	127	74
10	127	75
10	127	76
10	127	77
10	127	78
10	127	79
10	127	80
10	127	81
10	127	82
10	127	83
10	127	84
10	127	85
10	127	86
11	0	68
11	0	69
11	0	70
11	0	71
11	0	72
11	0	73
11	0	74
11	0	75
11	0	76
11	0	77
11	0	78
11	0	79
11	0	80
11	0	81
11	0	82
11	0	83
11	0	84
11	0	85
11	0	86
11	1	71
11	1	72
11	1	73
11	1	74
11	1	75
11	1	76
11	1	77
11	1	78
11	1	79
11	1	80
11	1	81
11	1	82
11	1	83
11	1	84
11	1	85
11	1	86
11	2	80
11	2	81
11	2	82
11	2	83
11	2	84
11	2	85
11	2	86
11	3	80
11	3	81
11	3	82
11	3	83
11	3	84
11	3	85
11	3	86
11	4	81
11	4	82
11	4	83
11	4	84
11	4	85
11	4	86
11	5	82
11	5	83
11	5	84
11	5	85
11	115	63
11	116	61
11	116	62
11	116	63
11	116	64
11	117	59
11	117	60
11	117	61
11	117	62
11	117	63
11	117	64
11	117	65
11	117	66
11	117	67
11	117	68
11	118	60
11	118	61
11	118	62
11	118	63
11	118	64
11	118	65
11	118	66
11	118	67
11	118	68
11	118	69
11	118	70
11	118	71
11	118	72
11	118	73
11	118	74
11	118	75
11	118	76
11	118	77
11	118	78
11	118	79
11	118	80
11	118	81
11	118	82
11	119	60
11	119	61
11	119	62
11	119	63
11	119	64
11	119	65
11	119	66
11	119	67
11	119	68
11	119	69
11	119	70
11	119	71
11	119	72
11	119	73
11	119	74
11	119	75
11	119	76
11	119	77
11	119	78
11	119	79
11	119	80
11	119	81
11	119	82
11	119	83
11	120	60
11	120	61
11	120	62
11	120	63
11	120	64
11	120	65
11	120	66
11	120	67
11	120	68
11	120	69
11	120	70
11	120	71
11	120	72
11	120	73
11	120	74
11	120	75
11	120	76
11	120	77
11	120	78
11	120	79
11	120	80
11	120	81
11	120	82
11	120	83
11	120	84
11	121	61
11	121	62
11	121	63
11	121	64
11	121	65
11	121	66
11	121	67
11	121	68
11	121	69
11	121	70
11	121	71
11	121	72
11	121	73
11	121	74
11	121	75
11	121	76
11	121	77
11	121	78
11	121	79
11	121	80
11	121	81
11	121	82
11	121	83
11	121	84
11	121	85
11	122	62
11	122	63
11	122	64
11	122	65
11	122	66
11	122	67
11	122	68
11	122	69
11	122	70
11	122	71
11	122	72
11	122	73
11	122	74
11	122	75
11	122	76
11	122	77
11	122	78
11	122	79
11	122	80
11	122	81
11	122	82
11	122	83
11	122	84
11	122	85
11	122	86
11	123	63
11	123	64
11	123	65
11	123	66
11	123	67
11	123	68
11	123	69
11	123	70
11	123	71
11	123	72
11	123	73
11	123	74
11	123	75
11	123	76
11	123	77
11	123	78
11	123	79
11	123	80
11	123	81
11	123	82
11	123	83
11	123	84
11	123	85
11	123	86
11	124	64
11	124	65
11	124	66
11	124	67
11	124	68
11	124	69
11	124	70
11	124	71
11	124	72
11	124	73
11	124	74
11	124	75
11	124	76
11	124	77
11	124	78
11	124	79
11	124	80
11	124	81
11	124	82
11	124	83
11	124	84
11	124	85
11	124	86
11	124	87
11	125	65
11	125	66
11	125	67
11	125	68
11	125	69
11	125	70
11	125	71
11	125	72
11	125	73
11	125	74
11	125	75
11	125	76
11	125	77
11	125	78
11	125	79
11	125	80
11	125	81
11	125	82
11	125	83
11	125	84
11	125	85
11	125	86
11	125	87
11	126	66
11	126	67
11	126	68
11	126	69
11	126	70
11	126	71
11	126	72
11	126	73
11	126	74
11	126	75
11	126	76
11	126	77
11	126	78
11	126	79
11	126	80
11	126	81
11	126	82
11	126	83
11	126	84
11	126	85
11	126	86
11	126	87
11	127	67
11	127	68
11	127	69
11	127	70
11	127	71
11	127	72
11	127	73
11	127	74
11	127	75
11	127	76
11	127	77
11	127	78
11	127	79
11	127	80
11	127	81
11	127	82
11	127	83
11	127	84
11	127	85
11	127	86
12	0	67
12	0	68
12	0	69
12	0	70
12	0	71
12	0	72
12	0	73
12	0	74
12	0	75
12	0	76
12	0	77
12	0	78
12	0	79
12	0	80
12	0	81
12	0	82
12	0	83
12	0	84
12	0	85
12	0	86
12	0	87
12	1	69
12	1	70
12	1	71
12	1	72
12	1	73
12	1	74
12	1	75
12	1	76
12	1	77
12	1	78
12	1	79
12	1	80
12	1	81
12	1	82
12	1	83
12	1	84
12	1	85
12	1	86
12	1	87
12	2	72
12	2	73
12	2	74
12	2	75
12	2	76
12	2	77
12	2	78
12	2	79
12	2	80
12	2	81
12	2	82
12	2	83
12	2	84
12	2	85
12	2	86
12	2	87
12	3	79
12	3	80
12	3	81
12	3	82
12	3	83
12	3	84
12	3	85
12	3	86
12	3	87
12	4	79
12	4	80
12	4	81
12	4	82
12	4	83
12	4	84
12	4	85
12	4	86
12	5	80
12	5	81
12	5	82
12	5	83
12	5	84
12	5	85
12	6	81
12	6	82
12	6	83
12	6	84
12	117	64
12	117	65
12	117	66
12	117	67
12	117	68
12	117	69
12	118	60
12	118	61
12	118	62
12	118	63
12	118	64
12	118	65
12	118	66
12	118	67
12	118	68
12	118	69
12	118	70
12	118	71
12	118	72
12	118	73
12	118	74
12	118	75
12	118	76
12	118	77
12	118	78
12	118	79
12	118	80
12	118	81
12	118	82
12	118	83
12	119	60
12	119	61
12	119	62
12	119	63
12	119	64
12	119	65
12	119	66
12	119	67
12	119	68
12	119	69
12	119	70
12	119	71
12	119	72
12	119	73
12	119	74
12	119	75
12	119	76
12	119	77
12	119	78
12	119	79
12	119	80
12	119	81
12	119	82
12	119	83
12	119	84
12	120	60
12	120	61
12	120	62
12	120	63
12	120	64
12	120	65
12	120	66
12	120	67
12	120	68
12	120	69
12	120	70
12	120	71
12	120	72
12	120	73
12	120	74
12	120	75
12	120	76
12	120	77
12	120	78
12	120	79
12	120	80
12	120	81
12	120	82
12	120	83
12	120	84
12	120	85
12	121	61
12	121	62
12	121	63
12	121	64
12	121	65
12	121	66
12	121	67
12	121	68
12	121	69
12	121	70
12	121	71
12	121	72
12	121	73
12	121	74
12	121	75
12	121	76
12	121	77
12	121	78
12	121	79
12	121	80
12	121	81
12	121	82
12	121	83
12	121	84
12	121	85
12	122	62
12	122	63
12	122	64
12	122	65
12	122	66
12	122	67
12	122	68
12	122	69
12	122	70
12	122	71
12	122	72
12	122	73
12	122	74
12	122	75
12	122	76
12	122	77
12	122	78
12	122	79
12	122	80
12	122	81
12	122	82
12	122	83
12	122	84
12	122	85
12	122	86
12	123	63
12	123	64
12	123	65
12	123	66
12	123	67
12	123	68
12	123	69
12	123	70
12	123	71
12	123	72
12	123	73
12	123	74
12	123	75
12	123	76
12	123	77
12	123	78
12	123	79
12	123	80
12	123	81
12	123	82
12	123	83
12	123	84
12	123	85
12	123	86
12	124	64
12	124	65
12	124	66
12	124	67
12	124	68
12	124	69
12	124	70
12	124	71
12	124	72
12	124	73
12	124	74
12	124	75
12	124	76
12	124	77
12	124	78
12	124	79
12	124	80
12	124	81
12	124	82
12	124	83
12	124	84
12	124	85
12	124	86
12	124	87
12	125	65
12	125	66
12	125	67
12	125	68
12	125	69
12	125	70
12	125	71
12	125	72
12	125	73
12	125	74
12	125	75
12	125	76
12	125	77
12	125	78
12	125	79
12	125	80
12	125	81
12	125	82
12	125	83
12	125	84
12	125	85
12	125	86
12	125	87
12	126	66
12	126	67
12	126	68
12	126	69
12	126	70
12	126	71
12	126	72
12	126	73
12	126	74
12	126	75
12	126	76
12	126	77
12	126	78
12	126	79
12	126	80
12	126	81
12	126	82
12	126	83
12	126	84
12	126	85
12	126	86
12	126	87
12	127	67
12	127	68
12	127	69
12	127	70
12	127	71
12	127	72
12	127	73
12	127	74
12	127	75
12	127	76
12	127	77
12	127	78
12	127	79
12	127	80
12	127	81
12	127	82
12	127	83
12	127	84
12	127	85
12	127	86
12	127	87
13	0	67
13	0	68
13	0	69
13	0	70
13	0	71
13	0	72
13	0	73
13	0	74
13	0	75
13	0	76
13	0	77
13	0	78
13	0	79
13	0	80
13	0	81
13	0	82
13	0	83
13	0	84
13	0	85
13	0	86
13	0	87
13	0	88
13	1	68
13	1	69
13	1	70
13	1	71
13	1	72
13	1	73
13	1	74
13	1	75
13	1	76
13	1	77
13	1	78
13	1	79
13	1	80
13	1	81
13	1	82
13	1	83
13	1	84
13	1	85
13	1	86
13	1	87
13	1	88
13	2	70
13	2	71
13	2	72
13	2	73
13	2	74
13	2	75
13	2	76
13	2	77
13	2	78
13	2	79
13	2	80
13	2	81
13	2	82
13	2	83
13	2	84
13	2	85
13	2	86
13	2	87
13	2	88
13	3	73
13	3	74
13	3	75
13	3	76
13	3	77
13	3	78
13	3	79
13	3	80
13	3	81
13	3	82
13	3	83
13	3	84
13	3	85
13	3	86
13	3	87
13	4	78
13	4	79
13	4	80
13	4	81
13	4	82
13	4	83
13	4	84
13	4	85
13	4	86
13	5	78
13	5	79
13	5	80
13	5	81
13	5	82
13	5	83
13	5	84
13	5	85
13	6	79
13	6	80
13	6	81
13	6	82
13	6	83
13	6	84
13	7	80
13	7	81
13	7	82
13	7	83
13	117	70
13	117	71
13	117	72
13	117	75
13	117	76
13	118	66
13	118	67
13	118	68
13	118	69
13	118	70
13	118	71
13	118	72
13	118	73
13	118	74
13	118	75
13	118	76
13	118	77
13	118	78
13	118	79
13	118	80
13	118	81
13	118	82
13	118	83
13	119	59
13	119	60
13	119	61
13	119	62
13	119	63
13	119	64
13	119	65
13	119	66
13	119	67
13	119	68
13	119	69
13	119	70
13	119	71
13	119	72
13	119	73
13	119	74
13	119	75
13	119	76
13	119	77
13	119	78
13	119	79
13	119	80
13	119	81
13	119	82
13	119	83
13	119	84
13	120	59
13	120	60
13	120	61
13	120	62
13	120	63
13	120	64
13	120	65
13	120	66
13	120	67
13	120	68
13	120	69
13	120	70
13	120	71
13	120	72
13	120	73
13	120	74
13	120	75
13	120	76
13	120	77
13	120	78
13	120	79
13	120	80
13	120	81
13	120	82
13	120	83
13	120	84
13	120	85
13	121	59
13	121	61
13	121	62
13	121	63
13	121	64
13	121	65
13	121	66
13	121	67
13	121	68
13	121	69
13	121	70
13	121	71
13	121	72
13	121	73
13	121	74
13	121	75
13	121	76
13	121	77
13	121	78
13	121	79
13	121	80
13	121	81
13	121	82
13	121	83
13	121	84
13	121	85
13	121	86
13	122	62
13	122	63
13	122	64
13	122	65
13	122	66
13	122	67
13	122	68
13	122	69
13	122	70
13	122	71
13	122	72
13	122	73
13	122	74
13	122	75
13	122	76
13	122	77
13	122	78
13	122	79
13	122	80
13	122	81
13	122	82
13	122	83
13	122	84
13	122	85
13	122	86
13	123	63
13	123	64
13	123	65
13	123	66
13	123	67
13	123	68
13	123	69
13	123	70
13	123	71
13	123	72
13	123	73
13	123	74
13	123	75
13	123	76
13	123	77
13	123	78
13	123	79
13	123	80
13	123	81
13	123	82
13	123	83
13	123	84
13	123	85
13	123	86
13	123	87
13	124	64
13	124	65
13	124	66
13	124	67
13	124	68
13	124	69
13	124	70
13	124	71
13	124	72
13	124	73
13	124	74
13	124	75
13	124	76
13	124	77
13	124	78
13	124	79
13	124	80
13	124	81
13	124	82
13	124	83
13	124	84
13	124	85
13	124	86
13	124	87
13	125	65
13	125	66
13	125	67
13	125	68
13	125	69
13	125	70
13	125	71
13	125	72
13	125	73
13	125	74
13	125	75
13	125	76
13	125	77
13	125	78
13	125	79
13	125	80
13	125	81
13	125	82
13	125	83
13	125	84
13	125	85
13	125	86
13	125	87
13	126	66
13	126	67
13	126	68
13	126	69
13	126	70
13	126	71
13	126	72
13	126	73
13	126	74
13	126	75
13	126	76
13	126	77
13	126	78
13	126	79
13	126	80
13	126	81
13	126	82
13	126	83
13	126	84
13	126	85
13	126	86
13	126	87
13	126	88
13	127	66
13	127	67
13	127	68
13	127	69
13	127	70
13	127	71
13	127	72
13	127	73
13	127	74
13	127	75
13	127	76
13	127	77
13	127	78
13	127	79
13	127	80
13	127	81
13	127	82
13	127	83
13	127	84
13	127	85
13	127	86
13	127	87
13	127	88
14	0	67
14	0	68
14	0	69
14	0	70
14	0	71
14	0	72
14	0	73
14	0	74
14	0	75
14	0	76
14	0	77
14	0	78
14	0	79
14	0	80
14	0	81
14	0	82
14	0	83
14	0	84
14	0	85
14	0	86
14	0	87
14	0	88
14	0	89
14	1	68
14	1	69
14	1	70
14	1	71
14	1	72
14	1	73
14	1	74
14	1	75
14	1	76
14	1	77
14	1	78
14	1	79
14	1	80
14	1	81
14	1	82
14	1	83
14	1	84
14	1	85
14	1	86
14	1	87
14	1	88
14	1	89
14	2	69
14	2	70
14	2	71
14	2	72
14	2	73
14	2	74
14	2	75
14	2	76
14	2	77
14	2	78
14	2	79
14	2	80
14	2	81
14	2	82
14	2	83
14	2	84
14	2	85
14	2	86
14	2	87
14	2	88
14	3	71
14	3	72
14	3	73
14	3	74
14	3	75
14	3	76
14	3	77
14	3	78
14	3	79
14	3	80
14	3	81
14	3	82
14	3	83
14	3	84
14	3	85
14	3	86
14	3	87
14	4	74
14	4	75
14	4	76
14	4	77
14	4	78
14	4	79
14	4	80
14	4	81
14	4	82
14	4	83
14	4	84
14	4	85
14	4	86
14	5	77
14	5	78
14	5	79
14	5	80
14	5	81
14	5	82
14	5	83
14	5	84
14	5	85
14	6	77
14	6	78
14	6	79
14	6	80
14	6	81
14	6	82
14	6	83
14	6	84
14	7	79
14	7	80
14	7	81
14	7	82
14	7	83
14	118	68
14	118	70
14	118	71
14	118	72
14	118	73
14	118	74
14	118	75
14	118	76
14	118	77
14	118	78
14	118	79
14	118	80
14	118	81
14	118	82
14	118	83
14	118	84
14	119	66
14	119	67
14	119	68
14	119	69
14	119	70
14	119	71
14	119	72
14	119	73
14	119	74
14	119	75
14	119	76
14	119	77
14	119	78
14	119	79
14	119	80
14	119	81
14	119	82
14	119	83
14	119	84
14	119	85
14	120	64
14	120	65
14	120	66
14	120	67
14	120	68
14	120	69
14	120	70
14	120	71
14	120	72
14	120	73
14	120	74
14	120	75
14	120	76
14	120	77
14	120	78
14	120	79
14	120	80
14	120	81
14	120	82
14	120	83
14	120	84
14	120	85
14	120	86
14	121	61
14	121	62
14	121	63
14	121	64
14	121	65
14	121	66
14	121	67
14	121	68
14	121	69
14	121	70
14	121	71
14	121	72
14	121	73
14	121	74
14	121	75
14	121	76
14	121	77
14	121	78
14	121	79
14	121	80
14	121	81
14	121	82
14	121	83
14	121	84
14	121	85
14	121	86
14	122	62
14	122	63
14	122	64
14	122	65
14	122	66
14	122	67
14	122	68
14	122	69
14	122	70
14	122	71
14	122	72
14	122	73
14	122	74
14	122	75
14	122	76
14	122	77
14	122	78
14	122	79
14	122	80
14	122	81
14	122	82
14	122	83
14	122	84
14	122	85
14	122	86
14	122	87
14	123	63
14	123	64
14	123	65
14	123	66
14	123	67
14	123	68
14	123	69
14	123	70
14	123	71
14	123	72
14	123	73
14	123	74
14	123	75
14	123	76
14	123	77
14	123	78
14	123	79
14	123	80
14	123	81
14	123	82
14	123	83
14	123	84
14	123	85
14	123	86
14	123	87
14	124	64
14	124	65
14	124	66
14	124	67
14	124	68
14	124	69
14	124	70
14	124	71
14	124	72
14	124	73
14	124	74
14	124	75
14	124	76
14	124	77
14	124	78
14	124	79
14	124	80
14	124	81
14	124	82
14	124	83
14	124	84
14	124	85
14	124	86
14	124	87
14	125	65
14	125	66
14	125	67
14	125	68
14	125	69
14	125	70
14	125	71
14	125	72
14	125	73
14	125	74
14	125	75
14	125	76
14	125	77
14	125	78
14	125	79
14	125	80
14	125	81
14	125	82
14	125	83
14	125	84
14	125	85
14	125	86
14	125	87
14	126	65
14	126	66
14	126	67
14	126	68
14	126	69
14	126	70
14	126	71
14	126	72
14	126	73
14	126	74
14	126	75
14	126	76
14	126	77
14	126	78
14	126	79
14	126	80
14	126	81
14	126	82
14	126	83
14	126	84
14	126	85
14	126	86
14	126	87
14	126	88
14	127	66
14	127	67
14	127	68
14	127	69
14	127	70
14	127	71
14	127	72
14	127	73
14	127	74
14	127	75
14	127	76
14	127	77
14	127	78
14	127	79
14	127	80
14	127	81
14	127	82
14	127	83
14	127	84
14	127	85
14	127	86
14	127	87
14	127	88
15	0	67
15	0	69
15	0	70
15	0	71
15	0	72
15	0	73
15	0	74
15	0	75
15	0	76
15	0	77
15	0	78
15	0	79
15	0	80
15	0	81
15	0	82
15	0	83
15	0	84
15	0	85
15	0	86
15	0	87
15	0	88
15	0	89
15	1	69
15	1	70
15	1	71
15	1	72
15	1	73
15	1	74
15	1	75
15	1	76
15	1	77
15	1	78
15	1	79
15	1	80
15	1	81
15	1	82
15	1	83
15	1	84
15	1	85
15	1	86
15	1	87
15	1	88
15	1	89
15	2	69
15	2	70
15	2	71
15	2	72
15	2	73
15	2	74
15	2	75
15	2	76
15	2	77
15	2	78
15	2	79
15	2	80
15	2	81
15	2	82
15	2	83
15	2	84
15	2	85
15	2	86
15	2	87
15	2	88
15	3	70
15	3	71
15	3	72
15	3	73
15	3	74
15	3	75
15	3	76
15	3	77
15	3	78
15	3	79
15	3	80
15	3	81
15	3	82
15	3	83
15	3	84
15	3	85
15	3	86
15	3	87
15	4	72
15	4	73
15	4	74
15	4	75
15	4	76
15	4	77
15	4	78
15	4	79
15	4	80
15	4	81
15	4	82
15	4	83
15	4	84
15	4	85
15	4	86
15	5	75
15	5	76
15	5	77
15	5	78
15	5	79
15	5	80
15	5	81
15	5	82
15	5	83
15	5	84
15	5	85
15	6	76
15	6	77
15	6	78
15	6	79
15	6	80
15	6	81
15	6	82
15	6	83
15	6	84
15	7	77
15	7	78
15	7	79
15	7	80
15	7	81
15	7	82
15	7	83
15	7	84
15	8	78
15	8	80
15	8	81
15	8	82
15	8	83
15	8	84
15	118	78
15	118	79
15	118	80
15	118	81
15	118	82
15	118	83
15	119	68
15	119	69
15	119	71
15	119	72
15	119	73
15	119	74
15	119	75
15	119	76
15	119	77
15	119	78
15	119	79
15	119	80
15	119	81
15	119	82
15	119	83
15	119	84
15	119	85
15	120	67
15	120	68
15	120	69
15	120	70
15	120	71
15	120	72
15	120	73
15	120	74
15	120	75
15	120	76
15	120	77
15	120	78
15	120	79
15	120	80
15	120	81
15	120	82
15	120	83
15	120	84
15	120	85
15	120	86
15	121	64
15	121	65
15	121	66
15	121	67
15	121	68
15	121	69
15	121	70
15	121	71
15	121	72
15	121	73
15	121	74
15	121	75
15	121	76
15	121	77
15	121	78
15	121	79
15	121	80
15	121	81
15	121	82
15	121	83
15	121	84
15	121	85
15	121	86
15	122	63
15	122	64
15	122	65
15	122	66
15	122	67
15	122	68
15	122	69
15	122	70
15	122	71
15	122	72
15	122	73
15	122	74
15	122	75
15	122	76
15	122	77
15	122	78
15	122	79
15	122	80
15	122	81
15	122	82
15	122	83
15	122	84
15	122	85
15	122	86
15	122	87
15	123	63
15	123	64
15	123	65
15	123	66
15	123	67
15	123	68
15	123	69
15	123	70
15	123	71
15	123	72
15	123	73
15	123	74
15	123	75
15	123	76
15	123	77
15	123	78
15	123	79
15	123	80
15	123	81
15	123	82
15	123	83
15	123	84
15	123	85
15	123	86
15	123	87
15	124	64
15	124	65
15	124	66
15	124	67
15	124	68
15	124	69
15	124	70
15	124	71
15	124	72
15	124	73
15	124	74
15	124	75
15	124	76
15	124	77
15	124	78
15	124	79
15	124	80
15	124	81
15	124	82
15	124	83
15	124	84
15	124	85
15	124	86
15	124	87
15	125	64
15	125	65
15	125	66
15	125	67
15	125	68
15	125	69
15	125	70
15	125	71
15	125	72
15	125	73
15	125	74
15	125	75
15	125	76
15	125	77
15	125	78
15	125	79
15	125	80
15	125	81
15	125	82
15	125	83
15	125	84
15	125	85
15	125	86
15	125	87
15	125	88
15	126	65
15	126	66
15	126	67
15	126	68
15	126	69
15	126	70
15	126	71
15	126	72
15	126	73
15	126	74
15	126	75
15	126	76
15	126	77
15	126	78
15	126	79
15	126	80
15	126	81
15	126	82
15	126	83
15	126	84
15	126	85
15	126	86
15	126	87
15	126	88
15	127	66
15	127	67
15	127	69
15	127	70
15	127	71
15	127	72
15	127	73
15	127	74
15	127	75
15	127	76
15	127	77
15	127	78
15	127	79
15	127	80
15	127	81
15	127	82
15	127	83
15	127	84
15	127	85
15	127	86
15	127	87
15	127	88
16	0	70
16	0	71
16	0	72
16	0	73
16	0	74
16	0	75
16	0	76
16	0	77
16	0	78
16	0	79
16	0	80
16	0	81
16	0	82
16	0	83
16	0	84
16	0	85
16	0	86
16	0	87
16	0	88
16	0	89
16	1	70
16	1	71
16	1	72
16	1	73
16	1	74
16	1	75
16	1	76
16	1	77
16	1	78
16	1	79
16	1	80
16	1	81
16	1	82
16	1	83
16	1	84
16	1	85
16	1	86
16	1	87
16	1	88
16	1	89
16	2	70
16	2	71
16	2	72
16	2	73
16	2	74
16	2	75
16	2	76
16	2	77
16	2	78
16	2	79
16	2	80
16	2	81
16	2	82
16	2	83
16	2	84
16	2	85
16	2	86
16	2	87
16	2	88
16	3	70
16	3	71
16	3	72
16	3	73
16	3	74
16	3	75
16	3	76
16	3	77
16	3	78
16	3	79
16	3	80
16	3	81
16	3	82
16	3	83
16	3	84
16	3	85
16	3	86
16	3	87
16	4	71
16	4	72
16	4	73
16	4	74
16	4	75
16	4	76
16	4	77
16	4	78
16	4	79
16	4	80
16	4	81
16	4	82
16	4	83
16	4	84
16	4	85
16	4	86
16	5	73
16	5	74
16	5	75
16	5	76
16	5	77
16	5	78
16	5	79
16	5	80
16	5	81
16	5	82
16	5	83
16	5	84
16	5	85
16	6	74
16	6	75
16	6	76
16	6	77
16	6	78
16	6	79
16	6	80
16	6	81
16	6	82
16	6	83
16	6	84
16	6	85
16	7	76
16	7	77
16	7	78
16	7	79
16	7	80
16	7	81
16	7	82
16	7	83
16	7	84
16	7	85
16	8	76
16	8	77
16	8	78
16	8	79
16	8	80
16	8	81
16	8	82
16	8	83
16	8	84
16	8	85
16	9	76
16	9	77
16	9	78
16	9	79
16	9	80
16	9	81
16	9	82
16	9	83
16	9	84
16	9	85
16	10	76
16	10	77
16	10	78
16	10	79
16	10	80
16	11	77
16	11	78
16	11	79
16	11	80
16	12	76
16	12	77
16	12	78
16	12	79
16	12	80
16	12	81
16	13	76
16	13	77
16	13	78
16	13	79
16	13	80
16	14	77
16	14	78
16	14	79
16	118	78
16	118	79
16	118	80
16	118	81
16	118	82
16	118	83
16	119	69
16	119	77
16	119	78
16	119	79
16	119	80
16	119	81
16	119	82
16	119	83
16	119	84
16	119	85
16	120	68
16	120	69
16	120	70
16	120	72
16	120	73
16	120	74
16	120	75
16	120	76
16	120	77
16	120	78
16	120	79
16	120	80
16	120	81
16	120	82
16	120	83
16	120	84
16	120	85
16	120	86
16	121	67
16	121	68
16	121	69
16	121	70
16	121	71
16	121	72
16	121	73
16	121	74
16	121	75
16	121	76
16	121	77
16	121	78
16	121	79
16	121	80
16	121	81
16	121	82
16	121	83
16	121	84
16	121	85
16	121	86
16	121	87
16	122	65
16	122	66
16	122	67
16	122	68
16	122	69
16	122	70
16	122	71
16	122	72
16	122	73
16	122	74
16	122	75
16	122	76
16	122	77
16	122	78
16	122	79
16	122	80
16	122	81
16	122	82
16	122	83
16	122	84
16	122	85
16	122	86
16	122	87
16	123	64
16	123	65
16	123	66
16	123	67
16	123	68
16	123	69
16	123	70
16	123	71
16	123	72
16	123	73
16	123	74
16	123	75
16	123	76
16	123	77
16	123	78
16	123	79
16	123	80
16	123	81
16	123	82
16	123	83
16	123	84
16	123	85
16	123	86
16	123	87
16	124	63
16	124	64
16	124	65
16	124	66
16	124	67
16	124	68
16	124	69
16	124	70
16	124	71
16	124	72
16	124	73
16	124	74
16	124	75
16	124	76
16	124	77
16	124	78
16	124	79
16	124	80
16	124	81
16	124	82
16	124	83
16	124	84
16	124	85
16	124	86
16	124	87
16	125	64
16	125	65
16	125	66
16	125	67
16	125	68
16	125	69
16	125	70
16	125	71
16	125	72
16	125	73
16	125	74
16	125	75
16	125	76
16	125	77
16	125	78
16	125	79
16	125	80
16	125	81
16	125	82
16	125	83
16	125	84
16	125	85
16	125	86
16	125	87
16	125	88
16	126	65
16	126	66
16	126	68
16	126	69
16	126	70
16	126	71
16	126	72
16	126	73
16	126	74
16	126	75
16	126	76
16	126	77
16	126	78
16	126	79
16	126	80
16	126	81
16	126	82
16	126	83
16	126	84
16	126	85
16	126	86
16	126	87
16	126	88
16	127	66
16	127	69
16	127	70
16	127	71
16	127	72
16	127	73
16	127	74
16	127	75
16	127	76
16	127	77
16	127	78
16	127	79
16	127	80
16	127	81
16	127	82
16	127	83
16	127	84
16	127	85
16	127	86
16	127	87
16	127	88
17	0	71
17	0	72
17	0	73
17	0	74
17	0	75
17	0	76
17	0	77
17	0	78
17	0	79
17	0	80
17	0	81
17	0	82
17	0	83
17	0	84
17	0	85
17	0	86
17	0	87
17	0	88
17	0	89
17	1	71
17	1	72
17	1	73
17	1	74
17	1	75
17	1	76
17	1	77
17	1	78
17	1	79
17	1	80
17	1	81
17	1	82
17	1	83
17	1	84
17	1	85
17	1	86
17	1	87
17	1	88
17	1	89
17	2	71
17	2	72
17	2	73
17	2	74
17	2	75
17	2	76
17	2	77
17	2	78
17	2	79
17	2	80
17	2	81
17	2	82
17	2	83
17	2	84
17	2	85
17	2	86
17	2	87
17	2	88
17	3	71
17	3	72
17	3	73
17	3	74
17	3	75
17	3	76
17	3	77
17	3	78
17	3	79
17	3	80
17	3	81
17	3	82
17	3	83
17	3	84
17	3	85
17	3	86
17	3	87
17	4	71
17	4	72
17	4	73
17	4	74
17	4	75
17	4	76
17	4	77
17	4	78
17	4	79
17	4	80
17	4	81
17	4	82
17	4	83
17	4	84
17	4	85
17	4	86
17	5	72
17	5	73
17	5	74
17	5	75
17	5	76
17	5	77
17	5	78
17	5	79
17	5	80
17	5	81
17	5	82
17	5	83
17	5	84
17	5	85
17	5	86
17	6	73
17	6	74
17	6	75
17	6	76
17	6	77
17	6	78
17	6	79
17	6	80
17	6	81
17	6	82
17	6	83
17	6	84
17	6	85
17	6	86
17	7	73
17	7	74
17	7	75
17	7	76
17	7	77
17	7	78
17	7	79
17	7	80
17	7	81
17	7	82
17	7	83
17	7	84
17	7	85
17	7	86
17	8	73
17	8	74
17	8	75
17	8	76
17	8	77
17	8	78
17	8	79
17	8	80
17	8	81
17	8	82
17	8	83
17	8	84
17	8	85
17	8	86
17	9	73
17	9	74
17	9	75
17	9	76
17	9	77
17	9	78
17	9	79
17	9	80
17	9	81
17	9	82
17	9	83
17	9	84
17	9	85
17	10	74
17	10	75
17	10	76
17	10	77
17	10	78
17	10	79
17	10	80
17	10	81
17	10	82
17	10	83
17	10	84
17	11	73
17	11	74
17	11	75
17	11	76
17	11	77
17	11	78
17	11	79
17	11	80
17	11	81
17	11	82
17	11	83
17	11	84
17	12	73
17	12	74
17	12	75
17	12	76
17	12	77
17	12	78
17	12	79
17	12	80
17	12	81
17	12	82
17	12	83
17	13	73
17	13	74
17	13	75
17	13	76
17	13	77
17	13	78
17	13	79
17	13	80
17	13	81
17	13	82
17	14	74
17	14	75
17	14	76
17	14	77
17	14	78
17	14	79
17	14	80
17	14	81
17	15	77
17	15	78
17	15	79
17	15	80
17	118	78
17	118	79
17	118	80
17	118	81
17	118	82
17	119	77
17	119	78
17	119	79
17	119	80
17	119	81
17	119	82
17	119	83
17	119	84
17	119	85
17	120	69
17	120	70
17	120	76
17	120	77
17	120	78
17	120	79
17	120	80
17	120	81
17	120	82
17	120	83
17	120	84
17	120	85
17	120	86
17	121	68
17	121	69
17	121	70
17	121	71
17	121	73
17	121	74
17	121	75
17	121	76
17	121	77
17	121	78
17	121	79
17	121	80
17	121	81
17	121	82
17	121	83
17	121	84
17	121	85
17	121	86
17	121	87
17	122	66
17	122	67
17	122	68
17	122	69
17	122	70
17	122	71
17	122	72
17	122	73
17	122	74
17	122	75
17	122	76
17	122	77
17	122	78
17	122	79
17	122	80
17	122	81
17	122	82
17	122	83
17	122	84
17	122	85
17	122	86
17	122	87
17	123	65
17	123	66
17	123	67
17	123	68
17	123	69
17	123	70
17	123	71
17	123	72
17	123	73
17	123	74
17	123	75
17	123	76
17	123	77
17	123	78
17	123	79
17	123	80
17	123	81
17	123	82
17	123	83
17	123	84
17	123	85
17	123	86
17	123	87
17	124	65
17	124	66
17	124	67
17	124	68
17	124	69
17	124	70
17	124	71
17	124	72
17	124	73
17	124	74
17	124	75
17	124	76
17	124	77
17	124	78
17	124	79
17	124	80
17	124	81
17	124	82
17	124	83
17	124	84
17	124	85
17	124	86
17	124	87
17	125	64
17	125	65
17	125	67
17	125	68
17	125	69
17	125	70
17	125	71
17	125	72
17	125	73
17	125	74
17	125	75
17	125	76
17	125	77
17	125	78
17	125	79
17	125	80
17	125	81
17	125	82
17	125	83
17	125	84
17	125	85
17	125	86
17	125	87
17	125	88
17	126	65
17	126	68
17	126	69
17	126	70
17	126	71
17	126	72
17	126	73
17	126	74
17	126	75
17	126	76
17	126	77
17	126	78
17	126	79
17	126	80
17	126	81
17	126	82
17	126	83
17	126	84
17	126	85
17	126	86
17	126	87
17	126	88
17	127	69
17	127	70
17	127	71
17	127	72
17	127	73
17	127	74
17	127	75
17	127	76
17	127	77
17	127	78
17	127	79
17	127	80
17	127	81
17	127	82
17	127	83
17	127	84
17	127	85
17	127	86
17	127	87
17	127	88
17	127	89
18	0	72
18	0	73
18	0	74
18	0	75
18	0	76
18	0	77
18	0	78
18	0	79
18	0	80
18	0	81
18	0	82
18	0	83
18	0	84
18	0	85
18	0	86
18	0	87
18	0	88
18	0	89
18	1	72
18	1	73
18	1	74
18	1	75
18	1	76
18	1	77
18	1	78
18	1	79
18	1	80
18	1	81
18	1	82
18	1	83
18	1	84
18	1	85
18	1	86
18	1	87
18	1	88
18	1	89
18	2	72
18	2	73
18	2	74
18	2	75
18	2	76
18	2	77
18	2	78
18	2	79
18	2	80
18	2	81
18	2	82
18	2	83
18	2	84
18	2	85
18	2	86
18	2	87
18	2	88
18	3	72
18	3	73
18	3	74
18	3	75
18	3	76
18	3	77
18	3	78
18	3	79
18	3	80
18	3	81
18	3	82
18	3	83
18	3	84
18	3	85
18	3	86
18	3	87
18	4	72
18	4	73
18	4	74
18	4	75
18	4	76
18	4	77
18	4	78
18	4	79
18	4	80
18	4	81
18	4	82
18	4	83
18	4	84
18	4	85
18	4	86
18	4	87
18	5	72
18	5	73
18	5	74
18	5	75
18	5	76
18	5	77
18	5	78
18	5	79
18	5	80
18	5	81
18	5	82
18	5	83
18	5	84
18	5	85
18	5	86
18	5	87
18	6	72
18	6	73
18	6	74
18	6	75
18	6	76
18	6	77
18	6	78
18	6	79
18	6	80
18	6	81
18	6	82
18	6	83
18	6	84
18	6	85
18	6	86
18	6	87
18	7	72
18	7	73
18	7	74
18	7	75
18	7	76
18	7	77
18	7	78
18	7	79
18	7	80
18	7	81
18	7	82
18	7	83
18	7	84
18	7	85
18	7	86
18	7	87
18	8	72
18	8	73
18	8	74
18	8	75
18	8	76
18	8	77
18	8	78
18	8	79
18	8	80
18	8	81
18	8	82
18	8	83
18	8	84
18	8	85
18	8	86
18	9	72
18	9	73
18	9	74
18	9	75
18	9	76
18	9	77
18	9	78
18	9	79
18	9	80
18	9	81
18	9	82
18	9	83
18	9	84
18	9	85
18	9	86
18	10	72
18	10	73
18	10	74
18	10	75
18	10	76
18	10	77
18	10	78
18	10	79
18	10	80
18	10	81
18	10	82
18	10	83
18	10	84
18	10	85
18	11	73
18	11	74
18	11	75
18	11	76
18	11	77
18	11	78
18	11	79
18	11	80
18	11	81
18	11	82
18	11	83
18	11	84
18	12	72
18	12	73
18	12	74
18	12	75
18	12	76
18	12	77
18	12	78
18	12	79
18	12	80
18	12	81
18	12	82
18	12	83
18	13	72
18	13	73
18	13	74
18	13	75
18	13	76
18	13	77
18	13	78
18	13	79
18	13	80
18	13	81
18	13	82
18	13	83
18	14	72
18	14	73
18	14	74
18	14	75
18	14	76
18	14	77
18	14	78
18	14	79
18	14	80
18	14	81
18	14	82
18	15	73
18	15	74
18	15	75
18	15	76
18	15	77
18	15	78
18	15	79
18	15	80
18	15	81
18	15	82
18	16	78
18	16	79
18	16	80
18	16	81
18	119	77
18	119	78
18	119	79
18	119	80
18	119	81
18	119	82
18	119	83
18	119	84
18	119	85
18	120	70
18	120	76
18	120	77
18	120	78
18	120	79
18	120	80
18	120	81
18	120	82
18	120	83
18	120	84
18	120	85
18	120	86
18	121	69
18	121	70
18	121	71
18	121	75
18	121	76
18	121	77
18	121	78
18	121	79
18	121	80
18	121	81
18	121	82
18	121	83
18	121	84
18	121	85
18	121	86
18	121	87
18	122	68
18	122	69
18	122	70
18	122	71
18	122	72
18	122	73
18	122	74
18	122	75
18	122	76
18	122	77
18	122	78
18	122	79
18	122	80
18	122	81
18	122	82
18	122	83
18	122	84
18	122	85
18	122	86
18	122	87
18	123	67
18	123	68
18	123	69
18	123	70
18	123	71
18	123	72
18	123	73
18	123	74
18	123	75
18	123	76
18	123	77
18	123	78
18	123	79
18	123	80
18	123	81
18	123	82
18	123	83
18	123	84
18	123	85
18	123	86
18	123	87
18	124	66
18	124	67
18	124	68
18	124	69
18	124	70
18	124	71
18	124	72
18	124	73
18	124	74
18	124	75
18	124	76
18	124	77
18	124	78
18	124	79
18	124	80
18	124	81
18	124	82
18	124	83
18	124	84
18	124	85
18	124	86
18	124	87
18	124	88
18	125	67
18	125	68
18	125	69
18	125	70
18	125	71
18	125	72
18	125	73
18	125	74
18	125	75
18	125	76
18	125	77
18	125	78
18	125	79
18	125	80
18	125	81
18	125	82
18	125	83
18	125	84
18	125	85
18	125	86
18	125	87
18	125	88
18	126	68
18	126	69
18	126	70
18	126	71
18	126	72
18	126	73
18	126	74
18	126	75
18	126	76
18	126	77
18	126	78
18	126	79
18	126	80
18	126	81
18	126	82
18	126	83
18	126	84
18	126	85
18	126	86
18	126	87
18	126	88
18	127	70
18	127	71
18	127	72
18	127	73
18	127	74
18	127	75
18	127	76
18	127	77
18	127	78
18	127	79
18	127	80
18	127	81
18	127	82
18	127	83
18	127	84
18	127	85
18	127	86
18	127	87
18	127	88
18	127	89
19	0	73
19	0	74
19	0	75
19	0	76
19	0	77
19	0	78
19	0	79
19	0	80
19	0	81
19	0	82
19	0	83
19	0	84
19	0	85
19	0	86
19	0	87
19	0	88
19	0	89
19	1	73
19	1	74
19	1	75
19	1	76
19	1	77
19	1	78
19	1	79
19	1	80
19	1	81
19	1	82
19	1	83
19	1	84
19	1	85
19	1	86
19	1	87
19	1	88
19	1	89
19	2	73
19	2	74
19	2	75
19	2	76
19	2	77
19	2	78
19	2	79
19	2	80
19	2	81
19	2	82
19	2	83
19	2	84
19	2	85
19	2	86
19	2	87
19	2	88
19	3	73
19	3	74
19	3	75
19	3	76
19	3	77
19	3	78
19	3	79
19	3	80
19	3	81
19	3	82
19	3	83
19	3	84
19	3	85
19	3	86
19	3	87
19	3	88
19	4	73
19	4	74
19	4	75
19	4	76
19	4	77
19	4	78
19	4	79
19	4	80
19	4	81
19	4	82
19	4	83
19	4	84
19	4	85
19	4	86
19	4	87
19	4	88
19	5	73
19	5	74
19	5	75
19	5	76
19	5	77
19	5	78
19	5	79
19	5	80
19	5	81
19	5	82
19	5	83
19	5	84
19	5	85
19	5	86
19	5	87
19	5	88
19	6	73
19	6	74
19	6	75
19	6	76
19	6	77
19	6	78
19	6	79
19	6	80
19	6	81
19	6	82
19	6	83
19	6	84
19	6	85
19	6	86
19	6	87
19	6	88
19	7	71
19	7	72
19	7	73
19	7	74
19	7	75
19	7	76
19	7	77
19	7	78
19	7	79
19	7	80
19	7	81
19	7	82
19	7	83
19	7	84
19	7	85
19	7	86
19	7	87
19	8	71
19	8	72
19	8	73
19	8	74
19	8	75
19	8	76
19	8	77
19	8	78
19	8	79
19	8	80
19	8	81
19	8	82
19	8	83
19	8	84
19	8	85
19	8	86
19	8	87
19	9	71
19	9	72
19	9	73
19	9	74
19	9	75
19	9	76
19	9	77
19	9	78
19	9	79
19	9	80
19	9	81
19	9	82
19	9	83
19	9	84
19	9	85
19	9	86
19	10	71
19	10	72
19	10	73
19	10	74
19	10	75
19	10	76
19	10	77
19	10	78
19	10	79
19	10	80
19	10	81
19	10	82
19	10	83
19	10	84
19	10	85
19	11	71
19	11	72
19	11	73
19	11	74
19	11	75
19	11	76
19	11	77
19	11	78
19	11	79
19	11	80
19	11	81
19	11	82
19	11	83
19	11	84
19	12	72
19	12	73
19	12	74
19	12	75
19	12	76
19	12	77
19	12	78
19	12	79
19	12	80
19	12	81
19	12	82
19	12	83
19	12	84
19	13	71
19	13	72
19	13	73
19	13	74
19	13	75
19	13	76
19	13	77
19	13	78
19	13	79
19	13	80
19	13	81
19	13	82
19	13	83
19	13	84
19	14	71
19	14	72
19	14	73
19	14	74
19	14	75
19	14	76
19	14	77
19	14	78
19	14	79
19	14	80
19	14	81
19	14	82
19	14	83
19	14	84
19	15	71
19	15	72
19	15	73
19	15	74
19	15	75
19	15	76
19	15	77
19	15	78
19	15	79
19	15	80
19	15	81
19	15	82
19	15	83
19	16	72
19	16	73
19	16	74
19	16	75
19	16	76
19	16	77
19	16	78
19	16	79
19	16	80
19	16	81
19	16	82
19	16	83
19	17	79
19	17	80
19	17	81
19	17	82
19	119	77
19	119	78
19	119	79
19	119	80
19	119	81
19	119	82
19	119	83
19	119	84
19	120	76
19	120	77
19	120	78
19	120	79
19	120	80
19	120	81
19	120	82
19	120	83
19	120	84
19	120	85
19	120	86
19	121	70
19	121	75
19	121	76
19	121	77
19	121	78
19	121	79
19	121	80
19	121	81
19	121	82
19	121	83
19	121	84
19	121	85
19	121	86
19	121	87
19	122	69
19	122	70
19	122	71
19	122	73
19	122	74
19	122	75
19	122	76
19	122	77
19	122	78
19	122	79
19	122	80
19	122	81
19	122	82
19	122	83
19	122	84
19	122	85
19	122	86
19	122	87
19	123	68
19	123	69
19	123	70
19	123	71
19	123	72
19	123	73
19	123	74
19	123	75
19	123	76
19	123	77
19	123	78
19	123	79
19	123	80
19	123	81
19	123	82
19	123	83
19	123	84
19	123	85
19	123	86
19	123	87
19	124	67
19	124	68
19	124	69
19	124	70
19	124	71
19	124	72
19	124	73
19	124	74
19	124	75
19	124	76
19	124	77
19	124	78
19	124	79
19	124	80
19	124	81
19	124	82
19	124	83
19	124	84
19	124	85
19	124	86
19	124	87
19	124	88
19	125	67
19	125	68
19	125	69
19	125	70
19	125	71
19	125	72
19	125	73
19	125	74
19	125	75
19	125	76
19	125	77
19	125	78
19	125	79
19	125	80
19	125	81
19	125	82
19	125	83
19	125	84
19	125	85
19	125	86
19	125	87
19	125	88
19	126	69
19	126	70
19	126	71
19	126	72
19	126	73
19	126	74
19	126	75
19	126	76
19	126	77
19	126	78
19	126	79
19	126	80
19	126	81
19	126	82
19	126	83
19	126	84
19	126	85
19	126	86
19	126	87
19	126	88
19	127	71
19	127	72
19	127	73
19	127	74
19	127	75
19	127	76
19	127	77
19	127	78
19	127	79
19	127	80
19	127	81
19	127	82
19	127	83
19	127	84
19	127	85
19	127	86
19	127	87
19	127	88
19	127	89
20	0	74
20	0	75
20	0	76
20	0	77
20	0	78
20	0	79
20	0	80
20	0	81
20	0	82
20	0	83
20	0	84
20	0	85
20	0	86
20	0	87
20	0	88
20	0	89
20	1	74
20	1	75
20	1	76
20	1	77
20	1	78
20	1	79
20	1	80
20	1	81
20	1	82
20	1	83
20	1	84
20	1	85
20	1	86
20	1	87
20	1	88
20	1	89
20	2	74
20	2	75
20	2	76
20	2	77
20	2	78
20	2	79
20	2	80
20	2	81
20	2	82
20	2	83
20	2	84
20	2	85
20	2	86
20	2	87
20	2	88
20	2	89
20	3	74
20	3	75
20	3	76
20	3	77
20	3	78
20	3	79
20	3	80
20	3	81
20	3	82
20	3	83
20	3	84
20	3	85
20	3	86
20	3	87
20	3	88
20	3	89
20	4	74
20	4	75
20	4	76
20	4	77
20	4	78
20	4	79
20	4	80
20	4	81
20	4	82
20	4	83
20	4	84
20	4	85
20	4	86
20	4	87
20	4	88
20	4	89
20	5	74
20	5	75
20	5	76
20	5	77
20	5	78
20	5	79
20	5	80
20	5	81
20	5	82
20	5	83
20	5	84
20	5	85
20	5	86
20	5	87
20	5	88
20	5	89
20	6	73
20	6	74
20	6	75
20	6	76
20	6	77
20	6	78
20	6	79
20	6	80
20	6	81
20	6	82
20	6	83
20	6	84
20	6	85
20	6	86
20	6	87
20	6	88
20	7	72
20	7	73
20	7	74
20	7	75
20	7	76
20	7	77
20	7	78
20	7	79
20	7	80
20	7	81
20	7	82
20	7	83
20	7	84
20	7	85
20	7	86
20	7	87
20	7	88
20	8	70
20	8	71
20	8	72
20	8	73
20	8	74
20	8	75
20	8	76
20	8	77
20	8	78
20	8	79
20	8	80
20	8	81
20	8	82
20	8	83
20	8	84
20	8	85
20	8	86
20	8	87
20	9	70
20	9	71
20	9	72
20	9	73
20	9	74
20	9	75
20	9	76
20	9	77
20	9	78
20	9	79
20	9	80
20	9	81
20	9	82
20	9	83
20	9	84
20	9	85
20	9	86
20	10	70
20	10	71
20	10	72
20	10	73
20	10	74
20	10	75
20	10	76
20	10	77
20	10	78
20	10	79
20	10	80
20	10	81
20	10	82
20	10	83
20	10	84
20	10	85
20	11	70
20	11	71
20	11	72
20	11	73
20	11	74
20	11	75
20	11	76
20	11	77
20	11	78
20	11	79
20	11	80
20	11	81
20	11	82
20	11	83
20	11	84
20	11	85
20	12	70
20	12	71
20	12	72
20	12	73
20	12	74
20	12	75
20	12	76
20	12	77
20	12	78
20	12	79
20	12	80
20	12	81
20	12	82
20	12	83
20	12	84
20	12	85
20	13	71
20	13	72
20	13	73
20	13	74
20	13	75
20	13	76
20	13	77
20	13	78
20	13	79
20	13	80
20	13	81
20	13	82
20	13	83
20	13	84
20	13	85
20	14	65
20	14	70
20	14	71
20	14	72
20	14	73
20	14	74
20	14	75
20	14	76
20	14	77
20	14	78
20	14	79
20	14	80
20	14	81
20	14	82
20	14	83
20	14	84
20	14	85
20	15	70
20	15	71
20	15	72
20	15	73
20	15	74
20	15	75
20	15	76
20	15	77
20	15	78
20	15	79
20	15	80
20	15	81
20	15	82
20	15	83
20	15	84
20	15	85
20	16	70
20	16	71
20	16	72
20	16	73
20	16	74
20	16	75
20	16	76
20	16	77
20	16	78
20	16	79
20	16	80
20	16	81
20	16	82
20	16	83
20	16	84
20	17	71
20	17	72
20	17	73
20	17	74
20	17	75
20	17	76
20	17	77
20	17	78
20	17	79
20	17	80
20	17	81
20	17	82
20	17	83
20	17	84
20	18	80
20	18	81
20	18	82
20	18	83
20	119	77
20	120	76
20	120	77
20	120	78
20	120	79
20	120	80
20	120	81
20	120	82
20	120	83
20	120	84
20	120	85
20	120	86
20	121	75
20	121	76
20	121	77
20	121	78
20	121	79
20	121	80
20	121	81
20	121	82
20	121	83
20	121	84
20	121	85
20	121	86
20	121	87
20	122	70
20	122	71
20	122	73
20	122	74
20	122	75
20	122	76
20	122	77
20	122	78
20	122	79
20	122	80
20	122	81
20	122	82
20	122	83
20	122	84
20	122	85
20	122	86
20	122	87
20	123	69
20	123	70
20	123	71
20	123	72
20	123	73
20	123	74
20	123	75
20	123	76
20	123	77
20	123	78
20	123	79
20	123	80
20	123	81
20	123	82
20	123	83
20	123	84
20	123	85
20	123	86
20	123	87
20	123	88
20	124	68
20	124	69
20	124	70
20	124	71
20	124	72
20	124	73
20	124	74
20	124	75
20	124	76
20	124	77
20	124	78
20	124	79
20	124	80
20	124	81
20	124	82
20	124	83
20	124	84
20	124	85
20	124	86
20	124	87
20	124	88
20	125	68
20	125	69
20	125	70
20	125	71
20	125	72
20	125	73
20	125	74
20	125	75
20	125	76
20	125	77
20	125	78
20	125	79
20	125	80
20	125	81
20	125	82
20	125	83
20	125	84
20	125	85
20	125	86
20	125	87
20	125	88
20	126	70
20	126	71
20	126	72
20	126	73
20	126	74
20	126	75
20	126	76
20	126	77
20	126	78
20	126	79
20	126	80
20	126	81
20	126	82
20	126	83
20	126	84
20	126	85
20	126	86
20	126	87
20	126	88
20	127	72
20	127	73
20	127	74
20	127	75
20	127	76
20	127	77
20	127	78
20	127	79
20	127	80
20	127	81
20	127	82
20	127	83
20	127	84
20	127	85
20	127	86
20	127	87
20	127	88
20	127	89
21	0	74
21	0	75
21	0	76
21	0	77
21	0	78
21	0	79
21	0	80
21	0	81
21	0	82
21	0	83
21	0	84
21	0	85
21	0	86
21	0	87
21	0	88
21	0	89
21	0	90
21	1	75
21	1	76
21	1	77
21	1	78
21	1	79
21	1	80
21	1	81
21	1	82
21	1	83
21	1	84
21	1	85
21	1	86
21	1	87
21	1	88
21	1	89
21	1	90
21	2	75
21	2	76
21	2	77
21	2	78
21	2	79
21	2	80
21	2	81
21	2	82
21	2	83
21	2	84
21	2	85
21	2	86
21	2	87
21	2	88
21	2	89
21	2	90
21	3	75
21	3	76
21	3	77
21	3	78
21	3	79
21	3	80
21	3	81
21	3	82
21	3	83
21	3	84
21	3	85
21	3	86
21	3	87
21	3	88
21	3	89
21	3	90
21	4	75
21	4	76
21	4	77
21	4	78
21	4	79
21	4	80
21	4	81
21	4	82
21	4	83
21	4	84
21	4	85
21	4	86
21	4	87
21	4	88
21	4	89
21	4	90
21	5	75
21	5	76
21	5	77
21	5	78
21	5	79
21	5	80
21	5	81
21	5	82
21	5	83
21	5	84
21	5	85
21	5	86
21	5	87
21	5	88
21	5	89
21	6	74
21	6	75
21	6	76
21	6	77
21	6	78
21	6	79
21	6	80
21	6	81
21	6	82
21	6	83
21	6	84
21	6	85
21	6	86
21	6	87
21	6	88
21	6	89
21	7	72
21	7	73
21	7	74
21	7	75
21	7	76
21	7	77
21	7	78
21	7	79
21	7	80
21	7	81
21	7	82
21	7	83
21	7	84
21	7	85
21	7	86
21	7	87
21	7	88
21	8	71
21	8	72
21	8	73
21	8	74
21	8	75
21	8	76
21	8	77
21	8	78
21	8	79
21	8	80
21	8	81
21	8	82
21	8	83
21	8	84
21	8	85
21	8	86
21	8	87
21	9	69
21	9	70
21	9	71
21	9	72
21	9	73
21	9	74
21	9	75
21	9	76
21	9	77
21	9	78
21	9	79
21	9	80
21	9	81
21	9	82
21	9	83
21	9	84
21	9	85
21	9	86
21	10	69
21	10	70
21	10	71
21	10	72
21	10	73
21	10	74
21	10	75
21	10	76
21	10	77
21	10	78
21	10	79
21	10	80
21	10	81
21	10	82
21	10	83
21	10	84
21	10	85
21	10	86
21	11	64
21	11	69
21	11	70
21	11	71
21	11	72
21	11	73
21	11	74
21	11	75
21	11	76
21	11	77
21	11	78
21	11	79
21	11	80
21	11	81
21	11	82
21	11	83
21	11	84
21	11	85
21	11	86
21	12	69
21	12	70
21	12	71
21	12	72
21	12	73
21	12	74
21	12	75
21	12	76
21	12	77
21	12	78
21	12	79
21	12	80
21	12	81
21	12	82
21	12	83
21	12	84
21	12	85
21	12	86
21	13	65
21	13	66
21	13	69
21	13	70
21	13	71
21	13	72
21	13	73
21	13	74
21	13	75
21	13	76
21	13	77
21	13	78
21	13	79
21	13	80
21	13	81
21	13	82
21	13	83
21	13	84
21	13	85
21	13	86
21	14	65
21	14	66
21	14	70
21	14	71
21	14	72
21	14	73
21	14	74
21	14	75
21	14	76
21	14	77
21	14	78
21	14	79
21	14	80
21	14	81
21	14	82
21	14	83
21	14	84
21	14	85
21	14	86
21	15	66
21	15	67
21	15	69
21	15	70
21	15	71
21	15	72
21	15	73
21	15	74
21	15	75
21	15	76
21	15	77
21	15	78
21	15	79
21	15	80
21	15	81
21	15	82
21	15	83
21	15	84
21	15	85
21	15	86
21	16	69
21	16	70
21	16	71
21	16	72
21	16	73
21	16	74
21	16	75
21	16	76
21	16	77
21	16	78
21	16	79
21	16	80
21	16	81
21	16	82
21	16	83
21	16	84
21	16	85
21	16	86
21	17	69
21	17	70
21	17	71
21	17	72
21	17	73
21	17	74
21	17	75
21	17	76
21	17	77
21	17	78
21	17	79
21	17	80
21	17	81
21	17	82
21	17	83
21	17	84
21	17	85
21	18	70
21	18	71
21	18	72
21	18	73
21	18	74
21	18	75
21	18	76
21	18	77
21	18	78
21	18	79
21	18	80
21	18	81
21	18	82
21	18	83
21	18	84
21	18	85
21	19	81
21	19	82
21	19	83
21	19	84
21	120	76
21	120	77
21	120	78
21	120	79
21	120	80
21	120	81
21	120	82
21	120	83
21	120	84
21	120	85
21	121	76
21	121	77
21	121	78
21	121	79
21	121	80
21	121	81
21	121	82
21	121	83
21	121	84
21	121	85
21	121	86
21	121	87
21	122	70
21	122	71
21	122	73
21	122	74
21	122	75
21	122	76
21	122	77
21	122	78
21	122	79
21	122	80
21	122	81
21	122	82
21	122	83
21	122	84
21	122	85
21	122	86
21	122	87
21	122	88
21	123	69
21	123	70
21	123	71
21	123	72
21	123	73
21	123	74
21	123	75
21	123	76
21	123	77
21	123	78
21	123	79
21	123	80
21	123	81
21	123	82
21	123	83
21	123	84
21	123	85
21	123	86
21	123	87
21	123	88
21	124	68
21	124	69
21	124	70
21	124	71
21	124	72
21	124	73
21	124	74
21	124	75
21	124	76
21	124	77
21	124	78
21	124	79
21	124	80
21	124	81
21	124	82
21	124	83
21	124	84
21	124	85
21	124	86
21	124	87
21	124	88
21	125	69
21	125	70
21	125	71
21	125	72
21	125	73
21	125	74
21	125	75
21	125	76
21	125	77
21	125	78
21	125	79
21	125	80
21	125	81
21	125	82
21	125	83
21	125	84
21	125	85
21	125	86
21	125	87
21	125	88
21	126	71
21	126	72
21	126	73
21	126	74
21	126	75
21	126	76
21	126	77
21	126	78
21	126	79
21	126	80
21	126	81
21	126	82
21	126	83
21	126	84
21	126	85
21	126	86
21	126	87
21	126	88
21	126	89
21	127	73
21	127	74
21	127	75
21	127	76
21	127	77
21	127	78
21	127	79
21	127	80
21	127	81
21	127	82
21	127	83
21	127	84
21	127	85
21	127	86
21	127	87
21	127	88
21	127	89
22	0	74
22	0	75
22	0	76
22	0	77
22	0	78
22	0	79
22	0	80
22	0	81
22	0	82
22	0	83
22	0	84
22	0	85
22	0	86
22	0	87
22	0	88
22	0	89
22	1	76
22	1	77
22	1	78
22	1	79
22	1	80
22	1	81
22	1	82
22	1	83
22	1	84
22	1	85
22	1	86
22	1	87
22	1	88
22	1	89
22	2	76
22	2	77
22	2	78
22	2	79
22	2	80
22	2	81
22	2	82
22	2	83
22	2	84
22	2	85
22	2	86
22	2	87
22	2	88
22	2	89
22	2	90
22	3	76
22	3	77
22	3	78
22	3	79
22	3	80
22	3	81
22	3	82
22	3	83
22	3	84
22	3	85
22	3	86
22	3	87
22	3	88
22	3	89
22	3	90
22	4	76
22	4	77
22	4	78
22	4	79
22	4	80
22	4	81
22	4	82
22	4	83
22	4	84
22	4	85
22	4	86
22	4	87
22	4	88
22	4	89
22	4	90
22	5	76
22	5	77
22	5	78
22	5	79
22	5	80
22	5	81
22	5	82
22	5	83
22	5	84
22	5	85
22	5	86
22	5	87
22	5	88
22	5	89
22	5	90
22	6	75
22	6	76
22	6	77
22	6	78
22	6	79
22	6	80
22	6	81
22	6	82
22	6	83
22	6	84
22	6	85
22	6	86
22	6	87
22	6	88
22	6	89
22	7	73
22	7	74
22	7	75
22	7	76
22	7	77
22	7	78
22	7	79
22	7	80
22	7	81
22	7	82
22	7	83
22	7	84
22	7	85
22	7	86
22	7	87
22	7	88
22	7	89
22	8	71
22	8	72
22	8	73
22	8	74
22	8	75
22	8	76
22	8	77
22	8	78
22	8	79
22	8	80
22	8	81
22	8	82
22	8	83
22	8	84
22	8	85
22	8	86
22	8	87
22	8	89
22	9	65
22	9	70
22	9	71
22	9	72
22	9	73
22	9	74
22	9	75
22	9	76
22	9	77
22	9	78
22	9	79
22	9	80
22	9	81
22	9	82
22	9	83
22	9	84
22	9	85
22	9	86
22	9	87
22	10	65
22	10	68
22	10	69
22	10	70
22	10	71
22	10	72
22	10	73
22	10	74
22	10	75
22	10	76
22	10	77
22	10	78
22	10	79
22	10	80
22	10	81
22	10	82
22	10	83
22	10	84
22	10	85
22	10	86
22	10	87
22	11	64
22	11	65
22	11	68
22	11	69
22	11	70
22	11	71
22	11	72
22	11	73
22	11	74
22	11	75
22	11	76
22	11	77
22	11	78
22	11	79
22	11	80
22	11	81
22	11	82
22	11	83
22	11	84
22	11	85
22	11	86
22	11	87
22	12	65
22	12	66
22	12	67
22	12	68
22	12	69
22	12	70
22	12	71
22	12	72
22	12	73
22	12	74
22	12	75
22	12	76
22	12	77
22	12	78
22	12	79
22	12	80
22	12	81
22	12	82
22	12	83
22	12	84
22	12	85
22	12	86
22	12	87
22	13	65
22	13	66
22	13	67
22	13	68
22	13	69
22	13	70
22	13	71
22	13	72
22	13	73
22	13	74
22	13	75
22	13	76
22	13	77
22	13	78
22	13	79
22	13	80
22	13	81
22	13	82
22	13	83
22	13	84
22	13	85
22	13	86
22	13	87
22	14	65
22	14	66
22	14	67
22	14	68
22	14	69
22	14	70
22	14	71
22	14	72
22	14	73
22	14	74
22	14	75
22	14	76
22	14	77
22	14	78
22	14	79
22	14	80
22	14	81
22	14	82
22	14	83
22	14	84
22	14	85
22	14	86
22	14	87
22	15	65
22	15	66
22	15	67
22	15	68
22	15	69
22	15	70
22	15	71
22	15	72
22	15	73
22	15	74
22	15	75
22	15	76
22	15	77
22	15	78
22	15	79
22	15	80
22	15	81
22	15	82
22	15	83
22	15	84
22	15	85
22	15	86
22	15	87
22	16	66
22	16	67
22	16	68
22	16	69
22	16	70
22	16	71
22	16	72
22	16	73
22	16	74
22	16	75
22	16	76
22	16	77
22	16	78
22	16	79
22	16	80
22	16	81
22	16	82
22	16	83
22	16	84
22	16	85
22	16	86
22	16	87
22	17	68
22	17	69
22	17	70
22	17	71
22	17	72
22	17	73
22	17	74
22	17	75
22	17	76
22	17	77
22	17	78
22	17	79
22	17	80
22	17	81
22	17	82
22	17	83
22	17	84
22	17	85
22	17	86
22	17	87
22	18	70
22	18	71
22	18	72
22	18	73
22	18	74
22	18	75
22	18	76
22	18	77
22	18	78
22	18	79
22	18	80
22	18	81
22	18	82
22	18	83
22	18	84
22	18	85
22	18	86
22	19	70
22	19	71
22	19	72
22	19	73
22	19	74
22	19	75
22	19	76
22	19	77
22	19	78
22	19	79
22	19	80
22	19	81
22	19	82
22	19	83
22	19	84
22	19	85
22	19	86
22	20	82
22	20	83
22	20	84
22	20	85
22	120	77
22	121	72
22	121	73
22	121	74
22	121	75
22	121	76
22	121	77
22	121	78
22	121	79
22	121	80
22	121	81
22	121	82
22	121	83
22	121	84
22	121	85
22	121	86
22	121	87
22	122	71
22	122	72
22	122	73
22	122	74
22	122	75
22	122	76
22	122	77
22	122	78
22	122	79
22	122	80
22	122	81
22	122	82
22	122	83
22	122	84
22	122	85
22	122	86
22	122	87
22	122	88
22	123	70
22	123	71
22	123	72
22	123	73
22	123	74
22	123	75
22	123	76
22	123	77
22	123	78
22	123	79
22	123	80
22	123	81
22	123	82
22	123	83
22	123	84
22	123	85
22	123	86
22	123	87
22	123	88
22	124	69
22	124	70
22	124	71
22	124	72
22	124	73
22	124	74
22	124	75
22	124	76
22	124	77
22	124	78
22	124	79
22	124	80
22	124	81
22	124	82
22	124	83
22	124	84
22	124	85
22	124	86
22	124	87
22	124	88
22	125	70
22	125	71
22	125	72
22	125	73
22	125	74
22	125	75
22	125	76
22	125	77
22	125	78
22	125	79
22	125	80
22	125	81
22	125	82
22	125	83
22	125	84
22	125	85
22	125	86
22	125	87
22	125	88
22	126	72
22	126	73
22	126	74
22	126	75
22	126	76
22	126	77
22	126	78
22	126	79
22	126	80
22	126	81
22	126	82
22	126	83
22	126	84
22	126	85
22	126	86
22	126	87
22	126	88
22	126	89
22	127	73
22	127	74
22	127	75
22	127	76
22	127	77
22	127	78
22	127	79
22	127	80
22	127	81
22	127	82
22	127	83
22	127	84
22	127	85
22	127	86
22	127	87
22	127	88
22	127	89
23	0	77
23	0	78
23	0	79
23	0	80
23	0	81
23	0	82
23	0	83
23	0	84
23	0	85
23	0	86
23	0	87
23	0	88
23	1	77
23	1	78
23	1	79
23	1	80
23	1	81
23	1	82
23	1	83
23	1	84
23	1	85
23	1	86
23	1	87
23	1	88
23	2	77
23	2	78
23	2	79
23	2	80
23	2	81
23	2	82
23	2	83
23	2	84
23	2	85
23	2	86
23	2	87
23	2	88
23	3	77
23	3	78
23	3	79
23	3	80
23	3	81
23	3	82
23	3	83
23	3	84
23	3	85
23	3	86
23	3	87
23	3	88
23	3	89
23	4	77
23	4	78
23	4	79
23	4	80
23	4	81
23	4	82
23	4	83
23	4	84
23	4	85
23	4	86
23	4	87
23	4	88
23	4	89
23	5	77
23	5	78
23	5	79
23	5	80
23	5	81
23	5	82
23	5	83
23	5	84
23	5	85
23	5	86
23	5	87
23	5	88
23	6	77
23	6	78
23	6	79
23	6	80
23	6	81
23	6	82
23	6	83
23	6	84
23	6	85
23	6	86
23	6	87
23	6	88
23	7	76
23	7	77
23	7	78
23	7	79
23	7	80
23	7	81
23	7	82
23	7	83
23	7	84
23	7	85
23	7	86
23	7	87
23	7	88
23	8	72
23	8	73
23	8	74
23	8	75
23	8	76
23	8	77
23	8	78
23	8	79
23	8	80
23	8	81
23	8	82
23	8	83
23	8	84
23	8	85
23	8	86
23	8	87
23	8	88
23	9	65
23	9	66
23	9	70
23	9	71
23	9	72
23	9	73
23	9	74
23	9	75
23	9	76
23	9	77
23	9	78
23	9	79
23	9	80
23	9	81
23	9	82
23	9	83
23	9	84
23	9	85
23	9	86
23	9	87
23	9	88
23	10	65
23	10	66
23	10	69
23	10	70
23	10	71
23	10	72
23	10	73
23	10	74
23	10	75
23	10	76
23	10	77
23	10	78
23	10	79
23	10	80
23	10	81
23	10	82
23	10	83
23	10	84
23	10	85
23	10	86
23	10	87
23	10	88
23	11	65
23	11	66
23	11	67
23	11	68
23	11	69
23	11	70
23	11	71
23	11	72
23	11	73
23	11	74
23	11	75
23	11	76
23	11	77
23	11	78
23	11	79
23	11	80
23	11	81
23	11	82
23	11	83
23	11	84
23	11	85
23	11	86
23	11	87
23	11	88
23	12	65
23	12	66
23	12	67
23	12	68
23	12	69
23	12	70
23	12	71
23	12	72
23	12	73
23	12	74
23	12	75
23	12	76
23	12	77
23	12	78
23	12	79
23	12	80
23	12	81
23	12	82
23	12	83
23	12	84
23	12	85
23	12	86
23	12	87
23	12	88
23	13	65
23	13	66
23	13	67
23	13	68
23	13	69
23	13	70
23	13	71
23	13	72
23	13	73
23	13	74
23	13	75
23	13	76
23	13	77
23	13	78
23	13	79
23	13	80
23	13	81
23	13	82
23	13	83
23	13	84
23	13	85
23	13	86
23	13	87
23	13	88
23	14	65
23	14	66
23	14	67
23	14	68
23	14	69
23	14	70
23	14	71
23	14	72
23	14	73
23	14	74
23	14	75
23	14	76
23	14	77
23	14	78
23	14	79
23	14	80
23	14	81
23	14	82
23	14	83
23	14	84
23	14	85
23	14	86
23	14	87
23	14	88
23	15	65
23	15	66
23	15	67
23	15	68
23	15	69
23	15	70
23	15	71
23	15	72
23	15	73
23	15	74
23	15	75
23	15	76
23	15	77
23	15	78
23	15	79
23	15	80
23	15	81
23	15	82
23	15	83
23	15	84
23	15	85
23	15	86
23	15	87
23	15	88
23	16	65
23	16	66
23	16	67
23	16	68
23	16	69
23	16	70
23	16	71
23	16	72
23	16	73
23	16	74
23	16	75
23	16	76
23	16	77
23	16	78
23	16	79
23	16	80
23	16	81
23	16	82
23	16	83
23	16	84
23	16	85
23	16	86
23	16	87
23	16	88
23	17	65
23	17	66
23	17	67
23	17	68
23	17	69
23	17	70
23	17	71
23	17	72
23	17	73
23	17	74
23	17	75
23	17	76
23	17	77
23	17	78
23	17	79
23	17	80
23	17	81
23	17	82
23	17	83
23	17	84
23	17	85
23	17	86
23	17	87
23	17	88
23	18	65
23	18	66
23	18	67
23	18	68
23	18	69
23	18	70
23	18	71
23	18	72
23	18	73
23	18	74
23	18	75
23	18	76
23	18	77
23	18	78
23	18	79
23	18	80
23	18	81
23	18	82
23	18	83
23	18	84
23	18	85
23	18	86
23	18	87
23	18	88
23	19	65
23	19	66
23	19	67
23	19	68
23	19	69
23	19	70
23	19	71
23	19	72
23	19	73
23	19	75
23	19	76
23	19	77
23	19	78
23	19	79
23	19	80
23	19	81
23	19	82
23	19	83
23	19	84
23	19	85
23	19	86
23	19	87
23	20	69
23	20	70
23	20	71
23	20	72
23	20	73
23	20	75
23	20	76
23	20	77
23	20	78
23	20	79
23	20	80
23	20	81
23	20	82
23	20	83
23	20	84
23	20	85
23	20	86
23	20	87
23	21	70
23	21	71
23	21	83
23	21	84
23	21	85
23	21	86
23	22	70
23	22	71
23	23	83
23	23	84
23	24	82
23	24	83
23	24	84
23	25	83
23	25	84
23	26	83
23	26	84
23	121	73
23	121	74
23	121	75
23	121	76
23	121	77
23	121	78
23	121	83
23	121	84
23	121	85
23	121	86
23	121	87
23	122	72
23	122	73
23	122	74
23	122	75
23	122	76
23	122	77
23	122	78
23	122	79
23	122	80
23	122	81
23	122	82
23	122	83
23	122	84
23	122	85
23	122	86
23	122	87
23	122	88
23	123	70
23	123	71
23	123	72
23	123	73
23	123	74
23	123	75
23	123	76
23	123	77
23	123	78
23	123	79
23	123	80
23	123	81
23	123	82
23	123	83
23	123	84
23	123	85
23	123	86
23	123	87
23	123	88
23	124	69
23	124	70
23	124	71
23	124	72
23	124	73
23	124	74
23	124	75
23	124	76
23	124	77
23	124	78
23	124	79
23	124	80
23	124	81
23	124	82
23	124	83
23	124	84
23	124	85
23	124	86
23	124	87
23	124	88
23	125	71
23	125	72
23	125	73
23	125	74
23	125	75
23	125	76
23	125	77
23	125	78
23	125	79
23	125	80
23	125	81
23	125	82
23	125	83
23	125	84
23	125	85
23	125	86
23	125	87
23	125	88
23	126	72
23	126	73
23	126	74
23	126	75
23	126	76
23	126	77
23	126	78
23	126	79
23	126	80
23	126	81
23	126	82
23	126	83
23	126	84
23	126	85
23	126	86
23	126	87
23	126	88
23	127	73
23	127	74
23	127	75
23	127	76
23	127	77
23	127	78
23	127	79
23	127	80
23	127	81
23	127	82
23	127	83
23	127	84
23	127	85
23	127	86
23	127	87
23	127	88
24	0	78
24	0	79
24	0	80
24	0	81
24	0	82
24	0	83
24	0	84
24	0	85
24	0	86
24	1	78
24	1	79
24	1	80
24	1	81
24	1	82
24	1	83
24	1	84
24	1	85
24	1	86
24	2	78
24	2	79
24	2	80
24	2	81
24	2	82
24	2	83
24	2	84
24	2	85
24	2	86
24	3	78
24	3	79
24	3	80
24	3	81
24	3	82
24	3	83
24	3	84
24	3	85
24	3	86
24	3	87
24	4	78
24	4	79
24	4	80
24	4	81
24	4	82
24	4	83
24	4	84
24	4	85
24	4	86
24	4	87
24	5	78
24	5	79
24	5	80
24	5	81
24	5	82
24	5	83
24	5	84
24	5	85
24	5	86
24	5	87
24	6	78
24	6	79
24	6	80
24	6	81
24	6	82
24	6	83
24	6	84
24	6	85
24	6	86
24	6	87
24	7	78
24	7	79
24	7	80
24	7	81
24	7	82
24	7	83
24	7	84
24	7	85
24	7	86
24	7	87
24	8	65
24	8	77
24	8	78
24	8	79
24	8	80
24	8	81
24	8	82
24	8	83
24	8	84
24	8	85
24	8	86
24	8	87
24	9	65
24	9	66
24	9	67
24	9	71
24	9	72
24	9	73
24	9	74
24	9	75
24	9	76
24	9	77
24	9	78
24	9	79
24	9	80
24	9	81
24	9	82
24	9	83
24	9	84
24	9	85
24	9	87
24	9	88
24	10	65
24	10	66
24	10	67
24	10	69
24	10	70
24	10	71
24	10	72
24	10	73
24	10	74
24	10	75
24	10	76
24	10	77
24	10	78
24	10	79
24	10	80
24	10	81
24	10	82
24	10	83
24	10	84
24	10	85
24	10	86
24	10	87
24	10	88
24	11	65
24	11	66
24	11	67
24	11	68
24	11	69
24	11	71
24	11	72
24	11	73
24	11	74
24	11	75
24	11	76
24	11	77
24	11	78
24	11	79
24	11	80
24	11	81
24	11	82
24	11	83
24	11	84
24	11	85
24	11	86
24	11	87
24	11	88
24	12	65
24	12	66
24	12	67
24	12	68
24	12	69
24	12	70
24	12	71
24	12	72
24	12	73
24	12	74
24	12	75
24	12	76
24	12	77
24	12	78
24	12	79
24	12	80
24	12	81
24	12	82
24	12	83
24	12	84
24	12	85
24	12	86
24	12	87
24	12	88
24	12	89
24	13	65
24	13	66
24	13	67
24	13	68
24	13	69
24	13	70
24	13	71
24	13	72
24	13	73
24	13	74
24	13	75
24	13	76
24	13	77
24	13	78
24	13	79
24	13	80
24	13	81
24	13	82
24	13	83
24	13	84
24	13	85
24	13	86
24	13	87
24	13	88
24	13	89
24	14	65
24	14	66
24	14	67
24	14	68
24	14	69
24	14	70
24	14	71
24	14	72
24	14	73
24	14	74
24	14	75
24	14	76
24	14	77
24	14	78
24	14	79
24	14	80
24	14	81
24	14	82
24	14	83
24	14	84
24	14	85
24	14	86
24	14	87
24	14	88
24	14	89
24	15	65
24	15	66
24	15	67
24	15	68
24	15	69
24	15	70
24	15	71
24	15	72
24	15	73
24	15	74
24	15	75
24	15	76
24	15	77
24	15	78
24	15	79
24	15	80
24	15	81
24	15	82
24	15	83
24	15	84
24	15	85
24	15	86
24	15	87
24	15	88
24	15	89
24	16	65
24	16	66
24	16	67
24	16	68
24	16	69
24	16	70
24	16	71
24	16	72
24	16	73
24	16	74
24	16	75
24	16	76
24	16	77
24	16	78
24	16	79
24	16	80
24	16	81
24	16	82
24	16	83
24	16	84
24	16	85
24	16	86
24	16	87
24	16	88
24	16	89
24	17	66
24	17	67
24	17	68
24	17	69
24	17	70
24	17	71
24	17	72
24	17	73
24	17	74
24	17	75
24	17	76
24	17	77
24	17	78
24	17	79
24	17	80
24	17	81
24	17	82
24	17	83
24	17	84
24	17	85
24	17	86
24	17	87
24	17	88
24	17	89
24	18	66
24	18	67
24	18	68
24	18	69
24	18	70
24	18	71
24	18	72
24	18	73
24	18	74
24	18	75
24	18	76
24	18	77
24	18	78
24	18	79
24	18	80
24	18	81
24	18	82
24	18	83
24	18	84
24	18	85
24	18	86
24	18	87
24	18	88
24	18	89
24	19	69
24	19	70
24	19	71
24	19	72
24	19	73
24	19	74
24	19	75
24	19	76
24	19	77
24	19	78
24	19	79
24	19	80
24	19	81
24	19	82
24	19	83
24	19	84
24	19	85
24	19	86
24	19	87
24	19	88
24	19	89
24	20	70
24	20	71
24	20	72
24	20	74
24	20	75
24	20	76
24	20	77
24	20	78
24	20	79
24	20	80
24	20	81
24	20	82
24	20	83
24	20	84
24	20	85
24	20	86
24	20	87
24	20	88
24	21	70
24	21	71
24	21	72
24	21	74
24	21	75
24	21	76
24	21	77
24	21	78
24	21	79
24	21	80
24	21	81
24	21	82
24	21	83
24	21	84
24	21	85
24	21	86
24	21	87
24	21	88
24	22	81
24	22	82
24	22	83
24	22	84
24	22	85
24	22	86
24	22	87
24	23	81
24	23	82
24	23	83
24	23	84
24	23	85
24	24	82
24	24	83
24	24	84
24	24	85
24	25	82
24	25	83
24	25	84
24	25	85
24	25	86
24	26	83
24	26	84
24	121	74
24	121	75
24	121	76
24	122	72
24	122	73
24	122	74
24	122	75
24	122	76
24	122	77
24	122	78
24	122	79
24	122	81
24	122	82
24	122	83
24	122	84
24	122	85
24	122	86
24	122	87
24	123	71
24	123	72
24	123	73
24	123	74
24	123	75
24	123	76
24	123	77
24	123	78
24	123	79
24	123	80
24	123	81
24	123	82
24	123	83
24	123	84
24	123	85
24	123	86
24	123	87
24	124	70
24	124	71
24	124	72
24	124	73
24	124	74
24	124	75
24	124	76
24	124	77
24	124	78
24	124	79
24	124	80
24	124	81
24	124	82
24	124	83
24	124	84
24	124	85
24	124	86
24	124	87
24	125	71
24	125	72
24	125	73
24	125	74
24	125	75
24	125	76
24	125	77
24	125	78
24	125	79
24	125	80
24	125	81
24	125	82
24	125	83
24	125	84
24	125	85
24	125	86
24	125	87
24	126	72
24	126	73
24	126	74
24	126	75
24	126	76
24	126	77
24	126	78
24	126	79
24	126	80
24	126	81
24	126	82
24	126	83
24	126	84
24	126	85
24	126	86
24	126	87
24	127	78
24	127	79
24	127	80
24	127	81
24	127	82
24	127	83
24	127	84
24	127	85
24	127	86
25	0	79
25	0	80
25	0	81
25	0	82
25	1	79
25	1	80
25	1	81
25	1	82
25	2	79
25	2	80
25	2	81
25	2	82
25	2	83
25	3	79
25	3	80
25	3	81
25	3	82
25	3	83
25	3	84
25	4	79
25	4	80
25	4	81
25	4	82
25	4	83
25	4	84
25	5	79
25	5	80
25	5	81
25	5	82
25	5	83
25	5	84
25	5	85
25	6	79
25	6	80
25	6	81
25	6	82
25	6	83
25	6	84
25	7	79
25	7	80
25	7	81
25	7	82
25	7	83
25	7	84
25	8	65
25	8	66
25	8	67
25	8	68
25	8	79
25	8	80
25	8	81
25	8	82
25	8	83
25	8	84
25	9	65
25	9	66
25	9	67
25	9	68
25	9	78
25	9	79
25	9	80
25	9	81
25	9	82
25	9	83
25	9	84
25	10	65
25	10	66
25	10	67
25	10	68
25	10	69
25	10	70
25	10	74
25	10	75
25	10	76
25	10	77
25	10	78
25	10	79
25	10	80
25	10	81
25	10	82
25	10	83
25	11	65
25	11	66
25	11	67
25	11	68
25	11	69
25	11	70
25	11	71
25	11	72
25	11	73
25	11	74
25	11	75
25	11	77
25	11	78
25	11	79
25	11	80
25	11	81
25	11	82
25	11	83
25	11	84
25	12	65
25	12	66
25	12	67
25	12	68
25	12	69
25	12	70
25	12	71
25	12	72
25	12	73
25	12	74
25	12	75
25	12	76
25	12	77
25	12	78
25	12	79
25	12	80
25	12	81
25	12	82
25	12	83
25	12	84
25	12	87
25	13	65
25	13	66
25	13	67
25	13	68
25	13	69
25	13	70
25	13	71
25	13	72
25	13	73
25	13	74
25	13	75
25	13	76
25	13	77
25	13	78
25	13	79
25	13	80
25	13	81
25	13	82
25	13	83
25	13	84
25	13	85
25	13	86
25	13	87
25	13	88
25	14	65
25	14	66
25	14	67
25	14	68
25	14	69
25	14	70
25	14	71
25	14	72
25	14	73
25	14	74
25	14	75
25	14	76
25	14	77
25	14	78
25	14	79
25	14	80
25	14	81
25	14	82
25	14	83
25	14	84
25	14	85
25	14	86
25	14	87
25	14	88
25	15	65
25	15	66
25	15	67
25	15	68
25	15	69
25	15	70
25	15	71
25	15	72
25	15	73
25	15	74
25	15	75
25	15	76
25	15	77
25	15	78
25	15	79
25	15	80
25	15	81
25	15	82
25	15	83
25	15	84
25	15	85
25	15	86
25	15	87
25	15	88
25	15	89
25	16	66
25	16	67
25	16	68
25	16	69
25	16	70
25	16	71
25	16	72
25	16	73
25	16	74
25	16	75
25	16	76
25	16	77
25	16	78
25	16	79
25	16	80
25	16	81
25	16	82
25	16	83
25	16	84
25	16	85
25	16	86
25	16	87
25	16	88
25	16	89
25	17	67
25	17	68
25	17	69
25	17	70
25	17	71
25	17	72
25	17	73
25	17	74
25	17	75
25	17	76
25	17	77
25	17	78
25	17	79
25	17	80
25	17	81
25	17	82
25	17	83
25	17	84
25	17	85
25	17	86
25	17	87
25	17	88
25	17	89
25	18	69
25	18	70
25	18	71
25	18	72
25	18	73
25	18	74
25	18	75
25	18	76
25	18	77
25	18	78
25	18	79
25	18	80
25	18	81
25	18	82
25	18	83
25	18	84
25	18	85
25	18	86
25	18	87
25	18	88
25	18	89
25	19	70
25	19	71
25	19	72
25	19	73
25	19	74
25	19	75
25	19	76
25	19	77
25	19	78
25	19	79
25	19	80
25	19	81
25	19	82
25	19	83
25	19	84
25	19	85
25	19	86
25	19	87
25	19	88
25	20	70
25	20	71
25	20	72
25	20	73
25	20	74
25	20	75
25	20	76
25	20	77
25	20	78
25	20	79
25	20	80
25	20	81
25	20	82
25	20	83
25	20	84
25	20	85
25	20	86
25	20	87
25	20	88
25	21	71
25	21	73
25	21	74
25	21	75
25	21	76
25	21	77
25	21	78
25	21	79
25	21	80
25	21	81
25	21	82
25	21	83
25	21	84
25	21	85
25	21	86
25	21	87
25	21	88
25	22	73
25	22	74
25	22	75
25	22	76
25	22	77
25	22	78
25	22	79
25	22	80
25	22	81
25	22	82
25	22	83
25	22	84
25	22	85
25	22	86
25	22	87
25	23	81
25	23	82
25	23	83
25	23	84
25	23	85
25	23	86
25	23	87
25	24	81
25	24	82
25	24	83
25	24	84
25	24	85
25	24	86
25	24	87
25	25	82
25	25	83
25	25	84
25	25	85
25	25	86
25	26	83
25	26	84
25	26	85
25	122	73
25	122	74
25	122	75
25	122	76
25	122	77
25	123	72
25	123	73
25	123	74
25	123	75
25	123	76
25	123	77
25	123	78
25	123	79
25	123	80
25	123	81
25	124	70
25	124	71
25	124	72
25	124	73
25	124	74
25	124	75
25	124	76
25	124	77
25	124	78
25	124	79
25	124	80
25	124	81
25	124	82
25	125	71
25	125	72
25	125	73
25	125	74
25	125	75
25	125	76
25	125	77
25	125	78
25	125	79
25	125	80
25	125	81
25	125	82
25	126	79
25	126	80
25	126	81
25	126	82
25	127	79
25	127	80
25	127	81
25	127	82
26	0	80
26	0	81
26	1	80
26	1	81
26	2	80
26	2	81
26	3	80
26	3	81
26	4	80
26	4	81
26	4	82
26	5	80
26	5	81
26	5	82
26	5	83
26	6	79
26	6	80
26	6	81
26	6	82
26	6	83
26	6	84
26	7	66
26	7	67
26	7	68
26	7	78
26	7	79
26	7	80
26	7	81
26	7	82
26	7	83
26	7	84
26	8	66
26	8	67
26	8	68
26	8	69
26	8	77
26	8	78
26	8	79
26	8	80
26	8	81
26	8	82
26	8	83
26	8	84
26	9	66
26	9	67
26	9	68
26	9	69
26	9	70
26	9	77
26	9	78
26	9	79
26	9	80
26	9	81
26	9	82
26	9	83
26	9	84
26	10	66
26	10	67
26	10	68
26	10	69
26	10	70
26	10	71
26	10	72
26	10	73
26	10	74
26	10	76
26	10	77
26	10	78
26	10	79
26	10	80
26	10	81
26	10	82
26	10	83
26	10	84
26	11	66
26	11	67
26	11	68
26	11	69
26	11	70
26	11	71
26	11	72
26	11	73
26	11	74
26	11	75
26	11	76
26	11	77
26	11	78
26	11	79
26	11	80
26	11	81
26	11	82
26	11	83
26	11	84
26	12	66
26	12	67
26	12	68
26	12	69
26	12	70
26	12	71
26	12	72
26	12	73
26	12	74
26	12	75
26	12	76
26	12	77
26	12	78
26	12	79
26	12	80
26	12	81
26	12	82
26	12	83
26	12	84
26	13	65
26	13	66
26	13	67
26	13	68
26	13	69
26	13	70
26	13	71
26	13	72
26	13	73
26	13	74
26	13	75
26	13	76
26	13	77
26	13	78
26	13	79
26	13	80
26	13	81
26	13	82
26	13	83
26	13	84
26	13	85
26	13	86
26	14	65
26	14	66
26	14	67
26	14	68
26	14	69
26	14	70
26	14	71
26	14	72
26	14	73
26	14	74
26	14	75
26	14	76
26	14	77
26	14	78
26	14	79
26	14	80
26	14	81
26	14	82
26	14	83
26	14	84
26	14	85
26	14	86
26	15	65
26	15	66
26	15	67
26	15	68
26	15	69
26	15	70
26	15	71
26	15	72
26	15	73
26	15	74
26	15	75
26	15	76
26	15	77
26	15	78
26	15	79
26	15	80
26	15	81
26	15	82
26	15	83
26	15	84
26	15	85
26	15	86
26	15	87
26	16	66
26	16	67
26	16	68
26	16	69
26	16	70
26	16	71
26	16	72
26	16	73
26	16	74
26	16	75
26	16	76
26	16	77
26	16	78
26	16	79
26	16	80
26	16	81
26	16	82
26	16	83
26	16	84
26	16	85
26	16	86
26	16	87
26	17	68
26	17	69
26	17	70
26	17	71
26	17	72
26	17	73
26	17	74
26	17	75
26	17	76
26	17	77
26	17	78
26	17	79
26	17	80
26	17	81
26	17	82
26	17	83
26	17	84
26	17	85
26	17	86
26	17	87
26	18	69
26	18	70
26	18	71
26	18	72
26	18	73
26	18	74
26	18	75
26	18	76
26	18	77
26	18	78
26	18	79
26	18	80
26	18	81
26	18	82
26	18	83
26	18	84
26	18	85
26	18	86
26	18	87
26	19	70
26	19	71
26	19	72
26	19	73
26	19	74
26	19	75
26	19	76
26	19	77
26	19	78
26	19	79
26	19	80
26	19	81
26	19	82
26	19	83
26	19	84
26	19	85
26	19	86
26	19	87
26	20	71
26	20	72
26	20	73
26	20	74
26	20	75
26	20	76
26	20	77
26	20	78
26	20	79
26	20	80
26	20	81
26	20	82
26	20	83
26	20	84
26	20	85
26	20	86
26	20	87
26	21	71
26	21	72
26	21	73
26	21	74
26	21	75
26	21	76
26	21	77
26	21	78
26	21	79
26	21	80
26	21	81
26	21	82
26	21	83
26	21	84
26	21	85
26	21	86
26	22	72
26	22	73
26	22	74
26	22	75
26	22	76
26	22	77
26	22	78
26	22	79
26	22	80
26	22	81
26	22	82
26	22	83
26	22	84
26	22	85
26	22	86
26	23	72
26	23	73
26	23	74
26	23	75
26	23	76
26	23	77
26	23	78
26	23	79
26	23	80
26	23	81
26	23	82
26	23	83
26	23	84
26	23	85
26	23	86
26	24	81
26	24	82
26	24	83
26	24	84
26	24	85
26	25	82
26	25	83
26	25	84
26	25	85
26	26	83
26	26	84
26	122	74
26	122	75
26	122	76
26	123	73
26	123	74
26	123	75
26	123	76
26	123	77
26	123	78
26	124	71
26	124	72
26	124	73
26	124	74
26	124	75
26	124	76
26	124	77
26	124	78
26	124	79
26	124	80
26	125	80
26	125	81
26	126	80
26	126	81
26	127	80
26	127	81
27	0	81
27	1	81
27	3	81
27	4	80
27	4	81
27	4	82
27	5	79
27	5	80
27	5	81
27	5	82
27	5	83
27	5	84
27	6	66
27	6	67
27	6	78
27	6	79
27	6	80
27	6	81
27	6	82
27	6	83
27	6	84
27	6	85
27	7	66
27	7	67
27	7	68
27	7	77
27	7	78
27	7	79
27	7	80
27	7	81
27	7	82
27	7	83
27	7	84
27	7	85
27	8	66
27	8	67
27	8	68
27	8	69
27	8	76
27	8	77
27	8	78
27	8	79
27	8	80
27	8	81
27	8	82
27	8	83
27	8	84
27	8	85
27	9	66
27	9	67
27	9	68
27	9	69
27	9	70
27	9	75
27	9	76
27	9	77
27	9	78
27	9	79
27	9	80
27	9	81
27	9	82
27	9	83
27	9	84
27	9	85
27	10	66
27	10	67
27	10	68
27	10	69
27	10	70
27	10	71
27	10	72
27	10	73
27	10	74
27	10	75
27	10	76
27	10	77
27	10	78
27	10	79
27	10	80
27	10	81
27	10	82
27	10	83
27	10	84
27	10	85
27	11	66
27	11	67
27	11	68
27	11	69
27	11	70
27	11	71
27	11	72
27	11	73
27	11	74
27	11	75
27	11	76
27	11	77
27	11	78
27	11	79
27	11	80
27	11	81
27	11	82
27	11	83
27	11	84
27	11	85
27	12	66
27	12	67
27	12	68
27	12	69
27	12	70
27	12	71
27	12	72
27	12	73
27	12	74
27	12	75
27	12	76
27	12	77
27	12	78
27	12	79
27	12	80
27	12	81
27	12	82
27	12	83
27	12	84
27	12	85
27	12	86
27	13	66
27	13	67
27	13	68
27	13	69
27	13	70
27	13	71
27	13	72
27	13	73
27	13	74
27	13	75
27	13	76
27	13	77
27	13	78
27	13	79
27	13	80
27	13	81
27	13	82
27	13	83
27	13	84
27	13	85
27	13	86
27	14	65
27	14	66
27	14	67
27	14	68
27	14	69
27	14	70
27	14	71
27	14	72
27	14	73
27	14	74
27	14	75
27	14	76
27	14	77
27	14	78
27	14	79
27	14	80
27	14	81
27	14	82
27	14	83
27	14	84
27	14	85
27	14	86
27	15	65
27	15	66
27	15	67
27	15	68
27	15	69
27	15	70
27	15	71
27	15	72
27	15	73
27	15	74
27	15	75
27	15	76
27	15	77
27	15	78
27	15	79
27	15	80
27	15	81
27	15	82
27	15	83
27	15	84
27	15	85
27	15	86
27	16	66
27	16	67
27	16	68
27	16	69
27	16	70
27	16	71
27	16	72
27	16	73
27	16	74
27	16	75
27	16	76
27	16	77
27	16	78
27	16	79
27	16	80
27	16	81
27	16	82
27	16	83
27	16	84
27	16	85
27	16	86
27	17	68
27	17	69
27	17	70
27	17	71
27	17	72
27	17	73
27	17	74
27	17	75
27	17	76
27	17	77
27	17	78
27	17	79
27	17	80
27	17	81
27	17	82
27	17	83
27	17	84
27	17	85
27	17	86
27	18	69
27	18	70
27	18	71
27	18	72
27	18	73
27	18	74
27	18	75
27	18	76
27	18	77
27	18	78
27	18	79
27	18	80
27	18	81
27	18	82
27	18	83
27	18	84
27	18	85
27	18	86
27	19	70
27	19	71
27	19	72
27	19	73
27	19	74
27	19	75
27	19	76
27	19	77
27	19	78
27	19	79
27	19	80
27	19	81
27	19	82
27	19	83
27	19	84
27	19	85
27	20	71
27	20	72
27	20	73
27	20	74
27	20	75
27	20	76
27	20	77
27	20	78
27	20	79
27	20	80
27	20	81
27	20	82
27	20	83
27	20	84
27	20	85
27	21	72
27	21	73
27	21	74
27	21	75
27	21	76
27	21	77
27	21	78
27	21	79
27	21	80
27	21	81
27	21	82
27	21	83
27	21	84
27	21	85
27	22	72
27	22	73
27	22	74
27	22	75
27	22	76
27	22	77
27	22	78
27	22	79
27	22	80
27	22	81
27	22	82
27	22	83
27	22	84
27	22	85
27	23	72
27	23	73
27	23	74
27	23	75
27	23	76
27	23	77
27	23	78
27	23	79
27	23	80
27	23	81
27	23	82
27	23	83
27	23	84
27	23	85
27	24	72
27	24	73
27	24	74
27	24	75
27	24	76
27	24	77
27	24	78
27	24	79
27	24	80
27	24	81
27	24	82
27	24	83
27	24	84
27	25	82
27	25	83
27	25	84
27	26	83
27	26	84
27	123	73
27	123	74
27	123	75
27	123	76
27	123	77
27	123	78
28	3	81
28	3	82
28	4	80
28	4	81
28	4	82
28	4	83
28	5	79
28	5	80
28	5	81
28	5	82
28	5	83
28	5	84
28	5	85
28	6	66
28	6	67
28	6	78
28	6	79
28	6	80
28	6	81
28	6	82
28	6	83
28	6	84
28	6	85
28	7	66
28	7	67
28	7	68
28	7	77
28	7	78
28	7	79
28	7	80
28	7	81
28	7	82
28	7	83
28	7	84
28	7	85
28	8	66
28	8	67
28	8	68
28	8	69
28	8	76
28	8	77
28	8	78
28	8	79
28	8	80
28	8	81
28	8	82
28	8	83
28	8	84
28	8	85
28	9	66
28	9	67
28	9	68
28	9	69
28	9	70
28	9	71
28	9	72
28	9	73
28	9	75
28	9	76
28	9	77
28	9	78
28	9	79
28	9	80
28	9	81
28	9	82
28	9	83
28	9	84
28	9	85
28	10	66
28	10	67
28	10	68
28	10	69
28	10	70
28	10	71
28	10	72
28	10	73
28	10	74
28	10	75
28	10	76
28	10	77
28	10	78
28	10	79
28	10	80
28	10	81
28	10	82
28	10	83
28	10	84
28	10	85
28	11	66
28	11	67
28	11	68
28	11	69
28	11	70
28	11	71
28	11	72
28	11	73
28	11	74
28	11	75
28	11	76
28	11	77
28	11	78
28	11	79
28	11	80
28	11	81
28	11	82
28	11	83
28	11	84
28	11	85
28	12	66
28	12	67
28	12	68
28	12	69
28	12	70
28	12	71
28	12	72
28	12	73
28	12	74
28	12	75
28	12	76
28	12	77
28	12	78
28	12	79
28	12	80
28	12	81
28	12	82
28	12	83
28	12	84
28	12	85
28	13	66
28	13	67
28	13	68
28	13	69
28	13	70
28	13	71
28	13	72
28	13	73
28	13	74
28	13	75
28	13	76
28	13	77
28	13	78
28	13	79
28	13	80
28	13	81
28	13	82
28	13	83
28	13	84
28	13	85
28	14	65
28	14	66
28	14	67
28	14	68
28	14	69
28	14	70
28	14	71
28	14	72
28	14	73
28	14	74
28	14	75
28	14	76
28	14	77
28	14	78
28	14	79
28	14	80
28	14	81
28	14	82
28	14	83
28	14	84
28	14	85
28	15	65
28	15	66
28	15	67
28	15	68
28	15	69
28	15	70
28	15	71
28	15	72
28	15	73
28	15	74
28	15	75
28	15	76
28	15	77
28	15	78
28	15	79
28	15	80
28	15	81
28	15	82
28	15	83
28	15	84
28	15	85
28	16	67
28	16	68
28	16	69
28	16	70
28	16	71
28	16	72
28	16	73
28	16	74
28	16	75
28	16	76
28	16	77
28	16	78
28	16	79
28	16	80
28	16	81
28	16	82
28	16	83
28	16	84
28	16	85
28	17	68
28	17	69
28	17	70
28	17	71
28	17	72
28	17	73
28	17	74
28	17	75
28	17	76
28	17	77
28	17	78
28	17	79
28	17	80
28	17	81
28	17	82
28	17	83
28	17	84
28	17	85
28	18	69
28	18	70
28	18	71
28	18	72
28	18	73
28	18	74
28	18	75
28	18	76
28	18	77
28	18	78
28	18	79
28	18	80
28	18	81
28	18	82
28	18	83
28	18	84
28	18	85
28	19	70
28	19	71
28	19	72
28	19	73
28	19	74
28	19	75
28	19	76
28	19	77
28	19	78
28	19	79
28	19	80
28	19	81
28	19	82
28	19	83
28	19	84
28	19	85
28	20	71
28	20	72
28	20	73
28	20	74
28	20	75
28	20	76
28	20	77
28	20	78
28	20	79
28	20	80
28	20	81
28	20	82
28	20	83
28	20	84
28	20	85
28	21	72
28	21	73
28	21	74
28	21	75
28	21	76
28	21	77
28	21	78
28	21	79
28	21	80
28	21	81
28	21	82
28	21	83
28	21	84
28	22	72
28	22	73
28	22	74
28	22	75
28	22	76
28	22	77
28	22	78
28	22	79
28	22	80
28	22	81
28	22	82
28	22	83
28	22	84
28	23	73
28	23	74
28	23	75
28	23	76
28	23	77
28	23	78
28	23	79
28	23	80
28	23	81
28	23	82
28	23	83
28	23	84
28	24	73
28	24	74
28	24	75
28	24	76
28	24	77
28	24	78
28	24	79
28	24	80
28	24	81
28	24	82
28	24	83
28	25	73
28	25	74
28	25	75
28	25	76
28	25	77
28	25	78
28	25	79
28	25	80
28	25	81
28	25	82
28	25	83
28	26	83
29	2	82
29	3	81
29	3	82
29	4	80
29	4	81
29	4	82
29	4	83
29	4	84
29	5	79
29	5	80
29	5	81
29	5	82
29	5	83
29	5	84
29	6	67
29	6	78
29	6	79
29	6	80
29	6	81
29	6	82
29	6	83
29	6	84
29	7	67
29	7	68
29	7	77
29	7	78
29	7	79
29	7	80
29	7	81
29	7	82
29	7	83
29	7	84
29	8	67
29	8	68
29	8	69
29	8	70
29	8	71
29	8	72
29	8	73
29	8	74
29	8	76
29	8	77
29	8	78
29	8	79
29	8	80
29	8	81
29	8	82
29	8	83
29	8	84
29	9	67
29	9	68
29	9	69
29	9	70
29	9	71
29	9	72
29	9	73
29	9	74
29	9	75
29	9	76
29	9	77
29	9	78
29	9	79
29	9	80
29	9	81
29	9	82
29	9	83
29	9	84
29	10	67
29	10	68
29	10	69
29	10	70
29	10	71
29	10	72
29	10	73
29	10	74
29	10	75
29	10	76
29	10	77
29	10	78
29	10	79
29	10	80
29	10	81
29	10	82
29	10	83
29	10	84
29	11	66
29	11	67
29	11	68
29	11	69
29	11	70
29	11	71
29	11	72
29	11	73
29	11	74
29	11	75
29	11	76
29	11	77
29	11	78
29	11	79
29	11	80
29	11	81
29	11	82
29	11	83
29	11	84
29	12	66
29	12	67
29	12	68
29	12	69
29	12	70
29	12	71
29	12	72
29	12	73
29	12	74
29	12	75
29	12	76
29	12	77
29	12	78
29	12	79
29	12	80
29	12	81
29	12	82
29	12	83
29	12	84
29	12	85
29	13	66
29	13	67
29	13	68
29	13	69
29	13	70
29	13	71
29	13	72
29	13	73
29	13	74
29	13	75
29	13	76
29	13	77
29	13	78
29	13	79
29	13	80
29	13	81
29	13	82
29	13	83
29	13	84
29	13	85
29	14	65
29	14	66
29	14	67
29	14	68
29	14	69
29	14	70
29	14	71
29	14	72
29	14	73
29	14	74
29	14	75
29	14	76
29	14	77
29	14	78
29	14	79
29	14	80
29	14	81
29	14	82
29	14	83
29	14	84
29	14	85
29	15	66
29	15	67
29	15	68
29	15	69
29	15	70
29	15	71
29	15	72
29	15	73
29	15	74
29	15	75
29	15	76
29	15	77
29	15	78
29	15	79
29	15	80
29	15	81
29	15	82
29	15	83
29	15	84
29	15	85
29	16	67
29	16	68
29	16	69
29	16	70
29	16	71
29	16	72
29	16	73
29	16	74
29	16	75
29	16	76
29	16	77
29	16	78
29	16	79
29	16	80
29	16	81
29	16	82
29	16	83
29	16	84
29	16	85
29	17	68
29	17	69
29	17	70
29	17	71
29	17	72
29	17	73
29	17	74
29	17	75
29	17	76
29	17	77
29	17	78
29	17	79
29	17	80
29	17	81
29	17	82
29	17	83
29	17	84
29	18	70
29	18	71
29	18	72
29	18	73
29	18	74
29	18	75
29	18	76
29	18	77
29	18	78
29	18	79
29	18	80
29	18	81
29	18	82
29	18	83
29	18	84
29	19	70
29	19	71
29	19	72
29	19	73
29	19	74
29	19	75
29	19	76
29	19	77
29	19	78
29	19	79
29	19	80
29	19	81
29	19	82
29	19	83
29	19	84
29	20	71
29	20	72
29	20	73
29	20	74
29	20	75
29	20	76
29	20	77
29	20	78
29	20	79
29	20	80
29	20	81
29	20	82
29	20	83
29	20	84
29	21	72
29	21	73
29	21	74
29	21	75
29	21	76
29	21	77
29	21	78
29	21	79
29	21	80
29	21	81
29	21	82
29	21	83
29	22	73
29	22	74
29	22	75
29	22	76
29	22	77
29	22	78
29	22	79
29	22	80
29	22	81
29	22	82
29	22	83
29	23	73
29	23	74
29	23	75
29	23	76
29	23	77
29	23	78
29	23	79
29	23	80
29	23	81
29	23	82
29	23	83
29	24	74
29	24	75
29	24	76
29	24	77
29	24	78
29	24	79
29	24	80
29	24	81
29	24	82
29	24	83
29	25	74
29	25	75
29	25	76
29	25	77
29	25	78
29	25	79
29	25	80
29	25	81
29	25	82
29	26	76
29	26	77
29	26	78
29	26	79
29	26	80
29	26	81
29	26	82
30	2	82
30	2	83
30	3	81
30	3	82
30	3	83
30	4	80
30	4	81
30	4	82
30	4	83
30	5	79
30	5	80
30	5	81
30	5	82
30	5	83
30	5	84
30	6	78
30	6	79
30	6	80
30	6	81
30	6	82
30	6	83
30	6	84
30	7	67
30	7	68
30	7	69
30	7	70
30	7	71
30	7	72
30	7	73
30	7	74
30	7	75
30	7	77
30	7	78
30	7	79
30	7	80
30	7	81
30	7	82
30	7	83
30	7	84
30	8	67
30	8	68
30	8	69
30	8	70
30	8	71
30	8	72
30	8	73
30	8	74
30	8	75
30	8	76
30	8	77
30	8	78
30	8	79
30	8	80
30	8	81
30	8	82
30	8	83
30	8	84
30	9	67
30	9	68
30	9	69
30	9	70
30	9	71
30	9	72
30	9	73
30	9	74
30	9	75
30	9	76
30	9	77
30	9	78
30	9	79
30	9	80
30	9	81
30	9	82
30	9	83
30	9	84
30	10	67
30	10	68
30	10	69
30	10	70
30	10	71
30	10	72
30	10	73
30	10	74
30	10	75
30	10	76
30	10	77
30	10	78
30	10	79
30	10	80
30	10	81
30	10	82
30	10	83
30	10	84
30	11	67
30	11	68
30	11	69
30	11	70
30	11	71
30	11	72
30	11	73
30	11	74
30	11	75
30	11	76
30	11	77
30	11	78
30	11	79
30	11	80
30	11	81
30	11	82
30	11	83
30	11	84
30	12	66
30	12	67
30	12	68
30	12	69
30	12	70
30	12	71
30	12	72
30	12	73
30	12	74
30	12	75
30	12	76
30	12	77
30	12	78
30	12	79
30	12	80
30	12	81
30	12	82
30	12	83
30	12	84
30	13	66
30	13	67
30	13	68
30	13	69
30	13	70
30	13	71
30	13	72
30	13	73
30	13	74
30	13	75
30	13	76
30	13	77
30	13	78
30	13	79
30	13	80
30	13	81
30	13	82
30	13	83
30	13	84
30	14	65
30	14	66
30	14	67
30	14	68
30	14	69
30	14	70
30	14	71
30	14	72
30	14	73
30	14	74
30	14	75
30	14	76
30	14	77
30	14	78
30	14	79
30	14	80
30	14	81
30	14	82
30	14	83
30	14	84
30	15	66
30	15	67
30	15	68
30	15	69
30	15	70
30	15	71
30	15	72
30	15	73
30	15	74
30	15	75
30	15	76
30	15	77
30	15	78
30	15	79
30	15	80
30	15	81
30	15	82
30	15	83
30	15	84
30	16	67
30	16	68
30	16	69
30	16	70
30	16	71
30	16	72
30	16	73
30	16	74
30	16	75
30	16	76
30	16	77
30	16	78
30	16	79
30	16	80
30	16	81
30	16	82
30	16	83
30	16	84
30	17	69
30	17	70
30	17	71
30	17	72
30	17	73
30	17	74
30	17	75
30	17	76
30	17	77
30	17	78
30	17	79
30	17	80
30	17	81
30	17	82
30	17	83
30	18	70
30	18	71
30	18	72
30	18	73
30	18	74
30	18	75
30	18	76
30	18	77
30	18	78
30	18	79
30	18	80
30	18	81
30	18	82
30	18	83
30	19	71
30	19	72
30	19	73
30	19	74
30	19	75
30	19	76
30	19	77
30	19	78
30	19	79
30	19	80
30	19	81
30	19	82
30	19	83
30	20	71
30	20	72
30	20	73
30	20	74
30	20	75
30	20	76
30	20	77
30	20	78
30	20	79
30	20	80
30	20	81
30	20	82
30	20	83
30	21	72
30	21	73
30	21	74
30	21	75
30	21	76
30	21	77
30	21	78
30	21	79
30	21	80
30	21	81
30	21	82
30	22	73
30	22	74
30	22	75
30	22	76
30	22	77
30	22	78
30	22	79
30	22	80
30	22	81
30	22	82
30	23	74
30	23	75
30	23	76
30	23	77
30	23	78
30	23	79
30	23	80
30	23	81
30	23	82
30	24	75
30	24	76
30	24	77
30	24	78
30	24	79
30	24	80
30	24	81
30	24	82
30	25	76
30	25	77
30	25	78
30	25	79
30	25	80
30	25	81
30	26	77
30	26	78
30	26	79
30	26	80
30	26	81
30	27	78
30	27	79
30	27	80
31	3	81
31	3	82
31	4	80
31	4	81
31	4	82
31	4	83
31	5	79
31	5	80
31	5	81
31	5	82
31	5	83
31	6	68
31	6	69
31	6	70
31	6	71
31	6	72
31	6	73
31	6	74
31	6	75
31	6	76
31	6	78
31	6	79
31	6	80
31	6	81
31	6	82
31	6	83
31	7	68
31	7	69
31	7	70
31	7	71
31	7	72
31	7	73
31	7	74
31	7	75
31	7	76
31	7	77
31	7	78
31	7	79
31	7	80
31	7	81
31	7	82
31	7	83
31	7	84
31	8	68
31	8	69
31	8	70
31	8	71
31	8	72
31	8	73
31	8	74
31	8	75
31	8	76
31	8	77
31	8	78
31	8	79
31	8	80
31	8	81
31	8	82
31	8	83
31	8	84
31	9	68
31	9	69
31	9	70
31	9	71
31	9	72
31	9	73
31	9	74
31	9	75
31	9	76
31	9	77
31	9	78
31	9	79
31	9	80
31	9	81
31	9	82
31	9	83
31	9	84
31	10	67
31	10	68
31	10	69
31	10	70
31	10	71
31	10	72
31	10	73
31	10	74
31	10	75
31	10	76
31	10	77
31	10	78
31	10	79
31	10	80
31	10	81
31	10	82
31	10	83
31	10	84
31	11	67
31	11	68
31	11	69
31	11	70
31	11	71
31	11	72
31	11	73
31	11	74
31	11	75
31	11	76
31	11	77
31	11	78
31	11	79
31	11	80
31	11	81
31	11	82
31	11	83
31	11	84
31	12	67
31	12	68
31	12	69
31	12	70
31	12	71
31	12	72
31	12	73
31	12	74
31	12	75
31	12	76
31	12	77
31	12	78
31	12	79
31	12	80
31	12	81
31	12	82
31	12	83
31	13	66
31	13	67
31	13	68
31	13	69
31	13	70
31	13	71
31	13	72
31	13	73
31	13	74
31	13	75
31	13	76
31	13	77
31	13	78
31	13	79
31	13	80
31	13	81
31	13	82
31	13	83
31	14	65
31	14	66
31	14	67
31	14	68
31	14	69
31	14	70
31	14	71
31	14	72
31	14	73
31	14	74
31	14	75
31	14	76
31	14	77
31	14	78
31	14	79
31	14	80
31	14	81
31	14	82
31	14	83
31	15	66
31	15	67
31	15	68
31	15	69
31	15	70
31	15	71
31	15	72
31	15	73
31	15	74
31	15	75
31	15	76
31	15	77
31	15	78
31	15	79
31	15	80
31	15	81
31	15	82
31	15	83
31	16	68
31	16	69
31	16	70
31	16	71
31	16	72
31	16	73
31	16	74
31	16	75
31	16	76
31	16	77
31	16	78
31	16	79
31	16	80
31	16	81
31	16	82
31	16	83
31	17	69
31	17	70
31	17	71
31	17	72
31	17	73
31	17	74
31	17	75
31	17	76
31	17	77
31	17	78
31	17	79
31	17	80
31	17	81
31	17	82
31	17	83
31	18	70
31	18	71
31	18	72
31	18	73
31	18	74
31	18	75
31	18	76
31	18	77
31	18	78
31	18	79
31	18	80
31	18	81
31	18	82
31	18	83
31	19	71
31	19	72
31	19	73
31	19	74
31	19	75
31	19	76
31	19	77
31	19	78
31	19	79
31	19	80
31	19	81
31	19	82
31	20	72
31	20	73
31	20	74
31	20	75
31	20	76
31	20	77
31	20	78
31	20	79
31	20	80
31	20	81
31	20	82
31	21	72
31	21	73
31	21	74
31	21	75
31	21	76
31	21	77
31	21	78
31	21	79
31	21	80
31	21	81
31	21	82
31	22	73
31	22	74
31	22	75
31	22	76
31	22	77
31	22	78
31	22	79
31	22	80
31	22	81
31	23	75
31	23	76
31	23	77
31	23	78
31	23	79
31	23	80
31	23	81
31	24	76
31	24	77
31	24	78
31	24	79
31	24	80
31	24	81
31	25	77
31	25	78
31	25	79
31	25	80
31	26	78
31	26	79
32	3	81
32	4	80
32	4	81
32	4	82
32	5	70
32	5	71
32	5	72
32	5	73
32	5	74
32	5	75
32	5	76
32	5	77
32	5	79
32	5	80
32	5	81
32	5	82
32	6	69
32	6	70
32	6	71
32	6	72
32	6	73
32	6	74
32	6	75
32	6	76
32	6	77
32	6	78
32	6	79
32	6	80
32	6	81
32	6	82
32	6	83
32	7	69
32	7	70
32	7	71
32	7	72
32	7	73
32	7	74
32	7	75
32	7	76
32	7	77
32	7	78
32	7	79
32	7	80
32	7	81
32	7	82
32	7	83
32	8	69
32	8	70
32	8	71
32	8	72
32	8	73
32	8	74
32	8	75
32	8	76
32	8	77
32	8	78
32	8	79
32	8	80
32	8	81
32	8	82
32	8	83
32	9	68
32	9	69
32	9	70
32	9	71
32	9	72
32	9	73
32	9	74
32	9	75
32	9	76
32	9	77
32	9	78
32	9	79
32	9	80
32	9	81
32	9	82
32	9	83
32	10	68
32	10	69
32	10	70
32	10	71
32	10	72
32	10	73
32	10	74
32	10	75
32	10	76
32	10	77
32	10	78
32	10	79
32	10	80
32	10	81
32	10	82
32	10	83
32	11	68
32	11	69
32	11	70
32	11	71
32	11	72
32	11	73
32	11	74
32	11	75
32	11	76
32	11	77
32	11	78
32	11	79
32	11	80
32	11	81
32	11	82
32	11	83
32	12	68
32	12	69
32	12	70
32	12	71
32	12	72
32	12	73
32	12	74
32	12	75
32	12	76
32	12	77
32	12	78
32	12	79
32	12	80
32	12	81
32	12	82
32	12	83
32	13	67
32	13	68
32	13	69
32	13	70
32	13	71
32	13	72
32	13	73
32	13	74
32	13	75
32	13	76
32	13	77
32	13	78
32	13	79
32	13	80
32	13	81
32	13	82
32	13	83
32	14	65
32	14	66
32	14	67
32	14	68
32	14	69
32	14	70
32	14	71
32	14	72
32	14	73
32	14	74
32	14	75
32	14	76
32	14	77
32	14	78
32	14	79
32	14	80
32	14	81
32	14	82
32	14	83
32	15	67
32	15	68
32	15	69
32	15	70
32	15	71
32	15	72
32	15	73
32	15	74
32	15	75
32	15	76
32	15	77
32	15	78
32	15	79
32	15	80
32	15	81
32	15	82
32	15	83
32	16	69
32	16	70
32	16	71
32	16	72
32	16	73
32	16	74
32	16	75
32	16	76
32	16	77
32	16	78
32	16	79
32	16	80
32	16	81
32	16	82
32	16	83
32	17	70
32	17	71
32	17	72
32	17	73
32	17	74
32	17	75
32	17	76
32	17	77
32	17	78
32	17	79
32	17	80
32	17	81
32	17	82
32	18	71
32	18	72
32	18	73
32	18	74
32	18	75
32	18	76
32	18	77
32	18	78
32	18	79
32	18	80
32	18	81
32	18	82
32	19	72
32	19	73
32	19	74
32	19	75
32	19	76
32	19	77
32	19	78
32	19	79
32	19	80
32	19	81
32	19	82
32	20	72
32	20	73
32	20	74
32	20	75
32	20	76
32	20	77
32	20	78
32	20	79
32	20	80
32	20	81
32	20	82
32	21	73
32	21	74
32	21	75
32	21	76
32	21	77
32	21	78
32	21	79
32	21	80
32	21	81
32	22	73
32	22	74
32	22	75
32	22	76
32	22	77
32	22	78
32	22	79
32	22	80
32	22	81
32	23	76
32	23	77
32	23	78
32	23	79
32	23	80
32	24	77
32	24	78
32	24	79
32	24	80
32	25	78
32	25	79
32	26	78
33	4	71
33	4	72
33	4	73
33	4	74
33	4	75
33	4	76
33	4	80
33	5	71
33	5	72
33	5	73
33	5	74
33	5	75
33	5	76
33	5	77
33	5	78
33	5	79
33	5	80
33	5	81
33	6	70
33	6	71
33	6	72
33	6	73
33	6	74
33	6	75
33	6	76
33	6	77
33	6	78
33	6	79
33	6	80
33	6	81
33	6	82
33	7	70
33	7	71
33	7	72
33	7	73
33	7	74
33	7	75
33	7	76
33	7	77
33	7	78
33	7	79
33	7	80
33	7	81
33	7	82
33	8	70
33	8	71
33	8	72
33	8	73
33	8	74
33	8	75
33	8	76
33	8	77
33	8	78
33	8	79
33	8	80
33	8	81
33	8	82
33	8	83
33	9	69
33	9	70
33	9	71
33	9	72
33	9	73
33	9	74
33	9	75
33	9	76
33	9	77
33	9	78
33	9	79
33	9	80
33	9	81
33	9	82
33	9	83
33	10	69
33	10	70
33	10	71
33	10	72
33	10	73
33	10	74
33	10	75
33	10	76
33	10	77
33	10	78
33	10	79
33	10	80
33	10	81
33	10	82
33	10	83
33	11	69
33	11	70
33	11	71
33	11	72
33	11	73
33	11	74
33	11	75
33	11	76
33	11	77
33	11	78
33	11	79
33	11	80
33	11	81
33	11	82
33	11	83
33	12	69
33	12	70
33	12	71
33	12	72
33	12	73
33	12	74
33	12	75
33	12	76
33	12	77
33	12	78
33	12	79
33	12	80
33	12	81
33	12	82
33	12	83
33	13	68
33	13	69
33	13	70
33	13	71
33	13	72
33	13	73
33	13	74
33	13	75
33	13	76
33	13	77
33	13	78
33	13	79
33	13	80
33	13	81
33	13	82
33	13	83
33	14	66
33	14	67
33	14	68
33	14	69
33	14	70
33	14	71
33	14	72
33	14	73
33	14	74
33	14	75
33	14	76
33	14	77
33	14	78
33	14	79
33	14	80
33	14	81
33	14	82
33	15	68
33	15	69
33	15	70
33	15	71
33	15	72
33	15	73
33	15	74
33	15	75
33	15	76
33	15	77
33	15	78
33	15	79
33	15	80
33	15	81
33	15	82
33	16	70
33	16	71
33	16	72
33	16	73
33	16	74
33	16	75
33	16	76
33	16	77
33	16	78
33	16	79
33	16	80
33	16	81
33	16	82
33	17	71
33	17	72
33	17	73
33	17	74
33	17	75
33	17	76
33	17	77
33	17	78
33	17	79
33	17	80
33	17	81
33	17	82
33	18	71
33	18	72
33	18	73
33	18	74
33	18	75
33	18	76
33	18	77
33	18	78
33	18	79
33	18	80
33	18	81
33	18	82
33	19	72
33	19	73
33	19	74
33	19	75
33	19	76
33	19	77
33	19	78
33	19	79
33	19	80
33	19	81
33	20	73
33	20	74
33	20	75
33	20	76
33	20	77
33	20	78
33	20	79
33	20	80
33	20	81
33	21	73
33	21	74
33	21	75
33	21	76
33	21	77
33	21	78
33	21	79
33	21	80
33	21	81
33	22	74
33	22	75
33	22	76
33	22	77
33	22	78
33	22	79
33	22	80
33	23	76
33	23	77
33	23	78
33	23	79
33	23	80
33	24	77
33	24	78
33	24	79
33	25	78
34	4	74
34	4	75
34	4	76
34	4	77
34	4	78
34	4	79
34	5	72
34	5	73
34	5	74
34	5	75
34	5	76
34	5	77
34	5	78
34	5	79
34	5	80
34	6	71
34	6	72
34	6	73
34	6	74
34	6	75
34	6	76
34	6	77
34	6	78
34	6	79
34	6	80
34	7	71
34	7	72
34	7	73
34	7	74
34	7	75
34	7	76
34	7	77
34	7	78
34	7	79
34	7	80
34	7	81
34	8	70
34	8	71
34	8	72
34	8	73
34	8	74
34	8	75
34	8	76
34	8	77
34	8	78
34	8	79
34	8	80
34	8	81
34	8	82
34	9	70
34	9	71
34	9	72
34	9	73
34	9	74
34	9	75
34	9	76
34	9	77
34	9	78
34	9	79
34	9	80
34	9	81
34	9	82
34	10	70
34	10	71
34	10	72
34	10	73
34	10	74
34	10	75
34	10	76
34	10	77
34	10	78
34	10	79
34	10	80
34	10	81
34	10	82
34	11	70
34	11	71
34	11	72
34	11	73
34	11	74
34	11	75
34	11	76
34	11	77
34	11	78
34	11	79
34	11	80
34	11	81
34	11	82
34	12	70
34	12	71
34	12	72
34	12	73
34	12	74
34	12	75
34	12	76
34	12	77
34	12	78
34	12	79
34	12	80
34	12	81
34	12	82
34	13	70
34	13	71
34	13	72
34	13	73
34	13	74
34	13	75
34	13	76
34	13	77
34	13	78
34	13	79
34	13	80
34	13	81
34	13	82
34	14	69
34	14	70
34	14	71
34	14	72
34	14	73
34	14	74
34	14	75
34	14	76
34	14	77
34	14	78
34	14	79
34	14	80
34	14	81
34	15	69
34	15	70
34	15	71
34	15	72
34	15	73
34	15	74
34	15	75
34	15	76
34	15	77
34	15	78
34	15	79
34	15	80
34	15	81
34	16	70
34	16	71
34	16	72
34	16	73
34	16	74
34	16	75
34	16	76
34	16	77
34	16	78
34	16	79
34	16	80
34	16	81
34	17	71
34	17	72
34	17	73
34	17	74
34	17	75
34	17	76
34	17	77
34	17	78
34	17	79
34	17	80
34	17	81
34	18	72
34	18	73
34	18	74
34	18	75
34	18	76
34	18	77
34	18	78
34	18	79
34	18	80
34	18	81
34	19	72
34	19	73
34	19	74
34	19	75
34	19	76
34	19	77
34	19	78
34	19	79
34	19	80
34	19	81
34	20	73
34	20	74
34	20	75
34	20	76
34	20	77
34	20	78
34	20	79
34	20	80
34	21	73
34	21	74
34	21	75
34	21	76
34	21	77
34	21	78
34	21	79
34	21	80
34	22	75
34	22	76
34	22	77
34	22	78
34	22	79
34	22	80
34	23	76
34	23	77
34	23	78
34	23	79
34	24	77
34	24	78
35	3	78
35	4	77
35	4	78
35	5	76
35	5	77
35	5	78
35	6	74
35	6	75
35	6	76
35	6	77
35	6	78
35	6	79
35	7	72
35	7	73
35	7	74
35	7	75
35	7	76
35	7	77
35	7	78
35	7	79
35	7	80
35	8	71
35	8	72
35	8	73
35	8	74
35	8	75
35	8	76
35	8	77
35	8	78
35	8	79
35	8	80
35	8	81
35	9	71
35	9	72
35	9	73
35	9	74
35	9	75
35	9	76
35	9	77
35	9	78
35	9	79
35	9	80
35	9	81
35	10	71
35	10	72
35	10	73
35	10	74
35	10	75
35	10	76
35	10	77
35	10	78
35	10	79
35	10	80
35	10	81
35	11	71
35	11	72
35	11	73
35	11	74
35	11	75
35	11	76
35	11	77
35	11	78
35	11	79
35	11	80
35	11	81
35	12	71
35	12	72
35	12	73
35	12	74
35	12	75
35	12	76
35	12	77
35	12	78
35	12	79
35	12	80
35	12	81
35	13	71
35	13	72
35	13	73
35	13	74
35	13	75
35	13	76
35	13	77
35	13	78
35	13	79
35	13	80
35	13	81
35	14	71
35	14	72
35	14	73
35	14	74
35	14	75
35	14	76
35	14	77
35	14	78
35	14	79
35	14	80
35	15	70
35	15	71
35	15	72
35	15	73
35	15	74
35	15	75
35	15	76
35	15	77
35	15	78
35	15	79
35	15	80
35	16	71
35	16	72
35	16	73
35	16	74
35	16	75
35	16	76
35	16	77
35	16	78
35	16	79
35	16	80
35	17	71
35	17	72
35	17	73
35	17	74
35	17	75
35	17	76
35	17	77
35	17	78
35	17	79
35	17	80
35	18	72
35	18	73
35	18	74
35	18	75
35	18	76
35	18	77
35	18	78
35	18	79
35	18	80
35	19	72
35	19	73
35	19	74
35	19	75
35	19	76
35	19	77
35	19	78
35	19	79
35	19	80
35	20	74
35	20	75
35	20	76
35	20	77
35	20	78
35	20	79
35	20	80
35	21	75
35	21	76
35	21	77
35	21	78
35	21	79
35	22	75
35	22	76
35	22	77
35	22	78
35	22	79
35	23	76
35	23	77
35	23	78
35	24	77
36	5	77
36	6	76
36	6	77
36	7	75
36	7	76
36	7	77
36	7	78
36	8	74
36	8	75
36	8	76
36	8	77
36	8	78
36	8	79
36	9	73
36	9	74
36	9	75
36	9	76
36	9	77
36	9	78
36	9	79
36	9	80
36	10	73
36	10	74
36	10	75
36	10	76
36	10	77
36	10	78
36	10	79
36	10	80
36	10	81
36	11	73
36	11	74
36	11	75
36	11	76
36	11	77
36	11	78
36	11	79
36	11	80
36	12	72
36	12	73
36	12	74
36	12	75
36	12	76
36	12	77
36	12	78
36	12	79
36	12	80
36	13	72
36	13	73
36	13	74
36	13	75
36	13	76
36	13	77
36	13	78
36	13	79
36	13	80
36	14	72
36	14	73
36	14	74
36	14	75
36	14	76
36	14	77
36	14	78
36	14	79
36	14	80
36	15	72
36	15	73
36	15	74
36	15	75
36	15	76
36	15	77
36	15	78
36	15	79
36	16	72
36	16	73
36	16	74
36	16	75
36	16	76
36	16	77
36	16	78
36	16	79
36	17	73
36	17	74
36	17	75
36	17	76
36	17	77
36	17	78
36	17	79
36	18	73
36	18	74
36	18	75
36	18	76
36	18	77
36	18	78
36	18	79
36	19	74
36	19	75
36	19	76
36	19	77
36	19	78
36	19	79
36	20	75
36	20	76
36	20	77
36	20	78
36	20	79
36	21	75
36	21	76
36	21	77
36	21	78
36	21	79
36	22	76
36	22	77
36	22	78
36	23	76
36	23	77
36	24	77
37	6	77
37	7	76
37	7	77
37	7	78
37	8	76
37	8	77
37	8	78
37	9	75
37	9	76
37	9	77
37	9	78
37	9	79
37	10	74
37	10	75
37	10	76
37	10	77
37	10	78
37	10	79
37	10	80
37	11	74
37	11	75
37	11	76
37	11	77
37	11	78
37	11	79
37	11	80
37	12	74
37	12	75
37	12	76
37	12	77
37	12	78
37	12	79
37	13	73
37	13	74
37	13	75
37	13	76
37	13	77
37	13	78
37	13	79
37	14	73
37	14	74
37	14	75
37	14	76
37	14	77
37	14	78
37	14	79
37	15	73
37	15	74
37	15	75
37	15	76
37	15	77
37	15	78
37	15	79
37	16	74
37	16	75
37	16	76
37	16	77
37	16	78
37	17	74
37	17	75
37	17	76
37	17	77
37	17	78
37	18	74
37	18	75
37	18	76
37	18	77
37	18	78
37	19	75
37	19	76
37	19	77
37	19	78
37	20	75
37	20	76
37	20	77
37	20	78
37	21	76
37	21	77
37	21	78
37	22	76
37	22	77
37	23	77
38	7	77
38	8	77
38	9	76
38	9	77
38	10	75
38	10	76
38	10	77
38	10	78
38	10	79
38	10	80
38	11	75
38	11	76
38	11	77
38	11	78
38	11	79
38	11	80
38	12	75
38	12	76
38	12	77
38	12	78
38	12	79
38	13	75
38	13	76
38	13	77
38	13	78
38	13	79
38	14	75
38	14	76
38	14	77
38	14	78
38	15	75
38	15	76
38	15	77
38	16	75
38	16	76
38	16	77
38	17	75
38	17	76
38	17	77
38	18	75
38	18	76
38	18	77
38	19	76
38	19	77
38	20	76
38	20	77
38	21	76
38	21	77
38	22	77
