#i	j	k
60	69	50
60	70	49
60	70	50
60	70	51
60	71	50
61	67	49
61	67	50
61	67	51
61	68	49
61	68	50
61	68	51
61	69	48
61	69	49
61	69	50
61	69	51
61	70	48
61	70	49
61	70	50
61	70	51
61	71	48
61	71	49
61	71	50
61	72	49
61	72	50
62	65	49
62	65	50
62	65	51
62	66	48
62	66	49
62	66	50
62	66	51
62	66	52
62	67	47
62	67	48
62	67	49
62	67	50
62	67	51
62	67	52
62	68	47
62	68	48
62	68	49
62	68	50
62	68	51
62	69	47
62	69	48
62	69	49
62	69	50
62	69	51
62	70	47
62	70	48
62	70	49
62	70	50
62	70	51
62	71	47
62	71	48
62	71	49
62	71	50
62	71	51
62	72	47
62	72	48
62	72	49
62	72	50
62	75	43
62	75	44
62	76	43
63	63	50
63	63	51
63	64	48
63	64	49
63	64	50
63	64	51
63	64	52
63	65	47
63	65	48
63	65	49
63	65	50
63	65	51
63	65	52
63	66	47
63	66	48
63	66	49
63	66	50
63	66	51
63	66	52
63	67	46
63	67	47
63	67	48
63	67	49
63	67	50
63	67	51
63	67	52
63	68	46
63	68	47
63	68	48
63	68	49
63	68	50
63	68	51
63	68	52
63	69	46
63	69	47
63	69	48
63	69	49
63	69	50
63	69	51
63	70	46
63	70	47
63	70	48
63	70	49
63	70	50
63	70	51
63	71	45
63	71	46
63	71	47
63	71	48
63	71	49
63	71	50
63	71	51
63	72	45
63	72	46
63	72	47
63	72	48
63	72	49
63	72	50
63	73	43
63	73	44
63	73	45
63	73	46
63	74	42
63	74	43
63	74	44
63	74	45
63	75	42
63	75	43
63	75	44
63	75	45
63	76	43
63	76	44
64	62	50
64	62	51
64	62	52
64	63	48
64	63	49
64	63	50
64	63	51
64	63	52
64	64	47
64	64	48
64	64	49
64	64	50
64	64	51
64	64	52
64	65	46
64	65	47
64	65	48
64	65	49
64	65	50
64	65	51
64	65	52
64	66	45
64	66	46
64	66	47
64	66	48
64	66	49
64	66	50
64	66	51
64	66	52
64	67	45
64	67	46
64	67	47
64	67	48
64	67	49
64	67	50
64	67	51
64	67	52
64	68	45
64	68	46
64	68	47
64	68	48
64	68	49
64	68	50
64	68	51
64	68	52
64	69	45
64	69	46
64	69	47
64	69	48
64	69	49
64	69	50
64	69	51
64	70	45
64	70	46
64	70	47
64	70	48
64	70	49
64	70	50
64	70	51
64	71	44
64	71	45
64	71	46
64	71	47
64	71	48
64	71	49
64	71	50
64	72	43
64	72	44
64	72	45
64	72	46
64	72	47
64	72	48
64	72	49
64	73	43
64	73	44
64	73	45
64	73	46
64	73	47
64	74	42
64	74	43
64	74	44
64	74	45
64	74	46
64	75	43
64	75	44
64	75	45
64	76	44
65	59	54
65	60	53
65	60	54
65	61	50
65	61	51
65	61	52
65	61	53
65	61	54
65	62	48
65	62	49
65	62	50
65	62	51
65	62	52
65	62	53
65	63	47
65	63	48
65	63	49
65	63	50
65	63	51
65	63	52
65	63	53
65	64	45
65	64	46
65	64	47
65	64	48
65	64	49
65	64	50
65	64	51
65	64	52
65	64	53
65	65	45
65	65	46
65	65	47
65	65	48
65	65	49
65	65	50
65	65	51
65	65	52
65	66	44
65	66	45
65	66	46
65	66	47
65	66	48
65	66	49
65	66	50
65	66	51
65	66	52
65	67	44
65	67	45
65	67	46
65	67	47
65	67	48
65	67	49
65	67	50
65	67	51
65	67	52
65	68	44
65	68	45
65	68	46
65	68	47
65	68	48
65	68	49
65	68	50
65	68	51
65	69	44
65	69	45
65	69	46
65	69	47
65	69	48
65	69	49
65	69	50
65	69	51
65	70	44
65	70	45
65	70	46
65	70	47
65	70	48
65	70	49
65	70	50
65	70	51
65	71	44
65	71	45
65	71	46
65	71	47
65	71	48
65	71	49
65	71	50
65	72	43
65	72	44
65	72	45
65	72	46
65	72	47
65	72	48
65	72	49
65	73	43
65	73	44
65	73	45
65	73	46
65	73	47
65	74	42
65	74	43
65	74	44
65	74	45
65	74	46
65	75	43
65	75	44
65	75	45
66	59	53
66	59	54
66	59	55
66	60	51
66	60	52
66	60	53
66	60	54
66	60	55
66	61	48
66	61	49
66	61	50
66	61	51
66	61	52
66	61	53
66	61	54
66	61	55
66	62	47
66	62	48
66	62	49
66	62	50
66	62	51
66	62	52
66	62	53
66	62	54
66	63	46
66	63	47
66	63	48
66	63	49
66	63	50
66	63	51
66	63	52
66	63	53
66	63	54
66	64	45
66	64	46
66	64	47
66	64	48
66	64	49
66	64	50
66	64	51
66	64	52
66	64	53
66	65	44
66	65	45
66	65	46
66	65	47
66	65	48
66	65	49
66	65	50
66	65	51
66	65	52
66	65	53
66	66	44
66	66	45
66	66	46
66	66	47
66	66	48
66	66	49
66	66	50
66	66	51
66	66	52
66	67	44
66	67	45
66	67	46
66	67	47
66	67	48
66	67	49
66	67	50
66	67	51
66	67	52
66	68	44
66	68	45
66	68	46
66	68	47
66	68	48
66	68	49
66	68	50
66	68	51
66	69	44
66	69	45
66	69	46
66	69	47
66	69	48
66	69	49
66	69	50
66	69	51
66	70	44
66	70	45
66	70	46
66	70	47
66	70	48
66	70	49
66	70	50
66	71	44
66	71	45
66	71	46
66	71	47
66	71	48
66	71	49
66	72	43
66	72	44
66	72	45
66	72	46
66	72	47
66	72	48
66	73	43
66	73	44
66	73	45
66	73	46
66	73	47
66	74	43
66	74	44
66	74	45
66	74	46
66	75	43
66	75	44
66	75	45
66	75	46
67	59	53
67	59	54
67	59	55
67	60	51
67	60	52
67	60	53
67	60	54
67	60	55
67	61	47
67	61	48
67	61	49
67	61	50
67	61	51
67	61	52
67	61	53
67	61	54
67	61	55
67	62	46
67	62	47
67	62	48
67	62	49
67	62	50
67	62	51
67	62	52
67	62	53
67	62	54
67	62	55
67	63	45
67	63	46
67	63	47
67	63	48
67	63	49
67	63	50
67	63	51
67	63	52
67	63	53
67	63	54
67	64	44
67	64	45
67	64	46
67	64	47
67	64	48
67	64	49
67	64	50
67	64	51
67	64	52
67	64	53
67	64	54
67	65	44
67	65	45
67	65	46
67	65	47
67	65	48
67	65	49
67	65	50
67	65	51
67	65	52
67	65	53
67	66	44
67	66	45
67	66	46
67	66	47
67	66	48
67	66	49
67	66	50
67	66	51
67	66	52
67	67	44
67	67	45
67	67	46
67	67	47
67	67	48
67	67	49
67	67	50
67	67	51
67	67	52
67	68	44
67	68	45
67	68	46
67	68	47
67	68	48
67	68	49
67	68	50
67	68	51
67	69	44
67	69	45
67	69	46
67	69	47
67	69	48
67	69	49
67	69	50
67	70	44
67	70	45
67	70	46
67	70	47
67	70	48
67	70	49
67	70	50
67	71	44
67	71	45
67	71	46
67	71	47
67	71	48
67	71	49
67	72	43
67	72	44
67	72	45
67	72	46
67	72	47
67	72	48
67	73	43
67	73	44
67	73	45
67	73	46
67	73	47
67	74	43
67	74	44
67	74	45
67	74	46
67	74	47
67	75	44
67	75	45
67	75	46
68	58	55
68	59	53
68	59	54
68	59	55
68	59	56
68	60	51
68	60	52
68	60	53
68	60	54
68	60	55
68	60	56
68	61	47
68	61	48
68	61	49
68	61	50
68	61	51
68	61	52
68	61	53
68	61	54
68	61	55
68	61	56
68	62	45
68	62	46
68	62	47
68	62	48
68	62	49
68	62	50
68	62	51
68	62	52
68	62	53
68	62	54
68	62	55
68	63	44
68	63	45
68	63	46
68	63	47
68	63	48
68	63	49
68	63	50
68	63	51
68	63	52
68	63	53
68	63	54
68	63	55
68	64	44
68	64	45
68	64	46
68	64	47
68	64	48
68	64	49
68	64	50
68	64	51
68	64	52
68	64	53
68	64	54
68	65	44
68	65	45
68	65	46
68	65	47
68	65	48
68	65	49
68	65	50
68	65	51
68	65	52
68	65	53
68	66	44
68	66	45
68	66	46
68	66	47
68	66	48
68	66	49
68	66	50
68	66	51
68	66	52
68	67	44
68	67	45
68	67	46
68	67	47
68	67	48
68	67	49
68	67	50
68	67	51
68	68	45
68	68	46
68	68	47
68	68	48
68	68	49
68	68	50
68	68	51
68	69	45
68	69	46
68	69	47
68	69	48
68	69	49
68	69	50
68	70	44
68	70	45
68	70	46
68	70	47
68	70	48
68	70	49
68	71	44
68	71	45
68	71	46
68	71	47
68	71	48
68	72	44
68	72	45
68	72	46
68	72	47
68	72	48
68	73	43
68	73	44
68	73	45
68	73	46
68	73	47
68	74	43
68	74	44
68	74	45
68	74	46
68	74	47
68	75	44
68	75	45
68	75	46
69	58	54
69	58	55
69	58	56
69	59	53
69	59	54
69	59	55
69	59	56
69	60	51
69	60	52
69	60	53
69	60	54
69	60	55
69	60	56
69	61	46
69	61	47
69	61	48
69	61	49
69	61	50
69	61	51
69	61	52
69	61	53
69	61	54
69	61	55
69	61	56
69	62	45
69	62	46
69	62	47
69	62	48
69	62	49
69	62	50
69	62	51
69	62	52
69	62	53
69	62	54
69	62	55
69	63	44
69	63	45
69	63	46
69	63	47
69	63	48
69	63	49
69	63	50
69	63	51
69	63	52
69	63	53
69	63	54
69	63	55
69	64	44
69	64	45
69	64	46
69	64	47
69	64	48
69	64	49
69	64	50
69	64	51
69	64	52
69	64	53
69	64	54
69	65	44
69	65	45
69	65	46
69	65	47
69	65	48
69	65	49
69	65	50
69	65	51
69	65	52
69	65	53
69	66	44
69	66	45
69	66	46
69	66	47
69	66	48
69	66	49
69	66	50
69	66	51
69	66	52
69	67	45
69	67	46
69	67	47
69	67	48
69	67	49
69	67	50
69	67	51
69	68	45
69	68	46
69	68	47
69	68	48
69	68	49
69	68	50
69	69	45
69	69	46
69	69	47
69	69	48
69	69	49
69	69	50
69	70	45
69	70	46
69	70	47
69	70	48
69	70	49
69	71	44
69	71	45
69	71	46
69	71	47
69	71	48
69	72	44
69	72	45
69	72	46
69	72	47
69	73	44
69	73	45
69	73	46
69	73	47
69	74	44
69	74	45
69	74	46
69	75	45
69	75	46
70	57	55
70	58	54
70	58	55
70	58	56
70	59	53
70	59	54
70	59	55
70	59	56
70	60	51
70	60	52
70	60	53
70	60	54
70	60	55
70	60	56
70	61	45
70	61	46
70	61	47
70	61	48
70	61	49
70	61	50
70	61	51
70	61	52
70	61	53
70	61	54
70	61	55
70	61	56
70	62	45
70	62	46
70	62	47
70	62	48
70	62	49
70	62	50
70	62	51
70	62	52
70	62	53
70	62	54
70	62	55
70	63	44
70	63	45
70	63	46
70	63	47
70	63	48
70	63	49
70	63	50
70	63	51
70	63	52
70	63	53
70	63	54
70	63	55
70	64	44
70	64	45
70	64	46
70	64	47
70	64	48
70	64	49
70	64	50
70	64	51
70	64	52
70	64	53
70	64	54
70	65	44
70	65	45
70	65	46
70	65	47
70	65	48
70	65	49
70	65	50
70	65	51
70	65	52
70	65	53
70	66	45
70	66	46
70	66	47
70	66	48
70	66	49
70	66	50
70	66	51
70	66	52
70	67	45
70	67	46
70	67	47
70	67	48
70	67	49
70	67	50
70	67	51
70	68	45
70	68	46
70	68	47
70	68	48
70	68	49
70	68	50
70	69	45
70	69	46
70	69	47
70	69	48
70	69	49
70	70	45
70	70	46
70	70	47
70	70	48
70	71	45
70	71	46
70	71	47
70	71	48
70	72	45
70	72	46
70	72	47
70	73	44
70	73	45
70	73	46
70	73	47
70	74	45
70	74	46
71	57	55
71	58	54
71	58	55
71	58	56
71	59	52
71	59	53
71	59	54
71	59	55
71	59	56
71	60	51
71	60	52
71	60	53
71	60	54
71	60	55
71	60	56
71	61	45
71	61	46
71	61	47
71	61	48
71	61	49
71	61	50
71	61	51
71	61	52
71	61	53
71	61	54
71	61	55
71	61	56
71	62	45
71	62	46
71	62	47
71	62	48
71	62	49
71	62	50
71	62	51
71	62	52
71	62	53
71	62	54
71	62	55
71	63	44
71	63	45
71	63	46
71	63	47
71	63	48
71	63	49
71	63	50
71	63	51
71	63	52
71	63	53
71	63	54
71	63	55
71	64	44
71	64	45
71	64	46
71	64	47
71	64	48
71	64	49
71	64	50
71	64	51
71	64	52
71	64	53
71	64	54
71	65	45
71	65	46
71	65	47
71	65	48
71	65	49
71	65	50
71	65	51
71	65	52
71	65	53
71	66	45
71	66	46
71	66	47
71	66	48
71	66	49
71	66	50
71	66	51
71	66	52
71	67	46
71	67	47
71	67	48
71	67	49
71	67	50
71	67	51
71	68	46
71	68	47
71	68	48
71	68	49
71	68	50
71	69	46
71	69	47
71	69	48
71	69	49
71	70	46
71	70	47
71	70	48
71	71	46
71	71	47
71	72	45
71	72	46
71	72	47
71	73	45
71	73	46
72	58	53
72	58	54
72	58	55
72	58	56
72	59	52
72	59	53
72	59	54
72	59	55
72	59	56
72	60	50
72	60	51
72	60	52
72	60	53
72	60	54
72	60	55
72	60	56
72	61	46
72	61	47
72	61	48
72	61	49
72	61	50
72	61	51
72	61	52
72	61	53
72	61	54
72	61	55
72	61	56
72	62	45
72	62	46
72	62	47
72	62	48
72	62	49
72	62	50
72	62	51
72	62	52
72	62	53
72	62	54
72	62	55
72	63	45
72	63	46
72	63	47
72	63	48
72	63	49
72	63	50
72	63	51
72	63	52
72	63	53
72	63	54
72	64	45
72	64	46
72	64	47
72	64	48
72	64	49
72	64	50
72	64	51
72	64	52
72	64	53
72	64	54
72	65	45
72	65	46
72	65	47
72	65	48
72	65	49
72	65	50
72	65	51
72	65	52
72	65	53
72	66	46
72	66	47
72	66	48
72	66	49
72	66	50
72	66	51
72	66	52
72	67	46
72	67	47
72	67	48
72	67	49
72	67	50
72	67	51
72	68	47
72	68	48
72	68	49
72	68	50
72	69	47
72	69	48
73	58	53
73	58	54
73	58	55
73	59	52
73	59	53
73	59	54
73	59	55
73	59	56
73	60	50
73	60	51
73	60	52
73	60	53
73	60	54
73	60	55
73	60	56
73	61	48
73	61	49
73	61	50
73	61	51
73	61	52
73	61	53
73	61	54
73	61	55
73	62	46
73	62	47
73	62	48
73	62	49
73	62	50
73	62	51
73	62	52
73	62	53
73	62	54
73	62	55
73	63	45
73	63	46
73	63	47
73	63	48
73	63	49
73	63	50
73	63	51
73	63	52
73	63	53
73	63	54
73	64	46
73	64	47
73	64	48
73	64	49
73	64	50
73	64	51
73	64	52
73	64	53
73	64	54
73	65	46
73	65	47
73	65	48
73	65	49
73	65	50
73	65	51
73	65	52
73	65	53
73	66	47
73	66	48
73	66	49
73	66	50
73	66	51
73	66	52
73	67	48
73	67	49
73	67	50
73	67	51
73	68	48
73	68	49
74	58	53
74	58	54
74	59	52
74	59	53
74	59	54
74	59	55
74	60	50
74	60	51
74	60	52
74	60	53
74	60	54
74	60	55
74	61	49
74	61	50
74	61	51
74	61	52
74	61	53
74	61	54
74	61	55
74	62	48
74	62	49
74	62	50
74	62	51
74	62	52
74	62	53
74	62	54
74	63	47
74	63	48
74	63	49
74	63	50
74	63	51
74	63	52
74	63	53
74	63	54
74	64	47
74	64	48
74	64	49
74	64	50
74	64	51
74	64	52
74	64	53
74	65	47
74	65	48
74	65	49
74	65	50
74	65	51
74	65	52
74	66	48
74	66	49
74	66	50
74	66	51
74	67	49
74	67	50
75	59	52
75	59	53
75	59	54
75	60	51
75	60	52
75	60	53
75	60	54
75	60	55
75	61	50
75	61	51
75	61	52
75	61	53
75	61	54
75	62	49
75	62	50
75	62	51
75	62	52
75	62	53
75	62	54
75	63	48
75	63	49
75	63	50
75	63	51
75	63	52
75	63	53
75	64	48
75	64	49
75	64	50
75	64	51
75	64	52
75	64	53
75	65	48
75	65	49
75	65	50
75	65	51
75	65	52
75	66	49
75	66	50
75	66	51
76	59	53
76	60	51
76	60	52
76	60	53
76	60	54
76	61	50
76	61	51
76	61	52
76	61	53
76	61	54
76	62	49
76	62	50
76	62	51
76	62	52
76	62	53
76	63	49
76	63	50
76	63	51
76	63	52
76	63	53
76	64	49
76	64	50
76	64	51
76	64	52
76	65	49
76	65	50
76	65	51
77	60	52
77	60	53
77	61	51
77	61	52
77	61	53
77	62	50
77	62	51
77	62	52
77	63	50
77	63	51
77	63	52
77	64	50
77	64	51
78	61	52
78	62	51
