#i	j	k
7	7	2
7	7	3
7	8	2
7	8	3
7	8	4
7	9	3
7	9	4
8	5	1
8	5	2
8	5	3
8	5	4
8	6	0
8	6	1
8	6	2
8	6	3
8	6	4
8	6	5
8	7	0
8	7	1
8	7	2
8	7	3
8	7	4
8	7	5
8	7	6
8	8	0
8	8	1
8	8	2
8	8	3
8	8	4
8	9	1
8	9	2
8	9	3
8	9	4
8	10	2
8	10	3
8	10	4
8	11	3
8	11	4
8	11	5
8	11	6
8	12	4
8	12	5
8	12	6
8	13	4
8	13	5
8	13	6
8	14	4
8	14	5
8	14	6
8	15	4
8	15	5
9	3	7
9	4	7
9	4	8
9	5	1
9	5	2
9	5	3
9	5	4
9	5	5
9	5	6
9	5	7
9	5	8
9	5	9
9	6	0
9	6	1
9	6	2
9	6	3
9	6	4
9	6	5
9	6	6
9	6	7
9	6	8
9	7	0
9	7	1
9	7	2
9	7	3
9	7	4
9	7	5
9	7	6
9	7	7
9	8	0
9	8	1
9	8	2
9	8	3
9	8	4
9	8	5
9	8	6
9	8	7
9	9	0
9	9	1
9	9	2
9	9	3
9	9	4
9	9	7
9	9	8
9	9	9
9	10	0
9	10	1
9	10	2
9	10	3
9	10	4
9	10	5
9	10	6
9	10	7
9	10	8
9	10	9
9	11	0
9	11	1
9	11	2
9	11	3
9	11	4
9	11	5
9	11	6
9	11	7
9	11	8
9	12	1
9	12	2
9	12	3
9	12	4
9	12	5
9	12	6
9	12	7
9	12	8
9	13	2
9	13	3
9	13	4
9	13	5
9	13	6
9	13	7
9	13	8
9	14	2
9	14	3
9	14	4
9	14	5
9	14	6
10	0	5
10	0	6
10	0	7
10	0	8
10	0	9
10	0	10
10	0	11
10	0	12
10	0	13
10	0	14
10	1	5
10	1	6
10	1	7
10	1	8
10	1	9
10	1	10
10	1	11
10	1	12
10	1	13
10	1	14
10	2	6
10	2	7
10	2	8
10	2	9
10	2	10
10	2	11
10	2	12
10	2	13
10	3	6
10	3	7
10	3	8
10	3	9
10	3	10
10	3	11
10	3	12
10	4	6
10	4	7
10	4	8
10	4	9
10	4	10
10	4	11
10	5	1
10	5	2
10	5	3
10	5	4
10	5	5
10	5	6
10	5	7
10	5	8
10	5	9
10	5	10
10	5	11
10	6	0
10	6	1
10	6	2
10	6	3
10	6	4
10	6	5
10	6	6
10	6	7
10	6	8
10	6	9
10	6	10
10	7	0
10	7	1
10	7	2
10	7	3
10	7	4
10	7	5
10	7	6
10	7	7
10	7	8
10	7	9
10	7	63
10	8	0
10	8	1
10	8	2
10	8	3
10	8	4
10	8	5
10	8	6
10	8	7
10	8	8
10	8	9
10	8	63
10	9	0
10	9	1
10	9	2
10	9	3
10	9	4
10	9	5
10	9	6
10	9	7
10	9	8
10	9	9
10	9	63
10	10	0
10	10	1
10	10	2
10	10	3
10	10	4
10	10	5
10	10	6
10	10	7
10	10	8
10	10	9
10	10	63
10	11	0
10	11	1
10	11	2
10	11	3
10	11	4
10	11	5
10	11	6
10	11	7
10	11	8
10	11	9
10	11	63
10	12	0
10	12	1
10	12	2
10	12	3
10	12	4
10	12	5
10	12	6
10	12	7
10	12	8
10	12	63
10	13	0
10	13	1
10	13	2
10	13	3
10	13	4
10	13	5
10	13	6
10	13	7
10	13	8
10	14	5
10	14	6
10	57	11
10	57	12
10	58	11
10	58	12
10	59	11
10	59	12
10	60	11
10	60	12
10	61	11
10	61	12
10	62	9
10	62	10
10	62	11
10	62	12
10	63	6
10	63	7
10	63	8
10	63	9
10	63	10
10	63	11
10	63	12
10	63	13
11	0	2
11	0	3
11	0	4
11	0	5
11	0	6
11	0	7
11	0	8
11	0	9
11	0	10
11	0	11
11	0	12
11	0	13
11	0	14
11	0	15
11	1	4
11	1	5
11	1	6
11	1	7
11	1	8
11	1	9
11	1	10
11	1	11
11	1	12
11	1	13
11	1	14
11	1	15
11	2	5
11	2	6
11	2	7
11	2	8
11	2	9
11	2	10
11	2	11
11	2	12
11	2	13
11	2	14
11	3	5
11	3	6
11	3	7
11	3	8
11	3	9
11	3	10
11	3	11
11	3	12
11	3	13
11	3	14
11	4	3
11	4	4
11	4	5
11	4	6
11	4	7
11	4	8
11	4	9
11	4	10
11	4	11
11	4	12
11	4	13
11	5	1
11	5	2
11	5	3
11	5	4
11	5	5
11	5	6
11	5	7
11	5	8
11	5	9
11	5	10
11	5	11
11	5	12
11	6	0
11	6	1
11	6	2
11	6	3
11	6	4
11	6	5
11	6	6
11	6	7
11	6	8
11	6	9
11	6	10
11	6	11
11	6	63
11	7	0
11	7	1
11	7	2
11	7	3
11	7	4
11	7	5
11	7	6
11	7	7
11	7	8
11	7	9
11	7	10
11	7	63
11	8	0
11	8	1
11	8	2
11	8	3
11	8	4
11	8	5
11	8	6
11	8	7
11	8	8
11	8	9
11	8	63
11	9	0
11	9	1
11	9	2
11	9	3
11	9	4
11	9	5
11	9	6
11	9	7
11	9	8
11	9	9
11	9	63
11	10	0
11	10	1
11	10	2
11	10	3
11	10	4
11	10	5
11	10	6
11	10	7
11	10	8
11	10	9
11	11	0
11	11	1
11	11	2
11	11	3
11	11	4
11	11	5
11	11	6
11	11	7
11	11	8
11	11	9
11	12	0
11	12	1
11	12	2
11	12	3
11	12	4
11	12	5
11	12	6
11	12	7
11	12	8
11	13	4
11	13	5
11	13	6
11	13	7
11	13	8
11	14	6
11	56	10
11	56	11
11	56	12
11	57	10
11	57	11
11	57	12
11	57	13
11	58	9
11	58	10
11	58	11
11	58	12
11	58	13
11	59	10
11	59	11
11	59	12
11	59	13
11	60	9
11	60	10
11	60	11
11	60	12
11	60	13
11	60	14
11	61	5
11	61	6
11	61	9
11	61	10
11	61	11
11	61	12
11	61	13
11	61	14
11	62	2
11	62	3
11	62	4
11	62	5
11	62	6
11	62	7
11	62	8
11	62	9
11	62	10
11	62	11
11	62	12
11	62	13
11	62	14
11	63	2
11	63	3
11	63	4
11	63	5
11	63	6
11	63	7
11	63	8
11	63	9
11	63	10
11	63	11
11	63	12
11	63	13
11	63	14
11	63	15
12	0	2
12	0	3
12	0	4
12	0	5
12	0	6
12	0	7
12	0	8
12	0	9
12	0	10
12	0	11
12	0	12
12	0	13
12	0	14
12	0	15
12	1	2
12	1	3
12	1	4
12	1	5
12	1	6
12	1	7
12	1	8
12	1	9
12	1	10
12	1	11
12	1	12
12	1	13
12	1	14
12	1	15
12	2	3
12	2	4
12	2	5
12	2	6
12	2	7
12	2	8
12	2	9
12	2	10
12	2	11
12	2	12
12	2	13
12	2	14
12	2	15
12	3	3
12	3	4
12	3	5
12	3	6
12	3	7
12	3	8
12	3	9
12	3	10
12	3	11
12	3	12
12	3	13
12	3	14
12	3	15
12	4	1
12	4	2
12	4	3
12	4	4
12	4	5
12	4	6
12	4	7
12	4	8
12	4	9
12	4	10
12	4	11
12	4	12
12	4	13
12	4	14
12	5	0
12	5	1
12	5	2
12	5	3
12	5	4
12	5	5
12	5	6
12	5	7
12	5	8
12	5	9
12	5	10
12	5	11
12	5	12
12	5	13
12	5	63
12	6	0
12	6	1
12	6	2
12	6	3
12	6	4
12	6	5
12	6	6
12	6	7
12	6	8
12	6	9
12	6	10
12	6	11
12	6	12
12	6	63
12	7	0
12	7	1
12	7	2
12	7	3
12	7	4
12	7	5
12	7	6
12	7	7
12	7	8
12	7	9
12	7	10
12	8	0
12	8	1
12	8	2
12	8	3
12	8	4
12	8	5
12	8	6
12	8	7
12	8	8
12	8	9
12	9	0
12	9	1
12	9	2
12	9	3
12	9	4
12	9	5
12	9	6
12	9	7
12	9	8
12	9	9
12	10	0
12	10	1
12	10	2
12	10	3
12	10	4
12	10	5
12	10	6
12	10	7
12	10	8
12	10	9
12	11	1
12	11	2
12	11	3
12	11	4
12	11	5
12	11	6
12	11	7
12	12	3
12	12	4
12	12	5
12	12	6
12	13	5
12	13	6
12	53	11
12	54	10
12	54	11
12	54	12
12	55	9
12	55	10
12	55	11
12	55	12
12	55	13
12	56	9
12	56	10
12	56	11
12	56	12
12	56	13
12	57	9
12	57	10
12	57	11
12	57	12
12	57	13
12	57	14
12	58	9
12	58	10
12	58	11
12	58	12
12	58	13
12	58	14
12	59	8
12	59	9
12	59	10
12	59	11
12	59	12
12	59	13
12	59	14
12	60	4
12	60	5
12	60	6
12	60	7
12	60	8
12	60	9
12	60	10
12	60	11
12	60	12
12	60	13
12	60	14
12	61	3
12	61	4
12	61	5
12	61	6
12	61	7
12	61	8
12	61	9
12	61	10
12	61	11
12	61	12
12	61	13
12	61	14
12	61	15
12	62	2
12	62	3
12	62	4
12	62	5
12	62	6
12	62	7
12	62	8
12	62	9
12	62	10
12	62	11
12	62	12
12	62	13
12	62	14
12	62	15
12	63	1
12	63	2
12	63	3
12	63	4
12	63	5
12	63	6
12	63	7
12	63	8
12	63	9
12	63	10
12	63	11
12	63	12
12	63	13
12	63	14
12	63	15
13	0	1
13	0	2
13	0	3
13	0	4
13	0	5
13	0	6
13	0	7
13	0	8
13	0	9
13	0	10
13	0	11
13	0	12
13	0	13
13	0	14
13	0	15
13	0	16
13	1	1
13	1	2
13	1	3
13	1	4
13	1	5
13	1	6
13	1	7
13	1	8
13	1	9
13	1	10
13	1	11
13	1	12
13	1	13
13	1	14
13	1	15
13	1	16
13	2	1
13	2	2
13	2	3
13	2	4
13	2	5
13	2	6
13	2	7
13	2	8
13	2	9
13	2	10
13	2	11
13	2	12
13	2	13
13	2	14
13	2	15
13	2	16
13	3	1
13	3	2
13	3	3
13	3	4
13	3	5
13	3	6
13	3	7
13	3	8
13	3	9
13	3	10
13	3	11
13	3	12
13	3	13
13	3	14
13	3	15
13	3	16
13	4	0
13	4	1
13	4	2
13	4	3
13	4	4
13	4	5
13	4	6
13	4	7
13	4	8
13	4	9
13	4	10
13	4	11
13	4	12
13	4	13
13	4	14
13	4	15
13	4	63
13	5	0
13	5	1
13	5	2
13	5	3
13	5	4
13	5	5
13	5	6
13	5	7
13	5	8
13	5	9
13	5	10
13	5	11
13	5	12
13	5	13
13	5	63
13	6	0
13	6	1
13	6	2
13	6	3
13	6	4
13	6	5
13	6	6
13	6	7
13	6	8
13	6	9
13	6	10
13	6	11
13	6	12
13	6	63
13	7	0
13	7	1
13	7	2
13	7	3
13	7	4
13	7	5
13	7	6
13	7	7
13	7	8
13	7	9
13	7	10
13	8	1
13	8	2
13	8	3
13	8	4
13	8	5
13	8	6
13	8	7
13	8	8
13	9	1
13	9	2
13	9	3
13	9	4
13	9	5
13	9	6
13	9	7
13	9	8
13	10	1
13	10	2
13	10	3
13	10	4
13	10	5
13	10	6
13	10	7
13	10	8
13	11	4
13	11	5
13	11	6
13	11	7
13	51	9
13	51	10
13	52	9
13	52	10
13	52	11
13	53	9
13	53	10
13	53	11
13	53	12
13	54	9
13	54	10
13	54	11
13	54	12
13	54	13
13	55	9
13	55	10
13	55	11
13	55	12
13	55	13
13	55	14
13	56	8
13	56	9
13	56	10
13	56	11
13	56	12
13	56	13
13	56	14
13	57	8
13	57	9
13	57	10
13	57	11
13	57	12
13	57	13
13	57	14
13	57	15
13	58	5
13	58	6
13	58	7
13	58	8
13	58	9
13	58	10
13	58	11
13	58	12
13	58	13
13	58	14
13	58	15
13	59	3
13	59	4
13	59	5
13	59	6
13	59	7
13	59	8
13	59	9
13	59	10
13	59	11
13	59	12
13	59	13
13	59	14
13	59	15
13	60	2
13	60	3
13	60	4
13	60	5
13	60	6
13	60	7
13	60	8
13	60	9
13	60	10
13	60	11
13	60	12
13	60	13
13	60	14
13	60	15
13	61	2
13	61	3
13	61	4
13	61	5
13	61	6
13	61	7
13	61	8
13	61	9
13	61	10
13	61	11
13	61	12
13	61	13
13	61	14
13	61	15
13	62	1
13	62	2
13	62	3
13	62	4
13	62	5
13	62	6
13	62	7
13	62	8
13	62	9
13	62	10
13	62	11
13	62	12
13	62	13
13	62	14
13	62	15
13	62	16
13	63	1
13	63	2
13	63	3
13	63	4
13	63	5
13	63	6
13	63	7
13	63	8
13	63	9
13	63	10
13	63	11
13	63	12
13	63	13
13	63	14
13	63	15
13	63	16
14	0	1
14	0	2
14	0	3
14	0	4
14	0	5
14	0	6
14	0	7
14	0	8
14	0	9
14	0	10
14	0	11
14	0	12
14	0	13
14	0	14
14	0	15
14	0	16
14	1	1
14	1	2
14	1	3
14	1	4
14	1	5
14	1	6
14	1	7
14	1	8
14	1	9
14	1	10
14	1	11
14	1	12
14	1	13
14	1	14
14	1	15
14	1	16
14	2	1
14	2	2
14	2	3
14	2	4
14	2	5
14	2	6
14	2	7
14	2	8
14	2	9
14	2	10
14	2	11
14	2	12
14	2	13
14	2	14
14	2	15
14	2	16
14	3	0
14	3	1
14	3	2
14	3	3
14	3	4
14	3	5
14	3	6
14	3	7
14	3	8
14	3	9
14	3	10
14	3	11
14	3	12
14	3	13
14	3	14
14	3	15
14	3	16
14	3	63
14	4	0
14	4	1
14	4	2
14	4	3
14	4	4
14	4	5
14	4	6
14	4	7
14	4	8
14	4	9
14	4	10
14	4	11
14	4	12
14	4	13
14	4	14
14	4	15
14	4	63
14	5	0
14	5	1
14	5	2
14	5	3
14	5	4
14	5	5
14	5	6
14	5	7
14	5	8
14	5	9
14	5	10
14	5	11
14	5	12
14	5	13
14	5	14
14	5	63
14	6	0
14	6	1
14	6	2
14	6	3
14	6	4
14	6	5
14	6	6
14	6	7
14	6	8
14	6	9
14	6	10
14	6	11
14	6	12
14	6	63
14	7	1
14	7	2
14	7	3
14	7	4
14	7	5
14	7	6
14	7	7
14	7	9
14	7	10
14	7	11
14	8	1
14	8	2
14	8	3
14	8	4
14	8	5
14	8	6
14	8	7
14	8	10
14	9	2
14	9	3
14	9	4
14	9	5
14	9	6
14	9	7
14	10	5
14	10	6
14	10	7
14	50	8
14	50	9
14	51	8
14	51	9
14	51	10
14	52	8
14	52	9
14	52	10
14	52	11
14	53	8
14	53	9
14	53	10
14	53	11
14	53	12
14	54	8
14	54	9
14	54	10
14	54	11
14	54	12
14	54	13
14	55	8
14	55	9
14	55	10
14	55	11
14	55	12
14	55	13
14	55	14
14	56	7
14	56	8
14	56	9
14	56	10
14	56	11
14	56	12
14	56	13
14	56	14
14	56	15
14	57	5
14	57	6
14	57	7
14	57	8
14	57	9
14	57	10
14	57	11
14	57	12
14	57	13
14	57	14
14	57	15
14	58	3
14	58	4
14	58	5
14	58	6
14	58	7
14	58	8
14	58	9
14	58	10
14	58	11
14	58	12
14	58	13
14	58	14
14	58	15
14	59	2
14	59	3
14	59	4
14	59	5
14	59	6
14	59	7
14	59	8
14	59	9
14	59	10
14	59	11
14	59	12
14	59	13
14	59	14
14	59	15
14	59	16
14	60	1
14	60	2
14	60	3
14	60	4
14	60	5
14	60	6
14	60	7
14	60	8
14	60	9
14	60	10
14	60	11
14	60	12
14	60	13
14	60	14
14	60	15
14	60	16
14	61	0
14	61	1
14	61	2
14	61	3
14	61	4
14	61	5
14	61	6
14	61	7
14	61	8
14	61	9
14	61	10
14	61	11
14	61	12
14	61	13
14	61	14
14	61	15
14	61	16
14	62	0
14	62	1
14	62	2
14	62	3
14	62	4
14	62	5
14	62	6
14	62	7
14	62	8
14	62	9
14	62	10
14	62	11
14	62	12
14	62	13
14	62	14
14	62	15
14	62	16
14	63	1
14	63	2
14	63	3
14	63	4
14	63	5
14	63	6
14	63	7
14	63	8
14	63	9
14	63	10
14	63	11
14	63	12
14	63	13
14	63	14
14	63	15
14	63	16
15	0	1
15	0	2
15	0	3
15	0	4
15	0	5
15	0	6
15	0	7
15	0	8
15	0	9
15	0	10
15	0	11
15	0	12
15	0	13
15	0	14
15	0	15
15	0	16
15	0	17
15	1	1
15	1	2
15	1	3
15	1	4
15	1	5
15	1	6
15	1	7
15	1	8
15	1	9
15	1	10
15	1	11
15	1	12
15	1	13
15	1	14
15	1	15
15	1	16
15	1	17
15	2	1
15	2	2
15	2	3
15	2	4
15	2	5
15	2	6
15	2	7
15	2	8
15	2	9
15	2	10
15	2	11
15	2	12
15	2	13
15	2	14
15	2	15
15	2	16
15	2	17
15	3	0
15	3	1
15	3	2
15	3	3
15	3	4
15	3	5
15	3	6
15	3	7
15	3	8
15	3	9
15	3	10
15	3	11
15	3	12
15	3	13
15	3	14
15	3	15
15	3	16
15	3	63
15	4	0
15	4	1
15	4	2
15	4	3
15	4	4
15	4	5
15	4	6
15	4	7
15	4	8
15	4	9
15	4	10
15	4	11
15	4	12
15	4	13
15	4	14
15	4	15
15	4	63
15	5	0
15	5	1
15	5	2
15	5	3
15	5	4
15	5	5
15	5	6
15	5	7
15	5	8
15	5	9
15	5	10
15	5	11
15	5	12
15	5	13
15	5	63
15	6	0
15	6	1
15	6	2
15	6	3
15	6	4
15	6	5
15	6	6
15	6	7
15	6	8
15	6	9
15	6	10
15	6	11
15	6	12
15	6	63
15	7	1
15	7	2
15	7	3
15	7	4
15	7	5
15	7	6
15	7	9
15	7	10
15	7	11
15	8	2
15	8	3
15	8	4
15	8	5
15	8	6
15	8	10
15	9	5
15	9	6
15	50	8
15	51	7
15	51	8
15	51	9
15	51	10
15	52	7
15	52	8
15	52	9
15	52	10
15	52	11
15	53	8
15	53	9
15	53	10
15	53	11
15	53	12
15	54	8
15	54	9
15	54	10
15	54	11
15	54	12
15	54	13
15	55	8
15	55	9
15	55	10
15	55	11
15	55	12
15	55	13
15	55	14
15	56	6
15	56	7
15	56	8
15	56	9
15	56	10
15	56	11
15	56	12
15	56	13
15	56	14
15	56	15
15	57	4
15	57	5
15	57	6
15	57	7
15	57	8
15	57	9
15	57	10
15	57	11
15	57	12
15	57	13
15	57	14
15	57	15
15	58	2
15	58	3
15	58	4
15	58	5
15	58	6
15	58	7
15	58	8
15	58	9
15	58	10
15	58	11
15	58	12
15	58	13
15	58	14
15	58	15
15	58	16
15	59	0
15	59	1
15	59	2
15	59	3
15	59	4
15	59	5
15	59	6
15	59	7
15	59	8
15	59	9
15	59	10
15	59	11
15	59	12
15	59	13
15	59	14
15	59	15
15	59	16
15	60	0
15	60	1
15	60	2
15	60	3
15	60	4
15	60	5
15	60	6
15	60	7
15	60	8
15	60	9
15	60	10
15	60	11
15	60	12
15	60	13
15	60	14
15	60	15
15	60	16
15	60	63
15	61	0
15	61	1
15	61	2
15	61	3
15	61	4
15	61	5
15	61	6
15	61	7
15	61	8
15	61	9
15	61	10
15	61	11
15	61	12
15	61	13
15	61	14
15	61	15
15	61	16
15	61	17
15	61	63
15	62	0
15	62	1
15	62	2
15	62	3
15	62	4
15	62	5
15	62	6
15	62	7
15	62	8
15	62	9
15	62	10
15	62	11
15	62	12
15	62	13
15	62	14
15	62	15
15	62	16
15	62	17
15	63	0
15	63	1
15	63	2
15	63	3
15	63	4
15	63	5
15	63	6
15	63	7
15	63	8
15	63	9
15	63	10
15	63	11
15	63	12
15	63	13
15	63	14
15	63	15
15	63	16
15	63	17
16	0	1
16	0	2
16	0	3
16	0	4
16	0	5
16	0	6
16	0	7
16	0	8
16	0	9
16	0	10
16	0	11
16	0	12
16	0	13
16	0	14
16	0	15
16	0	16
16	0	17
16	1	1
16	1	2
16	1	3
16	1	4
16	1	5
16	1	6
16	1	7
16	1	8
16	1	9
16	1	10
16	1	11
16	1	12
16	1	13
16	1	14
16	1	15
16	1	16
16	1	17
16	2	1
16	2	2
16	2	3
16	2	4
16	2	5
16	2	6
16	2	7
16	2	8
16	2	9
16	2	10
16	2	11
16	2	12
16	2	13
16	2	14
16	2	15
16	2	16
16	2	17
16	3	0
16	3	1
16	3	2
16	3	3
16	3	4
16	3	5
16	3	6
16	3	7
16	3	8
16	3	9
16	3	10
16	3	11
16	3	12
16	3	13
16	3	14
16	3	15
16	3	16
16	3	63
16	4	0
16	4	1
16	4	2
16	4	3
16	4	4
16	4	5
16	4	6
16	4	7
16	4	8
16	4	9
16	4	10
16	4	11
16	4	12
16	4	13
16	4	14
16	4	15
16	4	63
16	5	0
16	5	1
16	5	2
16	5	3
16	5	4
16	5	5
16	5	6
16	5	7
16	5	8
16	5	9
16	5	10
16	5	11
16	5	12
16	5	13
16	5	63
16	6	0
16	6	1
16	6	2
16	6	3
16	6	4
16	6	5
16	6	6
16	6	7
16	6	8
16	6	9
16	6	10
16	6	11
16	6	12
16	6	63
16	7	2
16	7	3
16	7	4
16	7	5
16	7	6
16	7	9
16	7	10
16	8	5
16	8	10
16	50	7
16	50	8
16	51	7
16	51	8
16	51	9
16	51	10
16	52	7
16	52	8
16	52	9
16	52	10
16	52	11
16	53	7
16	53	8
16	53	9
16	53	10
16	53	11
16	53	12
16	54	7
16	54	8
16	54	9
16	54	10
16	54	11
16	54	12
16	54	13
16	55	7
16	55	8
16	55	9
16	55	10
16	55	11
16	55	12
16	55	13
16	55	14
16	56	6
16	56	7
16	56	8
16	56	9
16	56	10
16	56	11
16	56	12
16	56	13
16	56	14
16	57	3
16	57	4
16	57	5
16	57	6
16	57	7
16	57	8
16	57	9
16	57	10
16	57	11
16	57	12
16	57	13
16	57	14
16	57	15
16	58	2
16	58	3
16	58	4
16	58	5
16	58	6
16	58	7
16	58	8
16	58	9
16	58	10
16	58	11
16	58	12
16	58	13
16	58	14
16	58	15
16	58	16
16	59	0
16	59	1
16	59	2
16	59	3
16	59	4
16	59	5
16	59	6
16	59	7
16	59	8
16	59	9
16	59	10
16	59	11
16	59	12
16	59	13
16	59	14
16	59	15
16	59	16
16	60	0
16	60	1
16	60	2
16	60	3
16	60	4
16	60	5
16	60	6
16	60	7
16	60	8
16	60	9
16	60	10
16	60	11
16	60	12
16	60	13
16	60	14
16	60	15
16	60	16
16	60	17
16	61	0
16	61	1
16	61	2
16	61	3
16	61	4
16	61	5
16	61	6
16	61	7
16	61	8
16	61	9
16	61	10
16	61	11
16	61	12
16	61	13
16	61	14
16	61	15
16	61	16
16	61	17
16	61	63
16	62	0
16	62	1
16	62	2
16	62	3
16	62	4
16	62	5
16	62	6
16	62	7
16	62	8
16	62	9
16	62	10
16	62	11
16	62	12
16	62	13
16	62	14
16	62	15
16	62	16
16	62	17
16	62	62
16	62	63
16	63	0
16	63	1
16	63	2
16	63	3
16	63	4
16	63	5
16	63	6
16	63	7
16	63	8
16	63	9
16	63	10
16	63	11
16	63	12
16	63	13
16	63	14
16	63	15
16	63	16
16	63	17
17	0	0
17	0	1
17	0	2
17	0	3
17	0	4
17	0	5
17	0	6
17	0	7
17	0	8
17	0	9
17	0	10
17	0	11
17	0	12
17	0	13
17	0	14
17	0	15
17	0	16
17	0	17
17	1	1
17	1	2
17	1	3
17	1	4
17	1	5
17	1	6
17	1	7
17	1	8
17	1	9
17	1	10
17	1	11
17	1	12
17	1	13
17	1	14
17	1	15
17	1	16
17	1	17
17	2	1
17	2	2
17	2	3
17	2	4
17	2	5
17	2	6
17	2	7
17	2	8
17	2	9
17	2	10
17	2	11
17	2	12
17	2	13
17	2	14
17	2	15
17	2	16
17	3	0
17	3	1
17	3	2
17	3	3
17	3	4
17	3	5
17	3	6
17	3	7
17	3	8
17	3	9
17	3	10
17	3	11
17	3	12
17	3	13
17	3	14
17	3	15
17	3	16
17	3	63
17	4	0
17	4	1
17	4	2
17	4	3
17	4	4
17	4	5
17	4	6
17	4	7
17	4	8
17	4	9
17	4	10
17	4	11
17	4	12
17	4	13
17	4	14
17	4	63
17	5	0
17	5	1
17	5	2
17	5	3
17	5	4
17	5	5
17	5	6
17	5	7
17	5	8
17	5	9
17	5	10
17	5	11
17	5	12
17	5	13
17	5	63
17	6	1
17	6	2
17	6	3
17	6	4
17	6	5
17	6	6
17	6	7
17	6	8
17	6	9
17	6	10
17	6	11
17	7	9
17	7	10
17	50	7
17	51	7
17	51	8
17	51	9
17	52	7
17	52	8
17	52	9
17	52	10
17	52	11
17	53	7
17	53	8
17	53	9
17	53	10
17	53	11
17	53	12
17	54	7
17	54	8
17	54	9
17	54	10
17	54	11
17	54	12
17	54	13
17	55	6
17	55	7
17	55	8
17	55	9
17	55	10
17	55	11
17	55	12
17	55	13
17	55	14
17	56	4
17	56	5
17	56	6
17	56	7
17	56	8
17	56	9
17	56	10
17	56	11
17	56	12
17	56	13
17	56	14
17	57	3
17	57	4
17	57	5
17	57	6
17	57	7
17	57	8
17	57	9
17	57	10
17	57	11
17	57	12
17	57	13
17	57	14
17	57	15
17	58	2
17	58	3
17	58	4
17	58	5
17	58	6
17	58	7
17	58	8
17	58	9
17	58	10
17	58	11
17	58	12
17	58	13
17	58	14
17	58	15
17	58	16
17	59	2
17	59	3
17	59	4
17	59	5
17	59	6
17	59	7
17	59	8
17	59	9
17	59	10
17	59	11
17	59	12
17	59	13
17	59	14
17	59	15
17	59	16
17	59	17
17	60	0
17	60	1
17	60	2
17	60	3
17	60	4
17	60	5
17	60	6
17	60	7
17	60	8
17	60	9
17	60	10
17	60	11
17	60	12
17	60	13
17	60	14
17	60	15
17	60	16
17	60	17
17	61	0
17	61	1
17	61	2
17	61	3
17	61	4
17	61	5
17	61	6
17	61	7
17	61	8
17	61	9
17	61	10
17	61	11
17	61	12
17	61	13
17	61	14
17	61	15
17	61	16
17	61	17
17	61	63
17	62	0
17	62	1
17	62	2
17	62	3
17	62	4
17	62	5
17	62	6
17	62	7
17	62	8
17	62	9
17	62	10
17	62	11
17	62	12
17	62	13
17	62	14
17	62	15
17	62	16
17	62	17
17	62	62
17	62	63
17	63	0
17	63	1
17	63	2
17	63	3
17	63	4
17	63	5
17	63	6
17	63	7
17	63	8
17	63	9
17	63	10
17	63	11
17	63	12
17	63	13
17	63	14
17	63	15
17	63	16
17	63	17
17	63	18
17	63	61
17	63	62
17	63	63
18	0	0
18	0	1
18	0	2
18	0	3
18	0	4
18	0	5
18	0	6
18	0	7
18	0	8
18	0	9
18	0	10
18	0	11
18	0	12
18	0	13
18	0	14
18	0	15
18	0	16
18	0	17
18	1	0
18	1	1
18	1	2
18	1	3
18	1	4
18	1	5
18	1	6
18	1	7
18	1	8
18	1	9
18	1	10
18	1	11
18	1	12
18	1	13
18	1	14
18	1	15
18	1	16
18	1	17
18	2	1
18	2	2
18	2	3
18	2	4
18	2	5
18	2	6
18	2	7
18	2	8
18	2	9
18	2	10
18	2	11
18	2	12
18	2	13
18	2	14
18	2	15
18	2	16
18	3	0
18	3	1
18	3	2
18	3	3
18	3	4
18	3	5
18	3	6
18	3	7
18	3	8
18	3	9
18	3	10
18	3	11
18	3	12
18	3	13
18	3	14
18	3	15
18	4	0
18	4	1
18	4	2
18	4	3
18	4	4
18	4	5
18	4	6
18	4	7
18	4	8
18	4	9
18	4	10
18	4	11
18	4	12
18	4	13
18	4	14
18	5	0
18	5	1
18	5	2
18	5	3
18	5	4
18	5	5
18	5	6
18	5	7
18	5	8
18	5	9
18	5	10
18	5	11
18	5	12
18	5	13
18	6	7
18	6	8
18	6	9
18	6	10
18	6	11
18	50	6
18	50	7
18	51	6
18	51	7
18	51	8
18	51	9
18	52	7
18	52	8
18	52	9
18	52	10
18	53	7
18	53	8
18	53	9
18	53	10
18	53	11
18	54	6
18	54	7
18	54	8
18	54	9
18	54	10
18	54	11
18	54	12
18	55	4
18	55	5
18	55	6
18	55	7
18	55	8
18	55	9
18	55	10
18	55	11
18	55	12
18	55	13
18	56	4
18	56	5
18	56	6
18	56	7
18	56	8
18	56	9
18	56	10
18	56	11
18	56	12
18	56	13
18	56	14
18	57	3
18	57	4
18	57	5
18	57	6
18	57	7
18	57	8
18	57	9
18	57	10
18	57	11
18	57	12
18	57	13
18	57	14
18	57	15
18	58	3
18	58	4
18	58	5
18	58	6
18	58	7
18	58	8
18	58	9
18	58	10
18	58	11
18	58	12
18	58	13
18	58	14
18	58	15
18	58	16
18	59	2
18	59	3
18	59	4
18	59	5
18	59	6
18	59	7
18	59	8
18	59	9
18	59	10
18	59	11
18	59	12
18	59	13
18	59	14
18	59	15
18	59	16
18	59	17
18	60	1
18	60	2
18	60	3
18	60	4
18	60	5
18	60	6
18	60	7
18	60	8
18	60	9
18	60	10
18	60	11
18	60	12
18	60	13
18	60	14
18	60	15
18	60	16
18	60	17
18	61	0
18	61	1
18	61	2
18	61	3
18	61	4
18	61	5
18	61	6
18	61	7
18	61	8
18	61	9
18	61	10
18	61	11
18	61	12
18	61	13
18	61	14
18	61	15
18	61	16
18	61	17
18	61	63
18	62	0
18	62	1
18	62	2
18	62	3
18	62	4
18	62	5
18	62	6
18	62	7
18	62	8
18	62	9
18	62	10
18	62	11
18	62	12
18	62	13
18	62	14
18	62	15
18	62	16
18	62	17
18	62	18
18	62	62
18	62	63
18	63	0
18	63	1
18	63	2
18	63	3
18	63	4
18	63	5
18	63	6
18	63	7
18	63	8
18	63	9
18	63	10
18	63	11
18	63	12
18	63	13
18	63	14
18	63	15
18	63	16
18	63	17
18	63	18
18	63	61
18	63	62
18	63	63
19	0	0
19	0	1
19	0	2
19	0	3
19	0	4
19	0	5
19	0	6
19	0	7
19	0	8
19	0	9
19	0	10
19	0	11
19	0	12
19	0	13
19	0	14
19	0	15
19	0	16
19	0	17
19	0	63
19	1	0
19	1	2
19	1	3
19	1	4
19	1	5
19	1	6
19	1	7
19	1	8
19	1	9
19	1	10
19	1	11
19	1	12
19	1	13
19	1	14
19	1	15
19	1	16
19	1	17
19	2	2
19	2	3
19	2	4
19	2	5
19	2	6
19	2	7
19	2	8
19	2	9
19	2	10
19	2	11
19	2	12
19	2	13
19	2	14
19	2	15
19	2	16
19	3	1
19	3	2
19	3	3
19	3	4
19	3	5
19	3	6
19	3	7
19	3	8
19	3	9
19	3	10
19	3	11
19	3	12
19	3	13
19	3	14
19	3	15
19	4	0
19	4	1
19	4	2
19	4	3
19	4	4
19	4	5
19	4	6
19	4	7
19	4	8
19	4	9
19	4	10
19	4	11
19	4	12
19	4	13
19	4	14
19	5	4
19	5	5
19	5	6
19	5	7
19	5	8
19	5	9
19	5	10
19	5	11
19	5	12
19	6	8
19	6	9
19	49	6
19	50	5
19	50	6
19	50	7
19	50	8
19	51	5
19	51	6
19	51	7
19	51	8
19	52	6
19	52	7
19	52	8
19	52	9
19	53	6
19	53	7
19	53	8
19	53	9
19	53	10
19	54	6
19	54	7
19	54	8
19	54	9
19	54	10
19	54	11
19	55	4
19	55	5
19	55	6
19	55	7
19	55	8
19	55	9
19	55	10
19	55	11
19	55	12
19	56	4
19	56	5
19	56	6
19	56	7
19	56	8
19	56	9
19	56	10
19	56	11
19	56	12
19	56	13
19	57	3
19	57	4
19	57	5
19	57	6
19	57	7
19	57	8
19	57	9
19	57	10
19	57	11
19	57	12
19	57	13
19	57	14
19	58	3
19	58	4
19	58	5
19	58	6
19	58	7
19	58	8
19	58	9
19	58	10
19	58	11
19	58	12
19	58	13
19	58	14
19	58	15
19	58	16
19	59	2
19	59	3
19	59	4
19	59	5
19	59	6
19	59	7
19	59	8
19	59	9
19	59	10
19	59	11
19	59	12
19	59	13
19	59	14
19	59	15
19	59	16
19	60	1
19	60	2
19	60	3
19	60	4
19	60	5
19	60	6
19	60	7
19	60	8
19	60	9
19	60	10
19	60	11
19	60	12
19	60	13
19	60	14
19	60	15
19	60	16
19	60	17
19	61	0
19	61	1
19	61	2
19	61	3
19	61	4
19	61	5
19	61	6
19	61	7
19	61	8
19	61	9
19	61	10
19	61	11
19	61	12
19	61	13
19	61	14
19	61	15
19	61	16
19	61	17
19	61	63
19	62	0
19	62	1
19	62	2
19	62	3
19	62	4
19	62	5
19	62	6
19	62	7
19	62	8
19	62	9
19	62	10
19	62	11
19	62	12
19	62	13
19	62	14
19	62	15
19	62	16
19	62	17
19	62	62
19	62	63
19	63	0
19	63	1
19	63	2
19	63	3
19	63	4
19	63	5
19	63	6
19	63	7
19	63	8
19	63	9
19	63	10
19	63	11
19	63	12
19	63	13
19	63	14
19	63	15
19	63	16
19	63	17
19	63	18
19	63	61
19	63	62
19	63	63
20	0	0
20	0	3
20	0	4
20	0	5
20	0	6
20	0	7
20	0	8
20	0	9
20	0	10
20	0	11
20	0	12
20	0	13
20	0	14
20	0	15
20	0	16
20	0	17
20	1	3
20	1	4
20	1	5
20	1	6
20	1	7
20	1	8
20	1	9
20	1	10
20	1	11
20	1	12
20	1	13
20	1	14
20	1	15
20	1	16
20	2	3
20	2	4
20	2	5
20	2	6
20	2	7
20	2	8
20	2	9
20	2	10
20	2	11
20	2	12
20	2	13
20	2	14
20	2	15
20	2	16
20	3	3
20	3	4
20	3	5
20	3	6
20	3	7
20	3	8
20	3	9
20	3	10
20	3	11
20	3	12
20	3	13
20	3	14
20	3	15
20	4	4
20	4	5
20	4	6
20	4	7
20	4	8
20	4	9
20	4	10
20	4	11
20	4	12
20	4	13
20	4	14
20	5	6
20	5	7
20	5	8
20	5	9
20	5	10
20	5	11
20	5	12
20	6	9
20	49	5
20	50	4
20	50	5
20	50	6
20	50	7
20	51	3
20	51	4
20	51	5
20	51	6
20	51	7
20	52	3
20	52	4
20	52	5
20	52	6
20	52	7
20	52	8
20	53	4
20	53	5
20	53	6
20	53	7
20	53	8
20	53	9
20	54	5
20	54	6
20	54	7
20	54	8
20	54	9
20	55	5
20	55	6
20	55	7
20	55	8
20	55	9
20	55	10
20	56	4
20	56	5
20	56	6
20	56	7
20	56	8
20	56	9
20	56	10
20	56	11
20	56	12
20	57	3
20	57	4
20	57	5
20	57	6
20	57	7
20	57	8
20	57	9
20	57	10
20	57	11
20	57	12
20	57	13
20	58	3
20	58	4
20	58	5
20	58	6
20	58	7
20	58	8
20	58	9
20	58	10
20	58	11
20	58	12
20	58	13
20	58	14
20	58	15
20	59	2
20	59	3
20	59	4
20	59	5
20	59	6
20	59	7
20	59	8
20	59	9
20	59	10
20	59	11
20	59	12
20	59	13
20	59	14
20	59	15
20	59	16
20	60	2
20	60	3
20	60	4
20	60	5
20	60	6
20	60	7
20	60	8
20	60	9
20	60	10
20	60	11
20	60	12
20	60	13
20	60	14
20	60	15
20	60	16
20	60	17
20	61	0
20	61	1
20	61	2
20	61	3
20	61	4
20	61	5
20	61	6
20	61	7
20	61	8
20	61	9
20	61	10
20	61	11
20	61	12
20	61	13
20	61	14
20	61	15
20	61	16
20	61	17
20	61	63
20	62	0
20	62	1
20	62	2
20	62	3
20	62	4
20	62	5
20	62	6
20	62	7
20	62	8
20	62	9
20	62	10
20	62	11
20	62	12
20	62	13
20	62	14
20	62	15
20	62	16
20	62	17
20	62	62
20	62	63
20	63	0
20	63	1
20	63	2
20	63	3
20	63	4
20	63	5
20	63	6
20	63	7
20	63	8
20	63	9
20	63	10
20	63	11
20	63	12
20	63	13
20	63	14
20	63	15
20	63	16
20	63	17
20	63	62
20	63	63
21	0	0
21	0	2
21	0	4
21	0	5
21	0	6
21	0	7
21	0	8
21	0	9
21	0	10
21	0	11
21	0	12
21	0	13
21	0	14
21	0	15
21	0	16
21	1	4
21	1	5
21	1	6
21	1	7
21	1	8
21	1	9
21	1	10
21	1	11
21	1	12
21	1	13
21	1	14
21	1	15
21	1	16
21	2	4
21	2	5
21	2	6
21	2	7
21	2	8
21	2	9
21	2	10
21	2	11
21	2	12
21	2	13
21	2	14
21	2	15
21	3	4
21	3	5
21	3	6
21	3	7
21	3	8
21	3	9
21	3	10
21	3	11
21	3	12
21	3	13
21	3	14
21	4	5
21	4	6
21	4	7
21	4	8
21	4	9
21	4	10
21	4	11
21	4	12
21	4	13
21	5	7
21	5	8
21	5	9
21	5	10
21	5	11
21	6	9
21	47	5
21	47	6
21	48	4
21	48	5
21	48	6
21	49	4
21	49	5
21	49	6
21	50	3
21	50	4
21	50	5
21	50	6
21	51	3
21	51	4
21	51	5
21	51	6
21	52	3
21	52	4
21	52	5
21	52	6
21	52	7
21	52	8
21	53	3
21	53	4
21	53	5
21	53	6
21	53	7
21	53	8
21	54	4
21	54	5
21	54	6
21	54	7
21	54	8
21	54	9
21	55	5
21	55	6
21	55	7
21	55	8
21	55	9
21	55	10
21	56	5
21	56	6
21	56	7
21	56	8
21	56	9
21	56	10
21	56	11
21	57	4
21	57	5
21	57	6
21	57	7
21	57	8
21	57	9
21	57	10
21	57	11
21	57	12
21	57	13
21	57	14
21	58	3
21	58	4
21	58	5
21	58	6
21	58	7
21	58	8
21	58	9
21	58	10
21	58	11
21	58	12
21	58	13
21	58	14
21	59	2
21	59	3
21	59	4
21	59	5
21	59	6
21	59	7
21	59	8
21	59	9
21	59	10
21	59	11
21	59	12
21	59	13
21	59	14
21	59	15
21	59	16
21	59	17
21	60	2
21	60	3
21	60	4
21	60	5
21	60	6
21	60	7
21	60	8
21	60	9
21	60	10
21	60	11
21	60	12
21	60	13
21	60	14
21	60	15
21	60	16
21	60	17
21	61	0
21	61	1
21	61	2
21	61	3
21	61	4
21	61	5
21	61	6
21	61	7
21	61	8
21	61	9
21	61	10
21	61	11
21	61	12
21	61	13
21	61	14
21	61	15
21	61	16
21	61	17
21	61	63
21	62	0
21	62	1
21	62	2
21	62	3
21	62	4
21	62	5
21	62	6
21	62	7
21	62	8
21	62	9
21	62	10
21	62	11
21	62	12
21	62	13
21	62	14
21	62	15
21	62	16
21	62	17
21	62	62
21	62	63
21	63	0
21	63	2
21	63	3
21	63	4
21	63	5
21	63	6
21	63	7
21	63	8
21	63	9
21	63	10
21	63	11
21	63	12
21	63	13
21	63	14
21	63	15
21	63	16
21	63	17
22	0	4
22	0	5
22	0	6
22	0	7
22	0	8
22	0	9
22	0	10
22	0	11
22	0	12
22	0	13
22	0	14
22	0	15
22	0	16
22	1	5
22	1	6
22	1	7
22	1	8
22	1	9
22	1	10
22	1	11
22	1	12
22	1	13
22	1	14
22	1	15
22	2	5
22	2	6
22	2	7
22	2	8
22	2	9
22	2	10
22	2	11
22	2	12
22	2	13
22	2	14
22	3	5
22	3	6
22	3	7
22	3	8
22	3	9
22	3	10
22	3	11
22	3	12
22	3	13
22	3	14
22	4	6
22	4	7
22	4	8
22	4	9
22	4	10
22	4	11
22	4	12
22	4	13
22	5	8
22	5	9
22	5	10
22	47	3
22	47	4
22	47	5
22	47	6
22	48	3
22	48	4
22	48	5
22	48	6
22	48	7
22	49	3
22	49	4
22	49	5
22	49	6
22	49	7
22	50	3
22	50	4
22	50	5
22	50	6
22	50	7
22	51	3
22	51	4
22	51	5
22	51	6
22	51	7
22	52	3
22	52	4
22	52	5
22	52	6
22	52	7
22	52	8
22	52	9
22	53	3
22	53	4
22	53	5
22	53	6
22	53	7
22	53	8
22	53	9
22	54	4
22	54	5
22	54	6
22	54	7
22	54	8
22	54	9
22	55	5
22	55	6
22	55	7
22	55	8
22	55	9
22	55	10
22	56	5
22	56	6
22	56	7
22	56	8
22	56	9
22	56	10
22	56	11
22	57	5
22	57	6
22	57	7
22	57	8
22	57	9
22	57	10
22	57	11
22	57	12
22	58	4
22	58	5
22	58	6
22	58	7
22	58	8
22	58	9
22	58	10
22	58	11
22	58	12
22	58	13
22	58	14
22	59	2
22	59	3
22	59	4
22	59	5
22	59	6
22	59	7
22	59	8
22	59	9
22	59	10
22	59	11
22	59	12
22	59	13
22	59	14
22	59	15
22	59	16
22	60	2
22	60	3
22	60	4
22	60	5
22	60	6
22	60	7
22	60	8
22	60	9
22	60	10
22	60	11
22	60	12
22	60	13
22	60	14
22	60	15
22	60	16
22	61	0
22	61	1
22	61	2
22	61	3
22	61	4
22	61	5
22	61	6
22	61	7
22	61	8
22	61	9
22	61	10
22	61	11
22	61	12
22	61	13
22	61	14
22	61	15
22	61	16
22	61	63
22	62	0
22	62	2
22	62	3
22	62	4
22	62	5
22	62	6
22	62	7
22	62	8
22	62	9
22	62	10
22	62	11
22	62	12
22	62	13
22	62	14
22	62	15
22	62	16
22	62	17
22	63	3
22	63	4
22	63	5
22	63	6
22	63	7
22	63	8
22	63	9
22	63	10
22	63	11
22	63	12
22	63	13
22	63	14
22	63	15
22	63	16
23	0	5
23	0	6
23	0	7
23	0	8
23	0	9
23	0	10
23	0	11
23	0	12
23	0	13
23	0	14
23	0	15
23	1	6
23	1	7
23	1	8
23	1	9
23	1	10
23	1	11
23	1	12
23	1	13
23	1	14
23	2	7
23	2	8
23	2	9
23	2	10
23	2	11
23	2	12
23	2	13
23	2	14
23	3	6
23	3	7
23	3	8
23	3	9
23	3	10
23	3	11
23	3	12
23	3	13
23	4	7
23	4	8
23	4	9
23	4	10
23	4	11
23	4	12
23	5	9
23	5	10
23	46	3
23	46	4
23	47	2
23	47	3
23	47	4
23	47	5
23	47	6
23	48	2
23	48	3
23	48	4
23	48	5
23	48	6
23	48	7
23	49	2
23	49	3
23	49	4
23	49	5
23	49	6
23	49	7
23	49	8
23	50	2
23	50	3
23	50	4
23	50	5
23	50	6
23	50	7
23	50	8
23	51	3
23	51	4
23	51	5
23	51	6
23	51	7
23	51	8
23	52	3
23	52	4
23	52	5
23	52	6
23	52	7
23	52	8
23	52	9
23	53	3
23	53	4
23	53	5
23	53	6
23	53	7
23	53	8
23	53	9
23	53	10
23	54	3
23	54	4
23	54	5
23	54	6
23	54	7
23	54	8
23	54	9
23	54	10
23	55	3
23	55	5
23	55	6
23	55	7
23	55	8
23	55	9
23	55	10
23	56	4
23	56	5
23	56	6
23	56	7
23	56	8
23	56	9
23	56	10
23	57	5
23	57	6
23	57	7
23	57	8
23	57	9
23	57	10
23	57	11
23	58	2
23	58	4
23	58	5
23	58	6
23	58	7
23	58	8
23	58	9
23	58	10
23	58	11
23	58	12
23	58	13
23	59	3
23	59	4
23	59	5
23	59	6
23	59	7
23	59	8
23	59	9
23	59	10
23	59	11
23	59	12
23	59	13
23	59	14
23	59	15
23	59	16
23	60	2
23	60	3
23	60	4
23	60	5
23	60	6
23	60	7
23	60	8
23	60	9
23	60	10
23	60	11
23	60	12
23	60	13
23	60	14
23	60	15
23	60	16
23	61	2
23	61	3
23	61	4
23	61	5
23	61	6
23	61	7
23	61	8
23	61	9
23	61	10
23	61	11
23	61	12
23	61	13
23	61	14
23	61	15
23	61	16
23	62	3
23	62	4
23	62	5
23	62	6
23	62	7
23	62	8
23	62	9
23	62	10
23	62	11
23	62	12
23	62	13
23	62	14
23	62	15
23	62	16
23	63	3
23	63	4
23	63	5
23	63	6
23	63	7
23	63	8
23	63	9
23	63	10
23	63	11
23	63	12
23	63	13
23	63	14
23	63	15
23	63	16
24	0	5
24	0	6
24	0	7
24	0	8
24	0	9
24	0	10
24	0	11
24	0	12
24	0	13
24	0	14
24	0	15
24	1	7
24	1	8
24	1	9
24	1	10
24	1	11
24	1	12
24	1	13
24	1	14
24	2	8
24	2	9
24	2	10
24	2	11
24	2	12
24	2	13
24	3	8
24	3	9
24	3	10
24	3	11
24	3	12
24	3	13
24	4	9
24	4	10
24	47	1
24	47	2
24	47	3
24	47	4
24	47	5
24	47	6
24	48	1
24	48	2
24	48	3
24	48	4
24	48	5
24	48	6
24	48	7
24	49	1
24	49	2
24	49	3
24	49	4
24	49	5
24	49	6
24	49	7
24	49	8
24	50	2
24	50	3
24	50	4
24	50	5
24	50	6
24	50	7
24	50	8
24	50	9
24	51	2
24	51	3
24	51	4
24	51	5
24	51	6
24	51	7
24	51	8
24	51	9
24	52	3
24	52	4
24	52	5
24	52	6
24	52	7
24	52	8
24	52	9
24	53	3
24	53	4
24	53	5
24	53	6
24	53	7
24	53	8
24	53	9
24	53	10
24	54	3
24	54	4
24	54	5
24	54	6
24	54	7
24	54	8
24	54	9
24	54	10
24	55	4
24	55	5
24	55	6
24	55	7
24	55	8
24	55	9
24	55	10
24	56	3
24	56	5
24	56	6
24	56	7
24	56	8
24	56	9
24	56	10
24	56	11
24	57	3
24	57	5
24	57	6
24	57	7
24	57	8
24	57	9
24	57	10
24	57	11
24	58	3
24	58	4
24	58	5
24	58	6
24	58	7
24	58	8
24	58	9
24	58	10
24	58	11
24	59	3
24	59	4
24	59	5
24	59	6
24	59	7
24	59	8
24	59	9
24	59	10
24	59	11
24	59	12
24	59	13
24	59	14
24	59	15
24	60	2
24	60	3
24	60	4
24	60	5
24	60	6
24	60	7
24	60	8
24	60	9
24	60	10
24	60	11
24	60	12
24	60	13
24	60	14
24	60	15
24	61	2
24	61	3
24	61	4
24	61	5
24	61	6
24	61	7
24	61	8
24	61	9
24	61	10
24	61	11
24	61	12
24	61	13
24	61	14
24	61	15
24	62	2
24	62	3
24	62	4
24	62	5
24	62	6
24	62	7
24	62	8
24	62	9
24	62	10
24	62	11
24	62	12
24	62	13
24	62	14
24	62	15
24	62	16
24	63	3
24	63	4
24	63	5
24	63	6
24	63	7
24	63	8
24	63	9
24	63	10
24	63	11
24	63	12
24	63	13
24	63	14
24	63	15
24	63	16
25	0	3
25	0	4
25	0	5
25	0	6
25	0	7
25	0	8
25	0	9
25	0	10
25	0	11
25	0	12
25	0	13
25	0	14
25	1	7
25	1	8
25	1	9
25	1	10
25	1	11
25	1	12
25	1	13
25	2	11
25	2	12
25	2	13
25	47	1
25	47	2
25	47	3
25	48	1
25	48	2
25	48	3
25	48	4
25	48	5
25	48	6
25	48	7
25	49	1
25	49	2
25	49	3
25	49	4
25	49	5
25	49	6
25	49	7
25	49	8
25	50	1
25	50	2
25	50	3
25	50	4
25	50	5
25	50	6
25	50	7
25	50	8
25	50	9
25	51	2
25	51	3
25	51	4
25	51	5
25	51	6
25	51	7
25	51	8
25	51	9
25	52	2
25	52	3
25	52	4
25	52	5
25	52	6
25	52	7
25	52	8
25	52	9
25	53	3
25	53	4
25	53	5
25	53	6
25	53	7
25	53	8
25	53	9
25	54	3
25	54	4
25	54	5
25	54	6
25	54	7
25	54	8
25	54	9
25	55	3
25	55	4
25	55	5
25	55	6
25	55	7
25	56	5
25	56	6
25	56	7
25	56	8
25	57	3
25	57	4
25	57	5
25	57	6
25	57	7
25	57	8
25	57	9
25	57	10
25	58	3
25	58	4
25	58	5
25	58	6
25	58	7
25	58	8
25	58	9
25	58	10
25	59	3
25	59	4
25	59	5
25	59	6
25	59	7
25	59	8
25	59	9
25	59	10
25	59	11
25	60	1
25	60	2
25	60	3
25	60	4
25	60	5
25	60	6
25	60	7
25	60	8
25	60	9
25	60	10
25	60	11
25	60	12
25	60	13
25	60	14
25	60	15
25	61	1
25	61	2
25	61	3
25	61	4
25	61	5
25	61	6
25	61	7
25	61	8
25	61	9
25	61	10
25	61	11
25	61	12
25	61	13
25	61	14
25	61	15
25	62	1
25	62	2
25	62	3
25	62	4
25	62	5
25	62	6
25	62	7
25	62	8
25	62	9
25	62	10
25	62	11
25	62	12
25	62	13
25	62	14
25	62	15
25	63	1
25	63	2
25	63	3
25	63	4
25	63	5
25	63	6
25	63	7
25	63	8
25	63	9
25	63	10
25	63	11
25	63	12
25	63	13
25	63	14
25	63	15
25	63	16
26	0	2
26	0	3
26	0	4
26	0	5
26	0	6
26	0	7
26	0	8
26	0	9
26	0	10
26	0	11
26	0	12
26	1	3
26	1	4
26	1	5
26	1	6
26	1	7
26	1	11
26	1	12
26	47	1
26	47	2
26	48	0
26	48	1
26	48	2
26	48	3
26	48	4
26	48	5
26	48	6
26	48	7
26	49	1
26	49	2
26	49	3
26	49	4
26	49	5
26	49	6
26	49	7
26	49	8
26	50	1
26	50	2
26	50	3
26	50	4
26	50	5
26	50	6
26	50	7
26	50	8
26	50	9
26	51	2
26	51	3
26	51	4
26	51	5
26	51	6
26	51	7
26	51	8
26	52	2
26	52	3
26	52	4
26	52	5
26	52	6
26	52	7
26	52	8
26	53	3
26	53	4
26	53	5
26	53	6
26	53	7
26	53	8
26	54	3
26	54	4
26	54	5
26	54	6
26	55	3
26	55	4
26	55	5
26	55	6
26	55	7
26	56	3
26	56	4
26	56	5
26	56	6
26	56	7
26	57	3
26	57	4
26	57	5
26	57	6
26	58	3
26	58	4
26	58	5
26	58	6
26	58	7
26	58	8
26	58	9
26	58	10
26	59	3
26	59	4
26	59	5
26	59	6
26	59	7
26	59	8
26	59	9
26	60	1
26	60	2
26	60	3
26	60	4
26	60	5
26	60	6
26	60	7
26	60	8
26	60	9
26	60	10
26	61	1
26	61	2
26	61	3
26	61	4
26	61	5
26	61	6
26	61	7
26	61	8
26	61	9
26	61	10
26	61	11
26	62	1
26	62	2
26	62	3
26	62	4
26	62	5
26	62	6
26	62	7
26	62	8
26	62	9
26	62	10
26	62	11
26	62	12
26	62	13
26	62	14
26	63	2
26	63	3
26	63	4
26	63	5
26	63	6
26	63	7
26	63	8
26	63	9
26	63	10
26	63	11
26	63	12
26	63	13
26	63	15
27	0	2
27	0	3
27	0	4
27	0	5
27	0	6
27	0	7
27	0	8
27	0	9
27	0	10
27	0	11
27	1	3
27	1	4
27	1	5
27	1	6
27	1	7
27	47	1
27	47	2
27	48	0
27	48	1
27	48	2
27	48	3
27	48	4
27	48	5
27	48	6
27	48	7
27	48	8
27	49	0
27	49	1
27	49	2
27	49	3
27	49	4
27	49	5
27	49	6
27	49	7
27	49	8
27	49	9
27	50	1
27	50	2
27	50	3
27	50	4
27	50	5
27	50	6
27	50	7
27	50	8
27	50	9
27	51	1
27	51	2
27	51	3
27	51	4
27	51	5
27	51	6
27	51	7
27	51	8
27	51	9
27	52	2
27	52	3
27	52	4
27	52	5
27	52	6
27	52	7
27	53	3
27	53	4
27	53	5
27	53	6
27	53	7
27	54	3
27	54	4
27	54	5
27	54	6
27	54	7
27	55	4
27	55	5
27	55	6
27	55	7
27	56	3
27	56	4
27	56	5
27	56	6
27	56	7
27	57	2
27	57	3
27	57	4
27	57	5
27	57	6
27	57	7
27	58	0
27	58	1
27	58	2
27	58	3
27	58	4
27	58	5
27	58	6
27	58	7
27	58	8
27	59	1
27	59	2
27	59	3
27	59	4
27	59	5
27	59	6
27	59	7
27	59	8
27	59	9
27	60	1
27	60	2
27	60	3
27	60	4
27	60	5
27	60	6
27	60	7
27	60	8
27	60	9
27	61	1
27	61	2
27	61	3
27	61	4
27	61	5
27	61	6
27	61	7
27	61	8
27	61	9
27	62	1
27	62	2
27	62	3
27	62	4
27	62	5
27	62	6
27	62	7
27	62	8
27	62	9
27	62	10
27	63	2
27	63	3
27	63	4
27	63	5
27	63	6
27	63	7
27	63	8
27	63	9
27	63	10
28	0	2
28	0	3
28	0	4
28	0	5
28	0	6
28	0	7
28	0	8
28	0	9
28	1	3
28	1	4
28	1	5
28	1	6
28	1	7
28	47	0
28	47	1
28	47	2
28	48	0
28	48	1
28	48	2
28	48	3
28	48	4
28	48	5
28	48	6
28	48	7
28	48	8
28	49	0
28	49	1
28	49	2
28	49	3
28	49	4
28	49	5
28	49	6
28	49	7
28	49	8
28	49	9
28	49	10
28	50	0
28	50	1
28	50	2
28	50	3
28	50	4
28	50	5
28	50	6
28	50	7
28	50	8
28	50	9
28	51	1
28	51	2
28	51	3
28	51	4
28	51	5
28	51	6
28	51	7
28	51	8
28	51	9
28	52	1
28	52	2
28	52	3
28	52	4
28	52	5
28	52	6
28	52	7
28	52	8
28	53	3
28	53	4
28	53	5
28	53	6
28	53	7
28	53	8
28	54	4
28	54	5
28	54	6
28	54	7
28	54	8
28	55	4
28	55	5
28	55	6
28	55	7
28	55	8
28	56	4
28	56	5
28	56	6
28	56	7
28	56	8
28	57	1
28	57	2
28	57	3
28	57	4
28	57	5
28	57	6
28	57	7
28	57	8
28	58	0
28	58	1
28	58	2
28	58	3
28	58	4
28	58	5
28	58	6
28	58	7
28	58	8
28	59	1
28	59	2
28	59	3
28	59	4
28	59	5
28	59	6
28	59	7
28	59	8
28	60	1
28	60	2
28	60	3
28	60	4
28	60	5
28	60	6
28	60	7
28	60	8
28	61	1
28	61	2
28	61	3
28	61	4
28	61	5
28	61	6
28	61	7
28	61	8
28	62	1
28	62	2
28	62	3
28	62	4
28	62	5
28	62	6
28	62	7
28	62	8
28	62	9
28	63	2
28	63	3
28	63	4
28	63	5
28	63	6
28	63	7
28	63	8
28	63	9
28	63	10
29	0	2
29	0	3
29	0	4
29	0	5
29	0	6
29	0	7
29	0	8
29	0	9
29	1	4
29	1	5
29	1	6
29	1	7
29	47	0
29	47	1
29	47	2
29	48	0
29	48	1
29	48	2
29	48	3
29	48	4
29	48	5
29	48	6
29	48	7
29	48	8
29	49	0
29	49	1
29	49	2
29	49	3
29	49	4
29	49	5
29	49	6
29	49	7
29	49	8
29	49	9
29	49	10
29	49	11
29	50	0
29	50	1
29	50	2
29	50	3
29	50	4
29	50	5
29	50	6
29	50	7
29	50	8
29	50	9
29	50	10
29	50	13
29	50	14
29	51	0
29	51	1
29	51	2
29	51	3
29	51	4
29	51	5
29	51	6
29	51	7
29	51	8
29	51	9
29	52	1
29	52	2
29	52	3
29	52	4
29	52	5
29	52	6
29	52	7
29	52	8
29	52	9
29	53	2
29	53	3
29	53	4
29	53	5
29	53	6
29	53	7
29	53	8
29	53	9
29	54	3
29	54	4
29	54	5
29	54	6
29	54	7
29	54	8
29	54	9
29	55	4
29	55	5
29	55	6
29	55	7
29	55	8
29	55	9
29	56	0
29	56	1
29	56	2
29	56	5
29	56	6
29	56	7
29	56	8
29	56	9
29	57	0
29	57	1
29	57	2
29	57	3
29	57	4
29	57	5
29	57	6
29	57	7
29	57	8
29	57	9
29	58	1
29	58	2
29	58	3
29	58	4
29	58	5
29	58	6
29	58	7
29	58	8
29	58	9
29	59	1
29	59	2
29	59	3
29	59	4
29	59	5
29	59	6
29	59	7
29	60	1
29	60	2
29	60	3
29	60	4
29	60	5
29	60	6
29	60	7
29	61	2
29	61	3
29	61	4
29	61	5
29	61	6
29	61	7
29	62	2
29	62	3
29	62	4
29	62	5
29	62	6
29	62	7
29	62	8
29	63	2
29	63	3
29	63	4
29	63	5
29	63	6
29	63	7
29	63	8
29	63	9
30	0	3
30	0	4
30	0	5
30	0	6
30	0	7
30	0	8
30	1	4
30	1	5
30	1	6
30	1	7
30	48	0
30	48	1
30	48	2
30	48	3
30	48	4
30	48	5
30	48	6
30	48	7
30	48	8
30	49	0
30	49	1
30	49	2
30	49	3
30	49	4
30	49	5
30	49	6
30	49	7
30	49	8
30	49	9
30	49	10
30	49	11
30	49	12
30	50	0
30	50	1
30	50	2
30	50	3
30	50	4
30	50	5
30	50	6
30	50	7
30	50	8
30	50	9
30	50	10
30	50	11
30	50	12
30	50	13
30	50	14
30	51	1
30	51	2
30	51	3
30	51	4
30	51	5
30	51	6
30	51	7
30	51	8
30	51	9
30	51	10
30	51	11
30	51	12
30	51	13
30	51	14
30	52	2
30	52	3
30	52	4
30	52	5
30	52	6
30	52	7
30	52	8
30	52	9
30	52	10
30	52	11
30	52	12
30	52	13
30	53	2
30	53	3
30	53	4
30	53	5
30	53	6
30	53	7
30	53	8
30	53	9
30	53	10
30	54	3
30	54	4
30	54	5
30	54	6
30	54	7
30	54	8
30	54	9
30	54	10
30	55	0
30	55	1
30	55	4
30	55	5
30	55	6
30	55	7
30	55	8
30	55	9
30	55	10
30	55	63
30	56	0
30	56	1
30	56	2
30	56	5
30	56	6
30	56	7
30	56	8
30	56	9
30	56	10
30	56	63
30	57	0
30	57	1
30	57	2
30	57	3
30	57	5
30	57	6
30	57	7
30	57	8
30	57	9
30	57	10
30	58	1
30	58	2
30	58	3
30	58	4
30	58	5
30	58	6
30	58	7
30	58	8
30	58	9
30	58	10
30	59	1
30	59	2
30	59	3
30	59	4
30	59	5
30	59	6
30	60	1
30	60	2
30	60	3
30	60	4
30	60	5
30	60	6
30	61	2
30	61	3
30	61	4
30	61	5
30	61	6
30	61	7
30	62	2
30	62	3
30	62	4
30	62	5
30	62	6
30	62	7
30	63	2
30	63	3
30	63	4
30	63	5
30	63	6
30	63	7
30	63	8
31	0	3
31	0	4
31	0	5
31	0	6
31	0	7
31	1	4
31	1	5
31	1	6
31	1	7
31	47	3
31	48	0
31	48	1
31	48	2
31	48	3
31	48	4
31	48	5
31	48	6
31	48	7
31	48	8
31	48	9
31	48	10
31	48	11
31	48	12
31	49	0
31	49	1
31	49	2
31	49	3
31	49	4
31	49	5
31	49	6
31	49	7
31	49	8
31	49	9
31	49	10
31	49	11
31	49	12
31	49	13
31	50	0
31	50	1
31	50	2
31	50	3
31	50	4
31	50	5
31	50	6
31	50	7
31	50	8
31	50	9
31	50	10
31	50	11
31	50	12
31	50	13
31	50	14
31	51	2
31	51	3
31	51	4
31	51	5
31	51	6
31	51	7
31	51	8
31	51	9
31	51	10
31	51	11
31	51	12
31	51	13
31	51	14
31	51	15
31	52	2
31	52	3
31	52	4
31	52	5
31	52	6
31	52	7
31	52	8
31	52	9
31	52	10
31	52	11
31	52	12
31	52	13
31	52	14
31	53	3
31	53	4
31	53	5
31	53	6
31	53	7
31	53	8
31	53	9
31	53	10
31	53	11
31	53	12
31	53	13
31	53	14
31	53	18
31	54	3
31	54	4
31	54	5
31	54	6
31	54	7
31	54	8
31	54	9
31	54	10
31	54	11
31	55	1
31	55	4
31	55	5
31	55	6
31	55	7
31	55	8
31	55	9
31	55	10
31	55	11
31	56	0
31	56	1
31	56	5
31	56	6
31	56	7
31	56	8
31	56	9
31	56	10
31	56	11
31	57	0
31	57	1
31	57	2
31	57	6
31	57	7
31	57	8
31	57	9
31	57	10
31	57	11
31	58	1
31	58	2
31	58	3
31	58	7
31	58	8
31	58	9
31	58	10
31	59	1
31	59	2
31	59	3
31	59	4
31	59	9
31	60	2
31	60	3
31	60	4
31	60	5
31	61	3
31	61	4
31	61	5
31	61	6
31	62	3
31	62	4
31	62	5
31	62	6
31	63	3
31	63	4
31	63	5
31	63	6
31	63	7
32	0	4
32	0	5
32	1	5
32	1	6
32	47	4
32	47	9
32	47	10
32	47	11
32	48	1
32	48	2
32	48	3
32	48	4
32	48	5
32	48	6
32	48	7
32	48	8
32	48	9
32	48	10
32	48	11
32	48	12
32	49	0
32	49	1
32	49	2
32	49	3
32	49	4
32	49	5
32	49	6
32	49	7
32	49	8
32	49	9
32	49	10
32	49	11
32	49	12
32	49	13
32	49	14
32	50	0
32	50	1
32	50	2
32	50	3
32	50	4
32	50	5
32	50	6
32	50	7
32	50	8
32	50	9
32	50	10
32	50	11
32	50	12
32	50	13
32	50	14
32	50	15
32	51	2
32	51	3
32	51	4
32	51	5
32	51	6
32	51	7
32	51	8
32	51	9
32	51	10
32	51	11
32	51	12
32	51	13
32	51	14
32	51	15
32	52	3
32	52	4
32	52	5
32	52	6
32	52	7
32	52	8
32	52	9
32	52	10
32	52	11
32	52	12
32	52	13
32	52	14
32	52	15
32	53	3
32	53	4
32	53	5
32	53	6
32	53	7
32	53	8
32	53	9
32	53	10
32	53	11
32	53	12
32	53	13
32	53	14
32	54	3
32	54	4
32	54	5
32	54	6
32	54	7
32	54	8
32	54	9
32	54	10
32	54	11
32	54	12
32	54	13
32	54	14
32	54	17
32	55	4
32	55	5
32	55	6
32	55	7
32	55	8
32	55	9
32	55	10
32	55	11
32	55	12
32	55	13
32	55	14
32	55	16
32	56	5
32	56	6
32	56	7
32	56	8
32	56	9
32	56	10
32	56	11
32	56	12
32	56	13
32	56	14
32	57	1
32	57	6
32	57	7
32	57	8
32	57	9
32	57	10
32	57	11
32	58	1
32	58	2
32	58	7
32	58	8
32	58	9
32	58	10
32	59	1
32	59	2
32	59	3
32	59	8
32	59	9
32	60	3
32	60	4
32	61	3
32	61	4
32	62	4
32	63	4
33	46	11
33	46	12
33	47	1
33	47	2
33	47	3
33	47	4
33	47	5
33	47	6
33	47	7
33	47	8
33	47	9
33	47	10
33	47	11
33	47	12
33	48	0
33	48	1
33	48	2
33	48	3
33	48	4
33	48	5
33	48	6
33	48	7
33	48	8
33	48	9
33	48	10
33	48	11
33	48	12
33	48	13
33	49	0
33	49	1
33	49	2
33	49	3
33	49	4
33	49	5
33	49	6
33	49	7
33	49	8
33	49	9
33	49	10
33	49	11
33	49	12
33	49	13
33	49	14
33	50	0
33	50	2
33	50	3
33	50	4
33	50	5
33	50	6
33	50	7
33	50	8
33	50	9
33	50	10
33	50	11
33	50	12
33	50	13
33	50	14
33	50	15
33	51	3
33	51	4
33	51	5
33	51	6
33	51	7
33	51	8
33	51	9
33	51	10
33	51	11
33	51	12
33	51	13
33	51	14
33	51	15
33	52	3
33	52	4
33	52	5
33	52	6
33	52	7
33	52	8
33	52	9
33	52	10
33	52	11
33	52	12
33	52	13
33	52	14
33	52	15
33	52	19
33	53	3
33	53	4
33	53	5
33	53	6
33	53	7
33	53	8
33	53	9
33	53	10
33	53	11
33	53	12
33	53	13
33	53	14
33	53	15
33	53	16
33	53	17
33	53	18
33	54	4
33	54	5
33	54	6
33	54	7
33	54	8
33	54	9
33	54	10
33	54	11
33	54	12
33	54	13
33	54	14
33	54	15
33	54	16
33	54	17
33	55	4
33	55	5
33	55	6
33	55	7
33	55	8
33	55	9
33	55	10
33	55	11
33	55	12
33	55	13
33	55	14
33	55	15
33	55	16
33	56	5
33	56	6
33	56	7
33	56	8
33	56	9
33	56	10
33	56	11
33	56	12
33	56	13
33	56	14
33	56	15
33	57	6
33	57	7
33	57	8
33	57	9
33	57	10
33	57	11
33	57	12
33	57	13
33	57	14
33	58	6
33	58	7
33	58	8
33	58	9
33	58	10
33	59	7
33	59	8
33	59	9
34	46	10
34	46	11
34	47	1
34	47	2
34	47	3
34	47	4
34	47	5
34	47	6
34	47	7
34	47	8
34	47	9
34	47	10
34	47	11
34	47	12
34	47	13
34	48	0
34	48	1
34	48	2
34	48	3
34	48	4
34	48	5
34	48	6
34	48	7
34	48	8
34	48	9
34	48	10
34	48	11
34	48	12
34	48	13
34	48	14
34	49	0
34	49	1
34	49	2
34	49	3
34	49	4
34	49	5
34	49	6
34	49	7
34	49	8
34	49	9
34	49	10
34	49	11
34	49	12
34	49	13
34	49	14
34	50	0
34	50	2
34	50	3
34	50	4
34	50	5
34	50	6
34	50	7
34	50	8
34	50	9
34	50	10
34	50	11
34	50	12
34	50	13
34	50	14
34	50	15
34	51	3
34	51	4
34	51	5
34	51	6
34	51	7
34	51	8
34	51	9
34	51	10
34	51	11
34	51	12
34	51	13
34	51	14
34	51	15
34	52	3
34	52	4
34	52	5
34	52	6
34	52	7
34	52	8
34	52	9
34	52	10
34	52	11
34	52	12
34	52	13
34	52	14
34	52	15
34	52	16
34	52	17
34	52	18
34	52	19
34	53	3
34	53	4
34	53	5
34	53	6
34	53	7
34	53	8
34	53	9
34	53	10
34	53	11
34	53	12
34	53	13
34	53	14
34	53	15
34	53	16
34	53	17
34	53	18
34	54	4
34	54	5
34	54	6
34	54	7
34	54	8
34	54	9
34	54	10
34	54	11
34	54	12
34	54	13
34	54	14
34	54	15
34	54	16
34	54	17
34	55	4
34	55	5
34	55	6
34	55	7
34	55	8
34	55	9
34	55	10
34	55	11
34	55	12
34	55	13
34	55	14
34	55	15
34	55	16
34	56	5
34	56	6
34	56	7
34	56	8
34	56	9
34	56	10
34	56	11
34	56	12
34	56	13
34	56	14
34	56	15
34	56	16
34	57	5
34	57	6
34	57	7
34	57	8
34	57	9
34	57	10
34	57	11
34	57	12
34	57	13
34	57	14
34	57	15
34	57	16
34	58	6
34	58	7
34	58	8
34	58	9
34	58	10
34	58	11
34	58	12
34	58	13
34	59	7
34	59	8
34	59	9
34	60	8
35	46	2
35	46	3
35	46	4
35	46	7
35	46	8
35	46	9
35	47	1
35	47	2
35	47	3
35	47	4
35	47	5
35	47	6
35	47	7
35	47	8
35	47	9
35	47	10
35	47	11
35	48	1
35	48	2
35	48	3
35	48	4
35	48	5
35	48	6
35	48	7
35	48	8
35	48	9
35	48	10
35	48	11
35	48	12
35	48	13
35	49	0
35	49	1
35	49	2
35	49	3
35	49	4
35	49	5
35	49	6
35	49	7
35	49	8
35	49	9
35	49	10
35	49	11
35	49	12
35	49	13
35	49	14
35	50	2
35	50	3
35	50	4
35	50	5
35	50	6
35	50	7
35	50	8
35	50	9
35	50	10
35	50	11
35	50	12
35	50	13
35	50	14
35	51	3
35	51	4
35	51	5
35	51	6
35	51	7
35	51	8
35	51	9
35	51	10
35	51	11
35	51	12
35	51	13
35	51	14
35	51	15
35	52	3
35	52	4
35	52	5
35	52	6
35	52	7
35	52	8
35	52	9
35	52	10
35	52	11
35	52	12
35	52	13
35	52	14
35	52	15
35	52	16
35	52	17
35	52	18
35	53	3
35	53	4
35	53	5
35	53	6
35	53	7
35	53	8
35	53	9
35	53	10
35	53	11
35	53	12
35	53	13
35	53	14
35	53	15
35	53	16
35	53	17
35	53	18
35	54	4
35	54	5
35	54	6
35	54	7
35	54	8
35	54	9
35	54	10
35	54	11
35	54	12
35	54	13
35	54	14
35	54	15
35	54	16
35	54	17
35	55	4
35	55	5
35	55	6
35	55	7
35	55	8
35	55	9
35	55	10
35	55	11
35	55	12
35	55	13
35	55	14
35	55	15
35	55	16
35	55	17
35	56	5
35	56	6
35	56	7
35	56	8
35	56	9
35	56	10
35	56	11
35	56	12
35	56	13
35	56	14
35	56	15
35	56	16
35	56	17
35	57	5
35	57	6
35	57	7
35	57	8
35	57	9
35	57	10
35	57	11
35	57	12
35	57	13
35	57	14
35	57	15
35	57	16
35	57	17
35	58	6
35	58	7
35	58	8
35	58	9
35	58	10
35	58	11
35	58	12
35	58	13
35	58	14
35	58	15
35	58	16
35	58	17
35	59	7
35	59	8
35	59	9
35	59	10
35	59	11
35	59	12
35	61	10
36	45	6
36	45	7
36	46	5
36	46	6
36	46	7
36	46	8
36	47	1
36	47	2
36	47	3
36	47	4
36	47	5
36	47	6
36	47	7
36	47	8
36	47	9
36	47	10
36	48	1
36	48	2
36	48	3
36	48	4
36	48	5
36	48	6
36	48	7
36	48	8
36	48	9
36	48	10
36	48	11
36	49	2
36	49	3
36	49	4
36	49	5
36	49	6
36	49	7
36	49	8
36	49	9
36	49	10
36	49	11
36	49	12
36	50	2
36	50	3
36	50	4
36	50	5
36	50	6
36	50	7
36	50	8
36	50	9
36	50	10
36	50	11
36	50	12
36	50	13
36	51	3
36	51	4
36	51	5
36	51	6
36	51	7
36	51	8
36	51	9
36	51	10
36	51	11
36	51	12
36	51	13
36	51	14
36	52	3
36	52	4
36	52	5
36	52	6
36	52	7
36	52	8
36	52	9
36	52	10
36	52	11
36	52	12
36	52	13
36	52	14
36	52	15
36	52	16
36	52	17
36	53	3
36	53	4
36	53	5
36	53	6
36	53	7
36	53	8
36	53	9
36	53	10
36	53	11
36	53	12
36	53	13
36	53	14
36	53	15
36	53	16
36	53	17
36	54	4
36	54	5
36	54	6
36	54	7
36	54	8
36	54	9
36	54	10
36	54	11
36	54	12
36	54	13
36	54	14
36	54	15
36	54	16
36	54	17
36	54	18
36	55	4
36	55	5
36	55	6
36	55	7
36	55	8
36	55	9
36	55	10
36	55	11
36	55	12
36	55	13
36	55	14
36	55	15
36	55	16
36	55	17
36	55	18
36	56	5
36	56	6
36	56	7
36	56	8
36	56	9
36	56	10
36	56	11
36	56	12
36	56	13
36	56	14
36	56	15
36	56	16
36	56	17
36	56	18
36	57	5
36	57	6
36	57	7
36	57	8
36	57	9
36	57	10
36	57	11
36	57	12
36	57	13
36	57	14
36	57	15
36	57	16
36	57	17
36	58	6
36	58	7
36	58	8
36	58	9
36	58	10
36	58	11
36	58	12
36	58	13
36	59	8
36	59	9
36	59	10
36	59	11
36	59	12
36	60	9
36	60	10
36	60	11
36	61	10
37	46	7
37	47	4
37	47	5
37	47	6
37	47	7
37	47	8
37	48	2
37	48	3
37	48	4
37	48	5
37	48	6
37	48	7
37	48	8
37	48	9
37	48	10
37	49	2
37	49	3
37	49	4
37	49	5
37	49	6
37	49	7
37	49	8
37	49	9
37	49	10
37	49	11
37	50	3
37	50	4
37	50	5
37	50	6
37	50	7
37	50	8
37	50	9
37	50	10
37	50	11
37	50	12
37	51	3
37	51	4
37	51	5
37	51	6
37	51	7
37	51	8
37	51	9
37	51	10
37	51	11
37	51	12
37	51	13
37	52	3
37	52	4
37	52	5
37	52	6
37	52	7
37	52	8
37	52	9
37	52	10
37	52	11
37	52	12
37	52	13
37	53	4
37	53	5
37	53	6
37	53	7
37	53	8
37	53	9
37	53	10
37	53	11
37	53	12
37	53	13
37	53	14
37	54	4
37	54	5
37	54	6
37	54	7
37	54	8
37	54	9
37	54	10
37	54	11
37	54	12
37	54	13
37	54	14
37	54	15
37	55	5
37	55	6
37	55	7
37	55	8
37	55	9
37	55	10
37	55	11
37	55	12
37	55	13
37	55	14
37	55	15
37	56	5
37	56	6
37	56	7
37	56	8
37	56	9
37	56	10
37	56	11
37	56	12
37	56	13
37	56	14
37	56	15
37	57	6
37	57	7
37	57	8
37	57	9
37	57	10
37	57	11
37	57	12
37	57	13
37	57	14
37	58	7
37	58	8
37	58	9
37	58	10
37	58	11
37	58	12
37	59	8
37	59	9
37	59	10
37	59	11
37	59	12
37	60	9
37	60	10
37	60	11
37	61	9
37	61	10
37	62	9
38	48	4
38	48	5
38	48	6
38	48	7
38	48	8
38	48	9
38	49	3
38	49	4
38	49	5
38	49	6
38	49	7
38	49	8
38	49	9
38	49	10
38	50	3
38	50	4
38	50	5
38	50	6
38	50	7
38	50	8
38	50	9
38	50	10
38	50	11
38	50	12
38	51	3
38	51	4
38	51	5
38	51	6
38	51	7
38	51	8
38	51	9
38	51	10
38	51	11
38	51	12
38	52	4
38	52	5
38	52	6
38	52	7
38	52	8
38	52	9
38	52	10
38	52	11
38	52	12
38	53	4
38	53	5
38	53	6
38	53	7
38	53	8
38	53	9
38	53	10
38	53	11
38	53	12
38	53	13
38	54	5
38	54	6
38	54	7
38	54	8
38	54	9
38	54	10
38	54	11
38	54	12
38	54	13
38	55	6
38	55	7
38	55	8
38	55	9
38	55	10
38	55	11
38	55	12
38	55	13
38	56	6
38	56	7
38	56	8
38	56	9
38	56	10
38	56	11
38	56	12
38	56	13
38	56	14
38	57	6
38	57	7
38	57	8
38	57	9
38	57	10
38	57	11
38	58	7
38	58	8
38	58	9
38	58	10
38	58	11
38	59	8
38	59	9
38	59	10
38	59	11
38	60	9
38	60	10
38	60	11
38	61	9
38	61	10
38	61	11
38	61	12
38	62	9
39	48	7
39	48	8
39	49	4
39	49	5
39	49	6
39	49	7
39	49	8
39	49	9
39	50	3
39	50	4
39	50	5
39	50	6
39	50	7
39	50	8
39	50	9
39	51	4
39	51	5
39	51	6
39	51	7
39	51	8
39	51	9
39	52	4
39	52	5
39	52	6
39	52	7
39	52	8
39	52	9
39	53	5
39	53	6
39	53	7
39	53	8
39	53	9
39	53	10
39	53	11
39	54	6
39	54	7
39	54	8
39	54	9
39	54	10
39	54	11
39	54	12
39	55	7
39	55	8
39	55	9
39	55	10
39	55	11
39	55	12
39	56	7
39	56	8
39	56	9
39	56	10
39	57	7
39	57	8
39	57	9
39	57	10
39	58	8
39	58	9
39	58	10
39	59	9
39	59	10
39	60	9
39	60	10
39	60	11
39	61	9
39	61	10
39	61	11
39	62	9
