#i	j	k
0	31	44
0	31	45
0	31	46
0	31	47
0	31	48
0	32	41
0	32	42
0	32	43
0	32	44
0	32	45
0	32	46
0	32	47
0	32	48
0	32	49
0	32	50
0	33	41
0	33	42
0	33	43
0	33	44
0	33	45
0	33	46
0	33	47
0	33	48
0	33	49
0	33	50
0	33	51
0	34	40
0	34	41
0	34	42
0	34	43
0	34	44
0	34	45
0	34	46
0	34	47
0	34	48
0	34	49
0	34	50
0	34	51
0	34	52
0	34	53
0	35	40
0	35	41
0	35	42
0	35	43
0	35	44
0	35	45
0	35	46
0	35	47
0	35	48
0	35	49
0	35	50
0	35	51
0	35	52
0	35	53
0	36	40
0	36	41
0	36	42
0	36	43
0	36	44
0	36	45
0	36	46
0	36	47
0	36	48
0	36	49
0	36	50
0	36	51
0	37	41
0	37	42
0	37	43
0	37	44
0	37	45
0	37	46
0	37	47
0	37	48
0	37	49
0	37	50
0	38	41
0	38	42
0	38	43
0	38	44
0	38	45
0	38	46
0	38	47
0	38	48
0	38	49
0	38	50
0	39	41
0	39	42
0	39	43
0	39	44
0	39	45
0	39	46
0	39	47
0	39	48
0	40	41
0	40	42
0	40	43
0	40	44
0	40	45
0	40	46
0	40	47
0	40	48
0	41	43
0	41	44
0	41	45
0	41	46
0	41	47
0	41	48
0	41	49
0	42	43
0	42	44
0	42	45
0	42	46
0	42	47
0	42	48
0	42	49
0	42	50
0	42	51
0	42	52
0	42	53
0	42	54
0	42	55
0	42	56
0	43	43
0	43	44
0	43	45
0	43	46
0	43	47
0	43	48
0	43	49
0	43	50
0	43	51
0	43	52
0	43	53
0	43	54
0	43	55
0	43	56
0	43	57
0	43	58
0	44	1
0	44	44
0	44	45
0	44	46
0	44	47
0	44	48
0	44	49
0	44	50
0	44	51
0	44	52
0	44	53
0	44	54
0	44	55
0	44	56
0	44	57
0	44	58
0	44	59
0	44	61
0	44	62
0	44	63
0	45	0
0	45	1
0	45	2
0	45	45
0	45	46
0	45	47
0	45	48
0	45	49
0	45	50
0	45	51
0	45	52
0	45	53
0	45	54
0	45	55
0	45	56
0	45	57
0	45	58
0	45	59
0	45	60
0	45	61
0	45	62
0	45	63
0	46	0
0	46	1
0	46	2
0	46	3
0	46	47
0	46	48
0	46	49
0	46	50
0	46	51
0	46	52
0	46	53
0	46	54
0	46	55
0	46	56
0	46	57
0	46	58
0	46	60
0	46	61
0	46	62
0	46	63
0	47	0
0	47	1
0	47	2
0	47	3
0	47	4
0	47	47
0	47	48
0	47	49
0	47	50
0	47	51
0	47	52
0	47	53
0	47	54
0	47	55
0	47	56
0	47	57
0	47	58
0	47	59
0	47	60
0	47	61
0	47	62
0	47	63
0	48	0
0	48	1
0	48	2
0	48	3
0	48	4
0	48	5
0	48	47
0	48	48
0	48	49
0	48	50
0	48	51
0	48	52
0	48	53
0	48	54
0	48	55
0	48	56
0	48	57
0	48	58
0	48	59
0	48	60
0	48	61
0	48	62
0	48	63
0	49	0
0	49	1
0	49	2
0	49	3
0	49	4
0	49	5
0	49	6
0	49	48
0	49	49
0	49	50
0	49	51
0	49	52
0	49	53
0	49	54
0	49	55
0	49	56
0	49	57
0	49	58
0	49	60
0	49	61
0	49	62
0	49	63
0	50	0
0	50	1
0	50	2
0	50	3
0	50	4
0	50	5
0	50	45
0	50	46
0	50	47
0	50	48
0	50	49
0	50	50
0	50	51
0	50	52
0	50	53
0	50	54
0	50	55
0	50	56
0	50	57
0	50	60
0	50	61
0	50	62
0	50	63
0	51	0
0	51	1
0	51	2
0	51	3
0	51	4
0	51	45
0	51	46
0	51	47
0	51	48
0	51	49
0	51	50
0	51	51
0	51	52
0	51	53
0	51	54
0	51	55
0	51	56
0	51	60
0	51	61
0	51	62
0	51	63
0	52	0
0	52	1
0	52	2
0	52	3
0	52	4
0	52	44
0	52	45
0	52	46
0	52	47
0	52	48
0	52	49
0	52	50
0	52	51
0	52	52
0	52	53
0	52	54
0	52	55
0	52	56
0	52	59
0	52	60
0	52	61
0	52	62
0	52	63
0	53	0
0	53	1
0	53	2
0	53	3
0	53	4
0	53	46
0	53	47
0	53	48
0	53	49
0	53	50
0	53	51
0	53	52
0	53	53
0	53	54
0	53	55
0	53	59
0	53	60
0	53	61
0	53	62
0	53	63
0	54	0
0	54	1
0	54	2
0	54	3
0	54	4
0	54	49
0	54	50
0	54	51
0	54	52
0	54	53
0	54	54
0	54	59
0	54	60
0	54	61
0	54	62
0	54	63
0	55	0
0	55	1
0	55	2
0	55	3
0	55	4
0	55	50
0	55	52
0	55	53
0	55	54
0	55	59
0	55	60
0	55	61
0	55	62
0	55	63
0	56	0
0	56	54
0	56	59
0	56	60
0	56	61
0	56	62
0	56	63
0	57	0
0	57	60
0	57	61
0	57	62
0	57	63
0	58	0
0	58	62
0	58	63
0	59	0
0	59	1
0	59	63
0	60	0
1	31	43
1	31	44
1	31	45
1	31	46
1	31	47
1	31	48
1	32	41
1	32	42
1	32	43
1	32	44
1	32	45
1	32	46
1	32	47
1	32	48
1	32	49
1	33	40
1	33	41
1	33	42
1	33	43
1	33	44
1	33	45
1	33	46
1	33	47
1	33	48
1	33	49
1	33	50
1	33	51
1	34	40
1	34	41
1	34	42
1	34	43
1	34	44
1	34	45
1	34	46
1	34	47
1	34	48
1	34	49
1	34	50
1	34	51
1	35	39
1	35	40
1	35	41
1	35	42
1	35	43
1	35	44
1	35	45
1	35	46
1	35	47
1	35	48
1	35	49
1	35	50
1	35	51
1	36	39
1	36	40
1	36	41
1	36	42
1	36	43
1	36	44
1	36	45
1	36	46
1	36	47
1	36	48
1	36	49
1	36	50
1	37	39
1	37	40
1	37	41
1	37	42
1	37	43
1	37	44
1	37	45
1	37	46
1	37	47
1	37	48
1	37	49
1	37	50
1	38	39
1	38	40
1	38	41
1	38	42
1	38	43
1	38	44
1	38	45
1	38	46
1	38	47
1	38	48
1	38	49
1	39	39
1	39	40
1	39	41
1	39	42
1	39	43
1	39	44
1	39	45
1	39	46
1	39	47
1	39	48
1	40	40
1	40	41
1	40	42
1	40	43
1	40	44
1	40	45
1	40	46
1	40	47
1	40	48
1	41	40
1	41	41
1	41	42
1	41	43
1	41	44
1	41	45
1	41	46
1	41	47
1	41	48
1	41	49
1	42	43
1	42	44
1	42	45
1	42	46
1	42	47
1	42	48
1	42	49
1	42	50
1	42	51
1	42	52
1	42	53
1	42	54
1	42	55
1	42	56
1	42	57
1	43	43
1	43	44
1	43	45
1	43	46
1	43	47
1	43	48
1	43	49
1	43	50
1	43	51
1	43	52
1	43	53
1	43	54
1	43	55
1	43	56
1	43	57
1	43	58
1	44	1
1	44	44
1	44	45
1	44	46
1	44	47
1	44	48
1	44	49
1	44	50
1	44	51
1	44	52
1	44	53
1	44	54
1	44	55
1	44	56
1	44	57
1	44	58
1	44	61
1	44	62
1	44	63
1	45	0
1	45	1
1	45	2
1	45	45
1	45	46
1	45	47
1	45	48
1	45	49
1	45	50
1	45	51
1	45	52
1	45	53
1	45	54
1	45	55
1	45	56
1	45	57
1	45	58
1	45	61
1	45	62
1	45	63
1	46	0
1	46	1
1	46	2
1	46	3
1	46	46
1	46	47
1	46	48
1	46	49
1	46	50
1	46	51
1	46	52
1	46	53
1	46	54
1	46	55
1	46	56
1	46	57
1	46	58
1	46	61
1	46	62
1	46	63
1	47	0
1	47	1
1	47	2
1	47	3
1	47	4
1	47	47
1	47	48
1	47	49
1	47	50
1	47	51
1	47	52
1	47	53
1	47	54
1	47	55
1	47	56
1	47	57
1	47	58
1	47	60
1	47	61
1	47	62
1	47	63
1	48	0
1	48	1
1	48	2
1	48	3
1	48	4
1	48	5
1	48	47
1	48	48
1	48	49
1	48	50
1	48	51
1	48	52
1	48	53
1	48	54
1	48	55
1	48	56
1	48	57
1	48	58
1	48	59
1	48	60
1	48	61
1	48	62
1	48	63
1	49	0
1	49	1
1	49	2
1	49	3
1	49	4
1	49	5
1	49	47
1	49	48
1	49	49
1	49	50
1	49	51
1	49	52
1	49	53
1	49	54
1	49	55
1	49	56
1	49	57
1	49	58
1	49	60
1	49	61
1	49	62
1	49	63
1	50	0
1	50	1
1	50	2
1	50	3
1	50	4
1	50	5
1	50	6
1	50	47
1	50	48
1	50	49
1	50	50
1	50	51
1	50	52
1	50	53
1	50	54
1	50	55
1	50	56
1	50	57
1	50	60
1	50	61
1	50	62
1	50	63
1	51	0
1	51	1
1	51	2
1	51	3
1	51	4
1	51	5
1	51	6
1	51	45
1	51	46
1	51	47
1	51	48
1	51	49
1	51	50
1	51	51
1	51	52
1	51	53
1	51	54
1	51	55
1	51	56
1	51	57
1	51	58
1	51	59
1	51	60
1	51	61
1	51	62
1	51	63
1	52	0
1	52	1
1	52	2
1	52	3
1	52	4
1	52	5
1	52	43
1	52	44
1	52	45
1	52	46
1	52	47
1	52	48
1	52	49
1	52	50
1	52	51
1	52	52
1	52	53
1	52	54
1	52	55
1	52	56
1	52	57
1	52	58
1	52	59
1	52	60
1	52	61
1	52	62
1	52	63
1	53	0
1	53	1
1	53	2
1	53	3
1	53	4
1	53	5
1	53	44
1	53	45
1	53	46
1	53	47
1	53	48
1	53	49
1	53	50
1	53	51
1	53	52
1	53	53
1	53	54
1	53	55
1	53	56
1	53	57
1	53	58
1	53	59
1	53	60
1	53	61
1	53	62
1	53	63
1	54	0
1	54	1
1	54	2
1	54	3
1	54	4
1	54	47
1	54	48
1	54	49
1	54	50
1	54	51
1	54	52
1	54	53
1	54	54
1	54	55
1	54	56
1	54	58
1	54	59
1	54	60
1	54	61
1	54	62
1	54	63
1	55	0
1	55	1
1	55	50
1	55	52
1	55	53
1	55	54
1	55	55
1	55	56
1	55	58
1	55	59
1	55	60
1	55	61
1	55	62
1	55	63
1	56	0
1	56	54
1	56	55
1	56	59
1	56	60
1	56	61
1	56	62
1	56	63
1	57	0
1	57	55
1	57	60
1	57	61
1	57	62
1	57	63
1	58	0
1	58	62
1	58	63
1	59	0
1	59	63
2	30	44
2	30	45
2	31	41
2	31	42
2	31	43
2	31	44
2	31	45
2	31	46
2	31	47
2	31	48
2	32	40
2	32	41
2	32	42
2	32	43
2	32	44
2	32	45
2	32	46
2	32	47
2	32	48
2	32	49
2	32	50
2	33	40
2	33	41
2	33	42
2	33	43
2	33	44
2	33	45
2	33	46
2	33	47
2	33	48
2	33	49
2	33	50
2	33	51
2	34	39
2	34	40
2	34	41
2	34	42
2	34	43
2	34	44
2	34	45
2	34	46
2	34	47
2	34	48
2	34	49
2	34	50
2	34	51
2	35	38
2	35	39
2	35	40
2	35	41
2	35	42
2	35	43
2	35	44
2	35	45
2	35	46
2	35	47
2	35	48
2	35	49
2	35	50
2	35	51
2	36	37
2	36	38
2	36	39
2	36	40
2	36	41
2	36	42
2	36	43
2	36	44
2	36	45
2	36	46
2	36	47
2	36	48
2	36	49
2	36	50
2	37	38
2	37	39
2	37	40
2	37	41
2	37	42
2	37	43
2	37	44
2	37	45
2	37	46
2	37	47
2	37	48
2	37	49
2	37	50
2	38	38
2	38	39
2	38	40
2	38	41
2	38	42
2	38	43
2	38	44
2	38	45
2	38	46
2	38	47
2	38	48
2	38	49
2	39	39
2	39	40
2	39	41
2	39	42
2	39	43
2	39	44
2	39	45
2	39	46
2	39	47
2	39	48
2	40	39
2	40	40
2	40	41
2	40	42
2	40	43
2	40	44
2	40	45
2	40	46
2	40	47
2	40	48
2	41	39
2	41	40
2	41	41
2	41	42
2	41	43
2	41	44
2	41	45
2	41	46
2	41	47
2	41	48
2	41	49
2	42	40
2	42	41
2	42	42
2	42	43
2	42	44
2	42	45
2	42	46
2	42	47
2	42	48
2	42	49
2	42	50
2	42	51
2	42	52
2	42	53
2	42	54
2	42	55
2	42	56
2	42	57
2	43	1
2	43	41
2	43	42
2	43	43
2	43	44
2	43	45
2	43	46
2	43	47
2	43	48
2	43	49
2	43	50
2	43	51
2	43	52
2	43	53
2	43	54
2	43	55
2	43	56
2	43	57
2	43	58
2	44	0
2	44	1
2	44	2
2	44	44
2	44	45
2	44	46
2	44	47
2	44	48
2	44	49
2	44	50
2	44	51
2	44	52
2	44	53
2	44	54
2	44	55
2	44	56
2	44	57
2	44	58
2	44	62
2	44	63
2	45	0
2	45	1
2	45	2
2	45	3
2	45	45
2	45	46
2	45	47
2	45	48
2	45	49
2	45	50
2	45	51
2	45	52
2	45	53
2	45	54
2	45	55
2	45	56
2	45	57
2	45	58
2	45	61
2	45	62
2	45	63
2	46	0
2	46	1
2	46	2
2	46	3
2	46	46
2	46	47
2	46	48
2	46	49
2	46	50
2	46	51
2	46	52
2	46	53
2	46	54
2	46	55
2	46	56
2	46	57
2	46	58
2	46	61
2	46	62
2	46	63
2	47	0
2	47	1
2	47	2
2	47	3
2	47	4
2	47	47
2	47	48
2	47	49
2	47	50
2	47	51
2	47	52
2	47	53
2	47	54
2	47	55
2	47	56
2	47	57
2	47	58
2	47	61
2	47	62
2	47	63
2	48	0
2	48	1
2	48	2
2	48	3
2	48	4
2	48	5
2	48	47
2	48	48
2	48	49
2	48	50
2	48	51
2	48	52
2	48	53
2	48	54
2	48	55
2	48	56
2	48	57
2	48	58
2	48	59
2	48	60
2	48	61
2	48	62
2	48	63
2	49	0
2	49	1
2	49	2
2	49	3
2	49	4
2	49	5
2	49	47
2	49	48
2	49	49
2	49	50
2	49	51
2	49	52
2	49	53
2	49	54
2	49	55
2	49	56
2	49	57
2	49	58
2	49	59
2	49	60
2	49	61
2	49	62
2	49	63
2	50	0
2	50	1
2	50	2
2	50	3
2	50	4
2	50	5
2	50	47
2	50	48
2	50	49
2	50	50
2	50	51
2	50	52
2	50	53
2	50	54
2	50	55
2	50	56
2	50	57
2	50	58
2	50	59
2	50	60
2	50	61
2	50	62
2	50	63
2	51	0
2	51	1
2	51	2
2	51	3
2	51	4
2	51	5
2	51	44
2	51	45
2	51	46
2	51	47
2	51	48
2	51	49
2	51	50
2	51	51
2	51	52
2	51	53
2	51	54
2	51	55
2	51	56
2	51	57
2	51	58
2	51	59
2	51	60
2	51	61
2	51	62
2	51	63
2	52	0
2	52	1
2	52	2
2	52	3
2	52	4
2	52	43
2	52	44
2	52	45
2	52	46
2	52	47
2	52	48
2	52	49
2	52	50
2	52	51
2	52	52
2	52	53
2	52	54
2	52	55
2	52	56
2	52	57
2	52	58
2	52	59
2	52	60
2	52	61
2	52	62
2	52	63
2	53	0
2	53	1
2	53	2
2	53	3
2	53	4
2	53	43
2	53	44
2	53	45
2	53	46
2	53	47
2	53	48
2	53	49
2	53	50
2	53	51
2	53	52
2	53	53
2	53	54
2	53	55
2	53	56
2	53	57
2	53	58
2	53	59
2	53	60
2	53	61
2	53	62
2	53	63
2	54	0
2	54	1
2	54	2
2	54	43
2	54	44
2	54	45
2	54	46
2	54	47
2	54	48
2	54	49
2	54	50
2	54	51
2	54	52
2	54	53
2	54	54
2	54	55
2	54	56
2	54	57
2	54	58
2	54	59
2	54	60
2	54	61
2	54	62
2	54	63
2	55	0
2	55	1
2	55	46
2	55	47
2	55	50
2	55	51
2	55	52
2	55	53
2	55	54
2	55	55
2	55	56
2	55	57
2	55	58
2	55	59
2	55	60
2	55	61
2	55	62
2	55	63
2	56	0
2	56	1
2	56	54
2	56	55
2	56	56
2	56	57
2	56	59
2	56	60
2	56	61
2	56	62
2	56	63
2	57	0
2	57	55
2	57	56
2	57	59
2	57	60
2	57	61
2	57	62
2	57	63
2	58	0
2	58	59
2	58	60
2	58	61
2	58	62
2	58	63
2	59	63
2	60	62
2	60	63
3	30	43
3	30	44
3	30	45
3	30	46
3	31	41
3	31	42
3	31	43
3	31	44
3	31	45
3	31	46
3	31	47
3	31	48
3	32	40
3	32	41
3	32	42
3	32	43
3	32	44
3	32	45
3	32	46
3	32	47
3	32	48
3	32	49
3	33	40
3	33	41
3	33	42
3	33	43
3	33	44
3	33	45
3	33	46
3	33	47
3	33	48
3	33	49
3	33	50
3	33	51
3	34	39
3	34	40
3	34	41
3	34	42
3	34	43
3	34	44
3	34	45
3	34	46
3	34	47
3	34	48
3	34	49
3	34	50
3	34	51
3	34	52
3	35	38
3	35	39
3	35	40
3	35	41
3	35	42
3	35	43
3	35	44
3	35	45
3	35	46
3	35	47
3	35	48
3	35	49
3	35	50
3	35	51
3	36	37
3	36	38
3	36	39
3	36	40
3	36	41
3	36	42
3	36	43
3	36	44
3	36	45
3	36	46
3	36	47
3	36	48
3	36	49
3	36	50
3	37	37
3	37	38
3	37	39
3	37	40
3	37	41
3	37	42
3	37	43
3	37	44
3	37	45
3	37	46
3	37	47
3	37	48
3	37	49
3	38	37
3	38	38
3	38	39
3	38	40
3	38	41
3	38	42
3	38	43
3	38	44
3	38	45
3	38	46
3	38	47
3	38	48
3	39	38
3	39	39
3	39	40
3	39	41
3	39	42
3	39	43
3	39	44
3	39	45
3	39	46
3	39	47
3	39	48
3	40	38
3	40	39
3	40	40
3	40	41
3	40	42
3	40	43
3	40	44
3	40	45
3	40	46
3	40	47
3	40	48
3	41	39
3	41	40
3	41	41
3	41	42
3	41	43
3	41	44
3	41	45
3	41	46
3	41	47
3	41	48
3	41	49
3	41	57
3	42	39
3	42	40
3	42	41
3	42	42
3	42	43
3	42	44
3	42	45
3	42	46
3	42	47
3	42	48
3	42	49
3	42	50
3	42	51
3	42	52
3	42	53
3	42	54
3	42	55
3	42	56
3	42	57
3	42	58
3	43	1
3	43	2
3	43	40
3	43	41
3	43	42
3	43	43
3	43	44
3	43	45
3	43	46
3	43	47
3	43	48
3	43	49
3	43	50
3	43	51
3	43	52
3	43	53
3	43	54
3	43	55
3	43	56
3	43	57
3	43	58
3	43	63
3	44	0
3	44	1
3	44	2
3	44	3
3	44	41
3	44	42
3	44	44
3	44	45
3	44	46
3	44	47
3	44	48
3	44	49
3	44	50
3	44	51
3	44	52
3	44	53
3	44	54
3	44	55
3	44	56
3	44	57
3	44	58
3	44	59
3	44	62
3	44	63
3	45	0
3	45	1
3	45	2
3	45	3
3	45	45
3	45	46
3	45	47
3	45	48
3	45	49
3	45	50
3	45	51
3	45	52
3	45	53
3	45	54
3	45	55
3	45	56
3	45	57
3	45	58
3	45	62
3	45	63
3	46	0
3	46	1
3	46	2
3	46	3
3	46	4
3	46	46
3	46	47
3	46	48
3	46	49
3	46	50
3	46	51
3	46	52
3	46	53
3	46	54
3	46	55
3	46	56
3	46	57
3	46	58
3	46	61
3	46	62
3	46	63
3	47	0
3	47	1
3	47	2
3	47	3
3	47	4
3	47	46
3	47	47
3	47	48
3	47	49
3	47	50
3	47	51
3	47	52
3	47	53
3	47	54
3	47	55
3	47	56
3	47	57
3	47	58
3	47	61
3	47	62
3	47	63
3	48	0
3	48	1
3	48	2
3	48	3
3	48	4
3	48	46
3	48	47
3	48	48
3	48	49
3	48	50
3	48	51
3	48	52
3	48	53
3	48	54
3	48	55
3	48	56
3	48	57
3	48	58
3	48	59
3	48	60
3	48	61
3	48	62
3	48	63
3	49	0
3	49	1
3	49	2
3	49	3
3	49	4
3	49	5
3	49	46
3	49	47
3	49	48
3	49	49
3	49	50
3	49	51
3	49	52
3	49	53
3	49	54
3	49	55
3	49	56
3	49	57
3	49	58
3	49	59
3	49	60
3	49	61
3	49	62
3	49	63
3	50	0
3	50	1
3	50	2
3	50	3
3	50	4
3	50	5
3	50	45
3	50	46
3	50	47
3	50	48
3	50	49
3	50	50
3	50	51
3	50	52
3	50	53
3	50	54
3	50	55
3	50	56
3	50	57
3	50	58
3	50	59
3	50	60
3	50	61
3	50	62
3	50	63
3	51	0
3	51	1
3	51	2
3	51	3
3	51	4
3	51	5
3	51	44
3	51	45
3	51	46
3	51	47
3	51	48
3	51	49
3	51	50
3	51	51
3	51	52
3	51	53
3	51	54
3	51	55
3	51	56
3	51	57
3	51	58
3	51	59
3	51	60
3	51	61
3	51	62
3	51	63
3	52	0
3	52	1
3	52	2
3	52	3
3	52	4
3	52	44
3	52	45
3	52	46
3	52	47
3	52	48
3	52	49
3	52	50
3	52	51
3	52	52
3	52	53
3	52	54
3	52	55
3	52	56
3	52	57
3	52	58
3	52	59
3	52	60
3	52	61
3	52	62
3	52	63
3	53	0
3	53	1
3	53	2
3	53	44
3	53	45
3	53	46
3	53	47
3	53	48
3	53	49
3	53	50
3	53	51
3	53	52
3	53	53
3	53	54
3	53	55
3	53	56
3	53	57
3	53	58
3	53	59
3	53	60
3	53	61
3	53	62
3	53	63
3	54	0
3	54	1
3	54	45
3	54	46
3	54	47
3	54	48
3	54	49
3	54	50
3	54	51
3	54	52
3	54	53
3	54	54
3	54	55
3	54	56
3	54	57
3	54	58
3	54	59
3	54	60
3	54	61
3	54	62
3	54	63
3	55	0
3	55	1
3	55	49
3	55	50
3	55	51
3	55	52
3	55	53
3	55	54
3	55	55
3	55	56
3	55	57
3	55	58
3	55	59
3	55	60
3	55	61
3	55	62
3	55	63
3	56	0
3	56	1
3	56	54
3	56	55
3	56	56
3	56	59
3	56	60
3	56	61
3	56	62
3	56	63
3	57	0
3	57	1
3	57	55
3	57	59
3	57	60
3	57	61
3	57	62
3	57	63
3	58	0
3	58	61
3	58	62
3	58	63
3	59	0
3	59	61
3	59	62
3	59	63
3	60	0
3	60	62
3	60	63
4	30	43
4	30	44
4	30	45
4	31	41
4	31	42
4	31	43
4	31	44
4	31	45
4	31	46
4	31	47
4	32	40
4	32	41
4	32	42
4	32	43
4	32	44
4	32	45
4	32	46
4	32	47
4	32	48
4	32	49
4	33	39
4	33	40
4	33	41
4	33	42
4	33	43
4	33	44
4	33	45
4	33	46
4	33	47
4	33	48
4	33	49
4	33	50
4	33	51
4	34	39
4	34	40
4	34	41
4	34	42
4	34	43
4	34	44
4	34	45
4	34	46
4	34	47
4	34	48
4	34	49
4	34	50
4	34	51
4	34	52
4	34	53
4	34	54
4	35	38
4	35	39
4	35	40
4	35	41
4	35	42
4	35	43
4	35	44
4	35	45
4	35	46
4	35	47
4	35	48
4	35	49
4	35	50
4	35	51
4	35	52
4	35	53
4	36	38
4	36	39
4	36	40
4	36	41
4	36	42
4	36	43
4	36	44
4	36	45
4	36	46
4	36	47
4	36	48
4	36	49
4	36	50
4	36	51
4	37	37
4	37	38
4	37	39
4	37	40
4	37	41
4	37	42
4	37	43
4	37	44
4	37	45
4	37	46
4	37	47
4	37	48
4	37	49
4	38	37
4	38	38
4	38	39
4	38	40
4	38	41
4	38	42
4	38	43
4	38	44
4	38	45
4	38	46
4	38	47
4	38	48
4	38	49
4	39	37
4	39	38
4	39	39
4	39	40
4	39	41
4	39	42
4	39	43
4	39	44
4	39	45
4	39	46
4	39	47
4	39	48
4	40	38
4	40	39
4	40	40
4	40	41
4	40	42
4	40	43
4	40	44
4	40	45
4	40	46
4	40	47
4	40	48
4	41	39
4	41	40
4	41	41
4	41	42
4	41	43
4	41	44
4	41	45
4	41	46
4	41	47
4	41	48
4	41	49
4	41	50
4	41	51
4	41	57
4	42	39
4	42	40
4	42	41
4	42	42
4	42	43
4	42	44
4	42	45
4	42	46
4	42	47
4	42	48
4	42	49
4	42	50
4	42	51
4	42	52
4	42	53
4	42	54
4	42	55
4	42	56
4	42	57
4	42	58
4	43	1
4	43	2
4	43	3
4	43	39
4	43	40
4	43	41
4	43	42
4	43	43
4	43	44
4	43	46
4	43	47
4	43	48
4	43	49
4	43	50
4	43	51
4	43	52
4	43	53
4	43	54
4	43	55
4	43	56
4	43	57
4	43	58
4	43	59
4	43	63
4	44	0
4	44	1
4	44	2
4	44	3
4	44	40
4	44	41
4	44	42
4	44	45
4	44	46
4	44	47
4	44	48
4	44	49
4	44	50
4	44	51
4	44	52
4	44	53
4	44	54
4	44	55
4	44	56
4	44	57
4	44	58
4	44	59
4	44	62
4	44	63
4	45	0
4	45	1
4	45	2
4	45	3
4	45	45
4	45	46
4	45	47
4	45	48
4	45	49
4	45	50
4	45	51
4	45	52
4	45	53
4	45	54
4	45	55
4	45	56
4	45	57
4	45	58
4	45	59
4	45	62
4	45	63
4	46	0
4	46	1
4	46	2
4	46	3
4	46	46
4	46	47
4	46	48
4	46	49
4	46	50
4	46	51
4	46	52
4	46	53
4	46	54
4	46	55
4	46	56
4	46	57
4	46	58
4	46	59
4	46	62
4	46	63
4	47	0
4	47	1
4	47	2
4	47	3
4	47	4
4	47	46
4	47	47
4	47	48
4	47	49
4	47	50
4	47	51
4	47	52
4	47	53
4	47	54
4	47	55
4	47	56
4	47	57
4	47	58
4	47	59
4	47	61
4	47	62
4	47	63
4	48	0
4	48	1
4	48	2
4	48	3
4	48	4
4	48	46
4	48	47
4	48	48
4	48	49
4	48	50
4	48	51
4	48	52
4	48	53
4	48	54
4	48	55
4	48	56
4	48	57
4	48	58
4	48	59
4	48	60
4	48	61
4	48	62
4	48	63
4	49	0
4	49	1
4	49	2
4	49	3
4	49	4
4	49	46
4	49	47
4	49	48
4	49	49
4	49	50
4	49	51
4	49	52
4	49	53
4	49	54
4	49	55
4	49	56
4	49	57
4	49	58
4	49	59
4	49	60
4	49	61
4	49	62
4	49	63
4	50	0
4	50	1
4	50	2
4	50	3
4	50	4
4	50	5
4	50	45
4	50	46
4	50	47
4	50	48
4	50	49
4	50	50
4	50	51
4	50	52
4	50	53
4	50	54
4	50	55
4	50	56
4	50	57
4	50	58
4	50	59
4	50	60
4	50	61
4	50	62
4	50	63
4	51	0
4	51	1
4	51	3
4	51	4
4	51	44
4	51	45
4	51	46
4	51	47
4	51	48
4	51	49
4	51	50
4	51	51
4	51	52
4	51	53
4	51	54
4	51	55
4	51	56
4	51	57
4	51	58
4	51	59
4	51	60
4	51	61
4	51	62
4	51	63
4	52	0
4	52	1
4	52	2
4	52	45
4	52	46
4	52	47
4	52	48
4	52	49
4	52	50
4	52	51
4	52	52
4	52	53
4	52	54
4	52	55
4	52	56
4	52	57
4	52	58
4	52	59
4	52	60
4	52	61
4	52	62
4	52	63
4	53	0
4	53	1
4	53	2
4	53	46
4	53	47
4	53	48
4	53	49
4	53	50
4	53	51
4	53	52
4	53	53
4	53	54
4	53	55
4	53	56
4	53	57
4	53	58
4	53	59
4	53	60
4	53	61
4	53	62
4	53	63
4	54	0
4	54	1
4	54	48
4	54	49
4	54	50
4	54	51
4	54	52
4	54	53
4	54	54
4	54	55
4	54	56
4	54	57
4	54	58
4	54	59
4	54	60
4	54	61
4	54	62
4	54	63
4	55	0
4	55	48
4	55	49
4	55	50
4	55	51
4	55	52
4	55	53
4	55	54
4	55	55
4	55	56
4	55	57
4	55	58
4	55	59
4	55	60
4	55	61
4	55	62
4	55	63
4	56	0
4	56	50
4	56	54
4	56	55
4	56	56
4	56	57
4	56	58
4	56	59
4	56	60
4	56	61
4	56	62
4	56	63
4	57	0
4	57	55
4	57	56
4	57	57
4	57	62
4	57	63
4	58	62
4	58	63
4	59	62
4	59	63
4	60	62
4	60	63
4	61	63
5	31	41
5	31	42
5	31	43
5	31	44
5	31	45
5	31	46
5	31	47
5	32	39
5	32	40
5	32	41
5	32	42
5	32	43
5	32	44
5	32	45
5	32	46
5	32	47
5	32	48
5	32	49
5	33	39
5	33	40
5	33	41
5	33	42
5	33	43
5	33	44
5	33	45
5	33	46
5	33	47
5	33	48
5	33	49
5	33	50
5	34	39
5	34	40
5	34	41
5	34	42
5	34	43
5	34	44
5	34	45
5	34	46
5	34	47
5	34	48
5	34	49
5	34	50
5	34	51
5	34	52
5	34	53
5	35	38
5	35	39
5	35	40
5	35	41
5	35	42
5	35	43
5	35	44
5	35	45
5	35	46
5	35	47
5	35	48
5	35	49
5	35	50
5	35	51
5	35	52
5	35	53
5	35	54
5	36	38
5	36	39
5	36	40
5	36	41
5	36	42
5	36	43
5	36	44
5	36	45
5	36	46
5	36	47
5	36	48
5	36	49
5	36	50
5	36	51
5	36	52
5	37	37
5	37	38
5	37	39
5	37	40
5	37	41
5	37	42
5	37	43
5	37	44
5	37	45
5	37	46
5	37	47
5	37	48
5	37	49
5	38	37
5	38	38
5	38	39
5	38	40
5	38	41
5	38	42
5	38	43
5	38	44
5	38	45
5	38	46
5	38	47
5	38	48
5	38	49
5	38	50
5	39	37
5	39	38
5	39	39
5	39	40
5	39	41
5	39	42
5	39	43
5	39	44
5	39	45
5	39	46
5	39	47
5	39	48
5	40	38
5	40	39
5	40	40
5	40	41
5	40	42
5	40	43
5	40	44
5	40	45
5	40	46
5	40	47
5	40	48
5	40	49
5	40	50
5	40	51
5	40	52
5	41	39
5	41	40
5	41	41
5	41	42
5	41	43
5	41	44
5	41	45
5	41	46
5	41	47
5	41	49
5	41	50
5	41	51
5	41	52
5	41	53
5	41	54
5	41	55
5	41	56
5	42	2
5	42	39
5	42	40
5	42	41
5	42	42
5	42	43
5	42	44
5	42	45
5	42	46
5	42	47
5	42	48
5	42	49
5	42	50
5	42	51
5	42	52
5	42	53
5	42	54
5	42	55
5	42	56
5	42	57
5	43	1
5	43	2
5	43	3
5	43	39
5	43	40
5	43	41
5	43	42
5	43	43
5	43	46
5	43	47
5	43	48
5	43	49
5	43	50
5	43	51
5	43	52
5	43	53
5	43	54
5	43	55
5	43	56
5	43	57
5	43	58
5	44	0
5	44	1
5	44	2
5	44	3
5	44	40
5	44	41
5	44	42
5	44	46
5	44	47
5	44	48
5	44	49
5	44	50
5	44	51
5	44	52
5	44	53
5	44	54
5	44	55
5	44	56
5	44	57
5	44	58
5	44	59
5	44	63
5	45	0
5	45	1
5	45	2
5	45	3
5	45	42
5	45	45
5	45	46
5	45	47
5	45	48
5	45	49
5	45	50
5	45	51
5	45	52
5	45	53
5	45	54
5	45	55
5	45	56
5	45	57
5	45	58
5	45	59
5	45	62
5	45	63
5	46	0
5	46	1
5	46	2
5	46	3
5	46	46
5	46	47
5	46	48
5	46	49
5	46	50
5	46	51
5	46	52
5	46	53
5	46	54
5	46	55
5	46	56
5	46	57
5	46	58
5	46	59
5	46	60
5	46	61
5	46	62
5	46	63
5	47	0
5	47	1
5	47	2
5	47	3
5	47	4
5	47	45
5	47	46
5	47	47
5	47	48
5	47	49
5	47	50
5	47	51
5	47	52
5	47	53
5	47	54
5	47	55
5	47	56
5	47	57
5	47	58
5	47	59
5	47	60
5	47	61
5	47	62
5	47	63
5	48	0
5	48	1
5	48	2
5	48	3
5	48	4
5	48	45
5	48	46
5	48	47
5	48	48
5	48	49
5	48	50
5	48	51
5	48	52
5	48	53
5	48	54
5	48	55
5	48	56
5	48	57
5	48	58
5	48	59
5	48	60
5	48	61
5	48	62
5	48	63
5	49	0
5	49	1
5	49	2
5	49	3
5	49	4
5	49	45
5	49	46
5	49	47
5	49	48
5	49	49
5	49	50
5	49	51
5	49	52
5	49	53
5	49	54
5	49	55
5	49	56
5	49	57
5	49	58
5	49	59
5	49	60
5	49	61
5	49	62
5	49	63
5	50	0
5	50	1
5	50	3
5	50	4
5	50	5
5	50	45
5	50	46
5	50	47
5	50	48
5	50	49
5	50	50
5	50	51
5	50	52
5	50	53
5	50	54
5	50	55
5	50	56
5	50	57
5	50	58
5	50	59
5	50	60
5	50	61
5	50	62
5	50	63
5	51	0
5	51	1
5	51	44
5	51	45
5	51	46
5	51	47
5	51	48
5	51	49
5	51	50
5	51	51
5	51	52
5	51	53
5	51	54
5	51	55
5	51	56
5	51	57
5	51	58
5	51	59
5	51	60
5	51	61
5	51	62
5	51	63
5	52	0
5	52	1
5	52	2
5	52	45
5	52	46
5	52	47
5	52	48
5	52	49
5	52	50
5	52	51
5	52	52
5	52	53
5	52	54
5	52	55
5	52	56
5	52	57
5	52	58
5	52	59
5	52	60
5	52	61
5	52	62
5	52	63
5	53	0
5	53	1
5	53	47
5	53	48
5	53	49
5	53	50
5	53	51
5	53	52
5	53	53
5	53	54
5	53	55
5	53	56
5	53	57
5	53	58
5	53	59
5	53	60
5	53	61
5	53	62
5	53	63
5	54	0
5	54	1
5	54	48
5	54	49
5	54	50
5	54	51
5	54	52
5	54	53
5	54	54
5	54	55
5	54	56
5	54	57
5	54	58
5	54	59
5	54	60
5	54	61
5	54	62
5	54	63
5	55	0
5	55	49
5	55	50
5	55	51
5	55	52
5	55	53
5	55	54
5	55	55
5	55	56
5	55	57
5	55	58
5	55	59
5	55	60
5	55	61
5	55	62
5	55	63
5	56	0
5	56	49
5	56	53
5	56	54
5	56	55
5	56	56
5	56	57
5	56	58
5	56	59
5	56	60
5	56	61
5	56	62
5	56	63
5	57	55
5	57	56
5	57	57
5	57	61
5	57	62
5	57	63
5	58	63
6	31	41
6	31	42
6	31	43
6	31	44
6	31	45
6	31	46
6	32	40
6	32	41
6	32	42
6	32	43
6	32	44
6	32	45
6	32	46
6	32	47
6	32	48
6	33	39
6	33	40
6	33	41
6	33	42
6	33	43
6	33	44
6	33	45
6	33	46
6	33	47
6	33	48
6	33	49
6	33	50
6	34	39
6	34	40
6	34	41
6	34	42
6	34	43
6	34	44
6	34	45
6	34	46
6	34	47
6	34	48
6	34	49
6	34	50
6	34	51
6	35	39
6	35	40
6	35	41
6	35	42
6	35	43
6	35	44
6	35	45
6	35	46
6	35	47
6	35	48
6	35	49
6	35	50
6	35	51
6	35	52
6	35	53
6	36	38
6	36	39
6	36	40
6	36	41
6	36	42
6	36	43
6	36	44
6	36	45
6	36	46
6	36	47
6	36	48
6	36	49
6	36	50
6	36	51
6	36	52
6	36	53
6	37	38
6	37	39
6	37	40
6	37	41
6	37	42
6	37	43
6	37	44
6	37	45
6	37	46
6	37	47
6	37	48
6	37	49
6	37	50
6	37	51
6	38	37
6	38	38
6	38	39
6	38	40
6	38	41
6	38	42
6	38	43
6	38	44
6	38	45
6	38	46
6	38	47
6	38	48
6	38	49
6	39	38
6	39	39
6	39	40
6	39	41
6	39	42
6	39	43
6	39	44
6	39	45
6	39	46
6	39	47
6	39	48
6	39	50
6	39	51
6	39	52
6	39	53
6	40	38
6	40	39
6	40	40
6	40	41
6	40	42
6	40	43
6	40	44
6	40	45
6	40	46
6	40	47
6	40	48
6	40	49
6	40	50
6	40	51
6	40	52
6	40	53
6	40	54
6	40	55
6	41	38
6	41	39
6	41	40
6	41	41
6	41	42
6	41	43
6	41	44
6	41	45
6	41	46
6	41	47
6	41	51
6	41	52
6	41	53
6	41	54
6	41	55
6	41	56
6	42	2
6	42	39
6	42	40
6	42	41
6	42	42
6	42	43
6	42	44
6	42	45
6	42	46
6	42	51
6	42	52
6	42	53
6	42	54
6	42	55
6	42	56
6	42	57
6	43	1
6	43	2
6	43	3
6	43	39
6	43	40
6	43	41
6	43	42
6	43	43
6	43	44
6	43	45
6	43	48
6	43	49
6	43	50
6	43	51
6	43	52
6	43	53
6	43	54
6	43	55
6	43	56
6	43	57
6	43	58
6	44	1
6	44	2
6	44	3
6	44	40
6	44	41
6	44	42
6	44	45
6	44	46
6	44	47
6	44	48
6	44	49
6	44	50
6	44	51
6	44	52
6	44	53
6	44	54
6	44	55
6	44	56
6	44	57
6	44	58
6	44	63
6	45	0
6	45	1
6	45	2
6	45	3
6	45	42
6	45	45
6	45	46
6	45	47
6	45	48
6	45	49
6	45	50
6	45	51
6	45	52
6	45	53
6	45	54
6	45	55
6	45	56
6	45	57
6	45	58
6	45	59
6	45	62
6	45	63
6	46	0
6	46	1
6	46	2
6	46	3
6	46	44
6	46	45
6	46	46
6	46	47
6	46	48
6	46	49
6	46	50
6	46	51
6	46	52
6	46	53
6	46	54
6	46	55
6	46	56
6	46	57
6	46	58
6	46	59
6	46	60
6	46	61
6	46	62
6	46	63
6	47	0
6	47	1
6	47	2
6	47	3
6	47	44
6	47	45
6	47	46
6	47	47
6	47	48
6	47	49
6	47	50
6	47	51
6	47	52
6	47	53
6	47	54
6	47	55
6	47	56
6	47	57
6	47	58
6	47	59
6	47	60
6	47	61
6	47	62
6	47	63
6	48	0
6	48	1
6	48	2
6	48	3
6	48	44
6	48	45
6	48	46
6	48	47
6	48	48
6	48	49
6	48	50
6	48	51
6	48	52
6	48	53
6	48	54
6	48	55
6	48	56
6	48	57
6	48	58
6	48	59
6	48	60
6	48	61
6	48	62
6	48	63
6	49	0
6	49	1
6	49	2
6	49	44
6	49	45
6	49	46
6	49	47
6	49	48
6	49	49
6	49	50
6	49	51
6	49	52
6	49	53
6	49	54
6	49	55
6	49	56
6	49	57
6	49	58
6	49	59
6	49	60
6	49	61
6	49	62
6	49	63
6	50	0
6	50	1
6	50	2
6	50	43
6	50	44
6	50	45
6	50	46
6	50	47
6	50	48
6	50	49
6	50	50
6	50	51
6	50	52
6	50	53
6	50	54
6	50	55
6	50	56
6	50	57
6	50	58
6	50	59
6	50	60
6	50	61
6	50	62
6	50	63
6	51	0
6	51	1
6	51	2
6	51	44
6	51	45
6	51	46
6	51	47
6	51	48
6	51	49
6	51	50
6	51	51
6	51	52
6	51	53
6	51	54
6	51	55
6	51	56
6	51	57
6	51	58
6	51	59
6	51	60
6	51	61
6	51	62
6	51	63
6	52	0
6	52	1
6	52	45
6	52	46
6	52	47
6	52	48
6	52	49
6	52	50
6	52	51
6	52	52
6	52	53
6	52	54
6	52	55
6	52	56
6	52	57
6	52	58
6	52	59
6	52	60
6	52	61
6	52	62
6	52	63
6	53	0
6	53	1
6	53	47
6	53	48
6	53	49
6	53	50
6	53	51
6	53	52
6	53	53
6	53	54
6	53	55
6	53	56
6	53	57
6	53	58
6	53	59
6	53	60
6	53	61
6	53	62
6	53	63
6	54	0
6	54	48
6	54	49
6	54	50
6	54	51
6	54	52
6	54	53
6	54	54
6	54	55
6	54	56
6	54	57
6	54	58
6	54	59
6	54	60
6	54	61
6	54	62
6	54	63
6	55	0
6	55	49
6	55	50
6	55	51
6	55	52
6	55	53
6	55	54
6	55	55
6	55	56
6	55	57
6	55	58
6	55	59
6	55	60
6	55	61
6	55	62
6	55	63
6	56	50
6	56	51
6	56	53
6	56	54
6	56	55
6	56	56
6	56	57
6	56	58
6	56	59
6	56	60
6	56	61
6	56	62
6	56	63
6	57	54
6	57	55
6	57	56
6	57	57
6	57	58
6	57	59
6	57	60
6	57	61
6	57	62
6	57	63
6	58	62
6	60	62
7	31	42
7	31	43
7	31	44
7	31	45
7	32	40
7	32	41
7	32	42
7	32	43
7	32	44
7	32	45
7	32	46
7	32	47
7	32	48
7	33	40
7	33	41
7	33	42
7	33	43
7	33	44
7	33	45
7	33	46
7	33	47
7	33	48
7	33	49
7	33	50
7	34	39
7	34	40
7	34	41
7	34	42
7	34	43
7	34	44
7	34	45
7	34	46
7	34	47
7	34	48
7	34	49
7	34	50
7	34	51
7	35	39
7	35	40
7	35	41
7	35	42
7	35	43
7	35	44
7	35	45
7	35	46
7	35	47
7	35	48
7	35	49
7	35	50
7	35	51
7	36	39
7	36	40
7	36	41
7	36	42
7	36	43
7	36	44
7	36	45
7	36	46
7	36	47
7	36	48
7	36	49
7	36	50
7	36	51
7	37	38
7	37	39
7	37	40
7	37	41
7	37	42
7	37	43
7	37	44
7	37	45
7	37	46
7	37	47
7	37	48
7	37	49
7	37	50
7	38	38
7	38	39
7	38	40
7	38	41
7	38	42
7	38	43
7	38	44
7	38	45
7	38	46
7	38	47
7	38	48
7	38	49
7	38	51
7	38	52
7	38	53
7	38	54
7	39	38
7	39	39
7	39	40
7	39	41
7	39	42
7	39	43
7	39	44
7	39	45
7	39	46
7	39	47
7	39	48
7	39	52
7	39	53
7	39	54
7	39	55
7	39	56
7	40	38
7	40	39
7	40	40
7	40	41
7	40	42
7	40	43
7	40	44
7	40	45
7	40	46
7	40	47
7	40	52
7	40	53
7	40	54
7	40	55
7	40	56
7	41	39
7	41	40
7	41	41
7	41	42
7	41	43
7	41	44
7	41	45
7	41	46
7	41	52
7	41	53
7	41	54
7	41	55
7	41	56
7	42	39
7	42	40
7	42	41
7	42	42
7	42	43
7	42	44
7	42	45
7	42	46
7	42	51
7	42	52
7	42	53
7	42	54
7	42	55
7	42	56
7	43	2
7	43	3
7	43	39
7	43	40
7	43	41
7	43	42
7	43	43
7	43	44
7	43	45
7	43	51
7	43	52
7	43	53
7	43	54
7	43	55
7	43	56
7	43	57
7	44	1
7	44	2
7	44	39
7	44	40
7	44	41
7	44	42
7	44	50
7	44	51
7	44	52
7	44	53
7	44	54
7	44	55
7	44	56
7	44	57
7	44	58
7	45	0
7	45	1
7	45	2
7	45	42
7	45	46
7	45	47
7	45	48
7	45	49
7	45	50
7	45	51
7	45	52
7	45	53
7	45	54
7	45	55
7	45	56
7	45	57
7	45	58
7	45	63
7	46	0
7	46	1
7	46	2
7	46	43
7	46	44
7	46	45
7	46	46
7	46	47
7	46	48
7	46	49
7	46	50
7	46	51
7	46	52
7	46	53
7	46	54
7	46	55
7	46	56
7	46	57
7	46	58
7	46	59
7	46	60
7	46	61
7	46	62
7	46	63
7	47	0
7	47	1
7	47	43
7	47	44
7	47	45
7	47	46
7	47	47
7	47	48
7	47	49
7	47	50
7	47	51
7	47	52
7	47	53
7	47	54
7	47	55
7	47	56
7	47	57
7	47	58
7	47	59
7	47	60
7	47	61
7	47	62
7	47	63
7	48	0
7	48	43
7	48	44
7	48	45
7	48	46
7	48	47
7	48	48
7	48	49
7	48	50
7	48	51
7	48	52
7	48	53
7	48	54
7	48	55
7	48	56
7	48	57
7	48	58
7	48	59
7	48	60
7	48	61
7	48	62
7	48	63
7	49	0
7	49	1
7	49	42
7	49	43
7	49	44
7	49	45
7	49	46
7	49	47
7	49	48
7	49	49
7	49	50
7	49	51
7	49	52
7	49	53
7	49	54
7	49	55
7	49	56
7	49	57
7	49	58
7	49	59
7	49	60
7	49	61
7	49	62
7	49	63
7	50	0
7	50	1
7	50	43
7	50	44
7	50	45
7	50	46
7	50	47
7	50	48
7	50	49
7	50	50
7	50	51
7	50	52
7	50	53
7	50	54
7	50	55
7	50	56
7	50	57
7	50	58
7	50	59
7	50	60
7	50	61
7	50	62
7	50	63
7	51	0
7	51	1
7	51	46
7	51	47
7	51	48
7	51	49
7	51	50
7	51	51
7	51	52
7	51	53
7	51	54
7	51	55
7	51	56
7	51	57
7	51	58
7	51	59
7	51	60
7	51	61
7	51	62
7	51	63
7	52	0
7	52	1
7	52	48
7	52	49
7	52	50
7	52	51
7	52	52
7	52	53
7	52	54
7	52	55
7	52	56
7	52	57
7	52	58
7	52	59
7	52	60
7	52	61
7	52	62
7	52	63
7	53	0
7	53	48
7	53	49
7	53	50
7	53	51
7	53	52
7	53	53
7	53	54
7	53	55
7	53	56
7	53	57
7	53	58
7	53	59
7	53	60
7	53	61
7	53	62
7	53	63
7	54	48
7	54	49
7	54	50
7	54	51
7	54	52
7	54	53
7	54	54
7	54	55
7	54	56
7	54	57
7	54	58
7	54	59
7	54	60
7	54	61
7	54	62
7	54	63
7	55	49
7	55	51
7	55	52
7	55	53
7	55	54
7	55	55
7	55	56
7	55	57
7	55	58
7	55	59
7	55	60
7	55	61
7	55	62
7	55	63
7	56	50
7	56	51
7	56	52
7	56	53
7	56	54
7	56	55
7	56	56
7	56	57
7	56	58
7	56	59
7	56	60
7	56	61
7	56	62
7	56	63
7	57	51
7	57	52
7	57	54
7	57	55
7	57	56
7	57	57
7	57	58
7	57	59
7	57	60
7	57	61
7	57	62
7	57	63
7	58	58
7	58	59
7	58	60
7	58	61
7	58	62
7	59	61
7	59	62
7	60	62
8	31	43
8	31	44
8	32	41
8	32	42
8	32	43
8	32	44
8	32	45
8	32	46
8	32	47
8	33	40
8	33	41
8	33	42
8	33	43
8	33	44
8	33	45
8	33	46
8	33	47
8	33	48
8	33	49
8	34	40
8	34	41
8	34	42
8	34	43
8	34	44
8	34	45
8	34	46
8	34	47
8	34	48
8	34	49
8	34	50
8	34	51
8	35	39
8	35	40
8	35	41
8	35	42
8	35	43
8	35	44
8	35	45
8	35	46
8	35	47
8	35	48
8	35	49
8	35	50
8	35	51
8	36	39
8	36	40
8	36	41
8	36	42
8	36	43
8	36	44
8	36	45
8	36	46
8	36	47
8	36	48
8	36	49
8	36	50
8	37	38
8	37	39
8	37	40
8	37	41
8	37	42
8	37	43
8	37	44
8	37	45
8	37	46
8	37	47
8	37	48
8	37	49
8	37	50
8	38	38
8	38	39
8	38	40
8	38	41
8	38	42
8	38	43
8	38	44
8	38	45
8	38	46
8	38	47
8	38	48
8	38	49
8	38	53
8	38	54
8	38	55
8	38	56
8	39	38
8	39	39
8	39	40
8	39	41
8	39	42
8	39	43
8	39	45
8	39	46
8	39	47
8	39	48
8	39	53
8	39	54
8	39	55
8	39	56
8	40	39
8	40	40
8	40	41
8	40	42
8	40	43
8	40	45
8	40	46
8	40	53
8	40	54
8	40	55
8	40	56
8	41	39
8	41	40
8	41	41
8	41	45
8	41	52
8	41	53
8	41	54
8	41	55
8	42	40
8	42	41
8	42	42
8	42	43
8	42	44
8	42	52
8	42	53
8	42	54
8	42	55
8	42	56
8	43	40
8	43	41
8	43	42
8	43	43
8	43	51
8	43	52
8	43	53
8	43	54
8	43	55
8	43	56
8	44	40
8	44	41
8	44	42
8	44	51
8	44	52
8	44	53
8	44	54
8	44	55
8	44	56
8	44	57
8	45	39
8	45	40
8	45	41
8	45	50
8	45	51
8	45	52
8	45	53
8	45	54
8	45	55
8	45	56
8	45	57
8	45	58
8	46	48
8	46	49
8	46	50
8	46	51
8	46	52
8	46	53
8	46	54
8	46	55
8	46	56
8	46	57
8	46	58
8	46	59
8	46	63
8	47	42
8	47	45
8	47	46
8	47	47
8	47	48
8	47	49
8	47	50
8	47	51
8	47	52
8	47	53
8	47	54
8	47	55
8	47	56
8	47	57
8	47	58
8	47	59
8	47	60
8	47	61
8	47	62
8	47	63
8	48	41
8	48	42
8	48	43
8	48	44
8	48	45
8	48	46
8	48	47
8	48	48
8	48	49
8	48	50
8	48	51
8	48	52
8	48	53
8	48	54
8	48	55
8	48	56
8	48	57
8	48	58
8	48	59
8	48	60
8	48	61
8	48	62
8	48	63
8	49	0
8	49	42
8	49	43
8	49	44
8	49	45
8	49	46
8	49	47
8	49	48
8	49	49
8	49	50
8	49	51
8	49	52
8	49	53
8	49	54
8	49	55
8	49	56
8	49	57
8	49	58
8	49	59
8	49	60
8	49	61
8	49	62
8	49	63
8	50	0
8	50	45
8	50	46
8	50	47
8	50	48
8	50	49
8	50	50
8	50	51
8	50	52
8	50	53
8	50	54
8	50	55
8	50	56
8	50	57
8	50	58
8	50	59
8	50	60
8	50	61
8	50	62
8	50	63
8	51	0
8	51	46
8	51	47
8	51	48
8	51	49
8	51	50
8	51	51
8	51	52
8	51	53
8	51	54
8	51	55
8	51	56
8	51	57
8	51	58
8	51	59
8	51	60
8	51	61
8	51	62
8	51	63
8	52	0
8	52	47
8	52	48
8	52	49
8	52	50
8	52	51
8	52	52
8	52	53
8	52	54
8	52	55
8	52	56
8	52	57
8	52	58
8	52	59
8	52	60
8	52	61
8	52	62
8	52	63
8	53	48
8	53	49
8	53	50
8	53	51
8	53	52
8	53	53
8	53	54
8	53	55
8	53	56
8	53	57
8	53	58
8	53	59
8	53	60
8	53	61
8	53	62
8	53	63
8	54	52
8	54	53
8	54	54
8	54	55
8	54	56
8	54	57
8	54	58
8	54	59
8	54	60
8	54	61
8	54	62
8	54	63
8	55	51
8	55	52
8	55	53
8	55	54
8	55	55
8	55	56
8	55	57
8	55	58
8	55	59
8	55	60
8	55	61
8	55	62
8	55	63
8	56	51
8	56	52
8	56	53
8	56	54
8	56	55
8	56	56
8	56	57
8	56	58
8	56	59
8	56	60
8	56	61
8	56	62
8	56	63
8	57	51
8	57	52
8	57	53
8	57	54
8	57	55
8	57	56
8	57	57
8	57	58
8	57	59
8	57	60
8	57	61
8	57	62
8	58	52
8	58	61
8	58	62
8	59	61
8	59	62
8	60	62
9	32	43
9	32	44
9	32	45
9	33	42
9	33	43
9	33	44
9	33	45
9	33	46
9	33	47
9	33	48
9	34	41
9	34	42
9	34	43
9	34	44
9	34	45
9	34	46
9	34	47
9	34	48
9	34	49
9	34	50
9	35	41
9	35	42
9	35	43
9	35	44
9	35	45
9	35	46
9	35	47
9	35	48
9	35	49
9	35	50
9	35	51
9	36	41
9	36	42
9	36	43
9	36	44
9	36	45
9	36	46
9	36	47
9	36	48
9	36	49
9	36	50
9	37	41
9	37	42
9	37	43
9	37	44
9	37	45
9	37	46
9	37	47
9	37	48
9	37	49
9	38	38
9	38	39
9	38	40
9	38	41
9	38	42
9	38	43
9	38	44
9	38	46
9	38	47
9	38	48
9	38	49
9	38	54
9	38	55
9	39	39
9	39	40
9	39	41
9	39	46
9	39	47
9	39	54
9	39	55
9	40	40
9	40	41
9	40	53
9	40	54
9	40	55
9	41	40
9	41	41
9	41	53
9	41	54
9	41	55
9	42	40
9	42	52
9	42	53
9	42	54
9	42	55
9	43	40
9	43	41
9	43	42
9	43	52
9	43	53
9	43	54
9	43	55
9	44	40
9	44	41
9	44	42
9	44	51
9	44	52
9	44	53
9	44	54
9	44	55
9	44	56
9	45	50
9	45	51
9	45	52
9	45	53
9	45	54
9	45	55
9	45	56
9	45	57
9	46	49
9	46	50
9	46	51
9	46	52
9	46	53
9	46	54
9	46	55
9	46	56
9	46	57
9	46	58
9	47	41
9	47	47
9	47	48
9	47	49
9	47	50
9	47	51
9	47	52
9	47	53
9	47	54
9	47	55
9	47	56
9	47	57
9	47	58
9	47	59
9	48	41
9	48	42
9	48	43
9	48	45
9	48	46
9	48	47
9	48	48
9	48	49
9	48	50
9	48	51
9	48	52
9	48	53
9	48	54
9	48	55
9	48	56
9	48	57
9	48	58
9	48	59
9	48	60
9	48	61
9	48	62
9	49	45
9	49	46
9	49	47
9	49	48
9	49	49
9	49	50
9	49	51
9	49	52
9	49	53
9	49	54
9	49	55
9	49	56
9	49	57
9	49	58
9	49	59
9	49	60
9	49	61
9	49	62
9	49	63
9	50	46
9	50	47
9	50	48
9	50	49
9	50	50
9	50	51
9	50	52
9	50	53
9	50	54
9	50	55
9	50	56
9	50	57
9	50	58
9	50	59
9	50	60
9	50	61
9	50	62
9	50	63
9	51	46
9	51	47
9	51	48
9	51	49
9	51	50
9	51	51
9	51	52
9	51	53
9	51	54
9	51	55
9	51	56
9	51	57
9	51	58
9	51	59
9	51	60
9	51	61
9	51	62
9	51	63
9	52	46
9	52	47
9	52	48
9	52	49
9	52	50
9	52	51
9	52	52
9	52	53
9	52	54
9	52	55
9	52	56
9	52	57
9	52	58
9	52	59
9	52	60
9	52	61
9	52	62
9	52	63
9	53	52
9	53	53
9	53	54
9	53	55
9	53	56
9	53	57
9	53	58
9	53	59
9	53	60
9	53	61
9	53	62
9	53	63
9	54	52
9	54	53
9	54	54
9	54	55
9	54	56
9	54	57
9	54	58
9	54	59
9	54	60
9	54	61
9	54	62
9	54	63
9	55	52
9	55	53
9	55	54
9	55	55
9	55	56
9	55	57
9	55	58
9	55	59
9	55	60
9	55	61
9	55	62
9	56	52
9	56	53
9	56	54
9	56	55
9	56	56
9	56	57
9	56	58
9	56	59
9	56	60
9	56	61
9	56	62
9	57	52
9	57	53
9	57	54
9	57	55
9	57	56
9	57	62
9	58	62
10	33	43
10	33	44
10	33	45
10	33	46
10	33	47
10	34	42
10	34	43
10	34	44
10	34	45
10	34	46
10	34	47
10	34	48
10	34	49
10	34	50
10	35	42
10	35	43
10	35	44
10	35	45
10	35	46
10	35	47
10	35	48
10	35	49
10	35	50
10	36	43
10	36	44
10	36	45
10	36	46
10	36	47
10	36	48
10	36	49
10	36	50
10	37	44
10	37	45
10	37	46
10	37	47
10	37	48
10	37	49
10	38	47
10	38	48
10	39	40
10	39	54
10	39	55
10	40	54
10	40	55
10	41	53
10	41	54
10	41	55
10	42	53
10	42	54
10	42	55
10	43	52
10	43	53
10	43	54
10	43	55
10	44	51
10	44	52
10	44	53
10	44	54
10	44	55
10	45	50
10	45	51
10	45	52
10	45	53
10	45	54
10	45	55
10	45	56
10	46	50
10	46	51
10	46	52
10	46	53
10	46	54
10	46	55
10	46	56
10	46	57
10	47	48
10	47	49
10	47	50
10	47	51
10	47	52
10	47	53
10	47	54
10	47	55
10	47	56
10	47	57
10	47	58
10	48	46
10	48	47
10	48	48
10	48	49
10	48	50
10	48	51
10	48	52
10	48	53
10	48	54
10	48	55
10	48	56
10	48	57
10	48	58
10	48	59
10	49	45
10	49	46
10	49	47
10	49	48
10	49	49
10	49	50
10	49	51
10	49	52
10	49	53
10	49	54
10	49	55
10	49	56
10	49	57
10	49	58
10	49	59
10	49	60
10	49	61
10	50	46
10	50	47
10	50	48
10	50	49
10	50	50
10	50	51
10	50	52
10	50	53
10	50	54
10	50	55
10	50	56
10	50	57
10	50	58
10	50	59
10	50	60
10	50	61
10	50	62
10	51	46
10	51	47
10	51	48
10	51	49
10	51	50
10	51	51
10	51	52
10	51	53
10	51	54
10	51	55
10	51	56
10	51	57
10	51	58
10	51	59
10	51	60
10	51	61
10	51	62
10	51	63
10	52	51
10	52	52
10	52	53
10	52	54
10	52	55
10	52	56
10	52	57
10	52	58
10	52	59
10	52	60
10	52	61
10	52	62
10	52	63
10	53	52
10	53	53
10	53	54
10	53	55
10	53	56
10	53	57
10	53	58
10	53	59
10	53	60
10	53	61
10	53	62
10	53	63
10	54	53
10	54	54
10	54	55
10	54	56
10	54	57
10	54	58
10	54	59
10	54	60
10	54	61
10	54	62
10	55	53
10	55	54
10	55	55
10	55	56
10	55	57
10	55	58
10	55	59
10	55	60
10	55	61
10	55	62
10	56	53
10	56	54
10	56	55
10	56	56
10	56	61
10	56	62
10	57	56
10	57	61
10	57	62
10	58	62
10	59	62
10	60	62
10	61	61
11	34	44
11	34	45
11	34	46
11	34	47
11	34	48
11	34	49
11	35	43
11	35	44
11	35	45
11	35	46
11	35	47
11	35	48
11	35	49
11	35	50
11	36	44
11	36	45
11	36	46
11	36	47
11	36	48
11	36	49
11	36	50
11	37	45
11	37	46
11	37	47
11	37	48
11	37	49
11	38	47
11	38	48
11	38	49
11	40	54
11	41	54
11	42	53
11	42	54
11	43	52
11	43	53
11	43	54
11	43	55
11	44	51
11	44	52
11	44	53
11	44	54
11	44	55
11	45	51
11	45	52
11	45	53
11	45	54
11	45	55
11	45	56
11	46	50
11	46	51
11	46	52
11	46	53
11	46	54
11	46	55
11	46	56
11	47	49
11	47	50
11	47	51
11	47	52
11	47	53
11	47	54
11	47	55
11	47	56
11	47	57
11	48	47
11	48	48
11	48	49
11	48	50
11	48	51
11	48	52
11	48	53
11	48	54
11	48	55
11	48	56
11	48	57
11	48	58
11	49	46
11	49	47
11	49	48
11	49	49
11	49	50
11	49	51
11	49	52
11	49	53
11	49	54
11	49	55
11	49	56
11	49	57
11	49	58
11	50	45
11	50	46
11	50	47
11	50	48
11	50	49
11	50	50
11	50	51
11	50	52
11	50	53
11	50	54
11	50	55
11	50	56
11	50	57
11	50	58
11	50	59
11	50	60
11	51	51
11	51	52
11	51	53
11	51	54
11	51	55
11	51	56
11	51	57
11	51	58
11	51	59
11	51	60
11	51	61
11	52	51
11	52	52
11	52	53
11	52	54
11	52	55
11	52	56
11	52	57
11	52	58
11	52	59
11	52	60
11	52	61
11	52	62
11	53	52
11	53	53
11	53	54
11	53	55
11	53	56
11	53	57
11	53	58
11	53	59
11	53	60
11	53	61
11	53	62
11	53	63
11	54	53
11	54	54
11	54	55
11	54	56
11	54	57
11	54	58
11	54	59
11	54	60
11	54	61
11	54	62
11	54	63
11	55	54
11	55	55
11	55	56
11	55	57
11	55	58
11	55	59
11	55	60
11	55	61
11	55	62
11	55	63
11	56	55
11	56	56
11	56	57
11	56	58
11	56	59
11	56	60
11	56	61
11	56	62
11	56	63
11	57	60
11	57	61
11	57	62
11	57	63
11	58	60
11	58	61
11	58	62
11	58	63
11	59	60
11	59	61
11	59	62
11	59	63
11	60	60
11	60	61
11	60	62
12	34	46
12	34	47
12	35	45
12	35	46
12	35	47
12	35	48
12	35	49
12	35	50
12	36	44
12	36	45
12	36	46
12	36	47
12	36	48
12	36	49
12	36	50
12	37	45
12	37	46
12	37	47
12	37	48
12	37	49
12	42	53
12	42	54
12	43	52
12	43	53
12	43	54
12	44	52
12	44	53
12	44	54
12	44	55
12	45	51
12	45	52
12	45	53
12	45	54
12	45	55
12	46	51
12	46	52
12	46	53
12	46	54
12	46	55
12	46	56
12	47	50
12	47	51
12	47	52
12	47	53
12	47	54
12	47	55
12	47	56
12	47	57
12	48	49
12	48	50
12	48	51
12	48	52
12	48	53
12	48	54
12	48	55
12	48	56
12	48	57
12	49	47
12	49	48
12	49	49
12	49	50
12	49	51
12	49	52
12	49	53
12	49	54
12	49	55
12	49	56
12	49	57
12	50	52
12	50	53
12	50	54
12	50	55
12	50	56
12	50	57
12	51	52
12	51	53
12	51	54
12	51	55
12	51	56
12	51	57
12	51	58
12	52	52
12	52	53
12	52	54
12	52	55
12	52	56
12	52	57
12	52	58
12	52	59
12	53	52
12	53	53
12	53	54
12	53	55
12	53	56
12	53	57
12	53	58
12	53	59
12	53	60
12	54	0
12	54	53
12	54	54
12	54	55
12	54	56
12	54	57
12	54	58
12	54	59
12	54	61
12	54	62
12	54	63
12	55	0
12	55	54
12	55	55
12	55	56
12	55	57
12	55	58
12	55	61
12	55	62
12	55	63
12	56	0
12	56	56
12	56	57
12	56	61
12	56	62
12	56	63
12	57	0
12	57	61
12	57	62
12	57	63
12	58	0
12	58	1
12	58	2
12	58	3
12	58	61
12	58	62
12	58	63
12	59	0
12	59	1
12	59	61
12	59	62
12	59	63
12	60	0
12	60	1
12	60	62
12	60	63
13	35	45
13	35	46
13	35	47
13	35	48
13	35	49
13	36	49
13	37	49
13	42	53
13	43	53
13	43	54
13	44	52
13	44	53
13	44	54
13	45	52
13	45	53
13	45	54
13	45	55
13	46	51
13	46	52
13	46	53
13	46	54
13	46	55
13	46	56
13	47	50
13	47	51
13	47	52
13	47	53
13	47	54
13	47	55
13	47	56
13	48	50
13	48	51
13	48	52
13	48	53
13	48	54
13	48	55
13	48	56
13	48	57
13	49	53
13	49	54
13	49	55
13	49	56
13	50	53
13	50	54
13	50	55
13	50	56
13	51	53
13	51	54
13	51	55
13	51	56
13	52	53
13	52	54
13	52	55
13	53	53
13	53	54
13	54	0
13	54	53
13	55	0
13	55	1
13	55	62
13	55	63
13	56	0
13	56	1
13	56	62
13	56	63
13	57	0
13	57	1
13	57	2
13	57	62
13	57	63
13	58	0
13	58	1
13	58	2
13	58	3
13	58	62
13	58	63
13	59	0
13	59	1
13	59	2
13	59	62
13	59	63
13	60	0
13	60	1
13	60	62
13	60	63
13	61	0
13	61	1
13	61	63
14	43	53
14	44	53
14	44	54
14	45	52
14	45	53
14	45	54
14	45	55
14	46	52
14	46	53
14	46	54
14	46	55
14	47	51
14	47	52
14	47	53
14	47	54
14	47	55
14	47	56
14	48	54
14	48	55
14	48	56
14	49	54
14	49	55
14	49	56
14	50	54
14	50	55
14	51	54
14	51	55
14	52	54
14	54	0
14	55	0
14	55	1
14	56	0
14	56	1
14	56	63
14	57	0
14	57	1
14	57	2
14	57	63
14	58	0
14	58	1
14	58	2
14	58	62
14	58	63
14	59	0
14	59	1
14	59	62
14	59	63
14	60	0
14	60	63
14	61	63
15	44	53
15	44	54
15	45	53
15	45	54
15	46	52
15	46	53
15	46	54
15	46	55
15	47	55
15	48	55
15	49	55
15	54	0
15	55	0
15	55	1
15	55	2
15	56	2
15	57	2
16	44	54
16	45	53
16	45	54
16	54	3
16	55	3
16	56	3
17	44	54
56	45	46
56	45	47
56	45	48
56	45	49
56	46	44
56	46	45
56	46	46
56	46	47
56	46	48
56	46	49
56	46	50
57	43	48
57	44	46
57	44	47
57	44	48
57	44	49
57	44	50
57	45	45
57	45	46
57	45	47
57	45	48
57	45	49
57	45	50
57	45	51
57	46	44
57	46	45
57	46	46
57	46	47
57	46	48
57	46	49
57	46	50
57	46	51
57	46	52
57	47	5
57	47	6
57	47	41
57	47	42
57	47	43
57	47	44
57	47	45
57	47	46
57	47	47
57	47	48
57	47	49
57	47	50
57	47	51
57	47	52
57	49	54
58	44	45
58	44	46
58	44	47
58	44	48
58	44	49
58	44	50
58	44	51
58	44	52
58	44	58
58	44	59
58	45	44
58	45	45
58	45	46
58	45	47
58	45	48
58	45	49
58	45	50
58	45	51
58	45	52
58	45	53
58	45	56
58	45	57
58	45	58
58	45	59
58	46	43
58	46	44
58	46	45
58	46	46
58	46	47
58	46	48
58	46	49
58	46	50
58	46	51
58	46	52
58	46	53
58	47	41
58	47	42
58	47	43
58	47	44
58	47	45
58	47	46
58	47	47
58	47	48
58	47	49
58	47	50
58	47	51
58	47	52
58	47	53
58	48	4
58	48	5
58	48	6
58	48	42
58	48	43
58	48	44
58	48	45
58	48	46
58	48	47
58	48	48
58	48	49
58	48	50
58	48	51
58	48	52
58	48	53
58	49	1
58	49	2
58	49	3
58	49	53
58	49	54
58	50	0
58	50	1
58	50	2
58	50	3
58	50	53
58	51	1
59	41	51
59	42	51
59	42	52
59	42	53
59	42	54
59	43	51
59	43	52
59	43	53
59	43	54
59	43	55
59	43	58
59	43	59
59	44	53
59	44	54
59	44	55
59	44	56
59	44	57
59	44	58
59	44	59
59	45	43
59	45	44
59	45	45
59	45	46
59	45	47
59	45	48
59	45	49
59	45	50
59	45	51
59	45	52
59	45	53
59	45	54
59	45	55
59	45	56
59	45	57
59	45	58
59	45	59
59	45	60
59	46	43
59	46	44
59	46	45
59	46	46
59	46	47
59	46	48
59	46	49
59	46	50
59	46	51
59	46	52
59	46	53
59	46	54
59	46	55
59	46	56
59	46	57
59	46	58
59	46	59
59	47	41
59	47	42
59	47	43
59	47	44
59	47	45
59	47	46
59	47	47
59	47	48
59	47	49
59	47	50
59	47	51
59	47	52
59	47	53
59	47	54
59	47	55
59	47	61
59	47	63
59	48	0
59	48	1
59	48	2
59	48	3
59	48	4
59	48	5
59	48	6
59	48	7
59	48	42
59	48	43
59	48	44
59	48	45
59	48	46
59	48	47
59	48	48
59	48	49
59	48	50
59	48	51
59	48	52
59	48	53
59	48	54
59	48	62
59	48	63
59	49	0
59	49	1
59	49	2
59	49	3
59	49	4
59	49	5
59	49	43
59	49	44
59	49	45
59	49	46
59	49	47
59	49	48
59	49	49
59	49	50
59	49	51
59	49	52
59	49	53
59	49	54
59	49	62
59	49	63
59	50	0
59	50	1
59	50	2
59	50	3
59	50	52
59	50	53
59	51	0
59	51	1
59	51	2
59	51	3
59	51	52
59	51	53
59	52	0
59	52	1
59	52	2
59	52	52
59	53	1
59	53	2
59	55	61
60	34	49
60	35	48
60	35	49
60	35	50
60	36	49
60	36	50
60	40	53
60	41	49
60	41	50
60	41	51
60	41	52
60	41	53
60	41	54
60	42	46
60	42	47
60	42	48
60	42	49
60	42	50
60	42	51
60	42	52
60	42	53
60	42	54
60	42	55
60	43	50
60	43	51
60	43	52
60	43	53
60	43	54
60	43	55
60	43	56
60	43	57
60	43	58
60	43	59
60	44	50
60	44	51
60	44	52
60	44	53
60	44	54
60	44	55
60	44	56
60	44	57
60	44	58
60	44	59
60	44	60
60	45	52
60	45	53
60	45	54
60	45	55
60	45	56
60	45	57
60	45	58
60	45	59
60	45	60
60	45	61
60	45	62
60	46	43
60	46	44
60	46	45
60	46	46
60	46	47
60	46	48
60	46	49
60	46	50
60	46	51
60	46	52
60	46	53
60	46	54
60	46	55
60	46	56
60	46	57
60	46	58
60	46	59
60	46	61
60	46	62
60	46	63
60	47	0
60	47	1
60	47	2
60	47	41
60	47	43
60	47	44
60	47	45
60	47	46
60	47	47
60	47	48
60	47	49
60	47	50
60	47	51
60	47	52
60	47	53
60	47	54
60	47	55
60	47	56
60	47	57
60	47	58
60	47	59
60	47	60
60	47	61
60	47	62
60	47	63
60	48	0
60	48	1
60	48	2
60	48	3
60	48	4
60	48	5
60	48	6
60	48	7
60	48	42
60	48	43
60	48	44
60	48	45
60	48	46
60	48	47
60	48	48
60	48	49
60	48	50
60	48	51
60	48	52
60	48	53
60	48	54
60	48	55
60	48	61
60	48	62
60	48	63
60	49	0
60	49	1
60	49	2
60	49	3
60	49	4
60	49	5
60	49	6
60	49	43
60	49	44
60	49	45
60	49	46
60	49	47
60	49	48
60	49	49
60	49	50
60	49	51
60	49	52
60	49	53
60	49	54
60	49	55
60	49	61
60	49	62
60	49	63
60	50	0
60	50	1
60	50	2
60	50	3
60	50	4
60	50	43
60	50	44
60	50	45
60	50	46
60	50	47
60	50	48
60	50	49
60	50	50
60	50	51
60	50	52
60	50	53
60	50	54
60	50	61
60	50	62
60	50	63
60	51	0
60	51	1
60	51	2
60	51	51
60	51	52
60	51	53
60	51	61
60	51	62
60	51	63
60	52	0
60	52	1
60	52	2
60	52	51
60	52	52
60	53	0
60	53	1
60	53	2
60	53	51
60	54	0
60	54	1
60	54	2
60	54	61
60	55	60
60	55	61
60	56	60
60	56	61
60	57	59
60	57	60
60	57	61
60	58	60
60	58	61
61	32	47
61	32	48
61	33	46
61	33	47
61	33	48
61	33	49
61	34	45
61	34	46
61	34	47
61	34	48
61	34	49
61	34	50
61	35	45
61	35	46
61	35	47
61	35	48
61	35	49
61	35	50
61	35	51
61	36	45
61	36	46
61	36	47
61	36	48
61	36	49
61	36	50
61	36	51
61	37	46
61	37	47
61	37	48
61	37	49
61	37	50
61	38	47
61	38	48
61	38	49
61	39	48
61	39	49
61	39	53
61	39	54
61	40	50
61	40	51
61	40	52
61	40	53
61	40	54
61	41	47
61	41	48
61	41	49
61	41	50
61	41	51
61	41	52
61	41	53
61	41	54
61	41	55
61	42	46
61	42	47
61	42	48
61	42	49
61	42	50
61	42	51
61	42	52
61	42	53
61	42	54
61	42	55
61	42	56
61	43	44
61	43	45
61	43	46
61	43	47
61	43	48
61	43	49
61	43	50
61	43	51
61	43	52
61	43	53
61	43	54
61	43	55
61	43	56
61	43	57
61	43	58
61	43	59
61	44	49
61	44	50
61	44	51
61	44	52
61	44	53
61	44	54
61	44	55
61	44	56
61	44	57
61	44	58
61	44	59
61	44	60
61	44	61
61	45	49
61	45	50
61	45	51
61	45	52
61	45	53
61	45	54
61	45	55
61	45	56
61	45	57
61	45	58
61	45	59
61	45	60
61	45	61
61	45	62
61	45	63
61	46	0
61	46	1
61	46	51
61	46	52
61	46	53
61	46	54
61	46	55
61	46	56
61	46	57
61	46	58
61	46	59
61	46	61
61	46	62
61	46	63
61	47	0
61	47	1
61	47	2
61	47	3
61	47	44
61	47	45
61	47	46
61	47	47
61	47	48
61	47	49
61	47	50
61	47	51
61	47	52
61	47	53
61	47	54
61	47	55
61	47	56
61	47	57
61	47	58
61	47	59
61	47	60
61	47	61
61	47	62
61	47	63
61	48	0
61	48	1
61	48	2
61	48	3
61	48	4
61	48	5
61	48	6
61	48	42
61	48	44
61	48	45
61	48	46
61	48	47
61	48	48
61	48	49
61	48	50
61	48	51
61	48	52
61	48	53
61	48	54
61	48	55
61	48	56
61	48	57
61	48	58
61	48	59
61	48	61
61	48	62
61	48	63
61	49	0
61	49	1
61	49	2
61	49	3
61	49	4
61	49	5
61	49	6
61	49	43
61	49	44
61	49	45
61	49	46
61	49	47
61	49	48
61	49	49
61	49	50
61	49	51
61	49	52
61	49	53
61	49	54
61	49	55
61	49	61
61	49	62
61	49	63
61	50	0
61	50	1
61	50	2
61	50	3
61	50	4
61	50	5
61	50	43
61	50	44
61	50	45
61	50	46
61	50	47
61	50	48
61	50	49
61	50	50
61	50	51
61	50	52
61	50	53
61	50	54
61	50	61
61	50	62
61	50	63
61	51	0
61	51	1
61	51	2
61	51	3
61	51	44
61	51	45
61	51	46
61	51	47
61	51	48
61	51	49
61	51	50
61	51	51
61	51	52
61	51	53
61	51	54
61	51	61
61	51	62
61	51	63
61	52	0
61	52	1
61	52	2
61	52	3
61	52	50
61	52	51
61	52	52
61	52	61
61	52	62
61	52	63
61	53	0
61	53	1
61	53	2
61	53	3
61	53	50
61	53	51
61	53	52
61	53	62
61	53	63
61	54	0
61	54	1
61	54	2
61	54	3
61	54	50
61	54	51
61	54	61
61	54	62
61	55	0
61	55	1
61	55	2
61	55	60
61	55	61
61	55	62
61	56	59
61	56	60
61	56	61
61	56	62
61	56	63
61	57	60
61	57	61
61	57	62
61	57	63
61	58	60
61	58	61
61	58	62
61	58	63
61	59	63
62	32	45
62	32	46
62	32	47
62	32	48
62	32	49
62	33	44
62	33	45
62	33	46
62	33	47
62	33	48
62	33	49
62	33	50
62	34	43
62	34	44
62	34	45
62	34	46
62	34	47
62	34	48
62	34	49
62	34	50
62	34	51
62	34	52
62	35	44
62	35	45
62	35	46
62	35	47
62	35	48
62	35	49
62	35	50
62	35	51
62	35	52
62	36	44
62	36	45
62	36	46
62	36	47
62	36	48
62	36	49
62	36	50
62	36	51
62	36	52
62	37	44
62	37	45
62	37	46
62	37	47
62	37	48
62	37	49
62	37	50
62	38	45
62	38	46
62	38	47
62	38	48
62	38	49
62	38	50
62	39	45
62	39	46
62	39	47
62	39	48
62	39	49
62	40	45
62	40	46
62	40	47
62	40	48
62	40	49
62	40	50
62	40	51
62	40	52
62	40	53
62	41	45
62	41	46
62	41	47
62	41	48
62	41	49
62	41	50
62	41	51
62	41	52
62	41	53
62	41	54
62	42	45
62	42	46
62	42	47
62	42	48
62	42	49
62	42	50
62	42	51
62	42	52
62	42	53
62	42	54
62	42	55
62	42	56
62	43	44
62	43	45
62	43	46
62	43	47
62	43	48
62	43	49
62	43	50
62	43	51
62	43	52
62	43	53
62	43	54
62	43	55
62	43	56
62	43	57
62	43	58
62	43	59
62	44	45
62	44	46
62	44	47
62	44	48
62	44	49
62	44	50
62	44	51
62	44	52
62	44	53
62	44	54
62	44	55
62	44	56
62	44	57
62	44	58
62	44	59
62	44	60
62	44	61
62	44	62
62	44	63
62	45	1
62	45	48
62	45	49
62	45	50
62	45	51
62	45	52
62	45	53
62	45	54
62	45	55
62	45	56
62	45	57
62	45	58
62	45	59
62	45	60
62	45	61
62	45	62
62	45	63
62	46	0
62	46	1
62	46	2
62	46	48
62	46	49
62	46	50
62	46	51
62	46	52
62	46	53
62	46	54
62	46	55
62	46	56
62	46	57
62	46	58
62	46	59
62	46	61
62	46	62
62	46	63
62	47	0
62	47	1
62	47	2
62	47	3
62	47	4
62	47	50
62	47	51
62	47	52
62	47	53
62	47	54
62	47	55
62	47	56
62	47	57
62	47	58
62	47	59
62	47	60
62	47	61
62	47	62
62	47	63
62	48	0
62	48	1
62	48	2
62	48	3
62	48	4
62	48	5
62	48	44
62	48	45
62	48	46
62	48	47
62	48	48
62	48	49
62	48	50
62	48	51
62	48	52
62	48	53
62	48	54
62	48	55
62	48	56
62	48	57
62	48	58
62	48	59
62	48	60
62	48	61
62	48	62
62	48	63
62	49	0
62	49	1
62	49	2
62	49	3
62	49	4
62	49	5
62	49	6
62	49	44
62	49	45
62	49	46
62	49	47
62	49	48
62	49	49
62	49	50
62	49	51
62	49	52
62	49	53
62	49	54
62	49	55
62	49	56
62	49	57
62	49	58
62	49	61
62	49	62
62	49	63
62	50	0
62	50	1
62	50	2
62	50	3
62	50	4
62	50	5
62	50	42
62	50	43
62	50	44
62	50	45
62	50	46
62	50	47
62	50	48
62	50	49
62	50	50
62	50	51
62	50	52
62	50	53
62	50	54
62	50	55
62	50	61
62	50	62
62	50	63
62	51	0
62	51	1
62	51	2
62	51	3
62	51	4
62	51	44
62	51	45
62	51	46
62	51	47
62	51	48
62	51	49
62	51	50
62	51	51
62	51	52
62	51	53
62	51	54
62	51	61
62	51	62
62	51	63
62	52	0
62	52	1
62	52	2
62	52	3
62	52	45
62	52	46
62	52	47
62	52	48
62	52	49
62	52	50
62	52	51
62	52	52
62	52	53
62	52	61
62	52	62
62	52	63
62	53	0
62	53	1
62	53	2
62	53	3
62	53	49
62	53	50
62	53	51
62	53	52
62	53	53
62	53	60
62	53	61
62	53	62
62	53	63
62	54	0
62	54	1
62	54	2
62	54	3
62	54	49
62	54	50
62	54	51
62	54	60
62	54	61
62	54	62
62	54	63
62	55	0
62	55	1
62	55	2
62	55	3
62	55	51
62	55	60
62	55	61
62	55	62
62	55	63
62	56	59
62	56	60
62	56	61
62	56	62
62	56	63
62	57	0
62	57	60
62	57	61
62	57	62
62	57	63
62	58	0
62	58	1
62	58	62
62	58	63
62	59	0
62	59	1
62	59	63
62	60	0
63	31	45
63	31	46
63	31	47
63	32	43
63	32	44
63	32	45
63	32	46
63	32	47
63	32	48
63	32	49
63	33	42
63	33	43
63	33	44
63	33	45
63	33	46
63	33	47
63	33	48
63	33	49
63	33	50
63	33	51
63	34	41
63	34	42
63	34	43
63	34	44
63	34	45
63	34	46
63	34	47
63	34	48
63	34	49
63	34	50
63	34	51
63	34	52
63	34	53
63	35	41
63	35	42
63	35	43
63	35	44
63	35	45
63	35	46
63	35	47
63	35	48
63	35	49
63	35	50
63	35	51
63	35	52
63	35	53
63	36	42
63	36	43
63	36	44
63	36	45
63	36	46
63	36	47
63	36	48
63	36	49
63	36	50
63	36	51
63	36	52
63	37	42
63	37	43
63	37	44
63	37	45
63	37	46
63	37	47
63	37	48
63	37	49
63	37	50
63	37	51
63	38	42
63	38	43
63	38	44
63	38	45
63	38	46
63	38	47
63	38	48
63	38	49
63	38	50
63	39	43
63	39	44
63	39	45
63	39	46
63	39	47
63	39	48
63	39	49
63	40	44
63	40	45
63	40	46
63	40	47
63	40	48
63	41	44
63	41	45
63	41	46
63	41	47
63	41	48
63	41	49
63	41	50
63	41	51
63	41	52
63	41	53
63	42	44
63	42	45
63	42	46
63	42	47
63	42	48
63	42	49
63	42	50
63	42	51
63	42	52
63	42	53
63	42	54
63	42	55
63	42	56
63	43	43
63	43	44
63	43	45
63	43	46
63	43	47
63	43	48
63	43	49
63	43	50
63	43	51
63	43	52
63	43	53
63	43	54
63	43	55
63	43	56
63	43	57
63	43	58
63	43	59
63	44	44
63	44	45
63	44	46
63	44	47
63	44	48
63	44	49
63	44	50
63	44	51
63	44	52
63	44	53
63	44	54
63	44	55
63	44	56
63	44	57
63	44	58
63	44	59
63	44	60
63	44	61
63	44	62
63	44	63
63	45	0
63	45	1
63	45	46
63	45	47
63	45	48
63	45	49
63	45	50
63	45	51
63	45	52
63	45	53
63	45	54
63	45	55
63	45	56
63	45	57
63	45	58
63	45	59
63	45	60
63	45	61
63	45	62
63	45	63
63	46	0
63	46	1
63	46	2
63	46	3
63	46	47
63	46	48
63	46	49
63	46	50
63	46	51
63	46	52
63	46	53
63	46	54
63	46	55
63	46	56
63	46	57
63	46	58
63	46	59
63	46	60
63	46	61
63	46	62
63	46	63
63	47	0
63	47	1
63	47	2
63	47	3
63	47	4
63	47	47
63	47	48
63	47	49
63	47	50
63	47	51
63	47	52
63	47	53
63	47	54
63	47	55
63	47	56
63	47	57
63	47	58
63	47	59
63	47	60
63	47	61
63	47	62
63	47	63
63	48	0
63	48	1
63	48	2
63	48	3
63	48	4
63	48	5
63	48	49
63	48	50
63	48	51
63	48	52
63	48	53
63	48	54
63	48	55
63	48	56
63	48	57
63	48	58
63	48	59
63	48	60
63	48	61
63	48	62
63	48	63
63	49	0
63	49	1
63	49	2
63	49	3
63	49	4
63	49	5
63	49	6
63	49	44
63	49	45
63	49	46
63	49	47
63	49	48
63	49	49
63	49	50
63	49	51
63	49	52
63	49	53
63	49	54
63	49	55
63	49	56
63	49	57
63	49	58
63	49	60
63	49	61
63	49	62
63	49	63
63	50	0
63	50	1
63	50	2
63	50	3
63	50	4
63	50	5
63	50	44
63	50	45
63	50	46
63	50	47
63	50	48
63	50	49
63	50	50
63	50	51
63	50	52
63	50	53
63	50	54
63	50	55
63	50	56
63	50	57
63	50	60
63	50	61
63	50	62
63	50	63
63	51	0
63	51	1
63	51	2
63	51	3
63	51	4
63	51	43
63	51	44
63	51	45
63	51	46
63	51	47
63	51	48
63	51	49
63	51	50
63	51	51
63	51	52
63	51	53
63	51	54
63	51	55
63	51	56
63	51	60
63	51	61
63	51	62
63	51	63
63	52	0
63	52	1
63	52	2
63	52	3
63	52	45
63	52	46
63	52	47
63	52	48
63	52	49
63	52	50
63	52	51
63	52	52
63	52	53
63	52	54
63	52	55
63	52	60
63	52	61
63	52	62
63	52	63
63	53	0
63	53	1
63	53	2
63	53	3
63	53	46
63	53	47
63	53	48
63	53	49
63	53	50
63	53	51
63	53	52
63	53	53
63	53	54
63	53	59
63	53	60
63	53	61
63	53	62
63	53	63
63	54	0
63	54	1
63	54	2
63	54	3
63	54	49
63	54	50
63	54	51
63	54	52
63	54	53
63	54	54
63	54	59
63	54	60
63	54	61
63	54	62
63	54	63
63	55	0
63	55	1
63	55	2
63	55	3
63	55	50
63	55	59
63	55	60
63	55	61
63	55	62
63	55	63
63	56	0
63	56	59
63	56	60
63	56	61
63	56	62
63	56	63
63	57	0
63	57	60
63	57	61
63	57	62
63	57	63
63	58	0
63	58	62
63	58	63
63	59	0
63	59	1
63	59	63
63	60	0
63	60	1
