#i	j	k
0	16	32
0	16	33
0	16	34
0	16	35
0	16	36
0	17	32
0	17	33
0	17	34
0	17	35
0	17	36
0	17	37
0	18	32
0	18	33
0	18	34
0	18	35
0	18	36
0	18	37
0	19	32
0	19	33
0	19	34
0	19	35
0	19	36
0	19	37
0	19	38
0	20	31
0	20	32
0	20	33
0	20	34
0	20	35
0	20	36
0	20	37
0	20	38
0	21	30
0	21	31
0	21	32
0	21	33
0	21	34
0	21	35
0	21	36
0	21	37
0	21	38
0	22	30
0	22	31
0	22	32
0	22	33
0	22	34
0	22	35
0	22	36
0	22	37
0	22	38
0	23	27
0	23	28
0	23	29
0	23	30
0	23	31
0	23	32
0	23	33
0	23	34
0	23	35
0	23	36
0	23	37
0	23	38
0	23	39
0	24	27
0	24	28
0	24	29
0	24	30
0	24	31
0	24	32
0	24	33
0	24	34
0	24	35
0	24	36
0	24	37
0	24	38
0	24	39
0	24	40
0	25	26
0	25	27
0	25	28
0	25	29
0	25	30
0	25	31
0	25	32
0	25	33
0	25	34
0	25	35
0	25	36
0	25	37
0	25	38
0	25	39
0	25	40
0	25	41
0	26	22
0	26	27
0	26	28
0	26	29
0	26	30
0	26	31
0	26	32
0	26	33
0	26	34
0	26	35
0	26	36
0	26	37
0	26	38
0	26	39
0	26	40
0	27	27
0	27	28
0	27	29
0	27	30
0	27	31
0	27	32
0	27	33
0	27	34
0	27	35
0	27	36
0	27	37
0	27	38
0	27	39
0	28	25
0	28	26
0	28	27
0	28	28
0	28	29
0	28	30
0	28	31
0	28	32
0	28	33
0	28	34
0	28	35
0	28	36
0	28	37
0	28	38
0	29	25
0	29	26
0	29	27
0	29	28
0	29	29
0	29	30
0	29	31
0	29	32
0	29	33
0	29	34
0	29	35
0	29	36
0	29	37
0	30	25
0	30	26
0	30	27
0	30	28
0	30	29
0	30	30
0	30	31
0	30	32
0	30	33
0	30	34
0	30	35
0	30	36
0	31	25
0	31	26
0	31	27
0	31	28
0	31	29
0	31	30
0	31	31
0	31	32
0	31	33
0	32	27
0	32	28
0	32	29
0	32	30
1	15	27
1	15	28
1	15	29
1	15	30
1	15	31
1	15	32
1	15	33
1	16	25
1	16	26
1	16	27
1	16	28
1	16	29
1	16	30
1	16	31
1	16	32
1	16	33
1	16	34
1	16	35
1	16	36
1	17	31
1	17	32
1	17	33
1	17	34
1	17	35
1	17	36
1	18	31
1	18	32
1	18	33
1	18	34
1	18	35
1	18	36
1	18	37
1	19	31
1	19	32
1	19	33
1	19	34
1	19	35
1	19	36
1	19	37
1	20	31
1	20	32
1	20	33
1	20	34
1	20	35
1	20	36
1	20	37
1	20	38
1	21	31
1	21	32
1	21	33
1	21	34
1	21	35
1	21	36
1	21	37
1	21	38
1	22	31
1	22	32
1	22	33
1	22	34
1	22	35
1	22	36
1	22	37
1	22	38
1	23	31
1	23	32
1	23	33
1	23	34
1	23	35
1	23	36
1	23	37
1	23	38
1	23	39
1	24	27
1	24	28
1	24	29
1	24	30
1	24	31
1	24	32
1	24	33
1	24	34
1	24	35
1	24	36
1	24	37
1	24	38
1	24	39
1	24	40
1	25	30
1	25	31
1	25	32
1	25	33
1	25	34
1	25	35
1	25	36
1	25	37
1	25	38
1	25	39
1	25	40
1	25	41
1	26	29
1	26	30
1	26	31
1	26	32
1	26	33
1	26	34
1	26	35
1	26	36
1	26	37
1	26	38
1	26	39
1	26	40
1	27	27
1	27	28
1	27	29
1	27	30
1	27	31
1	27	32
1	27	33
1	27	34
1	27	35
1	27	36
1	27	37
1	27	38
1	27	39
1	28	27
1	28	28
1	28	29
1	28	30
1	28	31
1	28	32
1	28	33
1	28	34
1	28	35
1	28	36
1	28	37
1	28	38
1	29	26
1	29	27
1	29	28
1	29	29
1	29	30
1	29	31
1	29	32
1	29	33
1	29	34
1	29	35
1	29	36
1	29	37
1	30	26
1	30	27
1	30	28
1	30	29
1	30	30
1	30	31
1	30	32
1	30	33
1	30	34
1	30	35
1	30	36
1	31	26
1	31	27
1	31	28
1	31	29
1	31	30
1	31	31
1	31	32
1	31	33
1	31	34
1	31	35
1	32	27
1	32	28
1	32	29
1	32	30
1	32	31
2	15	26
2	15	27
2	15	28
2	15	29
2	15	30
2	15	31
2	15	32
2	15	33
2	15	34
2	16	25
2	16	26
2	16	27
2	16	28
2	16	29
2	16	30
2	16	31
2	16	32
2	16	33
2	16	34
2	16	35
2	17	26
2	17	27
2	17	28
2	17	29
2	17	30
2	17	31
2	17	32
2	17	33
2	17	34
2	17	35
2	17	36
2	18	30
2	18	31
2	18	32
2	18	33
2	18	34
2	18	35
2	18	36
2	19	30
2	19	31
2	19	32
2	19	33
2	19	34
2	19	35
2	19	36
2	19	37
2	20	30
2	20	32
2	20	33
2	20	34
2	20	35
2	20	36
2	20	37
2	21	32
2	21	33
2	21	34
2	21	35
2	21	36
2	21	37
2	21	38
2	22	32
2	22	33
2	22	34
2	22	35
2	22	36
2	22	37
2	22	38
2	23	32
2	23	33
2	23	34
2	23	35
2	23	36
2	23	37
2	23	38
2	23	39
2	24	32
2	24	33
2	24	34
2	24	35
2	24	36
2	24	37
2	24	38
2	24	39
2	24	40
2	25	30
2	25	31
2	25	32
2	25	33
2	25	34
2	25	35
2	25	36
2	25	37
2	25	38
2	25	39
2	25	40
2	25	41
2	26	29
2	26	30
2	26	31
2	26	32
2	26	33
2	26	34
2	26	35
2	26	36
2	26	37
2	26	38
2	26	39
2	26	40
2	26	41
2	26	42
2	27	28
2	27	29
2	27	30
2	27	31
2	27	32
2	27	33
2	27	34
2	27	35
2	27	36
2	27	37
2	27	38
2	27	39
2	27	41
2	27	42
2	28	27
2	28	28
2	28	29
2	28	30
2	28	31
2	28	32
2	28	33
2	28	34
2	28	35
2	28	36
2	28	37
2	28	38
2	29	27
2	29	28
2	29	29
2	29	30
2	29	31
2	29	32
2	29	33
2	29	34
2	29	35
2	29	36
2	29	37
2	30	27
2	30	28
2	30	29
2	30	30
2	30	31
2	30	32
2	30	33
2	30	34
2	30	35
2	30	36
2	31	27
2	31	28
2	31	29
2	31	30
2	31	31
2	31	32
2	31	33
2	31	34
2	31	35
2	32	27
2	32	28
2	32	29
2	32	30
2	32	31
2	32	32
3	15	24
3	15	25
3	15	26
3	15	27
3	15	28
3	15	29
3	15	30
3	15	31
3	15	32
3	15	33
3	15	34
3	16	25
3	16	26
3	16	27
3	16	28
3	16	29
3	16	30
3	16	31
3	16	32
3	16	33
3	16	34
3	16	35
3	17	26
3	17	27
3	17	28
3	17	29
3	17	30
3	17	31
3	17	32
3	17	33
3	17	34
3	17	35
3	18	27
3	18	28
3	18	29
3	18	30
3	18	31
3	18	32
3	18	33
3	18	34
3	18	35
3	18	36
3	19	29
3	19	30
3	19	31
3	19	33
3	19	34
3	19	35
3	19	36
3	19	37
3	20	30
3	20	31
3	20	33
3	20	34
3	20	35
3	20	36
3	20	37
3	21	31
3	21	33
3	21	34
3	21	35
3	21	36
3	21	37
3	21	38
3	22	33
3	22	34
3	22	35
3	22	36
3	22	37
3	22	38
3	22	39
3	23	32
3	23	33
3	23	34
3	23	35
3	23	36
3	23	37
3	23	38
3	23	39
3	23	40
3	24	29
3	24	30
3	24	31
3	24	32
3	24	33
3	24	34
3	24	35
3	24	36
3	24	37
3	24	38
3	24	39
3	24	40
3	24	41
3	25	30
3	25	31
3	25	32
3	25	33
3	25	34
3	25	35
3	25	36
3	25	37
3	25	38
3	25	39
3	25	40
3	25	41
3	25	42
3	26	29
3	26	30
3	26	31
3	26	32
3	26	33
3	26	34
3	26	35
3	26	36
3	26	37
3	26	38
3	26	39
3	26	40
3	26	41
3	26	42
3	27	28
3	27	29
3	27	30
3	27	31
3	27	32
3	27	33
3	27	34
3	27	35
3	27	36
3	27	37
3	27	38
3	27	39
3	27	41
3	27	42
3	28	28
3	28	29
3	28	30
3	28	31
3	28	32
3	28	33
3	28	34
3	28	35
3	28	36
3	28	37
3	28	38
3	29	28
3	29	29
3	29	30
3	29	31
3	29	32
3	29	33
3	29	34
3	29	35
3	29	36
3	29	37
3	30	27
3	30	28
3	30	29
3	30	30
3	30	31
3	30	32
3	30	33
3	30	34
3	30	35
3	30	36
3	31	27
3	31	28
3	31	29
3	31	30
3	31	31
3	31	32
3	31	33
3	31	34
3	31	35
3	32	29
3	32	30
3	32	31
3	32	32
4	15	25
4	15	26
4	15	27
4	15	28
4	15	29
4	15	30
4	15	31
4	15	32
4	15	33
4	15	34
4	16	25
4	16	26
4	16	27
4	16	28
4	16	29
4	16	30
4	16	31
4	16	32
4	16	33
4	16	34
4	16	35
4	17	26
4	17	27
4	17	28
4	17	29
4	17	30
4	17	31
4	17	32
4	17	33
4	17	34
4	17	35
4	18	27
4	18	28
4	18	29
4	18	30
4	18	31
4	18	32
4	18	33
4	18	34
4	18	35
4	18	36
4	19	29
4	19	30
4	19	31
4	19	32
4	19	34
4	19	35
4	19	36
4	19	37
4	20	30
4	20	31
4	20	32
4	20	33
4	20	34
4	20	35
4	20	36
4	20	37
4	21	31
4	21	32
4	21	33
4	21	34
4	21	35
4	21	36
4	21	37
4	21	38
4	22	32
4	22	33
4	22	34
4	22	35
4	22	36
4	22	37
4	22	38
4	22	39
4	23	30
4	23	31
4	23	32
4	23	33
4	23	34
4	23	35
4	23	36
4	23	37
4	23	38
4	23	39
4	23	40
4	24	28
4	24	29
4	24	30
4	24	31
4	24	32
4	24	33
4	24	34
4	24	35
4	24	36
4	24	37
4	24	38
4	24	39
4	24	40
4	24	41
4	25	30
4	25	31
4	25	32
4	25	33
4	25	34
4	25	35
4	25	36
4	25	37
4	25	38
4	25	39
4	25	40
4	25	41
4	25	42
4	26	29
4	26	30
4	26	31
4	26	32
4	26	33
4	26	34
4	26	35
4	26	36
4	26	37
4	26	38
4	26	39
4	26	40
4	26	41
4	26	42
4	27	29
4	27	30
4	27	31
4	27	32
4	27	33
4	27	34
4	27	35
4	27	36
4	27	37
4	27	38
4	27	39
4	27	41
4	27	42
4	28	28
4	28	29
4	28	30
4	28	31
4	28	32
4	28	33
4	28	34
4	28	35
4	28	36
4	28	37
4	28	38
4	28	41
4	29	28
4	29	29
4	29	30
4	29	31
4	29	32
4	29	33
4	29	34
4	29	35
4	29	36
4	29	37
4	30	28
4	30	29
4	30	30
4	30	31
4	30	32
4	30	33
4	30	34
4	30	35
4	30	36
4	30	37
4	31	28
4	31	29
4	31	30
4	31	31
4	31	32
4	31	33
4	31	34
4	31	35
4	31	36
4	31	37
4	32	29
4	32	30
4	32	31
4	32	32
5	14	29
5	15	27
5	15	28
5	15	29
5	15	30
5	15	31
5	15	32
5	15	33
5	15	34
5	16	26
5	16	27
5	16	28
5	16	29
5	16	30
5	16	31
5	16	32
5	16	33
5	16	34
5	17	26
5	17	27
5	17	28
5	17	29
5	17	30
5	17	31
5	17	32
5	17	33
5	17	34
5	17	35
5	18	27
5	18	28
5	18	29
5	18	30
5	18	31
5	18	32
5	18	33
5	18	34
5	18	35
5	18	36
5	19	27
5	19	28
5	19	29
5	19	30
5	19	31
5	19	32
5	19	33
5	19	34
5	19	35
5	19	36
5	20	30
5	20	31
5	20	32
5	20	33
5	20	34
5	20	35
5	20	36
5	20	37
5	21	31
5	21	32
5	21	33
5	21	34
5	21	35
5	21	36
5	21	37
5	21	38
5	22	31
5	22	32
5	22	33
5	22	34
5	22	35
5	22	36
5	22	37
5	22	38
5	22	39
5	23	28
5	23	29
5	23	30
5	23	31
5	23	32
5	23	33
5	23	34
5	23	35
5	23	36
5	23	37
5	23	38
5	23	39
5	23	40
5	24	28
5	24	29
5	24	30
5	24	31
5	24	32
5	24	33
5	24	34
5	24	35
5	24	36
5	24	37
5	24	38
5	24	39
5	24	40
5	25	29
5	25	30
5	25	31
5	25	32
5	25	33
5	25	34
5	25	35
5	25	36
5	25	37
5	25	38
5	25	39
5	25	40
5	25	41
5	26	30
5	26	31
5	26	32
5	26	33
5	26	34
5	26	35
5	26	36
5	26	37
5	26	38
5	26	39
5	26	40
5	26	41
5	27	30
5	27	31
5	27	32
5	27	33
5	27	34
5	27	35
5	27	36
5	27	37
5	27	38
5	27	39
5	27	40
5	27	41
5	28	29
5	28	30
5	28	31
5	28	32
5	28	33
5	28	34
5	28	35
5	28	36
5	28	37
5	28	38
5	29	29
5	29	30
5	29	31
5	29	32
5	29	33
5	29	34
5	29	35
5	29	36
5	29	37
5	29	38
5	30	29
5	30	30
5	30	31
5	30	32
5	30	33
5	30	34
5	30	35
5	30	36
5	30	37
5	30	38
5	31	29
5	31	30
5	31	31
5	31	32
5	31	33
5	31	34
5	31	35
5	31	36
5	31	37
5	31	38
5	32	30
5	32	31
5	32	36
5	32	37
5	32	38
6	14	30
6	14	32
6	14	33
6	15	28
6	15	29
6	15	30
6	15	31
6	15	32
6	15	33
6	15	34
6	16	26
6	16	27
6	16	28
6	16	29
6	16	30
6	16	31
6	16	32
6	16	33
6	16	34
6	17	26
6	17	27
6	17	28
6	17	29
6	17	30
6	17	31
6	17	32
6	17	33
6	17	34
6	17	35
6	18	26
6	18	27
6	18	28
6	18	29
6	18	30
6	18	31
6	18	32
6	18	33
6	18	34
6	18	35
6	19	26
6	19	27
6	19	28
6	19	29
6	19	30
6	19	31
6	19	32
6	19	33
6	19	34
6	19	35
6	19	36
6	20	26
6	20	27
6	20	28
6	20	29
6	20	30
6	20	31
6	20	32
6	20	33
6	20	34
6	20	35
6	20	36
6	20	37
6	21	31
6	21	32
6	21	33
6	21	34
6	21	35
6	21	36
6	21	37
6	21	38
6	22	29
6	22	30
6	22	31
6	22	32
6	22	33
6	22	34
6	22	35
6	22	36
6	22	37
6	22	38
6	23	28
6	23	29
6	23	30
6	23	31
6	23	32
6	23	33
6	23	34
6	23	35
6	23	36
6	23	37
6	23	38
6	23	39
6	24	28
6	24	29
6	24	30
6	24	31
6	24	32
6	24	33
6	24	34
6	24	35
6	24	36
6	24	37
6	24	38
6	24	39
6	24	40
6	25	29
6	25	30
6	25	31
6	25	32
6	25	33
6	25	34
6	25	35
6	25	36
6	25	37
6	25	38
6	25	39
6	25	40
6	26	31
6	26	32
6	26	33
6	26	34
6	26	35
6	26	36
6	26	37
6	26	38
6	26	39
6	26	40
6	27	30
6	27	31
6	27	32
6	27	33
6	27	34
6	27	35
6	27	36
6	27	37
6	27	38
6	27	39
6	28	30
6	28	31
6	28	32
6	28	33
6	28	34
6	28	35
6	28	36
6	28	37
6	28	38
6	29	30
6	29	31
6	29	32
6	29	33
6	29	34
6	29	35
6	29	36
6	29	37
6	29	38
6	30	30
6	30	31
6	30	32
6	30	33
6	30	34
6	30	35
6	30	36
6	30	37
6	31	30
6	31	31
6	31	32
6	31	33
6	31	34
6	31	35
6	31	36
6	31	37
6	32	35
6	32	36
6	32	37
7	14	32
7	14	33
7	15	29
7	15	30
7	15	31
7	15	32
7	15	33
7	15	34
7	16	28
7	16	29
7	16	30
7	16	31
7	16	32
7	16	33
7	16	34
7	17	28
7	17	29
7	17	30
7	17	31
7	17	32
7	17	33
7	17	34
7	17	35
7	18	28
7	18	29
7	18	30
7	18	31
7	18	32
7	18	33
7	18	34
7	18	35
7	19	26
7	19	27
7	19	28
7	19	29
7	19	30
7	19	31
7	19	32
7	19	33
7	19	34
7	19	35
7	19	36
7	20	25
7	20	26
7	20	27
7	20	28
7	20	29
7	20	30
7	20	31
7	20	32
7	20	33
7	20	34
7	20	35
7	20	36
7	20	37
7	21	27
7	21	28
7	21	29
7	21	30
7	21	31
7	21	32
7	21	33
7	21	34
7	21	35
7	21	36
7	21	37
7	21	38
7	22	27
7	22	28
7	22	29
7	22	30
7	22	31
7	22	32
7	22	33
7	22	34
7	22	35
7	22	36
7	22	37
7	22	38
7	23	28
7	23	29
7	23	30
7	23	31
7	23	32
7	23	33
7	23	34
7	23	35
7	23	36
7	23	37
7	23	38
7	23	39
7	24	28
7	24	29
7	24	30
7	24	31
7	24	32
7	24	33
7	24	34
7	24	35
7	24	36
7	24	37
7	24	38
7	24	39
7	25	29
7	25	30
7	25	31
7	25	32
7	25	33
7	25	34
7	25	35
7	25	36
7	25	37
7	25	38
7	25	39
7	26	31
7	26	32
7	26	33
7	26	34
7	26	35
7	26	36
7	26	37
7	26	38
7	26	39
7	27	31
7	27	32
7	27	33
7	27	34
7	27	35
7	27	36
7	27	37
7	27	38
7	27	39
7	28	31
7	28	32
7	28	33
7	28	34
7	28	35
7	28	36
7	28	37
7	28	38
7	29	31
7	29	32
7	29	33
7	29	34
7	29	35
7	29	36
7	29	37
7	30	31
7	30	32
7	30	33
7	30	34
7	30	35
7	30	36
7	30	37
7	31	31
7	31	33
7	31	34
7	31	35
7	31	36
7	32	35
7	32	36
7	33	36
8	15	31
8	15	32
8	15	33
8	16	29
8	16	30
8	16	31
8	16	32
8	16	33
8	16	34
8	17	29
8	17	30
8	17	31
8	17	32
8	17	33
8	17	34
8	17	35
8	18	29
8	18	30
8	18	31
8	18	32
8	18	33
8	18	34
8	18	35
8	18	36
8	19	29
8	19	30
8	19	31
8	19	32
8	19	33
8	19	34
8	19	35
8	19	36
8	20	27
8	20	28
8	20	29
8	20	30
8	20	31
8	20	32
8	20	33
8	20	34
8	20	35
8	20	36
8	20	37
8	21	26
8	21	27
8	21	28
8	21	29
8	21	30
8	21	31
8	21	32
8	21	33
8	21	34
8	21	35
8	21	36
8	21	37
8	22	27
8	22	28
8	22	29
8	22	30
8	22	31
8	22	32
8	22	33
8	22	34
8	22	35
8	22	36
8	22	37
8	22	38
8	23	28
8	23	29
8	23	30
8	23	31
8	23	32
8	23	33
8	23	34
8	23	35
8	23	36
8	23	37
8	23	38
8	24	28
8	24	29
8	24	30
8	24	31
8	24	32
8	24	33
8	24	34
8	24	35
8	24	36
8	24	37
8	24	38
8	24	39
8	25	29
8	25	30
8	25	31
8	25	32
8	25	33
8	25	34
8	25	35
8	25	36
8	25	37
8	25	38
8	25	39
8	26	31
8	26	32
8	26	33
8	26	34
8	26	35
8	26	36
8	26	37
8	26	38
8	26	39
8	27	32
8	27	33
8	27	34
8	27	35
8	27	36
8	27	37
8	27	38
8	28	32
8	28	33
8	28	34
8	28	35
8	28	36
8	28	37
8	29	32
8	29	33
8	29	34
8	29	35
8	29	36
8	30	32
8	30	33
8	30	34
8	30	35
8	30	36
8	31	34
8	31	35
8	31	36
8	32	35
8	32	36
9	15	32
9	15	33
9	16	31
9	16	32
9	16	33
9	16	34
9	17	30
9	17	31
9	17	32
9	17	33
9	17	34
9	17	35
9	18	29
9	18	30
9	18	31
9	18	32
9	18	33
9	18	34
9	18	35
9	18	36
9	19	29
9	19	30
9	19	31
9	19	32
9	19	33
9	19	34
9	19	35
9	19	36
9	20	27
9	20	28
9	20	29
9	20	30
9	20	31
9	20	32
9	20	33
9	20	34
9	20	35
9	20	36
9	20	37
9	21	26
9	21	27
9	21	28
9	21	29
9	21	30
9	21	31
9	21	32
9	21	33
9	21	34
9	21	35
9	21	36
9	21	37
9	22	27
9	22	28
9	22	29
9	22	30
9	22	31
9	22	32
9	22	33
9	22	34
9	22	35
9	22	36
9	22	37
9	23	28
9	23	29
9	23	30
9	23	31
9	23	32
9	23	33
9	23	34
9	23	35
9	23	36
9	23	37
9	23	38
9	24	28
9	24	29
9	24	30
9	24	31
9	24	32
9	24	33
9	24	34
9	24	35
9	24	36
9	24	37
9	24	38
9	25	29
9	25	30
9	25	31
9	25	32
9	25	33
9	25	34
9	25	35
9	25	36
9	25	37
9	25	38
9	26	31
9	26	32
9	26	33
9	26	34
9	26	35
9	26	36
9	26	37
9	26	38
9	27	33
9	27	34
9	27	35
9	27	36
9	27	37
9	28	33
9	28	34
9	28	35
9	28	36
9	28	37
9	29	33
9	29	34
9	29	35
9	29	36
9	30	35
9	30	36
9	31	35
9	31	36
9	32	35
10	15	32
10	15	33
10	16	31
10	16	32
10	16	33
10	16	34
10	17	31
10	17	32
10	17	33
10	17	34
10	17	35
10	18	29
10	18	30
10	18	31
10	18	32
10	18	33
10	18	34
10	18	35
10	19	29
10	19	30
10	19	31
10	19	32
10	19	33
10	19	34
10	19	35
10	19	36
10	20	27
10	20	28
10	20	29
10	20	30
10	20	31
10	20	32
10	20	33
10	20	34
10	20	35
10	20	36
10	21	26
10	21	27
10	21	28
10	21	29
10	21	30
10	21	31
10	21	32
10	21	33
10	21	34
10	21	35
10	21	36
10	21	37
10	22	29
10	22	30
10	22	31
10	22	32
10	22	33
10	22	34
10	22	35
10	22	36
10	22	37
10	23	29
10	23	30
10	23	31
10	23	32
10	23	33
10	23	34
10	23	35
10	23	36
10	23	37
10	24	29
10	24	30
10	24	31
10	24	32
10	24	33
10	24	34
10	24	35
10	24	36
10	24	37
10	25	29
10	25	30
10	25	31
10	25	32
10	25	33
10	25	34
10	25	35
10	25	36
10	25	37
10	26	31
10	26	32
10	26	33
10	26	34
10	26	35
10	26	36
10	26	37
10	27	34
10	27	35
10	27	36
10	27	37
10	28	34
10	28	35
10	28	36
10	29	36
10	30	36
10	31	36
11	15	32
11	15	33
11	16	32
11	16	33
11	16	34
11	17	32
11	17	33
11	17	34
11	18	30
11	18	31
11	18	32
11	18	33
11	18	34
11	18	35
11	19	29
11	19	30
11	19	31
11	19	32
11	19	33
11	19	34
11	19	35
11	19	36
11	20	27
11	20	28
11	20	29
11	20	30
11	20	31
11	20	32
11	20	33
11	20	34
11	20	35
11	20	36
11	21	28
11	21	29
11	21	30
11	21	31
11	21	32
11	21	33
11	21	34
11	21	35
11	21	36
11	22	30
11	22	31
11	22	32
11	22	33
11	22	34
11	22	35
11	22	36
11	23	30
11	23	31
11	23	32
11	23	33
11	23	34
11	23	35
11	23	36
11	24	30
11	24	31
11	24	32
11	24	33
11	24	34
11	24	35
11	24	36
11	25	30
11	25	31
11	25	32
11	25	33
11	25	34
11	25	35
11	25	36
11	26	34
11	26	35
11	26	36
11	27	35
11	27	36
12	15	33
12	16	33
12	17	33
12	17	34
12	18	33
12	18	34
12	19	31
12	19	32
12	19	33
12	19	34
12	19	35
12	20	29
12	20	30
12	20	31
12	20	32
12	20	33
12	20	34
12	20	35
12	21	31
12	21	32
12	21	33
12	21	34
12	21	35
12	22	31
12	22	32
12	22	33
12	22	34
12	22	35
12	22	36
12	23	31
12	23	32
12	23	33
12	23	34
12	23	35
12	23	36
12	24	31
12	24	32
12	24	33
12	24	34
12	24	35
12	25	35
13	17	34
13	18	34
13	19	34
13	20	32
13	20	33
13	20	34
13	20	35
13	21	32
13	21	33
13	21	34
13	21	35
13	22	32
13	22	33
13	22	34
13	22	35
13	23	32
13	23	33
13	23	34
13	23	35
14	20	34
14	21	33
14	21	34
14	22	33
14	22	34
51	29	30
51	30	30
52	24	35
52	25	35
52	25	36
52	28	29
52	28	30
52	28	31
52	28	32
52	29	28
52	29	29
52	29	30
52	29	31
52	29	32
52	30	29
52	30	30
52	30	31
52	30	32
52	31	29
52	31	30
52	31	31
52	32	29
52	32	30
52	32	31
53	18	30
53	18	31
53	18	32
53	19	31
53	19	32
53	19	33
53	20	31
53	20	32
53	20	33
53	20	34
53	21	31
53	21	32
53	21	33
53	21	34
53	22	32
53	22	33
53	22	34
53	22	35
53	23	33
53	23	34
53	23	35
53	24	33
53	24	34
53	24	35
53	24	36
53	25	32
53	25	33
53	25	34
53	25	35
53	25	36
53	26	30
53	26	31
53	26	32
53	26	33
53	26	34
53	26	35
53	26	36
53	27	28
53	27	29
53	27	30
53	27	31
53	27	32
53	27	33
53	27	34
53	27	35
53	28	27
53	28	28
53	28	29
53	28	30
53	28	31
53	28	32
53	28	33
53	28	34
53	28	35
53	29	27
53	29	28
53	29	29
53	29	30
53	29	31
53	29	32
53	29	33
53	29	34
53	30	27
53	30	28
53	30	29
53	30	30
53	30	31
53	30	32
53	30	33
53	30	34
53	31	27
53	31	28
53	31	29
53	31	30
53	31	31
53	31	32
53	31	33
53	32	28
53	32	29
53	32	30
53	32	31
53	32	32
53	33	29
53	33	30
53	33	31
54	18	29
54	18	30
54	18	31
54	18	32
54	18	33
54	19	30
54	19	31
54	19	32
54	19	33
54	19	34
54	20	30
54	20	31
54	20	32
54	20	33
54	20	34
54	21	30
54	21	31
54	21	32
54	21	33
54	21	34
54	21	35
54	22	31
54	22	32
54	22	33
54	22	34
54	22	35
54	23	31
54	23	32
54	23	33
54	23	34
54	23	35
54	23	36
54	24	30
54	24	31
54	24	32
54	24	33
54	24	34
54	24	35
54	24	36
54	25	29
54	25	30
54	25	31
54	25	32
54	25	33
54	25	34
54	25	35
54	25	36
54	26	27
54	26	28
54	26	29
54	26	30
54	26	31
54	26	32
54	26	33
54	26	34
54	26	35
54	26	36
54	27	26
54	27	27
54	27	28
54	27	29
54	27	30
54	27	31
54	27	32
54	27	33
54	27	34
54	27	35
54	27	36
54	28	25
54	28	26
54	28	27
54	28	28
54	28	29
54	28	30
54	28	31
54	28	32
54	28	33
54	28	34
54	28	35
54	28	36
54	29	25
54	29	26
54	29	27
54	29	28
54	29	29
54	29	30
54	29	31
54	29	32
54	29	33
54	29	34
54	29	35
54	29	36
54	30	26
54	30	27
54	30	28
54	30	29
54	30	30
54	30	31
54	30	32
54	30	33
54	30	34
54	30	35
54	30	36
54	30	39
54	30	40
54	31	26
54	31	27
54	31	28
54	31	29
54	31	30
54	31	31
54	31	32
54	31	33
54	31	34
54	32	27
54	32	28
54	32	29
54	32	30
54	32	31
54	32	32
54	32	33
54	32	34
54	33	27
54	33	28
54	33	29
54	33	30
54	33	31
54	33	32
54	33	33
55	17	31
55	17	32
55	18	29
55	18	30
55	18	31
55	18	32
55	18	33
55	18	34
55	19	29
55	19	30
55	19	31
55	19	32
55	19	33
55	19	34
55	20	29
55	20	30
55	20	31
55	20	32
55	20	33
55	20	34
55	20	35
55	21	29
55	21	30
55	21	31
55	21	32
55	21	33
55	21	34
55	21	35
55	22	29
55	22	30
55	22	31
55	22	32
55	22	33
55	22	34
55	22	35
55	22	36
55	23	29
55	23	30
55	23	31
55	23	32
55	23	33
55	23	34
55	23	35
55	23	36
55	24	28
55	24	29
55	24	30
55	24	31
55	24	32
55	24	33
55	24	34
55	24	35
55	24	36
55	24	37
55	25	26
55	25	27
55	25	28
55	25	29
55	25	30
55	25	31
55	25	32
55	25	33
55	25	34
55	25	35
55	25	36
55	25	37
55	26	25
55	26	26
55	26	27
55	26	28
55	26	29
55	26	30
55	26	31
55	26	32
55	26	33
55	26	34
55	26	35
55	26	36
55	26	37
55	27	24
55	27	25
55	27	26
55	27	27
55	27	28
55	27	29
55	27	30
55	27	31
55	27	32
55	27	33
55	27	34
55	27	35
55	27	36
55	27	37
55	28	24
55	28	25
55	28	26
55	28	27
55	28	28
55	28	29
55	28	30
55	28	31
55	28	32
55	28	33
55	28	34
55	28	35
55	28	36
55	28	37
55	28	38
55	29	24
55	29	25
55	29	26
55	29	27
55	29	28
55	29	29
55	29	30
55	29	31
55	29	32
55	29	33
55	29	34
55	29	35
55	29	36
55	29	37
55	29	38
55	29	39
55	30	24
55	30	25
55	30	26
55	30	27
55	30	28
55	30	29
55	30	30
55	30	31
55	30	32
55	30	33
55	30	34
55	30	35
55	30	36
55	30	37
55	30	38
55	30	39
55	30	40
55	31	24
55	31	25
55	31	26
55	31	27
55	31	28
55	31	29
55	31	30
55	31	31
55	31	32
55	31	33
55	31	34
55	31	35
55	31	36
55	31	37
55	31	38
55	31	39
55	31	40
55	32	25
55	32	26
55	32	27
55	32	28
55	32	29
55	32	30
55	32	31
55	32	32
55	32	33
55	32	34
55	32	35
55	32	36
55	33	26
55	33	27
55	33	28
55	33	29
55	33	30
55	33	31
55	33	32
55	33	33
56	17	29
56	17	30
56	17	32
56	17	33
56	18	29
56	18	30
56	18	31
56	18	32
56	18	33
56	18	34
56	19	29
56	19	30
56	19	31
56	19	32
56	19	33
56	19	34
56	19	35
56	20	28
56	20	29
56	20	30
56	20	31
56	20	32
56	20	33
56	20	34
56	20	35
56	21	28
56	21	29
56	21	30
56	21	31
56	21	32
56	21	33
56	21	34
56	21	35
56	21	36
56	22	28
56	22	29
56	22	30
56	22	31
56	22	32
56	22	33
56	22	34
56	22	35
56	22	36
56	23	26
56	23	27
56	23	28
56	23	29
56	23	30
56	23	31
56	23	32
56	23	33
56	23	34
56	23	35
56	23	36
56	23	37
56	24	25
56	24	26
56	24	27
56	24	28
56	24	29
56	24	30
56	24	31
56	24	32
56	24	33
56	24	34
56	24	35
56	24	36
56	24	37
56	25	24
56	25	25
56	25	26
56	25	27
56	25	28
56	25	29
56	25	30
56	25	31
56	25	32
56	25	33
56	25	34
56	25	35
56	25	36
56	25	37
56	26	23
56	26	24
56	26	25
56	26	26
56	26	27
56	26	28
56	26	29
56	26	30
56	26	31
56	26	32
56	26	33
56	26	34
56	26	35
56	26	36
56	26	37
56	26	38
56	27	23
56	27	24
56	27	25
56	27	26
56	27	27
56	27	28
56	27	29
56	27	30
56	27	31
56	27	32
56	27	33
56	27	34
56	27	35
56	27	36
56	27	37
56	27	38
56	28	23
56	28	24
56	28	25
56	28	26
56	28	27
56	28	28
56	28	29
56	28	30
56	28	31
56	28	32
56	28	33
56	28	34
56	28	35
56	28	36
56	28	37
56	28	38
56	28	39
56	29	23
56	29	24
56	29	25
56	29	26
56	29	27
56	29	28
56	29	29
56	29	30
56	29	31
56	29	32
56	29	33
56	29	34
56	29	35
56	29	36
56	29	37
56	29	38
56	29	39
56	30	23
56	30	24
56	30	25
56	30	26
56	30	27
56	30	28
56	30	29
56	30	30
56	30	31
56	30	32
56	30	33
56	30	34
56	30	35
56	30	36
56	30	37
56	30	38
56	30	39
56	31	23
56	31	24
56	31	25
56	31	26
56	31	27
56	31	28
56	31	29
56	31	30
56	31	31
56	31	32
56	31	33
56	31	34
56	31	35
56	31	36
56	31	37
56	32	23
56	32	24
56	32	25
56	32	26
56	32	27
56	32	28
56	32	29
56	32	30
56	32	31
56	32	32
56	32	33
56	32	34
56	32	35
56	32	36
56	32	37
56	33	24
56	33	25
56	33	26
56	33	27
56	33	28
56	33	29
56	33	30
56	33	31
56	33	32
56	33	33
56	34	24
56	34	25
56	35	24
56	35	25
56	36	24
56	36	25
56	37	24
56	37	25
57	17	31
57	17	32
57	17	33
57	17	34
57	18	29
57	18	30
57	18	31
57	18	32
57	18	33
57	18	34
57	18	35
57	19	28
57	19	29
57	19	30
57	19	31
57	19	32
57	19	33
57	19	34
57	19	35
57	19	36
57	20	28
57	20	29
57	20	30
57	20	31
57	20	32
57	20	33
57	20	34
57	20	35
57	20	36
57	21	26
57	21	27
57	21	28
57	21	29
57	21	30
57	21	31
57	21	32
57	21	33
57	21	34
57	21	35
57	21	36
57	21	37
57	22	24
57	22	25
57	22	26
57	22	27
57	22	28
57	22	29
57	22	30
57	22	31
57	22	32
57	22	33
57	22	34
57	22	35
57	22	36
57	22	37
57	23	24
57	23	25
57	23	26
57	23	27
57	23	28
57	23	29
57	23	30
57	23	31
57	23	32
57	23	33
57	23	34
57	23	35
57	23	36
57	23	37
57	24	23
57	24	24
57	24	25
57	24	26
57	24	27
57	24	28
57	24	29
57	24	30
57	24	31
57	24	32
57	24	33
57	24	34
57	24	35
57	24	36
57	24	37
57	25	23
57	25	24
57	25	25
57	25	26
57	25	27
57	25	28
57	25	29
57	25	30
57	25	31
57	25	32
57	25	33
57	25	34
57	25	35
57	25	36
57	25	37
57	25	38
57	26	23
57	26	24
57	26	25
57	26	26
57	26	27
57	26	28
57	26	29
57	26	30
57	26	31
57	26	32
57	26	33
57	26	34
57	26	35
57	26	36
57	26	37
57	26	38
57	27	22
57	27	23
57	27	24
57	27	25
57	27	26
57	27	27
57	27	28
57	27	29
57	27	30
57	27	31
57	27	32
57	27	33
57	27	34
57	27	35
57	27	36
57	27	37
57	27	38
57	27	39
57	28	22
57	28	23
57	28	24
57	28	25
57	28	26
57	28	27
57	28	28
57	28	29
57	28	30
57	28	31
57	28	32
57	28	33
57	28	34
57	28	35
57	28	36
57	28	37
57	28	38
57	29	22
57	29	23
57	29	24
57	29	25
57	29	26
57	29	27
57	29	28
57	29	29
57	29	30
57	29	31
57	29	32
57	29	33
57	29	34
57	29	35
57	29	36
57	29	37
57	29	38
57	30	22
57	30	23
57	30	24
57	30	25
57	30	26
57	30	27
57	30	28
57	30	29
57	30	30
57	30	31
57	30	32
57	30	33
57	30	34
57	30	35
57	30	36
57	30	37
57	31	22
57	31	23
57	31	24
57	31	25
57	31	26
57	31	27
57	31	28
57	31	29
57	31	30
57	31	31
57	31	32
57	31	33
57	31	34
57	31	35
57	31	36
57	32	22
57	32	23
57	32	24
57	32	25
57	32	26
57	32	27
57	32	28
57	32	29
57	32	30
57	32	31
57	32	32
57	32	33
57	32	34
57	32	35
57	32	36
57	33	22
57	33	23
57	33	24
57	33	25
57	33	26
57	33	27
57	33	28
57	33	29
57	33	30
57	33	31
57	33	32
57	33	33
57	34	22
57	34	23
57	34	24
57	34	25
57	34	26
57	34	27
57	34	28
57	34	29
57	35	22
57	35	23
57	35	24
57	35	25
57	35	26
57	36	23
57	36	24
57	36	25
57	36	26
58	17	30
58	17	31
58	17	32
58	17	33
58	17	34
58	18	29
58	18	30
58	18	31
58	18	32
58	18	33
58	18	34
58	18	35
58	18	36
58	19	27
58	19	28
58	19	29
58	19	30
58	19	31
58	19	32
58	19	33
58	19	34
58	19	35
58	19	36
58	19	37
58	20	25
58	20	26
58	20	27
58	20	28
58	20	29
58	20	30
58	20	31
58	20	32
58	20	33
58	20	34
58	20	35
58	20	36
58	20	37
58	21	23
58	21	24
58	21	25
58	21	26
58	21	27
58	21	28
58	21	29
58	21	30
58	21	31
58	21	32
58	21	33
58	21	34
58	21	35
58	21	36
58	21	37
58	21	38
58	22	23
58	22	24
58	22	25
58	22	26
58	22	27
58	22	28
58	22	29
58	22	30
58	22	31
58	22	32
58	22	33
58	22	34
58	22	35
58	22	36
58	22	37
58	22	38
58	23	22
58	23	23
58	23	24
58	23	25
58	23	26
58	23	27
58	23	28
58	23	29
58	23	30
58	23	31
58	23	32
58	23	33
58	23	34
58	23	35
58	23	36
58	23	37
58	23	38
58	24	22
58	24	23
58	24	24
58	24	25
58	24	26
58	24	27
58	24	28
58	24	29
58	24	30
58	24	31
58	24	32
58	24	33
58	24	34
58	24	35
58	24	36
58	24	37
58	24	38
58	25	22
58	25	23
58	25	24
58	25	25
58	25	26
58	25	27
58	25	28
58	25	29
58	25	30
58	25	31
58	25	32
58	25	33
58	25	34
58	25	35
58	25	36
58	25	37
58	25	38
58	26	22
58	26	23
58	26	24
58	26	25
58	26	26
58	26	27
58	26	28
58	26	29
58	26	30
58	26	31
58	26	32
58	26	33
58	26	34
58	26	35
58	26	36
58	26	37
58	26	38
58	27	22
58	27	23
58	27	24
58	27	25
58	27	26
58	27	27
58	27	28
58	27	29
58	27	30
58	27	31
58	27	32
58	27	33
58	27	34
58	27	35
58	27	36
58	27	37
58	27	38
58	27	39
58	28	22
58	28	23
58	28	24
58	28	25
58	28	26
58	28	27
58	28	28
58	28	29
58	28	30
58	28	31
58	28	32
58	28	33
58	28	34
58	28	35
58	28	36
58	28	37
58	28	38
58	28	39
58	29	22
58	29	23
58	29	24
58	29	25
58	29	26
58	29	27
58	29	28
58	29	29
58	29	30
58	29	31
58	29	32
58	29	33
58	29	34
58	29	35
58	29	36
58	29	37
58	30	22
58	30	23
58	30	24
58	30	25
58	30	26
58	30	27
58	30	28
58	30	29
58	30	30
58	30	31
58	30	32
58	30	33
58	30	34
58	30	35
58	30	36
58	30	37
58	31	22
58	31	23
58	31	24
58	31	25
58	31	26
58	31	27
58	31	28
58	31	29
58	31	30
58	31	31
58	31	32
58	31	33
58	31	34
58	31	35
58	31	36
58	31	37
58	32	23
58	32	24
58	32	25
58	32	26
58	32	27
58	32	28
58	32	29
58	32	30
58	32	31
58	32	32
58	32	33
58	32	34
58	32	35
58	32	36
58	33	23
58	33	24
58	33	25
58	33	26
58	33	27
58	33	28
58	33	29
58	33	30
58	33	31
58	33	32
58	33	33
58	33	34
58	33	38
58	34	23
58	34	24
58	34	25
58	34	26
58	34	27
58	34	28
58	34	29
58	34	39
58	35	23
58	35	24
58	35	25
58	35	26
58	35	27
58	35	28
59	16	30
59	16	31
59	16	32
59	17	29
59	17	30
59	17	31
59	17	32
59	17	33
59	17	34
59	17	35
59	18	28
59	18	29
59	18	30
59	18	31
59	18	32
59	18	33
59	18	34
59	18	35
59	18	36
59	18	37
59	19	26
59	19	27
59	19	28
59	19	29
59	19	30
59	19	31
59	19	32
59	19	33
59	19	34
59	19	35
59	19	36
59	19	37
59	19	38
59	20	24
59	20	25
59	20	26
59	20	27
59	20	28
59	20	29
59	20	30
59	20	31
59	20	32
59	20	33
59	20	34
59	20	35
59	20	36
59	20	37
59	20	38
59	21	23
59	21	24
59	21	25
59	21	26
59	21	27
59	21	28
59	21	29
59	21	30
59	21	31
59	21	32
59	21	33
59	21	34
59	21	35
59	21	36
59	21	37
59	21	38
59	22	23
59	22	24
59	22	25
59	22	26
59	22	27
59	22	28
59	22	29
59	22	30
59	22	31
59	22	32
59	22	33
59	22	34
59	22	35
59	22	36
59	22	37
59	22	38
59	23	23
59	23	24
59	23	25
59	23	26
59	23	27
59	23	28
59	23	29
59	23	30
59	23	31
59	23	32
59	23	33
59	23	34
59	23	35
59	23	36
59	23	37
59	23	38
59	24	23
59	24	24
59	24	25
59	24	26
59	24	27
59	24	28
59	24	29
59	24	30
59	24	31
59	24	32
59	24	33
59	24	34
59	24	35
59	24	36
59	24	37
59	24	38
59	25	23
59	25	24
59	25	25
59	25	26
59	25	27
59	25	28
59	25	29
59	25	30
59	25	31
59	25	32
59	25	33
59	25	34
59	25	35
59	25	36
59	25	37
59	25	38
59	26	21
59	26	22
59	26	23
59	26	24
59	26	25
59	26	26
59	26	27
59	26	28
59	26	29
59	26	30
59	26	31
59	26	32
59	26	33
59	26	34
59	26	35
59	26	36
59	26	37
59	26	38
59	26	39
59	27	21
59	27	22
59	27	23
59	27	24
59	27	25
59	27	26
59	27	27
59	27	28
59	27	29
59	27	30
59	27	31
59	27	32
59	27	33
59	27	34
59	27	35
59	27	36
59	27	37
59	27	38
59	27	39
59	28	21
59	28	22
59	28	23
59	28	24
59	28	25
59	28	26
59	28	27
59	28	28
59	28	29
59	28	30
59	28	31
59	28	32
59	28	33
59	28	34
59	28	35
59	28	36
59	28	37
59	28	38
59	28	39
59	29	21
59	29	22
59	29	23
59	29	24
59	29	25
59	29	26
59	29	27
59	29	28
59	29	29
59	29	30
59	29	31
59	29	32
59	29	33
59	29	34
59	29	35
59	29	36
59	29	37
59	29	38
59	30	21
59	30	22
59	30	23
59	30	24
59	30	25
59	30	26
59	30	27
59	30	28
59	30	29
59	30	30
59	30	31
59	30	32
59	30	33
59	30	34
59	30	35
59	30	36
59	30	37
59	30	38
59	31	22
59	31	24
59	31	25
59	31	26
59	31	27
59	31	28
59	31	29
59	31	30
59	31	31
59	31	32
59	31	33
59	31	34
59	31	35
59	31	36
59	31	37
59	32	24
59	32	25
59	32	26
59	32	27
59	32	28
59	32	29
59	32	30
59	32	31
59	32	32
59	32	33
59	32	34
59	32	35
59	32	36
59	32	37
59	33	24
59	33	25
59	33	26
59	33	27
59	33	28
59	33	29
59	33	30
59	33	31
59	33	32
59	33	33
59	33	34
59	33	38
59	33	39
59	34	24
59	34	25
59	34	26
59	34	27
59	34	28
59	34	29
60	16	32
60	17	28
60	17	29
60	17	30
60	17	31
60	17	32
60	17	33
60	17	34
60	17	35
60	17	36
60	18	27
60	18	28
60	18	29
60	18	30
60	18	31
60	18	32
60	18	33
60	18	34
60	18	35
60	18	36
60	18	37
60	18	38
60	19	25
60	19	26
60	19	27
60	19	28
60	19	29
60	19	30
60	19	31
60	19	32
60	19	33
60	19	34
60	19	35
60	19	36
60	19	37
60	19	38
60	19	39
60	20	24
60	20	25
60	20	26
60	20	27
60	20	28
60	20	29
60	20	30
60	20	31
60	20	32
60	20	33
60	20	34
60	20	35
60	20	36
60	20	37
60	20	38
60	21	24
60	21	25
60	21	26
60	21	27
60	21	28
60	21	29
60	21	30
60	21	31
60	21	32
60	21	33
60	21	34
60	21	35
60	21	36
60	21	37
60	21	38
60	22	24
60	22	25
60	22	26
60	22	27
60	22	28
60	22	29
60	22	30
60	22	31
60	22	32
60	22	33
60	22	34
60	22	35
60	22	36
60	22	37
60	22	38
60	23	24
60	23	25
60	23	26
60	23	27
60	23	28
60	23	29
60	23	30
60	23	31
60	23	32
60	23	33
60	23	34
60	23	35
60	23	36
60	23	37
60	23	38
60	24	24
60	24	25
60	24	26
60	24	27
60	24	28
60	24	29
60	24	30
60	24	31
60	24	32
60	24	33
60	24	34
60	24	35
60	24	36
60	24	37
60	24	38
60	25	24
60	25	25
60	25	26
60	25	27
60	25	28
60	25	29
60	25	30
60	25	31
60	25	32
60	25	33
60	25	34
60	25	35
60	25	36
60	25	37
60	25	38
60	26	21
60	26	22
60	26	23
60	26	24
60	26	25
60	26	26
60	26	27
60	26	28
60	26	29
60	26	30
60	26	31
60	26	32
60	26	33
60	26	34
60	26	35
60	26	36
60	26	37
60	26	38
60	26	39
60	27	21
60	27	22
60	27	23
60	27	24
60	27	25
60	27	26
60	27	27
60	27	28
60	27	29
60	27	30
60	27	31
60	27	32
60	27	33
60	27	34
60	27	35
60	27	36
60	27	37
60	27	38
60	27	40
60	28	21
60	28	22
60	28	23
60	28	24
60	28	25
60	28	26
60	28	27
60	28	28
60	28	29
60	28	30
60	28	31
60	28	32
60	28	33
60	28	34
60	28	35
60	28	36
60	28	37
60	28	38
60	29	21
60	29	22
60	29	23
60	29	24
60	29	25
60	29	26
60	29	27
60	29	28
60	29	29
60	29	30
60	29	31
60	29	32
60	29	33
60	29	34
60	29	35
60	29	36
60	29	37
60	29	38
60	30	21
60	30	22
60	30	23
60	30	24
60	30	25
60	30	26
60	30	27
60	30	28
60	30	29
60	30	30
60	30	31
60	30	32
60	30	33
60	30	34
60	30	35
60	30	36
60	30	37
60	30	38
60	31	22
60	31	23
60	31	24
60	31	25
60	31	26
60	31	27
60	31	28
60	31	29
60	31	30
60	31	31
60	31	32
60	31	33
60	31	34
60	31	35
60	31	36
60	31	37
60	31	38
60	32	25
60	32	26
60	32	27
60	32	28
60	32	29
60	32	30
60	32	31
60	32	32
60	32	33
60	32	34
60	32	35
60	32	36
60	32	37
60	32	38
60	33	25
60	33	26
60	33	27
60	33	28
60	33	29
60	33	30
60	33	31
60	33	32
60	33	33
60	33	40
60	34	29
60	34	40
61	16	32
61	16	33
61	17	31
61	17	32
61	17	33
61	17	34
61	17	35
61	17	36
61	17	37
61	18	26
61	18	27
61	18	28
61	18	29
61	18	30
61	18	31
61	18	32
61	18	33
61	18	34
61	18	35
61	18	36
61	18	37
61	18	38
61	19	24
61	19	25
61	19	26
61	19	27
61	19	28
61	19	29
61	19	30
61	19	31
61	19	32
61	19	33
61	19	34
61	19	35
61	19	36
61	19	37
61	19	38
61	19	39
61	20	24
61	20	25
61	20	26
61	20	27
61	20	28
61	20	29
61	20	30
61	20	31
61	20	32
61	20	33
61	20	34
61	20	35
61	20	36
61	20	37
61	20	38
61	20	39
61	21	25
61	21	26
61	21	27
61	21	28
61	21	29
61	21	30
61	21	31
61	21	32
61	21	33
61	21	34
61	21	35
61	21	36
61	21	37
61	21	38
61	21	39
61	22	25
61	22	26
61	22	27
61	22	28
61	22	29
61	22	30
61	22	31
61	22	32
61	22	33
61	22	34
61	22	35
61	22	36
61	22	37
61	22	38
61	23	25
61	23	26
61	23	27
61	23	28
61	23	29
61	23	30
61	23	31
61	23	32
61	23	33
61	23	34
61	23	35
61	23	36
61	23	37
61	23	38
61	24	25
61	24	26
61	24	27
61	24	28
61	24	29
61	24	30
61	24	31
61	24	32
61	24	33
61	24	34
61	24	35
61	24	36
61	24	37
61	24	38
61	25	26
61	25	27
61	25	28
61	25	29
61	25	30
61	25	31
61	25	32
61	25	33
61	25	34
61	25	35
61	25	36
61	25	37
61	25	38
61	25	39
61	26	22
61	26	23
61	26	24
61	26	25
61	26	26
61	26	27
61	26	28
61	26	29
61	26	30
61	26	31
61	26	32
61	26	33
61	26	34
61	26	35
61	26	36
61	26	37
61	26	38
61	26	39
61	27	22
61	27	23
61	27	24
61	27	25
61	27	26
61	27	27
61	27	28
61	27	29
61	27	30
61	27	31
61	27	32
61	27	33
61	27	34
61	27	35
61	27	36
61	27	37
61	27	38
61	27	39
61	28	22
61	28	23
61	28	24
61	28	25
61	28	26
61	28	27
61	28	28
61	28	29
61	28	30
61	28	31
61	28	32
61	28	33
61	28	34
61	28	35
61	28	36
61	28	37
61	28	39
61	29	22
61	29	23
61	29	24
61	29	25
61	29	26
61	29	27
61	29	28
61	29	29
61	29	30
61	29	31
61	29	32
61	29	33
61	29	34
61	29	35
61	29	36
61	29	37
61	29	39
61	30	22
61	30	23
61	30	24
61	30	25
61	30	26
61	30	27
61	30	28
61	30	29
61	30	30
61	30	31
61	30	32
61	30	33
61	30	34
61	30	35
61	30	36
61	30	37
61	30	39
61	31	22
61	31	23
61	31	24
61	31	25
61	31	26
61	31	27
61	31	28
61	31	29
61	31	30
61	31	31
61	31	32
61	31	33
61	31	34
61	31	35
61	31	36
61	31	37
61	31	39
61	32	25
61	32	26
61	32	27
61	32	28
61	32	29
61	32	30
61	32	31
61	32	32
61	32	33
61	32	34
61	32	39
61	33	28
61	33	29
61	33	30
61	33	31
61	33	39
61	34	29
62	16	32
62	16	33
62	16	34
62	16	35
62	16	36
62	17	32
62	17	33
62	17	34
62	17	35
62	17	36
62	17	37
62	17	38
62	18	31
62	18	32
62	18	33
62	18	34
62	18	35
62	18	36
62	18	37
62	18	38
62	19	25
62	19	26
62	19	27
62	19	28
62	19	29
62	19	30
62	19	31
62	19	32
62	19	33
62	19	34
62	19	35
62	19	36
62	19	37
62	19	38
62	19	39
62	20	25
62	20	26
62	20	27
62	20	28
62	20	29
62	20	30
62	20	31
62	20	32
62	20	33
62	20	34
62	20	35
62	20	36
62	20	37
62	20	38
62	20	39
62	21	26
62	21	27
62	21	28
62	21	29
62	21	30
62	21	31
62	21	32
62	21	33
62	21	34
62	21	35
62	21	36
62	21	37
62	21	38
62	21	39
62	22	26
62	22	27
62	22	28
62	22	29
62	22	30
62	22	31
62	22	32
62	22	33
62	22	34
62	22	35
62	22	36
62	22	37
62	22	38
62	22	39
62	23	26
62	23	27
62	23	28
62	23	29
62	23	30
62	23	31
62	23	32
62	23	33
62	23	34
62	23	35
62	23	36
62	23	37
62	23	38
62	23	39
62	24	27
62	24	28
62	24	29
62	24	30
62	24	31
62	24	32
62	24	33
62	24	34
62	24	35
62	24	36
62	24	37
62	24	38
62	24	39
62	25	26
62	25	27
62	25	28
62	25	29
62	25	30
62	25	31
62	25	32
62	25	33
62	25	34
62	25	35
62	25	36
62	25	37
62	25	38
62	25	39
62	26	22
62	26	23
62	26	24
62	26	25
62	26	26
62	26	27
62	26	28
62	26	29
62	26	30
62	26	31
62	26	32
62	26	33
62	26	34
62	26	35
62	26	36
62	26	37
62	26	38
62	26	39
62	26	40
62	27	23
62	27	24
62	27	25
62	27	26
62	27	27
62	27	28
62	27	29
62	27	30
62	27	31
62	27	32
62	27	33
62	27	34
62	27	35
62	27	36
62	27	37
62	27	38
62	27	39
62	28	23
62	28	24
62	28	25
62	28	26
62	28	27
62	28	28
62	28	29
62	28	30
62	28	31
62	28	32
62	28	33
62	28	34
62	28	35
62	28	36
62	28	37
62	28	38
62	28	40
62	29	23
62	29	24
62	29	25
62	29	26
62	29	27
62	29	28
62	29	29
62	29	30
62	29	31
62	29	32
62	29	33
62	29	34
62	29	35
62	29	36
62	29	38
62	29	40
62	30	23
62	30	24
62	30	25
62	30	26
62	30	27
62	30	28
62	30	29
62	30	30
62	30	31
62	30	32
62	30	33
62	30	34
62	30	35
62	30	36
62	30	38
62	30	40
62	31	23
62	31	24
62	31	25
62	31	26
62	31	27
62	31	28
62	31	29
62	31	30
62	31	31
62	31	32
62	31	33
62	31	34
62	31	35
62	31	38
62	31	40
62	32	27
62	32	28
62	32	29
62	32	30
62	32	31
62	32	32
62	32	38
62	32	40
62	33	28
62	33	29
62	33	30
62	33	31
63	16	33
63	16	34
63	16	35
63	16	36
63	17	33
63	17	34
63	17	35
63	17	36
63	17	37
63	17	38
63	18	33
63	18	34
63	18	35
63	18	36
63	18	37
63	18	38
63	19	32
63	19	33
63	19	34
63	19	35
63	19	36
63	19	37
63	19	38
63	20	26
63	20	27
63	20	28
63	20	29
63	20	30
63	20	31
63	20	32
63	20	33
63	20	34
63	20	35
63	20	36
63	20	37
63	20	38
63	21	26
63	21	27
63	21	28
63	21	29
63	21	30
63	21	31
63	21	32
63	21	33
63	21	34
63	21	35
63	21	36
63	21	37
63	21	38
63	22	26
63	22	27
63	22	28
63	22	29
63	22	30
63	22	31
63	22	32
63	22	33
63	22	34
63	22	35
63	22	36
63	22	37
63	22	38
63	22	39
63	23	26
63	23	27
63	23	28
63	23	29
63	23	30
63	23	31
63	23	32
63	23	33
63	23	34
63	23	35
63	23	36
63	23	37
63	23	38
63	23	39
63	24	27
63	24	28
63	24	29
63	24	30
63	24	31
63	24	32
63	24	33
63	24	34
63	24	35
63	24	36
63	24	37
63	24	38
63	24	39
63	25	26
63	25	27
63	25	28
63	25	29
63	25	30
63	25	31
63	25	32
63	25	33
63	25	34
63	25	35
63	25	36
63	25	37
63	25	38
63	25	39
63	25	40
63	26	22
63	26	23
63	26	24
63	26	28
63	26	29
63	26	30
63	26	31
63	26	32
63	26	33
63	26	34
63	26	35
63	26	36
63	26	37
63	26	38
63	26	39
63	26	40
63	27	23
63	27	24
63	27	25
63	27	26
63	27	27
63	27	28
63	27	29
63	27	30
63	27	31
63	27	32
63	27	33
63	27	34
63	27	35
63	27	36
63	27	37
63	27	38
63	27	39
63	28	24
63	28	25
63	28	26
63	28	27
63	28	28
63	28	29
63	28	30
63	28	31
63	28	32
63	28	33
63	28	34
63	28	35
63	28	36
63	28	37
63	28	38
63	29	24
63	29	25
63	29	26
63	29	27
63	29	28
63	29	29
63	29	30
63	29	31
63	29	32
63	29	33
63	29	34
63	29	35
63	29	36
63	29	37
63	30	24
63	30	25
63	30	26
63	30	27
63	30	28
63	30	29
63	30	30
63	30	31
63	30	32
63	30	33
63	30	34
63	30	37
63	31	24
63	31	25
63	31	26
63	31	27
63	31	28
63	31	29
63	31	30
63	31	31
63	31	32
63	31	37
63	32	26
63	32	27
63	32	28
63	32	29
63	32	30
63	32	31
63	33	29
