#i	j	k
3	27	2
4	23	0
4	23	61
4	23	62
4	23	63
4	24	0
4	24	1
4	24	2
4	24	61
4	24	62
4	24	63
4	25	0
4	25	1
4	25	2
4	25	63
4	26	0
4	26	1
4	26	2
4	26	3
4	26	63
4	27	0
4	27	1
4	27	2
4	27	5
4	27	63
4	28	0
4	28	1
4	28	5
5	23	0
5	23	1
5	23	2
5	23	3
5	23	61
5	23	62
5	23	63
5	24	0
5	24	1
5	24	2
5	24	3
5	24	61
5	24	62
5	24	63
5	25	0
5	25	1
5	25	2
5	25	3
5	25	62
5	25	63
5	26	0
5	26	1
5	26	2
5	26	3
5	26	62
5	26	63
5	27	0
5	27	1
5	27	2
5	27	4
5	27	5
5	27	63
5	28	0
5	28	1
5	28	4
5	28	5
5	29	0
5	29	1
5	29	4
5	29	5
5	30	4
5	30	5
5	31	5
6	22	1
6	22	63
6	23	0
6	23	1
6	23	2
6	23	61
6	23	62
6	23	63
6	24	0
6	24	1
6	24	2
6	24	3
6	24	61
6	24	62
6	24	63
6	25	0
6	25	1
6	25	2
6	25	3
6	25	62
6	25	63
6	26	0
6	26	1
6	26	2
6	26	3
6	26	4
6	26	62
6	26	63
6	27	0
6	27	1
6	27	2
6	27	3
6	27	4
6	27	5
6	27	63
6	28	0
6	28	1
6	28	2
6	28	3
6	28	4
6	28	5
6	28	6
6	28	63
6	29	0
6	29	1
6	29	2
6	29	3
6	29	4
6	29	5
6	29	6
6	29	63
6	30	0
6	30	2
6	30	3
6	30	4
6	30	5
6	30	6
6	31	2
6	31	3
6	31	4
6	31	5
6	31	6
7	22	1
7	22	63
7	23	0
7	23	1
7	23	2
7	23	3
7	23	62
7	23	63
7	24	0
7	24	1
7	24	2
7	24	3
7	24	61
7	24	62
7	24	63
7	25	0
7	25	1
7	25	2
7	25	3
7	25	4
7	25	61
7	25	62
7	25	63
7	26	0
7	26	1
7	26	2
7	26	3
7	26	4
7	26	5
7	26	61
7	27	0
7	27	1
7	27	2
7	27	3
7	27	4
7	27	5
7	27	6
7	28	0
7	28	1
7	28	2
7	28	3
7	28	4
7	28	5
7	28	6
7	29	0
7	29	1
7	29	2
7	29	3
7	29	4
7	29	5
7	29	6
7	30	0
7	30	1
7	30	2
7	30	3
7	30	4
7	30	5
7	30	6
8	22	1
8	22	2
8	23	0
8	23	1
8	23	2
8	23	3
8	23	62
8	23	63
8	24	0
8	24	1
8	24	2
8	24	3
8	24	4
8	24	62
8	24	63
8	25	0
8	25	1
8	25	2
8	25	3
8	25	4
8	25	5
8	25	62
8	25	63
8	26	0
8	26	1
8	26	2
8	26	3
8	26	4
8	26	5
8	26	6
8	26	62
8	26	63
8	27	1
8	27	2
8	27	3
8	27	4
8	27	5
8	27	6
8	28	1
8	28	2
8	28	3
8	28	4
8	28	5
8	28	6
8	29	1
8	29	2
8	29	3
8	29	4
8	29	5
8	29	6
9	22	0
9	22	1
9	22	2
9	22	3
9	23	0
9	23	1
9	23	2
9	23	3
9	23	4
9	23	5
9	24	0
9	24	1
9	24	2
9	24	3
9	24	4
9	24	5
9	24	6
9	24	63
9	25	0
9	25	1
9	25	2
9	25	3
9	25	4
9	25	5
9	25	6
9	25	63
9	26	0
9	26	1
9	26	2
9	26	3
9	26	4
9	26	5
9	26	6
9	26	63
9	27	1
9	27	2
9	27	3
9	27	4
9	27	5
9	27	6
9	27	7
9	27	63
9	28	2
9	28	3
9	28	4
9	28	5
9	28	6
10	21	1
10	21	2
10	22	1
10	22	2
10	22	3
10	22	4
10	23	0
10	23	1
10	23	2
10	23	3
10	23	4
10	23	5
10	23	6
10	24	0
10	24	1
10	24	2
10	24	3
10	24	4
10	24	5
10	24	6
10	25	0
10	25	1
10	25	2
10	25	3
10	25	4
10	25	5
10	25	6
10	25	7
10	26	0
10	26	1
10	26	2
10	26	3
10	26	4
10	26	5
10	26	6
10	26	7
10	27	1
10	27	2
10	27	3
10	27	4
10	27	5
10	27	6
10	27	7
10	28	2
10	28	3
10	28	4
10	28	5
10	28	6
11	21	1
11	21	2
11	21	3
11	22	1
11	22	2
11	22	3
11	22	4
11	22	5
11	23	1
11	23	2
11	23	3
11	23	4
11	23	5
11	23	6
11	24	1
11	24	2
11	24	3
11	24	4
11	24	5
11	24	6
11	24	7
11	25	1
11	25	2
11	25	3
11	25	4
11	25	5
11	25	6
11	25	7
11	26	0
11	26	1
11	26	2
11	26	3
11	26	4
11	26	5
11	26	6
11	26	7
11	27	1
11	27	2
11	27	3
11	27	4
11	27	5
11	27	6
11	27	7
11	28	2
11	28	3
11	28	4
11	28	5
11	28	6
12	20	1
12	21	1
12	21	2
12	21	3
12	21	4
12	22	1
12	22	2
12	22	3
12	22	4
12	22	5
12	22	6
12	23	1
12	23	2
12	23	3
12	23	4
12	23	5
12	23	6
12	23	7
12	24	1
12	24	2
12	24	3
12	24	4
12	24	5
12	24	6
12	24	7
12	25	1
12	25	2
12	25	3
12	25	4
12	25	5
12	25	6
12	25	7
12	26	1
12	26	2
12	26	3
12	26	4
12	26	5
12	26	6
12	26	7
12	27	1
12	27	2
12	27	3
12	27	4
12	27	5
12	27	6
12	27	7
12	28	7
13	20	1
13	20	2
13	21	1
13	21	2
13	21	3
13	21	4
13	21	5
13	22	1
13	22	2
13	22	3
13	22	4
13	22	5
13	22	6
13	23	1
13	23	2
13	23	3
13	23	4
13	23	5
13	23	6
13	23	7
13	24	1
13	24	2
13	24	3
13	24	4
13	24	5
13	24	6
13	24	7
13	25	1
13	25	2
13	25	3
13	25	4
13	25	5
13	25	6
13	25	7
13	26	1
13	26	2
13	26	3
13	26	4
13	26	5
13	26	6
13	26	7
13	27	6
13	27	7
14	20	1
14	20	2
14	20	3
14	20	4
14	21	1
14	21	2
14	21	3
14	21	4
14	21	5
14	21	6
14	21	7
14	21	8
14	22	1
14	22	2
14	22	3
14	22	4
14	22	5
14	22	6
14	22	7
14	22	8
14	23	0
14	23	1
14	23	2
14	23	3
14	23	4
14	23	5
14	23	6
14	23	7
14	23	8
14	24	0
14	24	1
14	24	2
14	24	3
14	24	4
14	24	5
14	24	6
14	24	7
14	24	8
14	24	9
14	25	0
14	25	1
14	25	2
14	25	3
14	25	4
14	25	5
14	25	6
14	25	7
14	25	8
14	25	9
14	26	0
14	26	1
14	26	2
14	26	3
14	26	4
14	26	5
14	26	6
14	26	7
14	26	8
14	27	1
14	27	2
14	27	3
14	27	4
14	27	5
14	27	6
14	27	7
14	28	6
14	28	7
15	20	1
15	20	2
15	20	3
15	20	4
15	20	5
15	20	6
15	20	7
15	20	8
15	21	0
15	21	1
15	21	2
15	21	3
15	21	4
15	21	5
15	21	6
15	21	7
15	21	8
15	21	9
15	22	0
15	22	1
15	22	2
15	22	3
15	22	4
15	22	5
15	22	6
15	22	7
15	22	8
15	22	9
15	22	10
15	23	0
15	23	1
15	23	2
15	23	3
15	23	4
15	23	5
15	23	6
15	23	7
15	23	8
15	23	9
15	23	10
15	24	0
15	24	1
15	24	2
15	24	3
15	24	4
15	24	5
15	24	6
15	24	7
15	24	8
15	24	9
15	24	10
15	25	0
15	25	1
15	25	2
15	25	3
15	25	4
15	25	5
15	25	6
15	25	7
15	25	8
15	25	9
15	25	10
15	26	0
15	26	1
15	26	2
15	26	3
15	26	4
15	26	5
15	26	6
15	26	7
15	26	8
15	26	9
15	27	1
15	27	2
15	27	3
15	27	4
15	27	5
15	27	6
15	27	7
15	27	8
15	27	9
15	28	1
15	28	2
15	28	3
15	28	4
15	28	5
15	28	6
15	28	7
15	28	8
15	29	6
15	29	7
16	19	1
16	19	2
16	19	3
16	19	4
16	19	5
16	19	6
16	19	7
16	20	1
16	20	2
16	20	3
16	20	4
16	20	5
16	20	6
16	20	7
16	20	8
16	20	9
16	20	10
16	20	63
16	21	0
16	21	1
16	21	2
16	21	3
16	21	4
16	21	5
16	21	6
16	21	7
16	21	8
16	21	9
16	21	10
16	22	0
16	22	1
16	22	2
16	22	3
16	22	4
16	22	5
16	22	6
16	22	7
16	22	8
16	22	9
16	22	10
16	22	11
16	23	0
16	23	1
16	23	2
16	23	3
16	23	4
16	23	5
16	23	6
16	23	7
16	23	8
16	23	9
16	23	10
16	23	11
16	24	0
16	24	1
16	24	2
16	24	3
16	24	4
16	24	5
16	24	6
16	24	7
16	24	8
16	24	9
16	24	10
16	24	11
16	25	0
16	25	1
16	25	2
16	25	3
16	25	4
16	25	5
16	25	6
16	25	7
16	25	8
16	25	9
16	25	10
16	26	0
16	26	1
16	26	2
16	26	3
16	26	4
16	26	5
16	26	6
16	26	7
16	26	8
16	26	9
16	26	10
16	26	63
16	27	0
16	27	1
16	27	2
16	27	3
16	27	4
16	27	5
16	27	6
16	27	7
16	27	8
16	27	9
16	27	10
16	28	1
16	28	2
16	28	3
16	28	4
16	28	5
16	28	6
16	28	7
16	28	8
16	28	9
16	28	10
16	29	2
16	29	3
16	29	4
16	29	5
16	29	6
16	29	7
16	29	8
16	29	9
16	30	6
16	30	7
16	42	0
17	19	1
17	19	2
17	19	3
17	19	4
17	19	5
17	19	6
17	19	7
17	19	8
17	19	9
17	19	10
17	19	11
17	20	0
17	20	1
17	20	2
17	20	3
17	20	4
17	20	5
17	20	6
17	20	7
17	20	8
17	20	9
17	20	10
17	20	11
17	20	62
17	20	63
17	21	0
17	21	1
17	21	2
17	21	3
17	21	4
17	21	5
17	21	6
17	21	7
17	21	8
17	21	9
17	21	10
17	21	11
17	21	62
17	21	63
17	22	0
17	22	1
17	22	2
17	22	3
17	22	4
17	22	5
17	22	6
17	22	7
17	22	8
17	22	9
17	22	10
17	22	11
17	22	12
17	22	61
17	22	62
17	22	63
17	23	0
17	23	1
17	23	2
17	23	3
17	23	4
17	23	5
17	23	6
17	23	7
17	23	8
17	23	9
17	23	10
17	23	11
17	23	12
17	23	59
17	23	60
17	23	61
17	23	62
17	23	63
17	24	0
17	24	1
17	24	2
17	24	3
17	24	4
17	24	5
17	24	6
17	24	7
17	24	8
17	24	9
17	24	10
17	24	11
17	24	12
17	24	59
17	24	60
17	24	61
17	24	62
17	24	63
17	25	0
17	25	1
17	25	2
17	25	3
17	25	4
17	25	5
17	25	6
17	25	7
17	25	8
17	25	9
17	25	10
17	25	11
17	25	12
17	25	60
17	25	61
17	25	62
17	25	63
17	26	0
17	26	1
17	26	2
17	26	3
17	26	4
17	26	5
17	26	6
17	26	7
17	26	8
17	26	9
17	26	10
17	26	11
17	26	63
17	27	0
17	27	1
17	27	2
17	27	3
17	27	4
17	27	5
17	27	6
17	27	7
17	27	8
17	27	9
17	27	10
17	27	11
17	28	1
17	28	2
17	28	3
17	28	4
17	28	5
17	28	6
17	28	7
17	28	8
17	28	9
17	28	10
17	28	11
17	29	2
17	29	3
17	29	4
17	29	5
17	29	6
17	29	7
17	29	8
17	29	9
17	29	10
17	29	11
17	30	2
17	30	3
17	30	4
17	30	5
17	30	6
17	30	7
17	30	8
17	30	9
17	30	10
17	30	11
17	31	9
17	31	10
17	39	58
17	39	59
17	39	60
17	39	61
17	40	61
17	40	62
17	41	0
17	41	62
17	41	63
17	42	0
18	17	4
18	18	1
18	18	2
18	18	3
18	18	4
18	18	5
18	18	6
18	18	7
18	18	8
18	18	9
18	18	10
18	18	11
18	19	0
18	19	1
18	19	2
18	19	3
18	19	4
18	19	5
18	19	6
18	19	7
18	19	8
18	19	9
18	19	10
18	19	11
18	20	0
18	20	1
18	20	2
18	20	3
18	20	4
18	20	5
18	20	6
18	20	7
18	20	8
18	20	9
18	20	10
18	20	11
18	20	12
18	21	0
18	21	1
18	21	2
18	21	3
18	21	4
18	21	5
18	21	6
18	21	7
18	21	8
18	21	9
18	21	10
18	21	11
18	21	12
18	21	61
18	21	62
18	21	63
18	22	0
18	22	1
18	22	2
18	22	3
18	22	4
18	22	5
18	22	6
18	22	7
18	22	8
18	22	9
18	22	10
18	22	11
18	22	12
18	22	13
18	22	60
18	22	61
18	22	62
18	22	63
18	23	0
18	23	1
18	23	2
18	23	3
18	23	4
18	23	5
18	23	6
18	23	7
18	23	8
18	23	9
18	23	10
18	23	11
18	23	12
18	23	13
18	23	60
18	23	61
18	23	62
18	23	63
18	24	0
18	24	1
18	24	2
18	24	3
18	24	4
18	24	5
18	24	6
18	24	7
18	24	8
18	24	9
18	24	10
18	24	11
18	24	12
18	24	13
18	24	60
18	24	61
18	24	62
18	24	63
18	25	0
18	25	1
18	25	2
18	25	3
18	25	4
18	25	5
18	25	6
18	25	7
18	25	8
18	25	9
18	25	10
18	25	11
18	25	12
18	25	13
18	25	60
18	25	61
18	25	62
18	25	63
18	26	0
18	26	1
18	26	2
18	26	3
18	26	4
18	26	5
18	26	6
18	26	7
18	26	8
18	26	9
18	26	10
18	26	11
18	26	12
18	26	13
18	26	61
18	26	62
18	26	63
18	27	0
18	27	1
18	27	2
18	27	3
18	27	4
18	27	5
18	27	6
18	27	7
18	27	8
18	27	9
18	27	10
18	27	11
18	27	12
18	27	63
18	28	0
18	28	1
18	28	2
18	28	3
18	28	4
18	28	5
18	28	6
18	28	7
18	28	8
18	28	9
18	28	10
18	28	11
18	28	12
18	29	1
18	29	2
18	29	3
18	29	4
18	29	5
18	29	6
18	29	7
18	29	8
18	29	9
18	29	10
18	29	11
18	29	12
18	30	4
18	30	5
18	30	7
18	30	8
18	30	9
18	30	10
18	30	11
18	31	9
18	31	10
18	31	11
18	32	9
18	32	10
18	33	9
18	34	9
18	38	57
18	38	58
18	38	59
18	38	60
18	38	61
18	38	62
18	39	58
18	39	59
18	39	60
18	39	61
18	39	62
18	39	63
18	40	0
18	40	1
18	40	60
18	40	61
18	40	62
18	40	63
18	41	0
18	41	1
18	41	62
18	41	63
18	42	0
18	42	1
18	43	0
19	16	4
19	16	5
19	17	1
19	17	2
19	17	3
19	17	4
19	17	5
19	17	6
19	17	7
19	17	8
19	17	9
19	18	1
19	18	2
19	18	3
19	18	4
19	18	5
19	18	6
19	18	7
19	18	8
19	18	9
19	18	10
19	18	11
19	18	12
19	19	0
19	19	1
19	19	2
19	19	3
19	19	4
19	19	5
19	19	6
19	19	7
19	19	8
19	19	9
19	19	10
19	19	11
19	19	12
19	20	0
19	20	1
19	20	2
19	20	3
19	20	4
19	20	5
19	20	6
19	20	7
19	20	8
19	20	9
19	20	10
19	20	11
19	20	12
19	21	0
19	21	1
19	21	2
19	21	3
19	21	4
19	21	5
19	21	6
19	21	7
19	21	8
19	21	9
19	21	10
19	21	11
19	21	12
19	21	13
19	22	0
19	22	1
19	22	2
19	22	3
19	22	4
19	22	5
19	22	6
19	22	7
19	22	8
19	22	9
19	22	10
19	22	11
19	22	12
19	22	13
19	22	14
19	22	61
19	22	62
19	22	63
19	23	0
19	23	1
19	23	2
19	23	3
19	23	4
19	23	5
19	23	6
19	23	7
19	23	8
19	23	9
19	23	10
19	23	11
19	23	12
19	23	13
19	23	14
19	23	61
19	23	62
19	23	63
19	24	0
19	24	1
19	24	2
19	24	3
19	24	4
19	24	5
19	24	6
19	24	7
19	24	8
19	24	9
19	24	10
19	24	11
19	24	12
19	24	13
19	24	14
19	24	61
19	24	62
19	24	63
19	25	0
19	25	1
19	25	2
19	25	3
19	25	4
19	25	5
19	25	6
19	25	7
19	25	8
19	25	9
19	25	10
19	25	11
19	25	12
19	25	13
19	25	14
19	25	61
19	25	62
19	25	63
19	26	0
19	26	1
19	26	2
19	26	3
19	26	4
19	26	5
19	26	6
19	26	7
19	26	8
19	26	9
19	26	10
19	26	11
19	26	12
19	26	13
19	26	14
19	26	61
19	26	62
19	26	63
19	27	0
19	27	1
19	27	2
19	27	3
19	27	4
19	27	5
19	27	6
19	27	7
19	27	8
19	27	9
19	27	10
19	27	11
19	27	12
19	27	13
19	27	62
19	27	63
19	28	0
19	28	1
19	28	2
19	28	3
19	28	4
19	28	5
19	28	6
19	28	7
19	28	8
19	28	9
19	28	10
19	28	11
19	28	12
19	28	13
19	28	63
19	29	1
19	29	2
19	29	3
19	29	4
19	29	5
19	29	6
19	29	7
19	29	8
19	29	9
19	29	10
19	29	11
19	29	12
19	29	13
19	30	4
19	30	5
19	30	6
19	30	7
19	30	8
19	30	9
19	30	10
19	30	11
19	30	12
19	31	6
19	31	9
19	31	10
19	31	11
19	31	12
19	32	9
19	32	10
19	32	11
19	33	9
19	33	10
19	34	8
19	34	9
19	35	8
19	35	9
19	35	53
19	35	54
19	36	54
19	36	58
19	36	59
19	36	60
19	36	61
19	37	55
19	37	56
19	37	58
19	37	59
19	37	60
19	37	61
19	37	62
19	38	56
19	38	57
19	38	58
19	38	59
19	38	60
19	38	61
19	38	62
19	38	63
19	39	0
19	39	57
19	39	58
19	39	59
19	39	60
19	39	61
19	39	62
19	39	63
19	40	0
19	40	1
19	40	59
19	40	60
19	40	61
19	40	62
19	40	63
19	41	0
19	41	1
19	41	2
19	41	61
19	41	62
19	41	63
19	42	0
19	42	1
19	42	2
19	42	63
19	43	0
19	43	1
20	16	3
20	16	4
20	16	5
20	16	6
20	16	7
20	17	1
20	17	2
20	17	3
20	17	4
20	17	5
20	17	6
20	17	7
20	17	8
20	17	9
20	17	10
20	17	11
20	18	0
20	18	1
20	18	2
20	18	3
20	18	4
20	18	5
20	18	6
20	18	7
20	18	8
20	18	9
20	18	10
20	18	11
20	18	12
20	19	0
20	19	1
20	19	2
20	19	3
20	19	4
20	19	5
20	19	6
20	19	7
20	19	8
20	19	9
20	19	10
20	19	11
20	19	12
20	19	13
20	20	0
20	20	1
20	20	2
20	20	3
20	20	4
20	20	5
20	20	6
20	20	7
20	20	8
20	20	9
20	20	10
20	20	11
20	20	12
20	20	13
20	21	1
20	21	2
20	21	3
20	21	4
20	21	5
20	21	6
20	21	7
20	21	8
20	21	9
20	21	10
20	21	11
20	21	12
20	21	13
20	22	0
20	22	1
20	22	2
20	22	3
20	22	4
20	22	5
20	22	6
20	22	7
20	22	8
20	22	9
20	22	10
20	22	11
20	22	12
20	22	13
20	22	14
20	23	0
20	23	1
20	23	2
20	23	3
20	23	4
20	23	5
20	23	6
20	23	7
20	23	8
20	23	9
20	23	10
20	23	11
20	23	12
20	23	13
20	23	14
20	23	15
20	23	62
20	23	63
20	24	0
20	24	1
20	24	2
20	24	3
20	24	4
20	24	5
20	24	6
20	24	7
20	24	8
20	24	9
20	24	10
20	24	11
20	24	12
20	24	13
20	24	14
20	24	15
20	24	62
20	24	63
20	25	0
20	25	1
20	25	2
20	25	3
20	25	4
20	25	5
20	25	6
20	25	7
20	25	8
20	25	9
20	25	10
20	25	11
20	25	12
20	25	13
20	25	14
20	25	15
20	25	62
20	25	63
20	26	0
20	26	1
20	26	2
20	26	3
20	26	4
20	26	5
20	26	6
20	26	7
20	26	8
20	26	9
20	26	10
20	26	11
20	26	12
20	26	13
20	26	14
20	26	61
20	26	62
20	26	63
20	27	0
20	27	1
20	27	2
20	27	3
20	27	4
20	27	5
20	27	6
20	27	7
20	27	8
20	27	9
20	27	10
20	27	11
20	27	12
20	27	13
20	27	14
20	27	62
20	27	63
20	28	0
20	28	1
20	28	2
20	28	3
20	28	4
20	28	5
20	28	6
20	28	7
20	28	8
20	28	9
20	28	10
20	28	11
20	28	12
20	28	13
20	28	14
20	28	63
20	29	1
20	29	2
20	29	3
20	29	4
20	29	5
20	29	6
20	29	7
20	29	8
20	29	9
20	29	10
20	29	11
20	29	12
20	29	13
20	30	2
20	30	3
20	30	4
20	30	5
20	30	6
20	30	7
20	30	8
20	30	9
20	30	10
20	30	11
20	30	12
20	31	5
20	31	6
20	31	9
20	31	10
20	31	11
20	31	12
20	32	9
20	32	10
20	32	11
20	33	9
20	33	10
20	33	11
20	34	9
20	34	10
20	34	53
20	34	54
20	34	55
20	35	9
20	35	53
20	35	54
20	35	55
20	35	56
20	35	57
20	35	58
20	36	54
20	36	55
20	36	56
20	36	57
20	36	58
20	36	59
20	36	60
20	37	54
20	37	55
20	37	56
20	37	57
20	37	58
20	37	59
20	37	60
20	37	61
20	37	62
20	38	55
20	38	56
20	38	57
20	38	58
20	38	59
20	38	60
20	38	61
20	38	62
20	38	63
20	39	0
20	39	56
20	39	57
20	39	58
20	39	59
20	39	60
20	39	61
20	39	62
20	39	63
20	40	0
20	40	1
20	40	59
20	40	60
20	40	61
20	40	62
20	40	63
20	41	0
20	41	1
20	41	61
20	41	62
20	41	63
20	42	0
20	42	1
20	42	62
20	42	63
20	43	0
20	44	0
21	15	4
21	15	5
21	16	1
21	16	2
21	16	3
21	16	4
21	16	5
21	16	6
21	16	7
21	16	8
21	17	1
21	17	2
21	17	3
21	17	4
21	17	5
21	17	6
21	17	7
21	17	8
21	17	9
21	17	10
21	17	11
21	17	12
21	18	0
21	18	1
21	18	2
21	18	3
21	18	4
21	18	5
21	18	6
21	18	7
21	18	8
21	18	9
21	18	10
21	18	11
21	18	12
21	18	13
21	19	0
21	19	1
21	19	2
21	19	3
21	19	4
21	19	5
21	19	6
21	19	7
21	19	8
21	19	9
21	19	10
21	19	11
21	19	12
21	19	13
21	20	1
21	20	2
21	20	3
21	20	4
21	20	5
21	20	6
21	20	7
21	20	8
21	20	9
21	20	10
21	20	11
21	20	12
21	20	13
21	21	1
21	21	2
21	21	3
21	21	4
21	21	5
21	21	6
21	21	7
21	21	8
21	21	9
21	21	10
21	21	11
21	21	12
21	21	13
21	22	1
21	22	2
21	22	3
21	22	4
21	22	5
21	22	6
21	22	7
21	22	8
21	22	9
21	22	10
21	22	11
21	22	12
21	22	13
21	22	14
21	23	0
21	23	1
21	23	2
21	23	3
21	23	4
21	23	5
21	23	6
21	23	7
21	23	8
21	23	9
21	23	10
21	23	11
21	23	12
21	23	13
21	23	14
21	23	15
21	24	0
21	24	1
21	24	2
21	24	3
21	24	4
21	24	5
21	24	6
21	24	7
21	24	8
21	24	9
21	24	10
21	24	11
21	24	12
21	24	13
21	24	14
21	24	15
21	24	63
21	25	0
21	25	1
21	25	2
21	25	3
21	25	4
21	25	5
21	25	6
21	25	7
21	25	8
21	25	9
21	25	10
21	25	11
21	25	12
21	25	13
21	25	14
21	25	15
21	25	62
21	25	63
21	26	0
21	26	1
21	26	2
21	26	3
21	26	4
21	26	5
21	26	6
21	26	7
21	26	8
21	26	9
21	26	10
21	26	11
21	26	12
21	26	13
21	26	14
21	26	15
21	26	61
21	26	62
21	26	63
21	27	0
21	27	1
21	27	2
21	27	3
21	27	4
21	27	5
21	27	6
21	27	7
21	27	8
21	27	9
21	27	10
21	27	11
21	27	12
21	27	13
21	27	14
21	27	15
21	27	61
21	27	62
21	27	63
21	28	0
21	28	1
21	28	2
21	28	3
21	28	4
21	28	5
21	28	6
21	28	7
21	28	8
21	28	9
21	28	10
21	28	11
21	28	12
21	28	13
21	28	14
21	28	63
21	29	0
21	29	1
21	29	2
21	29	3
21	29	4
21	29	5
21	29	6
21	29	7
21	29	8
21	29	9
21	29	10
21	29	11
21	29	12
21	29	13
21	30	2
21	30	3
21	30	4
21	30	5
21	30	6
21	30	7
21	30	8
21	30	9
21	30	10
21	30	11
21	30	12
21	30	13
21	31	3
21	31	8
21	31	9
21	31	10
21	31	11
21	31	12
21	32	9
21	32	10
21	32	11
21	32	12
21	33	9
21	33	10
21	33	11
21	34	9
21	34	10
21	34	53
21	34	54
21	34	55
21	34	56
21	35	53
21	35	54
21	35	55
21	35	56
21	35	57
21	35	58
21	36	54
21	36	55
21	36	56
21	36	57
21	36	58
21	36	59
21	36	60
21	37	55
21	37	56
21	37	57
21	37	58
21	37	59
21	37	60
21	37	61
21	37	62
21	38	55
21	38	56
21	38	57
21	38	58
21	38	59
21	38	60
21	38	61
21	38	62
21	38	63
21	39	0
21	39	57
21	39	58
21	39	59
21	39	60
21	39	61
21	39	62
21	39	63
21	40	0
21	40	1
21	40	59
21	40	60
21	40	61
21	40	62
21	40	63
21	41	0
21	41	1
21	41	61
21	41	62
21	41	63
21	42	0
21	42	1
21	42	62
21	42	63
21	43	0
21	43	63
21	44	0
22	14	5
22	15	3
22	15	4
22	15	5
22	15	6
22	16	1
22	16	2
22	16	3
22	16	4
22	16	5
22	16	6
22	16	7
22	16	8
22	17	0
22	17	1
22	17	2
22	17	3
22	17	4
22	17	5
22	17	6
22	17	7
22	17	8
22	17	9
22	17	10
22	17	11
22	18	0
22	18	1
22	18	2
22	18	3
22	18	4
22	18	5
22	18	6
22	18	7
22	18	8
22	18	9
22	18	10
22	18	11
22	18	12
22	19	0
22	19	1
22	19	2
22	19	3
22	19	4
22	19	5
22	19	6
22	19	7
22	19	8
22	19	9
22	19	10
22	19	11
22	19	12
22	19	13
22	20	1
22	20	2
22	20	3
22	20	4
22	20	5
22	20	6
22	20	7
22	20	8
22	20	9
22	20	10
22	20	11
22	20	12
22	20	13
22	21	1
22	21	2
22	21	3
22	21	4
22	21	5
22	21	6
22	21	7
22	21	8
22	21	9
22	21	10
22	21	11
22	21	12
22	21	13
22	22	1
22	22	2
22	22	3
22	22	4
22	22	5
22	22	6
22	22	7
22	22	8
22	22	9
22	22	10
22	22	11
22	22	12
22	22	13
22	22	14
22	23	0
22	23	1
22	23	2
22	23	3
22	23	4
22	23	5
22	23	6
22	23	7
22	23	8
22	23	9
22	23	10
22	23	11
22	23	12
22	23	13
22	23	14
22	23	15
22	24	0
22	24	1
22	24	2
22	24	3
22	24	4
22	24	5
22	24	6
22	24	7
22	24	8
22	24	9
22	24	10
22	24	11
22	24	12
22	24	13
22	24	14
22	24	15
22	24	16
22	24	63
22	25	0
22	25	1
22	25	2
22	25	3
22	25	4
22	25	5
22	25	6
22	25	7
22	25	8
22	25	9
22	25	10
22	25	11
22	25	12
22	25	13
22	25	14
22	25	15
22	25	16
22	25	62
22	25	63
22	26	0
22	26	1
22	26	2
22	26	3
22	26	4
22	26	5
22	26	6
22	26	7
22	26	8
22	26	9
22	26	10
22	26	11
22	26	12
22	26	13
22	26	14
22	26	15
22	26	61
22	26	62
22	26	63
22	27	0
22	27	1
22	27	2
22	27	3
22	27	4
22	27	5
22	27	6
22	27	7
22	27	8
22	27	9
22	27	10
22	27	11
22	27	12
22	27	13
22	27	14
22	27	15
22	27	60
22	27	61
22	27	62
22	27	63
22	28	0
22	28	1
22	28	2
22	28	3
22	28	4
22	28	5
22	28	6
22	28	7
22	28	8
22	28	9
22	28	10
22	28	11
22	28	12
22	28	13
22	28	14
22	28	15
22	28	62
22	28	63
22	29	0
22	29	1
22	29	2
22	29	3
22	29	4
22	29	5
22	29	6
22	29	7
22	29	8
22	29	9
22	29	10
22	29	11
22	29	12
22	29	13
22	29	14
22	29	63
22	30	1
22	30	2
22	30	3
22	30	4
22	30	5
22	30	6
22	30	7
22	30	8
22	30	9
22	30	10
22	30	11
22	30	12
22	30	13
22	31	3
22	31	8
22	31	9
22	31	10
22	31	11
22	31	12
22	31	13
22	32	9
22	32	10
22	32	11
22	32	12
22	32	13
22	33	9
22	33	10
22	33	11
22	33	12
22	34	9
22	34	10
22	34	11
22	34	54
22	34	55
22	34	56
22	35	54
22	35	55
22	35	56
22	35	57
22	35	58
22	36	54
22	36	55
22	36	56
22	36	57
22	36	58
22	36	59
22	36	60
22	37	55
22	37	56
22	37	57
22	37	58
22	37	59
22	37	60
22	37	61
22	37	62
22	38	56
22	38	57
22	38	58
22	38	59
22	38	60
22	38	61
22	38	62
22	39	58
22	39	59
22	39	60
22	39	61
22	39	62
22	39	63
22	40	0
22	40	1
22	40	59
22	40	60
22	40	61
22	40	62
22	40	63
22	41	0
22	41	1
22	41	60
22	41	61
22	41	62
22	41	63
22	42	0
22	42	1
22	42	62
22	42	63
22	43	0
22	43	63
22	44	0
22	45	0
23	14	4
23	14	5
23	15	1
23	15	2
23	15	3
23	15	4
23	15	5
23	16	0
23	16	1
23	16	2
23	16	3
23	16	4
23	16	5
23	16	6
23	16	7
23	17	0
23	17	1
23	17	2
23	17	3
23	17	4
23	17	5
23	17	6
23	17	7
23	17	8
23	17	9
23	17	10
23	18	0
23	18	1
23	18	2
23	18	3
23	18	4
23	18	5
23	18	6
23	18	7
23	18	8
23	18	9
23	18	10
23	18	11
23	19	0
23	19	1
23	19	2
23	19	3
23	19	4
23	19	5
23	19	6
23	19	7
23	19	8
23	19	9
23	19	10
23	19	11
23	19	12
23	20	1
23	20	2
23	20	3
23	20	4
23	20	5
23	20	6
23	20	7
23	20	8
23	20	9
23	20	10
23	20	11
23	20	12
23	21	1
23	21	2
23	21	3
23	21	4
23	21	5
23	21	6
23	21	7
23	21	8
23	21	9
23	21	10
23	21	11
23	21	12
23	21	13
23	22	1
23	22	2
23	22	3
23	22	4
23	22	5
23	22	6
23	22	7
23	22	8
23	22	9
23	22	10
23	22	11
23	22	12
23	22	13
23	22	14
23	23	0
23	23	1
23	23	2
23	23	3
23	23	4
23	23	5
23	23	6
23	23	7
23	23	8
23	23	9
23	23	10
23	23	11
23	23	12
23	23	13
23	23	14
23	23	15
23	24	0
23	24	1
23	24	2
23	24	3
23	24	4
23	24	5
23	24	6
23	24	7
23	24	8
23	24	9
23	24	10
23	24	11
23	24	12
23	24	13
23	24	14
23	24	15
23	24	16
23	25	0
23	25	1
23	25	2
23	25	3
23	25	4
23	25	5
23	25	6
23	25	7
23	25	8
23	25	9
23	25	10
23	25	11
23	25	12
23	25	13
23	25	14
23	25	15
23	25	16
23	25	62
23	25	63
23	26	0
23	26	1
23	26	2
23	26	3
23	26	4
23	26	5
23	26	6
23	26	7
23	26	8
23	26	9
23	26	10
23	26	11
23	26	12
23	26	13
23	26	14
23	26	15
23	26	16
23	26	61
23	26	62
23	26	63
23	27	0
23	27	1
23	27	2
23	27	3
23	27	4
23	27	5
23	27	6
23	27	7
23	27	8
23	27	9
23	27	10
23	27	11
23	27	12
23	27	13
23	27	14
23	27	15
23	27	16
23	27	60
23	27	61
23	27	62
23	27	63
23	28	0
23	28	1
23	28	2
23	28	3
23	28	4
23	28	5
23	28	6
23	28	7
23	28	8
23	28	9
23	28	10
23	28	11
23	28	12
23	28	13
23	28	14
23	28	15
23	28	16
23	28	60
23	28	61
23	28	62
23	28	63
23	29	0
23	29	1
23	29	2
23	29	3
23	29	4
23	29	5
23	29	6
23	29	7
23	29	8
23	29	9
23	29	10
23	29	11
23	29	12
23	29	13
23	29	14
23	29	63
23	30	1
23	30	2
23	30	3
23	30	4
23	30	5
23	30	6
23	30	7
23	30	10
23	30	11
23	30	12
23	30	13
23	31	3
23	31	10
23	31	11
23	31	12
23	32	10
23	32	11
23	32	12
23	33	9
23	33	10
23	33	11
23	33	12
23	34	9
23	34	10
23	34	11
23	35	54
23	35	55
23	35	56
23	35	57
23	36	54
23	36	55
23	36	56
23	36	57
23	36	58
23	36	59
23	37	55
23	37	56
23	37	57
23	37	58
23	37	59
23	37	60
23	38	57
23	38	58
23	38	59
23	38	60
23	38	61
23	38	62
23	39	58
23	39	59
23	39	60
23	39	61
23	39	62
23	39	63
23	40	0
23	40	59
23	40	60
23	40	61
23	40	62
23	40	63
23	41	0
23	41	60
23	41	61
23	41	62
23	41	63
23	42	0
23	42	61
23	42	62
23	42	63
23	43	0
23	43	62
23	43	63
23	44	0
23	44	63
23	45	0
24	15	1
24	15	2
24	15	3
24	16	0
24	16	1
24	16	2
24	16	3
24	16	4
24	16	5
24	17	0
24	17	1
24	17	2
24	17	3
24	17	4
24	17	5
24	17	6
24	17	7
24	17	8
24	17	9
24	18	0
24	18	1
24	18	2
24	18	3
24	18	4
24	18	5
24	18	6
24	18	7
24	18	8
24	18	9
24	18	10
24	19	0
24	19	1
24	19	2
24	19	3
24	19	4
24	19	5
24	19	6
24	19	7
24	19	8
24	19	9
24	19	10
24	19	11
24	20	1
24	20	2
24	20	3
24	20	4
24	20	5
24	20	6
24	20	7
24	20	8
24	20	9
24	20	10
24	20	11
24	20	12
24	21	1
24	21	2
24	21	3
24	21	4
24	21	5
24	21	6
24	21	7
24	21	8
24	21	9
24	21	10
24	21	11
24	22	1
24	22	2
24	22	3
24	22	4
24	22	5
24	22	6
24	22	7
24	22	8
24	22	9
24	22	10
24	22	11
24	23	1
24	23	2
24	23	3
24	23	4
24	23	5
24	23	6
24	23	7
24	23	8
24	23	9
24	23	10
24	24	1
24	24	2
24	24	3
24	24	4
24	24	5
24	24	6
24	24	7
24	24	8
24	24	9
24	24	10
24	25	0
24	25	1
24	25	2
24	25	3
24	25	4
24	25	5
24	25	6
24	25	7
24	25	8
24	25	9
24	25	10
24	25	63
24	26	0
24	26	1
24	26	2
24	26	3
24	26	4
24	26	5
24	26	6
24	26	7
24	26	8
24	26	9
24	26	61
24	26	62
24	26	63
24	27	0
24	27	1
24	27	2
24	27	3
24	27	4
24	27	5
24	27	6
24	27	7
24	27	8
24	27	9
24	27	15
24	27	16
24	27	61
24	27	62
24	27	63
24	28	0
24	28	1
24	28	2
24	28	3
24	28	4
24	28	5
24	28	6
24	28	7
24	28	8
24	28	14
24	28	15
24	28	16
24	28	60
24	28	61
24	28	62
24	28	63
24	29	0
24	29	1
24	29	2
24	29	3
24	29	4
24	29	5
24	29	6
24	29	7
24	29	12
24	29	13
24	29	14
24	29	16
24	29	62
24	29	63
24	30	0
24	30	1
24	30	2
24	30	3
24	30	4
24	30	5
24	30	11
24	30	12
24	30	13
24	30	63
24	31	1
24	31	2
24	31	3
24	31	11
24	32	11
24	33	10
24	33	11
24	34	10
24	34	11
24	37	60
24	38	58
24	38	59
24	38	60
24	38	61
24	38	62
24	39	0
24	39	59
24	39	60
24	39	61
24	39	62
24	39	63
24	40	59
24	40	60
24	40	61
24	40	62
24	40	63
24	41	0
24	41	59
24	41	60
24	41	61
24	41	62
24	41	63
24	42	0
24	42	60
24	42	61
24	42	62
24	42	63
24	43	0
24	43	61
24	43	62
24	43	63
24	44	0
24	44	1
24	44	63
24	45	0
25	16	0
25	17	1
25	17	2
25	17	3
25	17	4
25	17	5
25	17	6
25	17	7
25	17	8
25	17	9
25	18	1
25	18	2
25	18	3
25	18	4
25	18	5
25	18	6
25	18	7
25	18	8
25	18	9
25	18	10
25	19	0
25	19	1
25	19	2
25	19	3
25	19	4
25	19	5
25	19	6
25	19	7
25	19	8
25	19	9
25	19	10
25	19	11
25	20	1
25	20	2
25	20	3
25	20	4
25	20	5
25	20	6
25	20	7
25	20	8
25	20	9
25	20	10
25	20	11
25	21	1
25	21	2
25	21	3
25	21	4
25	21	5
25	21	6
25	21	7
25	21	8
25	21	9
25	21	10
25	21	11
25	22	2
25	22	3
25	22	4
25	22	5
25	22	6
25	22	7
25	22	8
25	22	9
25	22	10
25	23	2
25	23	3
25	23	4
25	23	5
25	23	6
25	23	7
25	23	8
25	23	9
25	24	2
25	24	3
25	24	4
25	24	5
25	24	6
25	24	7
25	24	8
25	24	9
25	25	2
25	25	3
25	25	4
25	25	5
25	25	6
25	25	7
25	25	8
25	25	9
25	26	0
25	26	1
25	26	2
25	26	3
25	26	4
25	26	5
25	26	6
25	26	7
25	26	8
25	26	9
25	26	62
25	26	63
25	27	0
25	27	1
25	27	2
25	27	3
25	27	4
25	27	5
25	27	6
25	27	7
25	27	8
25	27	61
25	27	62
25	27	63
25	28	0
25	28	1
25	28	2
25	28	3
25	28	4
25	28	5
25	28	6
25	28	7
25	28	60
25	28	61
25	28	62
25	28	63
25	29	0
25	29	1
25	29	2
25	29	3
25	29	4
25	29	5
25	29	6
25	29	60
25	29	61
25	29	62
25	29	63
25	30	0
25	30	1
25	30	2
25	30	3
25	30	4
25	30	5
25	30	6
25	30	62
25	30	63
25	31	0
25	31	1
25	31	2
25	31	3
25	31	4
25	31	5
25	31	6
25	31	63
25	32	2
25	32	3
25	32	4
25	38	60
25	38	61
25	38	62
25	39	0
25	39	59
25	39	60
25	39	61
25	39	62
25	39	63
25	40	0
25	40	60
25	40	61
25	40	62
25	40	63
25	41	0
25	41	1
25	41	60
25	41	61
25	41	62
25	41	63
25	42	0
25	42	1
25	42	60
25	42	61
25	42	62
25	42	63
25	43	0
25	43	1
25	43	60
25	43	61
25	43	62
25	43	63
25	44	0
25	44	1
25	44	62
25	44	63
25	45	0
26	17	2
26	17	3
26	17	4
26	17	5
26	17	6
26	17	7
26	17	8
26	17	9
26	18	1
26	18	2
26	18	3
26	18	4
26	18	5
26	18	6
26	18	7
26	18	8
26	18	9
26	18	10
26	19	0
26	19	1
26	19	2
26	19	3
26	19	4
26	19	5
26	19	6
26	19	7
26	19	8
26	19	9
26	19	10
26	19	11
26	20	1
26	20	2
26	20	3
26	20	4
26	20	5
26	20	6
26	20	7
26	20	8
26	20	9
26	20	10
26	20	11
26	21	3
26	21	4
26	21	5
26	21	6
26	21	7
26	21	8
26	21	9
26	21	10
26	21	11
26	22	3
26	22	4
26	22	5
26	22	6
26	22	7
26	22	8
26	22	9
26	22	10
26	23	3
26	23	4
26	23	5
26	23	6
26	23	7
26	23	8
26	23	9
26	24	3
26	24	4
26	24	5
26	24	6
26	24	7
26	24	8
26	24	9
26	25	1
26	25	3
26	25	4
26	25	5
26	25	6
26	25	7
26	25	8
26	25	9
26	26	1
26	26	3
26	26	4
26	26	5
26	26	6
26	26	7
26	26	8
26	26	9
26	27	0
26	27	1
26	27	2
26	27	3
26	27	4
26	27	5
26	27	6
26	27	7
26	27	8
26	27	61
26	27	62
26	27	63
26	28	0
26	28	1
26	28	2
26	28	3
26	28	4
26	28	5
26	28	6
26	28	8
26	28	60
26	28	61
26	28	62
26	28	63
26	29	0
26	29	1
26	29	2
26	29	3
26	29	7
26	29	59
26	29	60
26	29	61
26	29	62
26	29	63
26	30	0
26	30	1
26	30	63
26	39	0
26	39	60
26	39	61
26	39	62
26	39	63
26	40	0
26	40	60
26	40	61
26	40	62
26	40	63
26	41	0
26	41	1
26	41	60
26	41	61
26	41	62
26	41	63
26	42	0
26	42	1
26	42	2
26	42	60
26	42	61
26	42	62
26	42	63
26	43	0
26	43	1
26	43	2
26	43	60
26	43	61
26	43	62
26	43	63
26	44	0
26	44	1
26	44	2
26	44	3
26	44	4
26	44	63
26	45	0
27	17	6
27	18	5
27	18	6
27	18	7
27	19	1
27	19	2
27	19	3
27	19	4
27	19	5
27	19	6
27	19	7
27	19	8
27	20	4
27	20	5
27	20	6
27	20	7
27	20	8
27	20	9
27	21	4
27	21	5
27	21	6
27	21	7
27	21	8
27	21	9
27	22	4
27	22	5
27	22	6
27	22	7
27	22	8
27	22	9
27	23	4
27	23	5
27	23	6
27	23	7
27	23	8
27	24	2
27	24	4
27	24	5
27	24	6
27	24	7
27	24	8
27	25	2
27	25	4
27	25	5
27	25	6
27	25	7
27	25	8
27	26	2
27	26	4
27	26	5
27	26	6
27	26	7
27	26	8
27	27	2
27	27	4
27	27	5
27	27	7
27	27	8
27	28	0
27	28	1
27	28	2
27	28	3
27	28	6
27	28	7
27	28	8
27	28	60
27	28	61
27	28	62
27	28	63
27	29	0
27	29	1
27	29	6
27	29	7
27	29	8
27	29	9
27	29	60
27	29	61
27	29	62
27	29	63
27	30	7
27	30	8
27	31	8
27	32	8
27	33	8
27	34	9
27	40	0
27	40	60
27	40	61
27	40	62
27	40	63
27	41	0
27	41	1
27	41	60
27	41	61
27	41	62
27	41	63
27	42	0
27	42	1
27	42	2
27	42	3
27	42	60
27	42	61
27	42	62
27	42	63
27	43	0
27	43	1
27	43	2
27	43	3
27	43	4
27	43	61
27	43	62
27	43	63
27	44	0
27	44	1
27	44	2
27	44	3
27	44	4
27	45	3
28	17	6
28	18	5
28	19	5
28	19	6
28	20	5
28	20	6
28	21	5
28	21	6
28	22	5
28	22	6
28	22	7
28	23	3
28	23	5
28	23	6
28	23	7
28	24	3
28	24	5
28	24	6
28	24	7
28	24	8
28	25	3
28	25	5
28	25	6
28	25	7
28	25	8
28	26	3
28	26	6
28	26	7
28	26	8
28	27	7
28	27	8
28	27	9
28	28	6
28	28	7
28	28	8
28	28	9
28	28	10
28	29	5
28	29	6
28	29	7
28	29	8
28	29	9
28	29	10
28	29	60
28	29	61
28	29	62
28	29	63
28	30	5
28	30	6
28	30	7
28	30	8
28	30	9
28	31	6
28	31	7
28	31	8
28	31	9
28	32	7
28	32	8
28	32	9
28	33	8
28	33	9
28	34	8
28	34	9
28	34	10
28	35	9
28	35	10
28	42	0
28	42	1
28	42	2
28	42	63
28	43	0
28	43	1
28	43	2
28	43	3
28	43	63
28	44	0
28	44	1
28	44	2
28	44	3
28	45	3
29	23	4
29	23	6
29	24	4
29	24	6
29	24	8
29	25	4
29	25	8
29	26	7
29	26	8
29	26	9
29	27	7
29	27	8
29	27	9
29	27	10
29	27	11
29	28	0
29	28	6
29	28	7
29	28	8
29	28	9
29	28	10
29	28	11
29	28	12
29	28	59
29	28	60
29	28	61
29	28	62
29	28	63
29	29	5
29	29	6
29	29	7
29	29	8
29	29	9
29	29	10
29	29	11
29	29	12
29	29	60
29	29	61
29	30	5
29	30	6
29	30	7
29	30	8
29	30	9
29	30	10
29	30	11
29	30	12
29	30	13
29	31	6
29	31	7
29	31	8
29	31	9
29	31	10
29	31	11
29	31	12
29	31	13
29	32	7
29	32	8
29	32	9
29	32	10
29	32	11
29	32	12
29	32	13
29	33	7
29	33	8
29	33	9
29	33	10
29	33	11
29	34	8
29	34	9
29	34	10
29	34	11
29	35	8
29	35	9
29	35	10
29	35	11
29	36	9
29	36	10
30	24	5
30	25	7
30	25	8
30	26	7
30	26	8
30	26	9
30	27	6
30	27	7
30	27	8
30	27	9
30	27	10
30	27	11
30	27	12
30	28	6
30	28	7
30	28	8
30	28	9
30	28	10
30	28	11
30	28	12
30	28	13
30	28	60
30	29	5
30	29	6
30	29	7
30	29	8
30	29	9
30	29	10
30	29	11
30	29	12
30	29	13
30	30	5
30	30	6
30	30	7
30	30	8
30	30	9
30	30	10
30	30	11
30	30	12
30	30	13
30	31	5
30	31	6
30	31	7
30	31	8
30	31	9
30	31	10
30	31	11
30	31	12
30	31	13
30	32	5
30	32	6
30	32	7
30	32	8
30	32	9
30	32	10
30	32	11
30	32	12
30	32	13
30	33	5
30	33	6
30	33	7
30	33	8
30	33	9
30	33	10
30	33	11
30	33	12
30	33	13
30	34	7
30	34	8
30	34	9
30	34	10
30	34	11
30	35	8
30	35	9
30	35	10
30	35	11
30	36	9
30	36	10
30	37	10
31	24	7
31	24	8
31	24	9
31	25	6
31	25	7
31	25	8
31	25	9
31	25	10
31	26	6
31	26	7
31	26	8
31	26	9
31	26	10
31	26	11
31	27	6
31	27	7
31	27	8
31	27	9
31	27	10
31	27	11
31	27	12
31	28	5
31	28	6
31	28	7
31	28	8
31	28	9
31	28	10
31	28	11
31	28	12
31	29	4
31	29	5
31	29	6
31	29	7
31	29	8
31	29	9
31	29	10
31	29	11
31	29	12
31	30	4
31	30	5
31	30	6
31	30	7
31	30	8
31	30	9
31	30	10
31	30	11
31	30	12
31	31	4
31	31	5
31	31	6
31	31	7
31	31	8
31	31	9
31	31	10
31	31	11
31	31	12
31	31	13
31	32	4
31	32	5
31	32	6
31	32	7
31	32	8
31	32	9
31	32	10
31	32	11
31	32	12
31	32	13
31	33	4
31	33	5
31	33	6
31	33	7
31	33	8
31	33	9
31	33	10
31	33	11
31	33	12
31	33	13
31	34	4
31	34	5
31	34	6
31	34	7
31	34	8
31	34	9
31	34	10
31	34	11
31	34	12
31	35	8
31	35	9
31	35	10
31	35	11
31	36	9
31	36	10
31	37	10
32	24	7
32	24	8
32	24	9
32	25	6
32	25	7
32	25	8
32	25	9
32	25	10
32	26	5
32	26	6
32	26	7
32	26	8
32	26	9
32	26	10
32	26	11
32	27	4
32	27	5
32	27	6
32	27	7
32	27	8
32	27	9
32	27	10
32	27	11
32	27	12
32	28	4
32	28	5
32	28	6
32	28	7
32	28	8
32	28	9
32	28	10
32	28	11
32	28	12
32	29	4
32	29	5
32	29	6
32	29	7
32	29	8
32	29	9
32	29	10
32	29	11
32	29	12
32	30	3
32	30	4
32	30	5
32	30	6
32	30	7
32	30	8
32	30	9
32	30	10
32	30	11
32	30	12
32	31	3
32	31	4
32	31	5
32	31	6
32	31	7
32	31	8
32	31	9
32	31	10
32	31	11
32	31	12
32	32	3
32	32	4
32	32	5
32	32	6
32	32	7
32	32	8
32	32	9
32	32	10
32	32	11
32	32	12
32	32	13
32	33	3
32	33	4
32	33	5
32	33	6
32	33	7
32	33	8
32	33	9
32	33	10
32	33	11
32	33	12
32	33	13
32	34	3
32	34	4
32	34	5
32	34	6
32	34	7
32	34	8
32	34	9
32	34	10
32	34	11
32	34	12
32	34	13
32	35	4
32	35	5
32	35	6
32	35	7
32	35	8
32	35	9
32	35	10
32	35	11
32	36	5
32	36	9
32	36	10
32	37	10
33	24	7
33	24	8
33	24	9
33	24	10
33	25	6
33	25	7
33	25	8
33	25	9
33	25	10
33	26	5
33	26	6
33	26	7
33	26	8
33	26	9
33	26	10
33	26	11
33	27	4
33	27	5
33	27	6
33	27	7
33	27	8
33	27	9
33	27	10
33	27	11
33	27	12
33	28	3
33	28	4
33	28	5
33	28	6
33	28	7
33	28	8
33	28	9
33	28	10
33	28	11
33	28	12
33	29	2
33	29	3
33	29	4
33	29	5
33	29	6
33	29	7
33	29	8
33	29	9
33	29	10
33	29	11
33	30	2
33	30	3
33	30	4
33	30	5
33	30	6
33	30	7
33	30	8
33	30	9
33	30	10
33	30	11
33	31	3
33	31	4
33	31	5
33	31	6
33	31	7
33	31	8
33	31	9
33	31	10
33	31	11
33	31	12
33	32	3
33	32	4
33	32	5
33	32	6
33	32	7
33	32	8
33	32	9
33	32	10
33	32	11
33	32	12
33	33	3
33	33	4
33	33	5
33	33	6
33	33	7
33	33	8
33	33	9
33	33	10
33	33	11
33	33	12
33	34	3
33	34	4
33	34	5
33	34	6
33	34	7
33	34	8
33	34	9
33	34	10
33	34	11
33	34	12
33	35	3
33	35	4
33	35	5
33	35	6
33	35	7
33	35	8
33	35	9
33	35	10
33	36	3
33	36	4
33	36	5
33	36	6
33	36	7
33	36	8
33	36	9
33	37	6
34	24	7
34	24	8
34	24	9
34	24	10
34	25	6
34	25	7
34	25	8
34	25	9
34	25	10
34	25	11
34	26	5
34	26	6
34	26	7
34	26	8
34	26	9
34	26	10
34	26	11
34	27	4
34	27	5
34	27	6
34	27	7
34	27	8
34	27	9
34	27	10
34	27	11
34	27	12
34	28	3
34	28	4
34	28	5
34	28	6
34	28	7
34	28	8
34	28	9
34	28	10
34	29	2
34	29	3
34	29	4
34	29	5
34	29	6
34	29	7
34	29	8
34	29	9
34	29	10
34	30	1
34	30	2
34	30	3
34	30	4
34	30	5
34	30	6
34	30	7
34	30	8
34	30	9
34	30	10
34	31	2
34	31	3
34	31	4
34	31	5
34	31	6
34	31	7
34	31	8
34	31	9
34	31	10
34	32	4
34	32	5
34	32	6
34	32	7
34	32	8
34	32	9
34	32	10
34	33	4
34	33	5
34	33	6
34	33	7
34	33	8
34	33	9
34	33	10
34	33	12
34	34	4
34	34	5
34	34	6
34	34	7
34	34	8
34	34	9
34	34	10
34	35	4
34	35	5
34	35	6
34	35	7
34	35	8
34	35	9
34	36	2
34	36	3
34	36	4
34	36	5
34	36	6
34	36	7
34	36	8
34	37	2
34	37	3
34	37	4
34	37	5
34	37	6
34	37	7
34	38	7
35	25	6
35	25	7
35	25	8
35	25	9
35	25	10
35	26	5
35	26	6
35	26	7
35	26	8
35	26	9
35	26	10
35	27	4
35	27	5
35	27	6
35	27	7
35	27	8
35	27	9
35	27	10
35	28	3
35	28	4
35	28	5
35	28	6
35	28	7
35	28	8
35	28	9
35	28	10
35	29	2
35	29	3
35	29	4
35	29	5
35	29	6
35	29	7
35	29	8
35	29	9
35	30	1
35	30	2
35	30	3
35	30	4
35	30	5
35	30	6
35	30	7
35	30	8
35	30	9
35	31	1
35	31	2
35	31	3
35	31	4
35	31	5
35	31	6
35	31	7
35	31	8
35	31	9
35	32	2
35	32	3
35	32	4
35	32	5
35	32	6
35	32	7
35	32	8
35	32	9
35	33	5
35	33	6
35	33	7
35	33	8
35	33	9
35	34	5
35	34	6
35	34	7
35	34	8
35	34	9
35	35	5
35	35	6
35	35	7
35	35	8
35	36	5
35	36	6
35	36	7
35	36	8
35	37	1
35	37	2
35	37	3
35	37	4
35	37	5
35	37	6
35	37	7
35	38	1
35	38	2
35	38	3
35	38	4
35	38	5
35	38	6
36	25	10
36	26	5
36	26	6
36	26	7
36	26	8
36	26	9
36	26	10
36	27	4
36	27	5
36	27	6
36	27	7
36	27	8
36	27	9
36	27	10
36	28	3
36	28	4
36	28	5
36	28	6
36	28	7
36	28	8
36	28	9
36	29	2
36	29	3
36	29	4
36	29	5
36	29	6
36	29	7
36	29	8
36	29	9
36	30	1
36	30	2
36	30	3
36	30	4
36	30	5
36	30	6
36	30	7
36	30	8
36	31	1
36	31	2
36	31	3
36	31	4
36	31	5
36	31	6
36	31	7
36	31	8
36	32	1
36	32	2
36	32	3
36	32	4
36	32	5
36	32	6
36	32	7
36	32	8
36	33	4
36	33	5
36	33	6
36	33	7
36	33	8
36	34	5
36	34	6
36	34	7
36	34	8
36	35	6
36	35	7
36	35	8
36	36	6
36	36	7
36	37	6
36	38	2
36	38	3
36	38	4
36	38	5
36	38	6
37	27	6
37	27	7
37	27	8
37	27	9
37	27	10
37	28	5
37	28	6
37	28	7
37	28	8
37	28	9
37	29	2
37	29	3
37	29	4
37	29	5
37	29	6
37	29	7
37	29	8
37	30	1
37	30	2
37	30	3
37	30	4
37	30	5
37	30	6
37	30	7
37	30	8
37	31	1
37	31	2
37	31	3
37	31	4
37	31	5
37	31	6
37	31	7
37	31	8
37	32	1
37	32	2
37	32	3
37	32	4
37	32	5
37	32	6
37	32	7
37	32	8
37	33	2
37	33	3
37	33	4
37	33	5
37	33	6
37	33	7
37	33	8
37	34	4
37	34	5
37	34	6
37	34	7
37	35	6
37	35	7
37	36	7
38	28	7
38	28	8
38	28	9
38	29	6
38	29	7
38	29	8
38	30	1
38	30	2
38	30	3
38	30	4
38	30	5
38	30	6
38	30	7
38	30	8
38	31	1
38	31	2
38	31	3
38	31	4
38	31	5
38	31	6
38	31	7
38	32	1
38	32	2
38	32	3
38	32	4
38	32	5
38	32	6
38	32	7
38	33	2
38	33	3
38	33	4
38	33	5
38	33	6
38	34	2
38	34	3
38	34	4
38	34	5
38	34	6
38	34	7
38	35	5
38	35	6
39	27	8
39	28	7
39	28	8
39	29	7
39	29	8
39	30	7
39	31	2
39	31	3
39	31	4
39	31	5
39	32	2
39	33	2
