#i	j	k
45	31	19
46	30	18
46	31	18
46	31	19
47	29	17
47	29	18
47	29	19
47	30	17
47	30	18
47	30	19
47	30	20
47	31	13
47	31	14
47	31	15
47	31	16
47	31	17
47	31	18
47	31	19
47	31	20
47	32	14
47	32	15
47	32	16
48	28	16
48	28	17
48	28	18
48	29	16
48	29	17
48	29	18
48	29	19
48	29	20
48	30	12
48	30	13
48	30	14
48	30	15
48	30	16
48	30	17
48	30	18
48	30	19
48	30	20
48	30	21
48	31	13
48	31	14
48	31	15
48	31	16
48	31	17
48	31	18
48	31	19
48	31	20
48	32	14
49	27	16
49	27	17
49	28	15
49	28	16
49	28	17
49	28	18
49	28	19
49	29	10
49	29	11
49	29	12
49	29	13
49	29	14
49	29	15
49	29	16
49	29	17
49	29	18
49	29	19
49	29	20
49	30	11
49	30	12
49	30	13
49	30	14
49	30	15
49	30	16
49	30	17
49	30	18
49	30	19
49	30	20
49	31	12
49	31	13
49	31	14
49	31	15
49	31	16
49	31	17
49	31	18
49	31	19
49	31	20
50	27	14
50	27	15
50	27	16
50	27	17
50	27	18
50	27	19
50	28	9
50	28	10
50	28	11
50	28	12
50	28	13
50	28	14
50	28	15
50	28	16
50	28	17
50	28	18
50	28	19
50	28	20
50	29	9
50	29	10
50	29	11
50	29	12
50	29	13
50	29	14
50	29	15
50	29	16
50	29	17
50	29	18
50	29	19
50	29	20
50	30	9
50	30	10
50	30	11
50	30	12
50	30	13
50	30	14
50	30	15
50	30	16
50	30	17
50	30	18
50	30	19
50	30	20
50	31	10
50	31	11
50	31	12
50	31	13
50	31	14
50	31	15
50	31	16
50	31	17
50	31	18
50	31	19
50	32	12
50	32	13
50	32	14
50	32	15
50	32	16
50	33	12
50	34	11
50	34	12
51	14	13
51	15	11
51	15	12
51	15	13
51	15	14
51	16	11
51	16	12
51	16	13
51	16	14
51	17	11
51	17	12
51	17	13
51	17	14
51	26	13
51	26	14
51	26	15
51	26	16
51	26	17
51	26	18
51	26	19
51	27	10
51	27	11
51	27	12
51	27	13
51	27	14
51	27	15
51	27	16
51	27	17
51	27	18
51	27	19
51	27	20
51	28	10
51	28	11
51	28	12
51	28	13
51	28	14
51	28	15
51	28	16
51	28	17
51	28	18
51	28	19
51	28	20
51	29	9
51	29	10
51	29	11
51	29	12
51	29	13
51	29	14
51	29	15
51	29	16
51	29	17
51	29	18
51	29	19
51	29	20
51	30	9
51	30	10
51	30	11
51	30	12
51	30	13
51	30	14
51	30	15
51	30	16
51	30	17
51	30	18
51	30	19
51	31	9
51	31	10
51	31	11
51	31	12
51	31	13
51	31	14
51	31	15
51	31	16
51	31	17
51	31	18
51	32	9
51	32	10
51	32	11
51	32	12
51	32	13
51	32	14
51	32	15
51	32	16
51	33	10
51	33	11
51	33	12
51	33	13
51	34	12
52	14	12
52	15	11
52	15	12
52	15	13
52	15	14
52	15	15
52	16	10
52	16	11
52	16	12
52	16	13
52	16	14
52	16	15
52	17	10
52	17	11
52	17	12
52	17	13
52	17	14
52	17	15
52	18	10
52	18	11
52	18	12
52	18	13
52	18	14
52	18	15
52	19	14
52	19	15
52	20	14
52	20	15
52	21	14
52	21	15
52	22	14
52	22	15
52	25	19
52	25	20
52	26	12
52	26	13
52	26	14
52	26	15
52	26	16
52	26	17
52	26	18
52	26	19
52	26	20
52	27	10
52	27	11
52	27	12
52	27	13
52	27	14
52	27	15
52	27	16
52	27	17
52	27	18
52	27	19
52	27	20
52	28	9
52	28	10
52	28	11
52	28	12
52	28	13
52	28	14
52	28	15
52	28	16
52	28	17
52	28	18
52	28	19
52	28	20
52	29	9
52	29	10
52	29	11
52	29	12
52	29	13
52	29	14
52	29	15
52	29	16
52	29	17
52	29	18
52	29	19
52	30	9
52	30	10
52	30	11
52	30	12
52	30	13
52	30	14
52	30	15
52	30	16
52	30	17
52	30	18
52	30	19
52	31	9
52	31	10
52	31	11
52	31	12
52	31	13
52	31	14
52	31	15
52	31	16
52	31	17
52	31	18
52	32	9
52	32	10
52	32	11
52	32	12
52	32	13
52	32	14
52	32	15
52	32	16
52	32	17
52	33	10
52	33	11
52	33	12
52	33	13
52	33	14
52	33	17
53	14	12
53	15	11
53	15	12
53	15	13
53	15	14
53	16	10
53	16	11
53	16	12
53	16	13
53	16	14
53	16	15
53	16	16
53	17	9
53	17	10
53	17	11
53	17	12
53	17	13
53	17	14
53	17	15
53	17	16
53	18	9
53	18	10
53	18	11
53	18	12
53	18	13
53	18	14
53	18	15
53	18	16
53	19	9
53	19	10
53	19	11
53	19	12
53	19	13
53	19	14
53	19	15
53	19	16
53	20	13
53	20	14
53	20	15
53	20	16
53	21	13
53	21	14
53	21	15
53	21	16
53	22	13
53	22	14
53	22	15
53	22	16
53	23	13
53	23	14
53	23	15
53	23	16
53	25	15
53	25	16
53	25	17
53	25	18
53	25	19
53	26	14
53	26	15
53	26	16
53	26	17
53	26	18
53	26	19
53	27	10
53	27	11
53	27	12
53	27	13
53	27	14
53	27	15
53	27	16
53	27	17
53	27	18
53	27	19
53	28	10
53	28	11
53	28	12
53	28	13
53	28	14
53	28	15
53	28	16
53	28	17
53	28	18
53	28	19
53	29	10
53	29	11
53	29	12
53	29	13
53	29	14
53	29	15
53	29	16
53	29	17
53	29	18
53	29	19
53	30	10
53	30	11
53	30	12
53	30	13
53	30	14
53	30	15
53	30	16
53	30	17
53	30	18
53	31	10
53	31	11
53	31	12
53	31	13
53	31	14
53	31	15
53	31	16
53	31	17
53	32	11
53	32	12
53	32	13
53	32	14
53	32	15
53	32	16
53	33	12
53	33	13
53	33	14
53	33	15
53	33	16
53	34	15
54	15	11
54	15	12
54	15	13
54	16	10
54	16	11
54	16	12
54	16	13
54	16	14
54	16	15
54	17	9
54	17	10
54	17	11
54	17	12
54	17	13
54	17	14
54	17	15
54	17	16
54	17	17
54	18	9
54	18	10
54	18	11
54	18	12
54	18	13
54	18	14
54	18	15
54	18	16
54	18	17
54	19	9
54	19	10
54	19	11
54	19	12
54	19	13
54	19	14
54	19	15
54	19	16
54	19	17
54	20	10
54	20	11
54	20	12
54	20	13
54	20	14
54	20	15
54	20	16
54	20	17
54	21	12
54	21	13
54	21	14
54	21	15
54	21	16
54	21	17
54	22	12
54	22	13
54	22	14
54	22	15
54	22	16
54	22	17
54	23	12
54	23	13
54	23	14
54	23	15
54	23	16
54	23	17
54	24	16
54	24	17
54	25	15
54	25	16
54	25	17
54	25	18
54	26	14
54	26	15
54	26	16
54	26	17
54	26	18
54	27	13
54	27	14
54	27	15
54	27	16
54	27	17
54	27	18
54	28	11
54	28	12
54	28	13
54	28	14
54	28	15
54	28	16
54	28	17
54	28	18
54	29	11
54	29	12
54	29	13
54	29	14
54	29	15
54	29	16
54	29	17
54	29	18
54	30	11
54	30	12
54	30	13
54	30	14
54	30	15
54	30	16
54	30	17
54	30	18
54	31	11
54	31	12
54	31	13
54	31	14
54	31	15
54	31	16
54	31	17
54	32	11
54	32	12
54	32	13
54	32	14
54	32	15
54	33	12
54	33	13
54	33	14
55	15	11
55	15	12
55	15	13
55	16	9
55	16	10
55	16	11
55	16	12
55	16	13
55	16	14
55	16	15
55	17	9
55	17	10
55	17	11
55	17	12
55	17	13
55	17	14
55	17	15
55	17	16
55	18	8
55	18	9
55	18	10
55	18	11
55	18	12
55	18	13
55	18	14
55	18	15
55	18	16
55	18	17
55	19	8
55	19	9
55	19	10
55	19	11
55	19	12
55	19	13
55	19	14
55	19	15
55	19	16
55	19	17
55	19	18
55	20	9
55	20	10
55	20	11
55	20	12
55	20	13
55	20	14
55	20	15
55	20	16
55	20	17
55	20	18
55	21	11
55	21	12
55	21	13
55	21	14
55	21	15
55	21	16
55	21	17
55	21	18
55	22	11
55	22	12
55	22	13
55	22	14
55	22	15
55	22	16
55	22	17
55	22	18
55	23	12
55	23	13
55	23	14
55	23	15
55	23	16
55	23	17
55	23	18
55	24	13
55	24	14
55	24	15
55	24	16
55	24	17
55	24	18
55	25	15
55	25	16
55	25	17
55	25	18
55	26	14
55	26	15
55	26	16
55	26	17
55	27	13
55	27	14
55	27	15
55	27	16
55	27	17
55	27	18
55	28	12
55	28	13
55	28	14
55	28	15
55	28	16
55	28	17
55	28	18
55	29	12
55	29	13
55	29	14
55	29	15
55	29	16
55	29	17
55	29	18
55	30	11
55	30	12
55	30	13
55	30	14
55	30	15
55	30	16
55	30	17
55	30	18
55	31	11
55	31	12
55	31	13
55	31	14
55	31	15
55	31	16
55	31	17
55	32	12
55	32	13
55	32	14
55	32	15
55	33	12
55	33	13
56	15	10
56	15	11
56	16	8
56	16	9
56	16	10
56	16	11
56	16	12
56	16	13
56	17	8
56	17	9
56	17	10
56	17	11
56	17	12
56	17	13
56	17	14
56	17	15
56	17	16
56	18	8
56	18	9
56	18	10
56	18	11
56	18	12
56	18	13
56	18	14
56	18	15
56	18	16
56	18	17
56	19	8
56	19	9
56	19	10
56	19	11
56	19	12
56	19	13
56	19	14
56	19	15
56	19	16
56	19	17
56	19	18
56	20	9
56	20	10
56	20	11
56	20	12
56	20	13
56	20	14
56	20	15
56	20	16
56	20	17
56	20	18
56	21	10
56	21	11
56	21	12
56	21	13
56	21	14
56	21	15
56	21	16
56	21	17
56	22	11
56	22	12
56	22	13
56	22	14
56	22	15
56	22	16
56	22	17
56	23	12
56	23	13
56	23	14
56	23	15
56	23	16
56	23	17
56	24	13
56	24	14
56	24	15
56	24	16
56	24	17
56	25	15
56	25	16
56	25	17
56	26	14
56	26	15
56	26	16
56	26	17
56	27	13
56	27	14
56	27	15
56	27	16
56	27	17
56	28	13
56	28	14
56	28	15
56	28	16
56	28	17
56	29	13
56	29	14
56	29	15
56	29	16
56	29	17
56	30	13
56	30	14
56	30	15
56	30	16
56	30	17
56	31	11
56	31	12
56	31	13
56	31	14
56	31	15
56	31	16
56	32	12
56	32	13
56	33	13
57	15	9
57	15	10
57	16	8
57	16	9
57	16	10
57	16	11
57	16	12
57	17	8
57	17	9
57	17	10
57	17	11
57	17	12
57	17	13
57	17	14
57	17	15
57	18	8
57	18	9
57	18	10
57	18	11
57	18	12
57	18	13
57	18	14
57	18	15
57	18	16
57	19	8
57	19	9
57	19	10
57	19	11
57	19	12
57	19	13
57	19	14
57	19	15
57	19	16
57	19	17
57	19	18
57	19	19
57	20	9
57	20	10
57	20	11
57	20	12
57	20	13
57	20	14
57	20	15
57	20	16
57	20	17
57	20	18
57	21	10
57	21	11
57	21	12
57	21	13
57	21	14
57	21	15
57	21	16
57	21	17
57	22	11
57	22	12
57	22	13
57	22	14
57	22	15
57	22	16
57	23	12
57	23	13
57	23	14
57	23	15
57	23	16
57	24	13
57	24	14
57	24	15
57	24	16
57	24	17
57	25	15
57	25	16
57	25	17
57	26	14
57	26	15
57	26	16
57	27	14
57	27	15
57	27	16
57	28	14
57	28	15
57	29	14
57	29	15
57	30	14
57	30	15
57	31	12
57	31	13
57	31	14
57	32	12
58	15	9
58	15	10
58	16	8
58	16	9
58	16	10
58	16	11
58	16	12
58	17	7
58	17	8
58	17	9
58	17	10
58	17	11
58	17	12
58	17	13
58	17	14
58	18	8
58	18	9
58	18	10
58	18	11
58	18	12
58	18	13
58	18	14
58	18	15
58	19	8
58	19	9
58	19	10
58	19	11
58	19	12
58	19	13
58	19	14
58	19	15
58	19	16
58	19	17
58	19	18
58	20	9
58	20	10
58	20	11
58	20	12
58	20	13
58	20	14
58	20	15
58	20	16
58	20	17
58	21	10
58	21	11
58	21	12
58	21	13
58	21	14
58	21	15
58	21	16
58	22	11
58	22	12
58	22	13
58	22	14
58	22	15
58	22	16
58	23	12
58	23	13
58	23	14
58	23	15
58	23	16
58	24	13
58	24	14
58	24	15
58	24	16
58	25	14
58	25	16
58	26	16
58	27	15
58	31	13
59	15	8
59	15	9
59	15	10
59	15	11
59	16	8
59	16	9
59	16	10
59	16	11
59	16	12
59	17	7
59	17	8
59	17	9
59	17	10
59	17	11
59	17	12
59	18	8
59	18	9
59	18	10
59	18	11
59	18	12
59	18	13
59	19	8
59	19	9
59	19	10
59	19	11
59	19	12
59	19	13
59	20	9
59	20	10
59	20	11
59	20	12
59	20	13
59	21	10
59	21	11
59	21	12
59	21	13
59	22	10
59	22	11
59	22	12
59	22	13
59	22	14
59	23	12
59	23	13
59	23	14
59	24	13
59	24	14
59	24	15
59	25	14
59	25	15
60	14	10
60	14	11
60	15	8
60	15	9
60	15	10
60	15	11
60	15	12
60	15	13
60	16	8
60	16	9
60	16	10
60	16	11
60	16	12
60	16	13
60	17	8
60	17	9
60	17	10
60	17	11
60	17	12
60	18	7
60	18	8
60	18	9
60	18	10
60	18	11
60	19	8
60	19	9
60	19	10
60	19	11
60	20	9
60	20	10
60	20	11
60	21	9
60	21	10
60	21	11
60	21	12
60	22	9
60	22	10
60	22	11
60	22	12
60	23	10
60	23	11
60	23	12
61	14	9
61	14	10
61	14	11
61	14	12
61	15	9
61	15	10
61	15	11
61	15	12
61	15	13
61	16	9
61	16	10
61	16	11
61	16	12
61	16	13
61	17	9
61	17	10
61	17	11
