#i	j	k
77	117	47
77	118	46
77	118	47
77	119	45
77	119	46
77	119	47
77	120	45
77	120	46
77	120	47
78	114	47
78	114	48
78	115	47
78	115	48
78	116	46
78	116	47
78	116	48
78	117	45
78	117	46
78	117	47
78	117	48
78	118	44
78	118	45
78	118	46
78	118	47
78	118	48
78	119	43
78	119	44
78	119	45
78	119	46
78	119	47
78	119	48
78	120	43
78	120	44
78	120	45
78	120	46
78	120	47
78	120	48
78	121	43
78	121	44
78	121	45
78	121	46
78	121	47
78	121	48
79	113	46
79	114	46
79	114	47
79	114	48
79	115	45
79	115	46
79	115	47
79	115	48
79	115	49
79	116	44
79	116	45
79	116	46
79	116	47
79	116	48
79	116	49
79	117	43
79	117	44
79	117	45
79	117	46
79	117	47
79	117	48
79	117	49
79	118	42
79	118	43
79	118	44
79	118	45
79	118	46
79	118	47
79	118	48
79	118	49
79	119	41
79	119	42
79	119	43
79	119	44
79	119	45
79	119	46
79	119	47
79	119	48
79	119	49
79	120	41
79	120	42
79	120	43
79	120	44
79	120	45
79	120	46
79	120	47
79	120	48
79	120	49
79	121	41
79	121	42
79	121	43
79	121	44
79	121	45
79	121	46
79	121	47
79	121	48
79	121	49
79	122	39
79	122	40
79	122	41
79	122	42
79	122	43
79	122	44
79	122	45
79	122	46
79	122	47
79	122	48
79	122	49
80	113	45
80	113	46
80	114	45
80	114	46
80	114	47
80	115	44
80	115	45
80	115	46
80	115	47
80	115	48
80	115	49
80	115	50
80	116	43
80	116	44
80	116	45
80	116	46
80	116	47
80	116	48
80	116	49
80	116	50
80	117	41
80	117	42
80	117	43
80	117	44
80	117	45
80	117	46
80	117	47
80	117	48
80	117	49
80	117	50
80	118	40
80	118	41
80	118	42
80	118	43
80	118	44
80	118	45
80	118	46
80	118	47
80	118	48
80	118	49
80	118	50
80	119	39
80	119	40
80	119	41
80	119	42
80	119	43
80	119	44
80	119	45
80	119	46
80	119	47
80	119	48
80	119	49
80	119	50
80	120	39
80	120	40
80	120	41
80	120	42
80	120	43
80	120	44
80	120	45
80	120	46
80	120	47
80	120	48
80	120	49
80	120	50
80	121	38
80	121	39
80	121	40
80	121	41
80	121	42
80	121	43
80	121	44
80	121	45
80	121	46
80	121	47
80	121	48
80	121	49
80	121	50
80	122	38
80	122	39
80	122	40
80	122	41
80	122	42
80	122	43
80	122	44
80	122	45
80	122	46
80	122	47
80	122	48
80	122	49
80	122	50
80	123	37
80	123	38
80	123	39
80	123	40
80	123	41
80	123	42
80	123	43
80	123	44
80	123	45
80	123	46
80	123	47
80	123	48
80	123	49
80	123	50
81	114	41
81	114	44
81	114	45
81	114	46
81	114	47
81	115	43
81	115	44
81	115	45
81	115	46
81	115	47
81	115	48
81	115	49
81	115	50
81	116	41
81	116	42
81	116	43
81	116	44
81	116	45
81	116	46
81	116	47
81	116	48
81	116	49
81	116	50
81	116	51
81	117	39
81	117	40
81	117	41
81	117	42
81	117	43
81	117	44
81	117	45
81	117	46
81	117	47
81	117	48
81	117	49
81	117	50
81	117	51
81	118	39
81	118	40
81	118	41
81	118	42
81	118	43
81	118	44
81	118	45
81	118	46
81	118	47
81	118	48
81	118	49
81	118	50
81	118	51
81	119	38
81	119	39
81	119	40
81	119	41
81	119	42
81	119	43
81	119	44
81	119	45
81	119	46
81	119	47
81	119	48
81	119	49
81	119	50
81	119	51
81	120	38
81	120	39
81	120	40
81	120	41
81	120	42
81	120	43
81	120	44
81	120	45
81	120	46
81	120	47
81	120	48
81	120	49
81	120	50
81	120	51
81	121	37
81	121	38
81	121	39
81	121	40
81	121	41
81	121	42
81	121	43
81	121	44
81	121	45
81	121	46
81	121	47
81	121	48
81	121	49
81	121	50
81	121	51
81	122	37
81	122	38
81	122	39
81	122	40
81	122	41
81	122	42
81	122	43
81	122	44
81	122	45
81	122	46
81	122	47
81	122	48
81	122	49
81	122	50
81	122	51
81	123	37
81	123	38
81	123	39
81	123	40
81	123	41
81	123	42
81	123	43
81	123	44
81	123	45
81	123	46
81	123	47
81	123	48
81	123	49
81	123	50
81	123	51
81	123	52
81	124	38
81	124	39
81	124	40
81	124	41
81	124	42
81	124	43
81	124	44
81	124	45
81	124	46
81	124	47
81	124	48
81	124	49
81	124	50
81	124	51
81	124	52
81	124	53
81	124	54
81	125	55
82	114	42
82	115	41
82	115	42
82	115	43
82	115	45
82	115	46
82	115	47
82	115	48
82	115	49
82	115	50
82	116	39
82	116	40
82	116	41
82	116	42
82	116	43
82	116	44
82	116	45
82	116	46
82	116	47
82	116	48
82	116	49
82	116	50
82	116	51
82	117	38
82	117	39
82	117	40
82	117	41
82	117	42
82	117	43
82	117	44
82	117	45
82	117	46
82	117	47
82	117	48
82	117	49
82	117	50
82	117	51
82	117	52
82	118	38
82	118	39
82	118	40
82	118	41
82	118	42
82	118	43
82	118	44
82	118	45
82	118	46
82	118	47
82	118	48
82	118	49
82	118	50
82	118	51
82	118	52
82	119	37
82	119	38
82	119	39
82	119	40
82	119	41
82	119	42
82	119	43
82	119	44
82	119	45
82	119	46
82	119	47
82	119	48
82	119	49
82	119	50
82	119	51
82	119	52
82	120	37
82	120	38
82	120	39
82	120	40
82	120	41
82	120	42
82	120	43
82	120	44
82	120	45
82	120	46
82	120	47
82	120	48
82	120	49
82	120	50
82	120	51
82	120	52
82	121	37
82	121	38
82	121	39
82	121	40
82	121	41
82	121	42
82	121	43
82	121	44
82	121	45
82	121	46
82	121	47
82	121	48
82	121	49
82	121	50
82	121	51
82	121	52
82	122	36
82	122	37
82	122	38
82	122	39
82	122	40
82	122	41
82	122	42
82	122	43
82	122	44
82	122	45
82	122	46
82	122	47
82	122	48
82	122	49
82	122	50
82	122	51
82	122	52
82	123	36
82	123	37
82	123	38
82	123	39
82	123	40
82	123	41
82	123	42
82	123	43
82	123	44
82	123	45
82	123	46
82	123	47
82	123	48
82	123	49
82	123	50
82	123	51
82	123	52
82	123	53
82	124	38
82	124	39
82	124	40
82	124	41
82	124	42
82	124	43
82	124	44
82	124	45
82	124	46
82	124	47
82	124	48
82	124	49
82	124	50
82	124	51
82	124	52
82	124	53
82	124	54
82	125	39
82	125	40
82	125	41
82	125	42
82	125	43
82	125	44
82	125	45
82	125	46
82	125	47
82	125	48
82	125	49
82	125	50
82	125	51
82	125	52
82	125	53
82	125	55
83	115	39
83	115	40
83	115	41
83	115	42
83	115	43
83	115	50
83	116	39
83	116	40
83	116	41
83	116	42
83	116	43
83	116	44
83	116	46
83	116	47
83	116	48
83	116	49
83	116	50
83	116	51
83	117	38
83	117	39
83	117	40
83	117	41
83	117	42
83	117	43
83	117	44
83	117	46
83	117	47
83	117	48
83	117	49
83	117	50
83	117	51
83	117	52
83	118	37
83	118	38
83	118	39
83	118	40
83	118	41
83	118	42
83	118	43
83	118	44
83	118	45
83	118	46
83	118	47
83	118	48
83	118	49
83	118	50
83	118	51
83	118	52
83	118	53
83	119	37
83	119	38
83	119	39
83	119	40
83	119	41
83	119	42
83	119	43
83	119	44
83	119	45
83	119	46
83	119	47
83	119	48
83	119	49
83	119	50
83	119	51
83	119	52
83	119	53
83	120	37
83	120	38
83	120	39
83	120	40
83	120	41
83	120	42
83	120	43
83	120	44
83	120	45
83	120	46
83	120	47
83	120	48
83	120	49
83	120	50
83	120	51
83	120	52
83	120	53
83	121	36
83	121	37
83	121	38
83	121	39
83	121	40
83	121	41
83	121	42
83	121	43
83	121	44
83	121	45
83	121	46
83	121	47
83	121	48
83	121	49
83	121	50
83	121	51
83	121	52
83	121	53
83	122	36
83	122	37
83	122	38
83	122	39
83	122	40
83	122	41
83	122	42
83	122	43
83	122	44
83	122	45
83	122	46
83	122	47
83	122	48
83	122	49
83	122	50
83	122	51
83	122	52
83	122	53
83	123	36
83	123	37
83	123	38
83	123	39
83	123	40
83	123	41
83	123	42
83	123	43
83	123	44
83	123	45
83	123	46
83	123	47
83	123	48
83	123	49
83	123	50
83	123	51
83	123	52
83	123	53
83	124	37
83	124	38
83	124	39
83	124	40
83	124	41
83	124	42
83	124	43
83	124	44
83	124	45
83	124	46
83	124	47
83	124	48
83	124	49
83	124	50
83	124	51
83	124	52
83	124	53
83	124	54
83	125	39
83	125	40
83	125	41
83	125	42
83	125	43
83	125	44
83	125	45
83	125	46
83	125	47
83	125	48
83	125	49
83	125	50
83	125	51
83	125	52
83	125	53
83	125	54
83	125	55
83	126	40
83	126	41
83	126	42
83	126	43
83	126	44
83	126	45
83	126	46
83	126	47
83	126	48
83	126	49
83	126	50
83	126	51
83	126	52
84	116	38
84	116	39
84	116	40
84	116	41
84	116	42
84	116	49
84	116	50
84	116	51
84	117	38
84	117	39
84	117	40
84	117	41
84	117	42
84	117	43
84	117	47
84	117	48
84	117	49
84	117	50
84	117	51
84	117	52
84	118	37
84	118	38
84	118	39
84	118	40
84	118	41
84	118	42
84	118	43
84	118	44
84	118	45
84	118	46
84	118	47
84	118	48
84	118	49
84	118	50
84	118	51
84	118	52
84	118	53
84	119	37
84	119	38
84	119	39
84	119	40
84	119	41
84	119	42
84	119	43
84	119	44
84	119	45
84	119	46
84	119	47
84	119	48
84	119	49
84	119	50
84	119	51
84	119	52
84	119	53
84	120	36
84	120	37
84	120	38
84	120	39
84	120	40
84	120	41
84	120	42
84	120	43
84	120	44
84	120	45
84	120	46
84	120	47
84	120	48
84	120	49
84	120	50
84	120	51
84	120	52
84	120	53
84	121	36
84	121	37
84	121	38
84	121	39
84	121	40
84	121	41
84	121	42
84	121	43
84	121	44
84	121	45
84	121	46
84	121	47
84	121	48
84	121	49
84	121	50
84	121	51
84	121	52
84	121	53
84	122	36
84	122	37
84	122	38
84	122	39
84	122	40
84	122	41
84	122	42
84	122	43
84	122	44
84	122	45
84	122	46
84	122	47
84	122	48
84	122	49
84	122	50
84	122	51
84	122	52
84	122	53
84	123	36
84	123	37
84	123	38
84	123	39
84	123	40
84	123	41
84	123	42
84	123	43
84	123	44
84	123	45
84	123	46
84	123	47
84	123	48
84	123	49
84	123	50
84	123	51
84	123	52
84	123	53
84	124	36
84	124	37
84	124	38
84	124	39
84	124	40
84	124	41
84	124	42
84	124	43
84	124	44
84	124	45
84	124	46
84	124	47
84	124	48
84	124	49
84	124	50
84	124	51
84	124	52
84	124	53
84	124	54
84	125	39
84	125	40
84	125	41
84	125	42
84	125	43
84	125	44
84	125	45
84	125	46
84	125	47
84	125	48
84	125	49
84	125	50
84	125	51
84	125	52
84	125	53
84	125	54
84	126	40
84	126	41
84	126	42
84	126	43
84	126	44
84	126	45
84	126	46
84	126	47
84	126	48
84	126	49
84	126	50
84	126	51
84	126	52
84	127	41
84	127	42
84	127	43
84	127	44
84	127	45
84	127	46
84	127	47
84	127	48
84	127	49
84	127	50
84	127	51
84	127	52
85	0	42
85	0	43
85	0	44
85	0	45
85	0	46
85	0	47
85	0	48
85	0	49
85	0	50
85	0	51
85	116	38
85	116	50
85	116	51
85	116	52
85	116	53
85	117	37
85	117	38
85	117	39
85	117	40
85	117	41
85	117	42
85	117	47
85	117	48
85	117	49
85	117	50
85	117	51
85	117	52
85	118	37
85	118	38
85	118	39
85	118	40
85	118	41
85	118	42
85	118	43
85	118	44
85	118	45
85	118	46
85	118	47
85	118	48
85	118	49
85	118	50
85	118	51
85	118	52
85	118	53
85	119	36
85	119	37
85	119	38
85	119	39
85	119	40
85	119	41
85	119	42
85	119	43
85	119	44
85	119	45
85	119	46
85	119	47
85	119	48
85	119	49
85	119	50
85	119	51
85	119	52
85	119	53
85	120	36
85	120	37
85	120	38
85	120	39
85	120	40
85	120	41
85	120	42
85	120	43
85	120	44
85	120	45
85	120	46
85	120	47
85	120	48
85	120	49
85	120	50
85	120	51
85	120	52
85	120	53
85	121	36
85	121	37
85	121	38
85	121	39
85	121	40
85	121	41
85	121	42
85	121	43
85	121	44
85	121	45
85	121	46
85	121	47
85	121	48
85	121	49
85	121	50
85	121	51
85	121	52
85	121	53
85	122	36
85	122	37
85	122	38
85	122	39
85	122	40
85	122	41
85	122	42
85	122	43
85	122	44
85	122	45
85	122	46
85	122	47
85	122	48
85	122	49
85	122	50
85	122	51
85	122	52
85	122	53
85	123	36
85	123	37
85	123	38
85	123	39
85	123	40
85	123	41
85	123	42
85	123	43
85	123	44
85	123	45
85	123	46
85	123	47
85	123	48
85	123	49
85	123	50
85	123	51
85	123	52
85	123	53
85	124	36
85	124	37
85	124	38
85	124	39
85	124	40
85	124	41
85	124	42
85	124	43
85	124	44
85	124	45
85	124	46
85	124	47
85	124	48
85	124	49
85	124	50
85	124	51
85	124	52
85	124	53
85	125	38
85	125	39
85	125	40
85	125	41
85	125	42
85	125	43
85	125	44
85	125	45
85	125	46
85	125	47
85	125	48
85	125	49
85	125	50
85	125	51
85	125	52
85	125	53
85	125	54
85	126	39
85	126	40
85	126	41
85	126	42
85	126	43
85	126	44
85	126	45
85	126	46
85	126	47
85	126	48
85	126	49
85	126	50
85	126	51
85	126	52
85	126	53
85	127	40
85	127	41
85	127	42
85	127	43
85	127	44
85	127	45
85	127	46
85	127	47
85	127	48
85	127	49
85	127	50
85	127	51
85	127	52
86	0	41
86	0	42
86	0	43
86	0	44
86	0	45
86	0	46
86	0	47
86	0	48
86	0	49
86	0	50
86	0	51
86	0	52
86	1	43
86	1	44
86	1	45
86	1	46
86	1	47
86	1	48
86	1	49
86	1	50
86	116	50
86	116	51
86	116	52
86	116	53
86	116	54
86	117	37
86	117	38
86	117	39
86	117	40
86	117	41
86	117	42
86	117	43
86	117	47
86	117	48
86	117	49
86	117	50
86	117	51
86	117	52
86	117	53
86	117	54
86	118	36
86	118	37
86	118	38
86	118	39
86	118	40
86	118	41
86	118	42
86	118	43
86	118	44
86	118	45
86	118	46
86	118	47
86	118	48
86	118	49
86	118	50
86	118	51
86	118	52
86	118	53
86	119	36
86	119	37
86	119	38
86	119	39
86	119	40
86	119	41
86	119	42
86	119	43
86	119	44
86	119	45
86	119	46
86	119	47
86	119	48
86	119	49
86	119	50
86	119	51
86	119	52
86	119	53
86	120	34
86	120	36
86	120	37
86	120	38
86	120	39
86	120	40
86	120	41
86	120	42
86	120	43
86	120	44
86	120	45
86	120	46
86	120	47
86	120	48
86	120	49
86	120	50
86	120	51
86	120	52
86	120	53
86	121	34
86	121	35
86	121	36
86	121	37
86	121	38
86	121	39
86	121	40
86	121	41
86	121	42
86	121	43
86	121	44
86	121	45
86	121	46
86	121	47
86	121	48
86	121	49
86	121	50
86	121	51
86	121	52
86	121	53
86	122	36
86	122	37
86	122	38
86	122	39
86	122	40
86	122	41
86	122	42
86	122	43
86	122	44
86	122	45
86	122	46
86	122	47
86	122	48
86	122	49
86	122	50
86	122	51
86	122	52
86	122	53
86	123	36
86	123	37
86	123	38
86	123	39
86	123	40
86	123	41
86	123	42
86	123	43
86	123	44
86	123	45
86	123	46
86	123	47
86	123	48
86	123	49
86	123	50
86	123	51
86	123	52
86	124	36
86	124	37
86	124	38
86	124	39
86	124	40
86	124	41
86	124	42
86	124	43
86	124	44
86	124	45
86	124	46
86	124	47
86	124	48
86	124	49
86	124	50
86	124	51
86	124	52
86	124	53
86	125	37
86	125	38
86	125	39
86	125	40
86	125	41
86	125	42
86	125	43
86	125	44
86	125	45
86	125	46
86	125	47
86	125	48
86	125	49
86	125	50
86	125	51
86	125	52
86	125	53
86	125	54
86	126	39
86	126	40
86	126	41
86	126	42
86	126	43
86	126	44
86	126	45
86	126	46
86	126	47
86	126	48
86	126	49
86	126	50
86	126	51
86	126	52
86	126	53
86	126	55
86	127	40
86	127	41
86	127	42
86	127	43
86	127	44
86	127	45
86	127	46
86	127	47
86	127	48
86	127	49
86	127	50
86	127	51
86	127	52
87	0	40
87	0	41
87	0	42
87	0	43
87	0	44
87	0	45
87	0	46
87	0	47
87	0	48
87	0	49
87	0	50
87	0	51
87	0	52
87	1	41
87	1	42
87	1	43
87	1	44
87	1	45
87	1	46
87	1	47
87	1	48
87	1	49
87	1	50
87	1	51
87	1	52
87	2	41
87	2	42
87	2	43
87	2	44
87	2	45
87	2	46
87	2	47
87	2	48
87	2	49
87	115	54
87	116	37
87	116	51
87	116	52
87	116	53
87	116	54
87	117	35
87	117	37
87	117	38
87	117	39
87	117	40
87	117	41
87	117	42
87	117	43
87	117	47
87	117	48
87	117	49
87	117	50
87	117	51
87	117	52
87	117	53
87	117	54
87	117	55
87	118	36
87	118	37
87	118	38
87	118	39
87	118	40
87	118	41
87	118	42
87	118	43
87	118	44
87	118	46
87	118	47
87	118	48
87	118	49
87	118	50
87	118	51
87	118	52
87	118	53
87	118	54
87	118	55
87	119	34
87	119	35
87	119	36
87	119	37
87	119	38
87	119	39
87	119	40
87	119	41
87	119	42
87	119	43
87	119	44
87	119	45
87	119	46
87	119	47
87	119	48
87	119	49
87	119	50
87	119	51
87	119	52
87	119	53
87	119	54
87	120	35
87	120	36
87	120	37
87	120	38
87	120	39
87	120	40
87	120	41
87	120	42
87	120	43
87	120	44
87	120	45
87	120	46
87	120	47
87	120	48
87	120	49
87	120	50
87	120	51
87	120	52
87	120	53
87	120	54
87	121	35
87	121	36
87	121	37
87	121	38
87	121	39
87	121	40
87	121	41
87	121	42
87	121	43
87	121	44
87	121	45
87	121	46
87	121	47
87	121	48
87	121	49
87	121	50
87	121	51
87	121	52
87	121	53
87	121	54
87	122	35
87	122	36
87	122	37
87	122	38
87	122	39
87	122	40
87	122	41
87	122	42
87	122	43
87	122	44
87	122	45
87	122	46
87	122	47
87	122	48
87	122	49
87	122	50
87	122	51
87	122	52
87	122	53
87	123	36
87	123	37
87	123	38
87	123	39
87	123	40
87	123	41
87	123	42
87	123	43
87	123	44
87	123	45
87	123	46
87	123	47
87	123	48
87	123	49
87	123	50
87	123	51
87	123	52
87	124	36
87	124	37
87	124	38
87	124	39
87	124	40
87	124	41
87	124	42
87	124	43
87	124	44
87	124	45
87	124	46
87	124	47
87	124	48
87	124	49
87	124	50
87	124	51
87	124	52
87	124	53
87	125	36
87	125	37
87	125	38
87	125	39
87	125	40
87	125	41
87	125	42
87	125	43
87	125	44
87	125	45
87	125	46
87	125	47
87	125	48
87	125	49
87	125	50
87	125	51
87	125	52
87	125	53
87	125	54
87	126	38
87	126	39
87	126	40
87	126	41
87	126	42
87	126	43
87	126	44
87	126	45
87	126	46
87	126	47
87	126	48
87	126	49
87	126	50
87	126	51
87	126	52
87	126	53
87	126	55
87	127	39
87	127	40
87	127	41
87	127	42
87	127	43
87	127	44
87	127	45
87	127	46
87	127	47
87	127	48
87	127	49
87	127	50
87	127	51
87	127	52
87	127	53
87	127	56
88	0	39
88	0	40
88	0	41
88	0	42
88	0	43
88	0	44
88	0	45
88	0	46
88	0	47
88	0	48
88	0	49
88	0	50
88	0	51
88	0	52
88	0	53
88	0	57
88	1	40
88	1	41
88	1	42
88	1	43
88	1	44
88	1	45
88	1	46
88	1	47
88	1	48
88	1	49
88	1	50
88	1	51
88	1	52
88	1	53
88	2	40
88	2	41
88	2	42
88	2	43
88	2	44
88	2	45
88	2	46
88	2	47
88	2	48
88	2	49
88	2	50
88	2	51
88	3	41
88	3	42
88	3	43
88	3	44
88	3	45
88	3	46
88	3	47
88	3	48
88	3	49
88	4	43
88	4	44
88	116	35
88	116	37
88	116	52
88	116	53
88	116	54
88	116	55
88	116	56
88	117	36
88	117	37
88	117	38
88	117	39
88	117	40
88	117	41
88	117	42
88	117	43
88	117	48
88	117	49
88	117	50
88	117	51
88	117	52
88	117	53
88	117	54
88	117	55
88	117	56
88	118	34
88	118	36
88	118	37
88	118	38
88	118	39
88	118	40
88	118	41
88	118	42
88	118	43
88	118	44
88	118	45
88	118	46
88	118	47
88	118	48
88	118	49
88	118	50
88	118	51
88	118	52
88	118	53
88	118	54
88	118	55
88	118	56
88	119	35
88	119	36
88	119	37
88	119	38
88	119	39
88	119	40
88	119	41
88	119	42
88	119	43
88	119	44
88	119	45
88	119	46
88	119	47
88	119	48
88	119	49
88	119	50
88	119	51
88	119	52
88	119	53
88	119	54
88	119	55
88	120	35
88	120	36
88	120	37
88	120	38
88	120	39
88	120	40
88	120	41
88	120	42
88	120	43
88	120	44
88	120	45
88	120	46
88	120	47
88	120	48
88	120	49
88	120	50
88	120	51
88	120	52
88	120	53
88	120	54
88	121	35
88	121	36
88	121	37
88	121	38
88	121	39
88	121	40
88	121	41
88	121	42
88	121	43
88	121	44
88	121	45
88	121	46
88	121	47
88	121	48
88	121	49
88	121	50
88	121	51
88	121	52
88	121	53
88	121	54
88	122	35
88	122	36
88	122	37
88	122	38
88	122	39
88	122	40
88	122	41
88	122	42
88	122	43
88	122	44
88	122	45
88	122	46
88	122	47
88	122	48
88	122	49
88	122	50
88	122	51
88	122	52
88	122	53
88	123	35
88	123	36
88	123	37
88	123	38
88	123	39
88	123	40
88	123	41
88	123	42
88	123	43
88	123	44
88	123	45
88	123	46
88	123	47
88	123	48
88	123	49
88	123	50
88	123	51
88	123	52
88	124	35
88	124	36
88	124	37
88	124	38
88	124	39
88	124	40
88	124	41
88	124	42
88	124	43
88	124	44
88	124	45
88	124	46
88	124	47
88	124	48
88	124	49
88	124	50
88	124	51
88	125	36
88	125	37
88	125	38
88	125	39
88	125	40
88	125	41
88	125	42
88	125	43
88	125	44
88	125	45
88	125	46
88	125	47
88	125	48
88	125	49
88	125	50
88	125	51
88	125	52
88	125	53
88	125	54
88	126	37
88	126	38
88	126	39
88	126	40
88	126	41
88	126	42
88	126	43
88	126	44
88	126	45
88	126	46
88	126	47
88	126	48
88	126	49
88	126	50
88	126	51
88	126	52
88	126	53
88	126	54
88	126	55
88	127	39
88	127	40
88	127	41
88	127	42
88	127	43
88	127	44
88	127	45
88	127	46
88	127	47
88	127	48
88	127	49
88	127	50
88	127	51
88	127	52
88	127	53
88	127	56
89	0	39
89	0	40
89	0	41
89	0	42
89	0	43
89	0	44
89	0	45
89	0	46
89	0	47
89	0	48
89	0	49
89	0	50
89	0	51
89	0	52
89	0	53
89	0	54
89	0	57
89	1	39
89	1	40
89	1	41
89	1	42
89	1	43
89	1	44
89	1	45
89	1	46
89	1	47
89	1	48
89	1	49
89	1	50
89	1	51
89	1	52
89	1	53
89	1	58
89	2	40
89	2	41
89	2	42
89	2	43
89	2	44
89	2	45
89	2	46
89	2	47
89	2	48
89	2	49
89	2	50
89	2	51
89	2	52
89	3	40
89	3	41
89	3	42
89	3	43
89	3	44
89	3	45
89	3	46
89	3	47
89	3	48
89	3	49
89	3	50
89	3	51
89	4	41
89	4	42
89	4	43
89	4	44
89	4	45
89	4	46
89	4	47
89	4	48
89	4	49
89	4	50
89	5	42
89	5	43
89	115	36
89	115	57
89	116	36
89	116	37
89	116	56
89	116	57
89	117	36
89	117	37
89	117	38
89	117	39
89	117	40
89	117	41
89	117	42
89	117	43
89	117	50
89	117	51
89	117	52
89	117	53
89	117	54
89	117	55
89	117	56
89	117	57
89	118	35
89	118	36
89	118	37
89	118	38
89	118	39
89	118	40
89	118	41
89	118	42
89	118	43
89	118	44
89	118	45
89	118	46
89	118	47
89	118	48
89	118	49
89	118	50
89	118	51
89	118	52
89	118	53
89	118	54
89	118	55
89	118	56
89	119	35
89	119	36
89	119	37
89	119	38
89	119	39
89	119	40
89	119	41
89	119	42
89	119	43
89	119	44
89	119	45
89	119	46
89	119	47
89	119	48
89	119	49
89	119	50
89	119	51
89	119	52
89	119	53
89	119	54
89	119	55
89	120	34
89	120	35
89	120	36
89	120	37
89	120	38
89	120	39
89	120	40
89	120	41
89	120	42
89	120	43
89	120	44
89	120	45
89	120	46
89	120	47
89	120	48
89	120	49
89	120	50
89	120	51
89	120	52
89	120	53
89	120	54
89	121	34
89	121	35
89	121	36
89	121	37
89	121	38
89	121	39
89	121	40
89	121	41
89	121	42
89	121	43
89	121	44
89	121	45
89	121	46
89	121	47
89	121	48
89	121	49
89	121	50
89	121	51
89	121	52
89	121	53
89	121	54
89	122	34
89	122	35
89	122	36
89	122	37
89	122	38
89	122	39
89	122	40
89	122	41
89	122	42
89	122	43
89	122	44
89	122	45
89	122	46
89	122	47
89	122	48
89	122	49
89	122	50
89	122	51
89	122	52
89	122	53
89	123	35
89	123	36
89	123	37
89	123	38
89	123	39
89	123	40
89	123	41
89	123	42
89	123	43
89	123	44
89	123	45
89	123	46
89	123	47
89	123	48
89	123	49
89	123	50
89	123	51
89	123	52
89	124	35
89	124	36
89	124	37
89	124	38
89	124	39
89	124	40
89	124	41
89	124	42
89	124	43
89	124	44
89	124	45
89	124	46
89	124	47
89	124	48
89	124	49
89	124	50
89	124	51
89	125	35
89	125	36
89	125	37
89	125	38
89	125	39
89	125	40
89	125	41
89	125	42
89	125	43
89	125	44
89	125	45
89	125	46
89	125	47
89	125	48
89	125	49
89	125	50
89	125	51
89	125	52
89	125	53
89	126	36
89	126	37
89	126	38
89	126	39
89	126	40
89	126	41
89	126	42
89	126	43
89	126	44
89	126	45
89	126	46
89	126	47
89	126	48
89	126	49
89	126	50
89	126	51
89	126	52
89	126	53
89	126	54
89	126	55
89	127	38
89	127	39
89	127	40
89	127	41
89	127	42
89	127	43
89	127	44
89	127	45
89	127	46
89	127	47
89	127	48
89	127	49
89	127	50
89	127	51
89	127	52
89	127	53
89	127	54
89	127	56
90	0	38
90	0	39
90	0	40
90	0	41
90	0	42
90	0	43
90	0	44
90	0	45
90	0	46
90	0	47
90	0	48
90	0	49
90	0	50
90	0	51
90	0	52
90	0	53
90	0	54
90	0	56
90	0	57
90	0	58
90	0	59
90	0	60
90	0	61
90	1	39
90	1	40
90	1	41
90	1	42
90	1	43
90	1	44
90	1	45
90	1	46
90	1	47
90	1	48
90	1	49
90	1	50
90	1	51
90	1	52
90	1	53
90	1	57
90	1	58
90	1	59
90	2	39
90	2	40
90	2	41
90	2	42
90	2	43
90	2	44
90	2	45
90	2	46
90	2	47
90	2	48
90	2	49
90	2	50
90	2	51
90	2	52
90	2	58
90	2	59
90	3	40
90	3	41
90	3	42
90	3	43
90	3	44
90	3	45
90	3	46
90	3	47
90	3	48
90	3	49
90	3	50
90	3	51
90	3	52
90	3	59
90	4	41
90	4	42
90	4	43
90	4	44
90	4	45
90	4	46
90	4	47
90	4	48
90	4	49
90	4	50
90	4	51
90	5	42
90	5	43
90	5	44
90	5	45
90	5	46
90	5	47
90	5	48
90	5	49
90	5	50
90	5	51
90	6	42
90	114	58
90	115	36
90	115	57
90	115	58
90	116	35
90	116	36
90	116	37
90	116	38
90	116	39
90	116	57
90	116	58
90	117	35
90	117	36
90	117	37
90	117	38
90	117	39
90	117	40
90	117	41
90	117	42
90	117	43
90	117	55
90	117	56
90	117	57
90	118	35
90	118	36
90	118	37
90	118	38
90	118	39
90	118	40
90	118	41
90	118	42
90	118	43
90	118	44
90	118	45
90	118	47
90	118	48
90	118	49
90	118	50
90	118	51
90	118	52
90	118	53
90	118	54
90	118	55
90	118	56
90	119	34
90	119	35
90	119	36
90	119	37
90	119	38
90	119	39
90	119	40
90	119	41
90	119	42
90	119	43
90	119	44
90	119	45
90	119	46
90	119	47
90	119	48
90	119	49
90	119	50
90	119	51
90	119	52
90	119	53
90	119	54
90	119	55
90	120	34
90	120	35
90	120	36
90	120	37
90	120	38
90	120	39
90	120	40
90	120	41
90	120	42
90	120	43
90	120	44
90	120	45
90	120	46
90	120	47
90	120	48
90	120	49
90	120	50
90	120	51
90	120	52
90	120	53
90	120	54
90	120	55
90	121	34
90	121	35
90	121	36
90	121	37
90	121	38
90	121	39
90	121	40
90	121	41
90	121	42
90	121	43
90	121	44
90	121	45
90	121	46
90	121	47
90	121	48
90	121	49
90	121	50
90	121	51
90	121	52
90	121	53
90	121	54
90	121	55
90	122	34
90	122	35
90	122	36
90	122	37
90	122	38
90	122	39
90	122	40
90	122	41
90	122	42
90	122	43
90	122	44
90	122	45
90	122	46
90	122	47
90	122	48
90	122	49
90	122	50
90	122	51
90	122	52
90	122	53
90	123	34
90	123	35
90	123	36
90	123	37
90	123	38
90	123	39
90	123	40
90	123	41
90	123	42
90	123	43
90	123	44
90	123	45
90	123	46
90	123	47
90	123	48
90	123	49
90	123	50
90	123	51
90	123	52
90	124	34
90	124	35
90	124	36
90	124	37
90	124	38
90	124	39
90	124	40
90	124	41
90	124	42
90	124	43
90	124	44
90	124	45
90	124	46
90	124	47
90	124	48
90	124	49
90	124	50
90	124	51
90	125	34
90	125	35
90	125	36
90	125	37
90	125	38
90	125	39
90	125	40
90	125	41
90	125	42
90	125	43
90	125	44
90	125	45
90	125	46
90	125	47
90	125	48
90	125	49
90	125	50
90	125	51
90	125	52
90	125	53
90	126	36
90	126	37
90	126	38
90	126	39
90	126	40
90	126	41
90	126	42
90	126	43
90	126	44
90	126	45
90	126	46
90	126	47
90	126	48
90	126	49
90	126	50
90	126	51
90	126	52
90	126	53
90	126	54
90	127	37
90	127	38
90	127	39
90	127	40
90	127	41
90	127	42
90	127	43
90	127	44
90	127	45
90	127	46
90	127	47
90	127	48
90	127	49
90	127	50
90	127	51
90	127	52
90	127	53
90	127	54
90	127	55
90	127	56
91	0	38
91	0	39
91	0	40
91	0	41
91	0	42
91	0	43
91	0	44
91	0	45
91	0	46
91	0	47
91	0	48
91	0	49
91	0	50
91	0	51
91	0	52
91	0	53
91	0	54
91	0	55
91	0	56
91	0	57
91	0	58
91	0	59
91	0	60
91	1	38
91	1	39
91	1	40
91	1	41
91	1	42
91	1	43
91	1	44
91	1	45
91	1	46
91	1	47
91	1	48
91	1	49
91	1	50
91	1	51
91	1	52
91	1	53
91	1	55
91	1	56
91	1	57
91	1	58
91	1	59
91	2	39
91	2	40
91	2	41
91	2	42
91	2	43
91	2	44
91	2	45
91	2	46
91	2	47
91	2	48
91	2	49
91	2	50
91	2	51
91	2	52
91	2	53
91	2	56
91	2	57
91	2	58
91	2	59
91	3	40
91	3	41
91	3	42
91	3	43
91	3	44
91	3	45
91	3	46
91	3	47
91	3	48
91	3	49
91	3	50
91	3	51
91	3	52
91	3	53
91	3	57
91	3	58
91	3	59
91	4	40
91	4	41
91	4	42
91	4	43
91	4	44
91	4	45
91	4	46
91	4	47
91	4	48
91	4	49
91	4	50
91	4	51
91	4	52
91	4	53
91	4	58
91	4	59
91	5	41
91	5	42
91	5	43
91	5	44
91	5	45
91	5	46
91	5	47
91	5	48
91	5	49
91	5	50
91	5	51
91	5	52
91	6	42
91	6	43
91	6	44
91	6	45
91	6	46
91	6	47
91	6	48
91	6	49
91	6	50
91	6	51
91	6	52
91	114	36
91	114	58
91	114	59
91	115	35
91	115	36
91	115	58
91	115	59
91	116	35
91	116	36
91	116	37
91	116	38
91	116	39
91	116	40
91	116	57
91	116	58
91	117	34
91	117	35
91	117	36
91	117	37
91	117	38
91	117	39
91	117	40
91	117	41
91	117	42
91	117	43
91	117	56
91	117	57
91	118	34
91	118	35
91	118	36
91	118	37
91	118	38
91	118	39
91	118	40
91	118	41
91	118	42
91	118	43
91	118	44
91	118	45
91	118	54
91	118	55
91	118	56
91	119	34
91	119	35
91	119	36
91	119	37
91	119	38
91	119	39
91	119	40
91	119	41
91	119	42
91	119	43
91	119	44
91	119	45
91	119	46
91	119	47
91	119	48
91	119	54
91	119	55
91	120	34
91	120	35
91	120	36
91	120	37
91	120	38
91	120	39
91	120	40
91	120	41
91	120	42
91	120	43
91	120	44
91	120	45
91	120	46
91	120	47
91	120	48
91	120	49
91	120	50
91	120	51
91	120	52
91	120	53
91	120	54
91	120	55
91	121	34
91	121	35
91	121	36
91	121	37
91	121	38
91	121	39
91	121	40
91	121	41
91	121	42
91	121	43
91	121	44
91	121	45
91	121	46
91	121	47
91	121	48
91	121	49
91	121	50
91	121	51
91	121	52
91	121	53
91	121	54
91	121	55
91	122	34
91	122	35
91	122	36
91	122	37
91	122	38
91	122	39
91	122	40
91	122	41
91	122	42
91	122	43
91	122	44
91	122	45
91	122	46
91	122	47
91	122	48
91	122	49
91	122	50
91	122	51
91	122	52
91	122	53
91	122	54
91	123	34
91	123	35
91	123	36
91	123	37
91	123	38
91	123	39
91	123	40
91	123	41
91	123	42
91	123	43
91	123	44
91	123	45
91	123	46
91	123	47
91	123	48
91	123	49
91	123	50
91	123	51
91	123	52
91	124	34
91	124	35
91	124	36
91	124	37
91	124	38
91	124	39
91	124	40
91	124	41
91	124	42
91	124	43
91	124	44
91	124	45
91	124	46
91	124	47
91	124	48
91	124	49
91	124	50
91	124	51
91	125	34
91	125	35
91	125	36
91	125	37
91	125	38
91	125	39
91	125	40
91	125	41
91	125	42
91	125	43
91	125	44
91	125	45
91	125	46
91	125	47
91	125	48
91	125	49
91	125	50
91	125	51
91	125	52
91	125	53
91	126	35
91	126	36
91	126	37
91	126	38
91	126	39
91	126	40
91	126	41
91	126	42
91	126	43
91	126	44
91	126	45
91	126	46
91	126	47
91	126	48
91	126	49
91	126	50
91	126	51
91	126	52
91	126	53
91	126	54
91	126	55
91	127	37
91	127	38
91	127	39
91	127	40
91	127	41
91	127	42
91	127	43
91	127	44
91	127	45
91	127	46
91	127	47
91	127	48
91	127	49
91	127	50
91	127	51
91	127	52
91	127	53
91	127	54
91	127	55
91	127	56
91	127	57
91	127	58
91	127	59
91	127	60
91	127	61
92	0	37
92	0	38
92	0	39
92	0	40
92	0	41
92	0	42
92	0	43
92	0	44
92	0	45
92	0	46
92	0	47
92	0	48
92	0	49
92	0	50
92	0	51
92	0	52
92	0	53
92	0	54
92	0	55
92	0	56
92	0	57
92	0	58
92	0	59
92	0	60
92	0	61
92	1	38
92	1	39
92	1	40
92	1	41
92	1	42
92	1	43
92	1	44
92	1	45
92	1	46
92	1	47
92	1	48
92	1	49
92	1	50
92	1	51
92	1	52
92	1	53
92	1	54
92	1	55
92	1	56
92	1	57
92	1	58
92	1	59
92	2	39
92	2	40
92	2	41
92	2	42
92	2	43
92	2	44
92	2	45
92	2	46
92	2	47
92	2	48
92	2	49
92	2	50
92	2	51
92	2	52
92	2	53
92	2	54
92	2	55
92	2	56
92	2	57
92	2	58
92	3	39
92	3	40
92	3	41
92	3	42
92	3	43
92	3	44
92	3	45
92	3	46
92	3	47
92	3	48
92	3	49
92	3	50
92	3	51
92	3	52
92	3	53
92	3	54
92	3	55
92	3	56
92	3	57
92	3	58
92	4	40
92	4	41
92	4	42
92	4	43
92	4	44
92	4	45
92	4	46
92	4	47
92	4	48
92	4	49
92	4	50
92	4	51
92	4	52
92	4	53
92	4	54
92	4	56
92	4	57
92	4	58
92	5	41
92	5	42
92	5	43
92	5	44
92	5	45
92	5	46
92	5	47
92	5	48
92	5	49
92	5	50
92	5	51
92	5	52
92	5	53
92	5	58
92	6	42
92	6	43
92	6	44
92	6	45
92	6	46
92	6	47
92	6	48
92	6	49
92	6	50
92	6	51
92	6	52
92	6	53
92	7	43
92	7	44
92	7	45
92	7	46
92	7	47
92	7	48
92	7	49
92	7	50
92	7	51
92	7	52
92	114	35
92	114	36
92	114	59
92	115	35
92	115	36
92	115	37
92	115	38
92	115	58
92	115	59
92	116	34
92	116	35
92	116	36
92	116	37
92	116	38
92	116	39
92	116	40
92	116	41
92	116	57
92	116	58
92	117	34
92	117	35
92	117	36
92	117	37
92	117	38
92	117	39
92	117	40
92	117	41
92	117	42
92	117	43
92	117	56
92	117	57
92	118	34
92	118	35
92	118	36
92	118	37
92	118	38
92	118	39
92	118	40
92	118	41
92	118	42
92	118	43
92	118	44
92	118	45
92	118	55
92	118	56
92	119	33
92	119	34
92	119	35
92	119	36
92	119	37
92	119	38
92	119	39
92	119	40
92	119	41
92	119	42
92	119	43
92	119	44
92	119	45
92	119	46
92	119	55
92	120	33
92	120	34
92	120	35
92	120	36
92	120	37
92	120	38
92	120	39
92	120	40
92	120	41
92	120	42
92	120	43
92	120	44
92	120	45
92	120	46
92	120	47
92	120	55
92	121	33
92	121	34
92	121	35
92	121	36
92	121	37
92	121	38
92	121	39
92	121	40
92	121	41
92	121	42
92	121	43
92	121	44
92	121	45
92	121	46
92	121	47
92	121	48
92	121	49
92	121	50
92	121	51
92	121	52
92	121	53
92	121	54
92	122	33
92	122	34
92	122	35
92	122	36
92	122	37
92	122	38
92	122	39
92	122	40
92	122	41
92	122	42
92	122	43
92	122	44
92	122	45
92	122	46
92	122	47
92	122	48
92	122	49
92	122	50
92	122	51
92	122	52
92	122	53
92	122	54
92	123	33
92	123	34
92	123	35
92	123	36
92	123	37
92	123	38
92	123	39
92	123	40
92	123	41
92	123	42
92	123	43
92	123	44
92	123	45
92	123	46
92	123	47
92	123	48
92	123	49
92	123	50
92	123	51
92	123	52
92	123	53
92	124	33
92	124	34
92	124	35
92	124	36
92	124	37
92	124	38
92	124	39
92	124	40
92	124	41
92	124	42
92	124	43
92	124	44
92	124	45
92	124	46
92	124	47
92	124	48
92	124	49
92	124	50
92	124	51
92	125	34
92	125	35
92	125	36
92	125	37
92	125	38
92	125	39
92	125	40
92	125	41
92	125	42
92	125	43
92	125	44
92	125	45
92	125	46
92	125	47
92	125	48
92	125	49
92	125	50
92	125	51
92	125	52
92	125	53
92	125	54
92	125	55
92	126	35
92	126	36
92	126	37
92	126	38
92	126	39
92	126	40
92	126	41
92	126	42
92	126	43
92	126	44
92	126	45
92	126	46
92	126	47
92	126	48
92	126	49
92	126	50
92	126	51
92	126	52
92	126	53
92	126	54
92	126	55
92	126	56
92	126	57
92	126	58
92	126	59
92	126	60
92	127	36
92	127	37
92	127	38
92	127	39
92	127	40
92	127	41
92	127	42
92	127	43
92	127	44
92	127	45
92	127	46
92	127	47
92	127	48
92	127	49
92	127	50
92	127	51
92	127	52
92	127	53
92	127	54
92	127	55
92	127	56
92	127	57
92	127	58
92	127	59
92	127	60
92	127	61
93	0	37
93	0	38
93	0	39
93	0	40
93	0	41
93	0	42
93	0	43
93	0	44
93	0	45
93	0	46
93	0	47
93	0	48
93	0	49
93	0	50
93	0	51
93	0	52
93	0	53
93	0	54
93	0	55
93	0	56
93	0	57
93	0	58
93	0	59
93	0	60
93	1	38
93	1	39
93	1	40
93	1	41
93	1	42
93	1	43
93	1	44
93	1	45
93	1	46
93	1	47
93	1	48
93	1	49
93	1	50
93	1	51
93	1	52
93	1	53
93	1	54
93	1	55
93	1	56
93	1	57
93	1	58
93	1	59
93	1	60
93	2	39
93	2	40
93	2	41
93	2	42
93	2	43
93	2	44
93	2	45
93	2	46
93	2	47
93	2	48
93	2	49
93	2	50
93	2	51
93	2	52
93	2	53
93	2	54
93	2	55
93	2	56
93	2	57
93	2	58
93	2	59
93	3	39
93	3	40
93	3	41
93	3	42
93	3	43
93	3	44
93	3	45
93	3	46
93	3	47
93	3	48
93	3	49
93	3	50
93	3	51
93	3	52
93	3	53
93	3	54
93	3	55
93	3	56
93	3	57
93	3	58
93	3	59
93	4	40
93	4	41
93	4	42
93	4	43
93	4	44
93	4	45
93	4	46
93	4	47
93	4	48
93	4	49
93	4	50
93	4	51
93	4	52
93	4	53
93	4	54
93	4	55
93	4	56
93	4	57
93	4	58
93	5	40
93	5	41
93	5	42
93	5	43
93	5	44
93	5	45
93	5	46
93	5	47
93	5	48
93	5	49
93	5	50
93	5	51
93	5	52
93	5	53
93	5	54
93	5	55
93	5	56
93	5	57
93	5	58
93	6	42
93	6	43
93	6	44
93	6	45
93	6	46
93	6	47
93	6	48
93	6	49
93	6	50
93	6	51
93	6	52
93	6	53
93	7	43
93	7	44
93	7	45
93	7	46
93	7	47
93	7	48
93	7	49
93	7	50
93	7	51
93	7	52
93	8	44
93	8	45
93	8	46
93	8	47
93	8	48
93	8	49
93	8	50
93	8	51
93	114	59
93	115	34
93	115	35
93	115	36
93	115	37
93	115	38
93	115	39
93	115	58
93	115	59
93	116	33
93	116	34
93	116	35
93	116	36
93	116	37
93	116	38
93	116	39
93	116	40
93	116	57
93	116	58
93	117	33
93	117	34
93	117	35
93	117	36
93	117	37
93	117	38
93	117	39
93	117	40
93	117	41
93	117	42
93	117	56
93	117	57
93	118	33
93	118	34
93	118	35
93	118	36
93	118	37
93	118	38
93	118	39
93	118	40
93	118	41
93	118	42
93	118	43
93	118	44
93	118	56
93	119	33
93	119	34
93	119	35
93	119	36
93	119	37
93	119	38
93	119	39
93	119	40
93	119	41
93	119	42
93	119	43
93	119	44
93	119	45
93	119	46
93	120	33
93	120	34
93	120	35
93	120	36
93	120	37
93	120	38
93	120	39
93	120	40
93	120	41
93	120	42
93	120	43
93	120	44
93	120	45
93	120	46
93	121	33
93	121	34
93	121	35
93	121	36
93	121	37
93	121	38
93	121	39
93	121	40
93	121	41
93	121	42
93	121	43
93	121	44
93	121	45
93	121	46
93	121	47
93	121	54
93	122	33
93	122	34
93	122	35
93	122	36
93	122	37
93	122	38
93	122	39
93	122	40
93	122	41
93	122	42
93	122	43
93	122	44
93	122	45
93	122	46
93	122	47
93	122	48
93	122	49
93	122	50
93	122	51
93	122	52
93	122	53
93	123	32
93	123	33
93	123	34
93	123	35
93	123	36
93	123	37
93	123	38
93	123	39
93	123	40
93	123	41
93	123	42
93	123	43
93	123	44
93	123	45
93	123	46
93	123	47
93	123	48
93	123	49
93	123	50
93	123	51
93	123	52
93	123	53
93	124	31
93	124	32
93	124	33
93	124	34
93	124	35
93	124	36
93	124	37
93	124	38
93	124	39
93	124	40
93	124	41
93	124	42
93	124	43
93	124	44
93	124	45
93	124	46
93	124	47
93	124	48
93	124	49
93	124	50
93	124	51
93	124	52
93	124	53
93	124	54
93	125	33
93	125	34
93	125	35
93	125	36
93	125	37
93	125	38
93	125	39
93	125	40
93	125	41
93	125	42
93	125	43
93	125	44
93	125	45
93	125	46
93	125	47
93	125	48
93	125	49
93	125	50
93	125	51
93	125	52
93	125	53
93	125	54
93	125	55
93	125	56
93	125	57
93	125	58
93	125	59
93	126	35
93	126	36
93	126	37
93	126	38
93	126	39
93	126	40
93	126	41
93	126	42
93	126	43
93	126	44
93	126	45
93	126	46
93	126	47
93	126	48
93	126	49
93	126	50
93	126	51
93	126	52
93	126	53
93	126	54
93	126	55
93	126	56
93	126	57
93	126	58
93	126	59
93	126	60
93	127	36
93	127	37
93	127	38
93	127	39
93	127	40
93	127	41
93	127	42
93	127	43
93	127	44
93	127	45
93	127	46
93	127	47
93	127	48
93	127	49
93	127	50
93	127	51
93	127	52
93	127	53
93	127	54
93	127	55
93	127	56
93	127	57
93	127	58
93	127	59
93	127	60
94	0	37
94	0	38
94	0	39
94	0	40
94	0	41
94	0	42
94	0	43
94	0	44
94	0	45
94	0	46
94	0	47
94	0	48
94	0	49
94	0	50
94	0	51
94	0	52
94	0	53
94	0	54
94	0	55
94	0	56
94	0	57
94	0	58
94	0	59
94	1	38
94	1	39
94	1	40
94	1	41
94	1	42
94	1	43
94	1	44
94	1	45
94	1	46
94	1	47
94	1	48
94	1	49
94	1	50
94	1	51
94	1	52
94	1	53
94	1	54
94	1	55
94	1	56
94	1	57
94	1	58
94	1	59
94	2	39
94	2	40
94	2	41
94	2	42
94	2	43
94	2	44
94	2	45
94	2	46
94	2	47
94	2	48
94	2	49
94	2	50
94	2	51
94	2	52
94	2	53
94	2	54
94	2	55
94	2	56
94	2	57
94	2	58
94	2	59
94	3	39
94	3	40
94	3	41
94	3	42
94	3	43
94	3	44
94	3	45
94	3	46
94	3	47
94	3	48
94	3	49
94	3	50
94	3	51
94	3	52
94	3	53
94	3	54
94	3	55
94	3	56
94	3	57
94	3	58
94	3	59
94	4	40
94	4	41
94	4	42
94	4	43
94	4	44
94	4	45
94	4	46
94	4	47
94	4	48
94	4	49
94	4	50
94	4	51
94	4	52
94	4	53
94	4	54
94	4	55
94	4	56
94	4	57
94	4	58
94	4	59
94	5	40
94	5	41
94	5	42
94	5	43
94	5	44
94	5	45
94	5	46
94	5	47
94	5	48
94	5	49
94	5	50
94	5	51
94	5	52
94	5	53
94	5	54
94	5	55
94	5	56
94	5	57
94	6	41
94	6	42
94	6	43
94	6	44
94	6	45
94	6	46
94	6	47
94	6	48
94	6	49
94	6	50
94	6	51
94	6	52
94	6	53
94	6	54
94	6	55
94	7	43
94	7	44
94	7	45
94	7	46
94	7	47
94	7	48
94	7	49
94	7	50
94	7	51
94	7	52
94	8	44
94	8	45
94	8	46
94	8	47
94	8	48
94	8	49
94	8	50
94	114	59
94	115	33
94	115	34
94	115	58
94	115	59
94	116	32
94	116	33
94	116	34
94	116	35
94	116	36
94	116	37
94	116	38
94	116	39
94	116	40
94	116	57
94	116	58
94	117	32
94	117	33
94	117	34
94	117	35
94	117	36
94	117	37
94	117	38
94	117	39
94	117	40
94	117	41
94	117	57
94	118	32
94	118	33
94	118	34
94	118	35
94	118	36
94	118	37
94	118	38
94	118	39
94	118	40
94	118	41
94	118	42
94	118	43
94	119	32
94	119	33
94	119	34
94	119	35
94	119	36
94	119	37
94	119	38
94	119	39
94	119	40
94	119	41
94	119	42
94	119	43
94	119	44
94	119	45
94	120	32
94	120	33
94	120	34
94	120	35
94	120	36
94	120	37
94	120	38
94	120	39
94	120	40
94	120	41
94	120	42
94	120	43
94	120	44
94	120	45
94	120	46
94	121	32
94	121	33
94	121	34
94	121	35
94	121	36
94	121	37
94	121	38
94	121	39
94	121	40
94	121	41
94	121	42
94	121	43
94	121	44
94	121	45
94	121	46
94	121	47
94	122	32
94	122	33
94	122	34
94	122	35
94	122	36
94	122	37
94	122	38
94	122	39
94	122	40
94	122	41
94	122	42
94	122	43
94	122	44
94	122	45
94	122	46
94	122	47
94	122	48
94	122	53
94	123	31
94	123	32
94	123	33
94	123	34
94	123	35
94	123	36
94	123	37
94	123	38
94	123	39
94	123	40
94	123	41
94	123	42
94	123	43
94	123	44
94	123	45
94	123	46
94	123	47
94	123	48
94	123	49
94	123	50
94	123	51
94	123	52
94	123	53
94	123	54
94	124	31
94	124	32
94	124	33
94	124	34
94	124	35
94	124	36
94	124	37
94	124	38
94	124	39
94	124	40
94	124	41
94	124	42
94	124	43
94	124	44
94	124	45
94	124	46
94	124	47
94	124	48
94	124	49
94	124	50
94	124	51
94	124	52
94	124	53
94	124	54
94	124	55
94	124	56
94	124	57
94	124	58
94	125	32
94	125	33
94	125	34
94	125	35
94	125	36
94	125	37
94	125	38
94	125	39
94	125	40
94	125	41
94	125	42
94	125	43
94	125	44
94	125	45
94	125	46
94	125	47
94	125	48
94	125	49
94	125	50
94	125	51
94	125	52
94	125	53
94	125	54
94	125	55
94	125	56
94	125	57
94	125	58
94	125	59
94	126	34
94	126	35
94	126	36
94	126	37
94	126	38
94	126	39
94	126	40
94	126	41
94	126	42
94	126	43
94	126	44
94	126	45
94	126	46
94	126	47
94	126	48
94	126	49
94	126	50
94	126	51
94	126	52
94	126	53
94	126	54
94	126	55
94	126	56
94	126	57
94	126	58
94	126	59
94	127	35
94	127	36
94	127	37
94	127	38
94	127	39
94	127	40
94	127	41
94	127	42
94	127	43
94	127	44
94	127	45
94	127	46
94	127	47
94	127	48
94	127	49
94	127	50
94	127	51
94	127	52
94	127	53
94	127	54
94	127	55
94	127	56
94	127	57
94	127	58
94	127	59
95	0	36
95	0	37
95	0	38
95	0	39
95	0	40
95	0	41
95	0	42
95	0	43
95	0	44
95	0	45
95	0	46
95	0	47
95	0	48
95	0	49
95	0	50
95	0	51
95	0	52
95	0	53
95	0	54
95	0	55
95	0	56
95	0	57
95	0	58
95	1	38
95	1	39
95	1	40
95	1	41
95	1	42
95	1	43
95	1	44
95	1	45
95	1	46
95	1	47
95	1	48
95	1	49
95	1	50
95	1	51
95	1	52
95	1	53
95	1	54
95	1	55
95	1	56
95	1	57
95	1	58
95	2	39
95	2	40
95	2	41
95	2	42
95	2	43
95	2	44
95	2	45
95	2	46
95	2	47
95	2	48
95	2	49
95	2	50
95	2	51
95	2	52
95	2	53
95	2	54
95	2	55
95	2	56
95	2	57
95	2	58
95	3	39
95	3	40
95	3	41
95	3	42
95	3	43
95	3	44
95	3	45
95	3	46
95	3	47
95	3	48
95	3	49
95	3	50
95	3	51
95	3	52
95	3	53
95	3	54
95	3	55
95	3	56
95	3	57
95	3	58
95	4	40
95	4	41
95	4	42
95	4	43
95	4	44
95	4	45
95	4	46
95	4	47
95	4	48
95	4	49
95	4	50
95	4	51
95	4	52
95	4	53
95	4	54
95	4	55
95	4	56
95	4	57
95	4	58
95	5	40
95	5	41
95	5	42
95	5	43
95	5	44
95	5	45
95	5	46
95	5	47
95	5	48
95	5	49
95	5	50
95	5	51
95	5	52
95	5	53
95	5	54
95	5	55
95	5	56
95	6	41
95	6	42
95	6	43
95	6	44
95	6	45
95	6	46
95	6	47
95	6	48
95	6	49
95	6	50
95	6	51
95	6	52
95	6	53
95	6	54
95	7	42
95	7	43
95	7	44
95	7	45
95	7	46
95	7	47
95	7	48
95	7	49
95	7	50
95	7	51
95	7	52
95	8	44
95	8	45
95	8	46
95	8	47
95	8	48
95	8	49
95	114	59
95	115	58
95	115	59
95	116	33
95	116	34
95	116	35
95	116	58
95	117	33
95	117	34
95	117	35
95	117	36
95	117	37
95	117	38
95	117	39
95	117	40
95	118	33
95	118	34
95	118	35
95	118	36
95	118	37
95	118	38
95	118	39
95	118	40
95	118	41
95	118	42
95	119	33
95	119	34
95	119	35
95	119	36
95	119	37
95	119	38
95	119	39
95	119	40
95	119	41
95	119	42
95	119	43
95	119	44
95	120	33
95	120	34
95	120	35
95	120	36
95	120	37
95	120	38
95	120	39
95	120	40
95	120	41
95	120	42
95	120	43
95	120	44
95	120	45
95	120	46
95	121	32
95	121	33
95	121	34
95	121	35
95	121	36
95	121	37
95	121	38
95	121	39
95	121	40
95	121	41
95	121	42
95	121	43
95	121	44
95	121	45
95	121	46
95	121	47
95	122	30
95	122	31
95	122	32
95	122	33
95	122	34
95	122	35
95	122	36
95	122	37
95	122	38
95	122	39
95	122	40
95	122	41
95	122	42
95	122	43
95	122	44
95	122	45
95	122	46
95	122	47
95	122	48
95	122	49
95	122	50
95	123	31
95	123	32
95	123	33
95	123	34
95	123	35
95	123	36
95	123	37
95	123	38
95	123	39
95	123	40
95	123	41
95	123	42
95	123	43
95	123	44
95	123	45
95	123	46
95	123	47
95	123	48
95	123	49
95	123	50
95	123	51
95	123	52
95	123	53
95	123	54
95	123	55
95	123	56
95	124	31
95	124	32
95	124	33
95	124	34
95	124	35
95	124	36
95	124	37
95	124	38
95	124	39
95	124	40
95	124	41
95	124	42
95	124	43
95	124	44
95	124	45
95	124	46
95	124	47
95	124	48
95	124	49
95	124	50
95	124	51
95	124	52
95	124	53
95	124	54
95	124	55
95	124	56
95	124	57
95	124	58
95	125	32
95	125	33
95	125	34
95	125	35
95	125	36
95	125	37
95	125	38
95	125	39
95	125	40
95	125	41
95	125	42
95	125	43
95	125	44
95	125	45
95	125	46
95	125	47
95	125	48
95	125	49
95	125	50
95	125	51
95	125	52
95	125	53
95	125	54
95	125	55
95	125	56
95	125	57
95	125	58
95	126	33
95	126	34
95	126	35
95	126	36
95	126	37
95	126	38
95	126	39
95	126	40
95	126	41
95	126	42
95	126	43
95	126	44
95	126	45
95	126	46
95	126	47
95	126	48
95	126	49
95	126	50
95	126	51
95	126	52
95	126	53
95	126	54
95	126	55
95	126	56
95	126	57
95	126	58
95	127	35
95	127	36
95	127	37
95	127	38
95	127	39
95	127	40
95	127	41
95	127	42
95	127	43
95	127	44
95	127	45
95	127	46
95	127	47
95	127	48
95	127	49
95	127	50
95	127	51
95	127	52
95	127	53
95	127	54
95	127	55
95	127	56
95	127	57
95	127	58
96	0	36
96	0	37
96	0	38
96	0	39
96	0	40
96	0	41
96	0	42
96	0	43
96	0	44
96	0	45
96	0	46
96	0	47
96	0	48
96	0	49
96	0	50
96	0	51
96	0	52
96	0	53
96	0	54
96	0	55
96	0	56
96	0	57
96	1	37
96	1	38
96	1	39
96	1	40
96	1	41
96	1	42
96	1	43
96	1	44
96	1	45
96	1	46
96	1	47
96	1	48
96	1	49
96	1	50
96	1	51
96	1	52
96	1	53
96	1	54
96	1	55
96	1	56
96	1	57
96	2	38
96	2	39
96	2	40
96	2	41
96	2	42
96	2	43
96	2	44
96	2	45
96	2	46
96	2	47
96	2	48
96	2	49
96	2	50
96	2	51
96	2	52
96	2	53
96	2	54
96	2	55
96	2	56
96	2	57
96	3	39
96	3	40
96	3	41
96	3	42
96	3	43
96	3	44
96	3	45
96	3	46
96	3	47
96	3	48
96	3	49
96	3	50
96	3	51
96	3	52
96	3	53
96	3	54
96	3	55
96	3	56
96	3	57
96	4	40
96	4	41
96	4	42
96	4	43
96	4	44
96	4	45
96	4	46
96	4	47
96	4	48
96	4	49
96	4	50
96	4	51
96	4	52
96	4	53
96	4	54
96	4	55
96	4	56
96	4	57
96	5	40
96	5	41
96	5	42
96	5	43
96	5	44
96	5	45
96	5	46
96	5	47
96	5	48
96	5	49
96	5	50
96	5	51
96	5	52
96	5	53
96	5	54
96	5	55
96	6	41
96	6	42
96	6	43
96	6	44
96	6	45
96	6	46
96	6	47
96	6	48
96	6	49
96	6	50
96	6	51
96	6	52
96	6	53
96	7	42
96	7	43
96	7	44
96	7	45
96	7	46
96	7	47
96	7	48
96	7	49
96	7	50
96	7	51
96	7	52
96	8	44
96	8	45
96	8	46
96	8	47
96	8	48
96	8	49
96	114	59
96	115	59
96	117	34
96	117	35
96	117	36
96	118	34
96	118	35
96	118	36
96	118	37
96	118	38
96	118	39
96	118	40
96	118	41
96	119	34
96	119	35
96	119	36
96	119	37
96	119	38
96	119	39
96	119	40
96	119	41
96	119	42
96	119	43
96	120	33
96	120	34
96	120	35
96	120	36
96	120	37
96	120	38
96	120	39
96	120	40
96	120	41
96	120	42
96	120	43
96	120	44
96	120	45
96	121	32
96	121	33
96	121	34
96	121	35
96	121	36
96	121	37
96	121	38
96	121	39
96	121	40
96	121	41
96	121	42
96	121	43
96	121	44
96	121	45
96	121	46
96	121	47
96	122	30
96	122	31
96	122	32
96	122	33
96	122	34
96	122	35
96	122	36
96	122	37
96	122	38
96	122	39
96	122	40
96	122	41
96	122	42
96	122	43
96	122	44
96	122	45
96	122	46
96	122	47
96	122	48
96	122	49
96	123	31
96	123	32
96	123	33
96	123	34
96	123	35
96	123	36
96	123	37
96	123	38
96	123	39
96	123	40
96	123	41
96	123	42
96	123	43
96	123	44
96	123	45
96	123	46
96	123	47
96	123	48
96	123	49
96	123	50
96	123	51
96	123	52
96	123	53
96	123	54
96	123	55
96	124	31
96	124	32
96	124	33
96	124	34
96	124	35
96	124	36
96	124	37
96	124	38
96	124	39
96	124	40
96	124	41
96	124	42
96	124	43
96	124	44
96	124	45
96	124	46
96	124	47
96	124	48
96	124	49
96	124	50
96	124	51
96	124	52
96	124	53
96	124	54
96	124	55
96	124	56
96	124	57
96	124	58
96	125	32
96	125	33
96	125	34
96	125	35
96	125	36
96	125	37
96	125	38
96	125	39
96	125	40
96	125	41
96	125	42
96	125	43
96	125	44
96	125	45
96	125	46
96	125	47
96	125	48
96	125	49
96	125	50
96	125	51
96	125	52
96	125	53
96	125	54
96	125	55
96	125	56
96	125	57
96	126	33
96	126	34
96	126	35
96	126	36
96	126	37
96	126	38
96	126	39
96	126	40
96	126	41
96	126	42
96	126	43
96	126	44
96	126	45
96	126	46
96	126	47
96	126	48
96	126	49
96	126	50
96	126	51
96	126	52
96	126	53
96	126	54
96	126	55
96	126	56
96	126	57
96	127	34
96	127	35
96	127	36
96	127	37
96	127	38
96	127	39
96	127	40
96	127	41
96	127	42
96	127	43
96	127	44
96	127	45
96	127	46
96	127	47
96	127	48
96	127	49
96	127	50
96	127	51
96	127	52
96	127	53
96	127	54
96	127	55
96	127	56
96	127	57
97	0	35
97	0	36
97	0	37
97	0	38
97	0	39
97	0	40
97	0	41
97	0	42
97	0	43
97	0	44
97	0	45
97	0	46
97	0	47
97	0	48
97	0	49
97	0	50
97	0	51
97	0	52
97	0	53
97	0	54
97	0	55
97	0	56
97	1	37
97	1	38
97	1	39
97	1	40
97	1	41
97	1	42
97	1	43
97	1	44
97	1	45
97	1	46
97	1	47
97	1	48
97	1	49
97	1	50
97	1	51
97	1	52
97	1	53
97	1	54
97	1	55
97	1	56
97	2	38
97	2	39
97	2	40
97	2	41
97	2	42
97	2	43
97	2	44
97	2	45
97	2	46
97	2	47
97	2	48
97	2	49
97	2	50
97	2	51
97	2	52
97	2	53
97	2	54
97	2	55
97	2	56
97	3	39
97	3	40
97	3	41
97	3	42
97	3	43
97	3	44
97	3	45
97	3	46
97	3	47
97	3	48
97	3	49
97	3	50
97	3	51
97	3	52
97	3	53
97	3	54
97	3	55
97	3	56
97	4	40
97	4	41
97	4	42
97	4	43
97	4	44
97	4	45
97	4	46
97	4	47
97	4	48
97	4	49
97	4	50
97	4	51
97	4	52
97	4	53
97	4	54
97	4	55
97	4	56
97	5	40
97	5	41
97	5	42
97	5	43
97	5	44
97	5	45
97	5	46
97	5	47
97	5	48
97	5	49
97	5	50
97	5	51
97	5	52
97	5	53
97	5	54
97	6	41
97	6	42
97	6	43
97	6	44
97	6	45
97	6	46
97	6	47
97	6	48
97	6	49
97	6	50
97	7	42
97	7	43
97	7	44
97	7	45
97	7	46
97	7	47
97	7	48
97	7	49
97	7	50
97	8	43
97	8	44
97	8	45
97	8	46
97	8	47
97	8	48
97	118	35
97	118	36
97	119	34
97	119	35
97	119	36
97	119	37
97	119	38
97	119	39
97	119	40
97	119	41
97	119	42
97	120	33
97	120	34
97	120	35
97	120	36
97	120	37
97	120	38
97	120	39
97	120	40
97	120	41
97	120	42
97	120	43
97	120	44
97	120	45
97	121	32
97	121	33
97	121	34
97	121	35
97	121	36
97	121	37
97	121	38
97	121	39
97	121	40
97	121	41
97	121	42
97	121	43
97	121	44
97	121	45
97	121	46
97	122	31
97	122	32
97	122	33
97	122	34
97	122	35
97	122	36
97	122	37
97	122	38
97	122	39
97	122	40
97	122	41
97	122	42
97	122	43
97	122	44
97	122	45
97	122	46
97	122	47
97	122	48
97	123	31
97	123	32
97	123	33
97	123	34
97	123	35
97	123	36
97	123	37
97	123	38
97	123	39
97	123	40
97	123	41
97	123	42
97	123	43
97	123	44
97	123	45
97	123	46
97	123	47
97	123	48
97	123	49
97	123	50
97	123	51
97	123	52
97	123	53
97	124	31
97	124	32
97	124	33
97	124	34
97	124	35
97	124	36
97	124	37
97	124	38
97	124	39
97	124	40
97	124	41
97	124	42
97	124	43
97	124	44
97	124	45
97	124	46
97	124	47
97	124	48
97	124	49
97	124	50
97	124	51
97	124	52
97	124	53
97	124	54
97	124	55
97	124	56
97	124	57
97	125	32
97	125	33
97	125	34
97	125	35
97	125	36
97	125	37
97	125	38
97	125	39
97	125	40
97	125	41
97	125	42
97	125	43
97	125	44
97	125	45
97	125	46
97	125	47
97	125	48
97	125	49
97	125	50
97	125	51
97	125	52
97	125	53
97	125	54
97	125	55
97	125	56
97	125	57
97	126	33
97	126	34
97	126	35
97	126	36
97	126	37
97	126	38
97	126	39
97	126	40
97	126	41
97	126	42
97	126	43
97	126	44
97	126	45
97	126	46
97	126	47
97	126	48
97	126	49
97	126	50
97	126	51
97	126	52
97	126	53
97	126	54
97	126	55
97	126	56
97	127	34
97	127	35
97	127	36
97	127	37
97	127	38
97	127	39
97	127	40
97	127	41
97	127	42
97	127	43
97	127	44
97	127	45
97	127	46
97	127	47
97	127	48
97	127	49
97	127	50
97	127	51
97	127	52
97	127	53
97	127	54
97	127	55
97	127	56
98	0	35
98	0	36
98	0	37
98	0	38
98	0	39
98	0	40
98	0	41
98	0	42
98	0	43
98	0	44
98	0	45
98	0	46
98	0	47
98	0	48
98	0	49
98	0	50
98	0	51
98	0	52
98	0	53
98	0	54
98	0	55
98	1	36
98	1	37
98	1	38
98	1	39
98	1	40
98	1	41
98	1	42
98	1	43
98	1	44
98	1	45
98	1	46
98	1	47
98	1	48
98	1	49
98	1	50
98	1	51
98	1	52
98	1	53
98	1	54
98	1	55
98	2	38
98	2	39
98	2	40
98	2	41
98	2	42
98	2	43
98	2	44
98	2	45
98	2	46
98	2	47
98	2	48
98	2	49
98	2	50
98	2	51
98	2	52
98	2	53
98	2	54
98	2	55
98	3	39
98	3	40
98	3	41
98	3	42
98	3	43
98	3	44
98	3	45
98	3	46
98	3	47
98	3	48
98	3	49
98	3	50
98	3	51
98	3	52
98	3	53
98	3	54
98	3	55
98	4	40
98	4	41
98	4	42
98	4	43
98	4	44
98	4	45
98	4	46
98	4	47
98	4	48
98	4	49
98	4	50
98	4	51
98	4	52
98	4	53
98	4	54
98	4	55
98	5	41
98	5	42
98	5	43
98	5	44
98	5	45
98	5	46
98	5	47
98	5	48
98	5	49
98	6	41
98	6	42
98	6	43
98	6	44
98	6	45
98	6	46
98	6	47
98	6	48
98	6	49
98	7	42
98	7	47
98	7	48
98	7	49
98	119	34
98	119	35
98	119	36
98	119	37
98	119	38
98	119	39
98	119	40
98	119	41
98	120	33
98	120	34
98	120	35
98	120	36
98	120	37
98	120	38
98	120	39
98	120	40
98	120	41
98	120	42
98	120	43
98	120	44
98	121	32
98	121	33
98	121	34
98	121	35
98	121	36
98	121	37
98	121	38
98	121	39
98	121	40
98	121	41
98	121	42
98	121	43
98	121	44
98	121	45
98	121	46
98	122	31
98	122	32
98	122	33
98	122	34
98	122	35
98	122	36
98	122	37
98	122	38
98	122	39
98	122	40
98	122	41
98	122	42
98	122	43
98	122	44
98	122	45
98	122	46
98	122	47
98	123	30
98	123	31
98	123	32
98	123	33
98	123	34
98	123	35
98	123	36
98	123	37
98	123	38
98	123	39
98	123	40
98	123	41
98	123	42
98	123	43
98	123	44
98	123	45
98	123	46
98	123	47
98	123	48
98	123	49
98	123	50
98	124	31
98	124	32
98	124	33
98	124	34
98	124	35
98	124	36
98	124	37
98	124	38
98	124	39
98	124	40
98	124	41
98	124	42
98	124	43
98	124	44
98	124	45
98	124	46
98	124	47
98	124	48
98	124	49
98	124	50
98	124	51
98	124	52
98	124	53
98	124	54
98	124	55
98	124	56
98	125	32
98	125	33
98	125	34
98	125	35
98	125	36
98	125	37
98	125	38
98	125	39
98	125	40
98	125	41
98	125	42
98	125	43
98	125	44
98	125	45
98	125	46
98	125	47
98	125	48
98	125	49
98	125	50
98	125	51
98	125	52
98	125	53
98	125	54
98	125	55
98	125	56
98	125	57
98	126	33
98	126	34
98	126	35
98	126	36
98	126	37
98	126	38
98	126	39
98	126	40
98	126	41
98	126	42
98	126	43
98	126	44
98	126	45
98	126	46
98	126	47
98	126	48
98	126	49
98	126	50
98	126	51
98	126	52
98	126	53
98	126	54
98	126	55
98	126	56
98	127	34
98	127	35
98	127	36
98	127	37
98	127	38
98	127	39
98	127	40
98	127	41
98	127	42
98	127	43
98	127	44
98	127	45
98	127	46
98	127	47
98	127	48
98	127	49
98	127	50
98	127	51
98	127	52
98	127	53
98	127	54
98	127	55
99	0	34
99	0	35
99	0	36
99	0	37
99	0	38
99	0	39
99	0	40
99	0	41
99	0	42
99	0	43
99	0	44
99	0	45
99	0	46
99	0	47
99	0	48
99	0	49
99	0	50
99	0	51
99	0	52
99	0	53
99	0	54
99	1	35
99	1	36
99	1	37
99	1	38
99	1	39
99	1	40
99	1	41
99	1	42
99	1	43
99	1	44
99	1	45
99	1	46
99	1	47
99	1	48
99	1	49
99	1	50
99	1	51
99	1	52
99	1	53
99	1	54
99	2	37
99	2	38
99	2	39
99	2	40
99	2	41
99	2	42
99	2	43
99	2	44
99	2	45
99	2	46
99	2	47
99	2	48
99	2	49
99	2	50
99	2	51
99	2	52
99	2	53
99	2	54
99	3	39
99	3	40
99	3	41
99	3	42
99	3	43
99	3	44
99	3	45
99	3	46
99	3	47
99	3	48
99	3	49
99	3	50
99	3	51
99	3	52
99	3	53
99	3	54
99	4	40
99	4	41
99	4	42
99	4	43
99	4	44
99	4	45
99	4	46
99	4	47
99	4	48
99	4	49
99	4	50
99	5	41
99	5	42
99	5	43
99	5	44
99	5	45
99	5	46
99	5	47
99	5	48
99	5	49
99	6	47
99	6	48
99	120	33
99	120	34
99	120	35
99	120	36
99	120	37
99	120	38
99	120	39
99	120	40
99	120	41
99	120	42
99	121	32
99	121	33
99	121	34
99	121	35
99	121	36
99	121	37
99	121	38
99	121	39
99	121	40
99	121	41
99	121	42
99	121	43
99	121	44
99	121	45
99	122	31
99	122	32
99	122	33
99	122	34
99	122	35
99	122	36
99	122	37
99	122	38
99	122	39
99	122	40
99	122	41
99	122	42
99	122	43
99	122	44
99	122	45
99	122	46
99	123	30
99	123	31
99	123	32
99	123	33
99	123	34
99	123	35
99	123	36
99	123	37
99	123	38
99	123	39
99	123	40
99	123	41
99	123	42
99	123	43
99	123	44
99	123	45
99	123	46
99	123	47
99	123	48
99	123	49
99	124	31
99	124	32
99	124	33
99	124	34
99	124	35
99	124	36
99	124	37
99	124	38
99	124	39
99	124	40
99	124	41
99	124	42
99	124	43
99	124	44
99	124	45
99	124	46
99	124	47
99	124	48
99	124	49
99	124	50
99	124	51
99	124	52
99	124	53
99	124	54
99	124	55
99	124	56
99	125	32
99	125	33
99	125	34
99	125	35
99	125	36
99	125	37
99	125	38
99	125	39
99	125	40
99	125	41
99	125	42
99	125	43
99	125	44
99	125	45
99	125	46
99	125	47
99	125	48
99	125	49
99	125	50
99	125	51
99	125	52
99	125	53
99	125	54
99	125	55
99	125	56
99	125	57
99	126	33
99	126	34
99	126	35
99	126	36
99	126	37
99	126	38
99	126	39
99	126	40
99	126	41
99	126	42
99	126	43
99	126	44
99	126	45
99	126	46
99	126	47
99	126	48
99	126	49
99	126	50
99	126	51
99	126	52
99	126	53
99	126	54
99	126	55
99	126	56
99	127	34
99	127	35
99	127	36
99	127	37
99	127	38
99	127	39
99	127	40
99	127	41
99	127	42
99	127	43
99	127	44
99	127	45
99	127	46
99	127	47
99	127	48
99	127	49
99	127	50
99	127	51
99	127	52
99	127	53
99	127	54
100	0	34
100	0	35
100	0	36
100	0	37
100	0	38
100	0	39
100	0	40
100	0	41
100	0	42
100	0	43
100	0	44
100	0	45
100	0	46
100	0	47
100	0	48
100	0	49
100	0	50
100	0	51
100	0	52
100	0	53
100	1	34
100	1	35
100	1	36
100	1	37
100	1	38
100	1	39
100	1	40
100	1	41
100	1	42
100	1	43
100	1	44
100	1	45
100	1	46
100	1	47
100	1	48
100	1	49
100	1	50
100	1	51
100	1	52
100	1	53
100	2	36
100	2	37
100	2	38
100	2	39
100	2	40
100	2	41
100	2	42
100	2	43
100	2	44
100	2	45
100	2	46
100	2	47
100	2	48
100	2	49
100	2	50
100	2	51
100	2	52
100	2	53
100	3	39
100	3	40
100	3	41
100	3	42
100	3	43
100	3	44
100	3	45
100	3	46
100	3	47
100	3	48
100	3	49
100	3	50
100	3	51
100	4	40
100	4	41
100	4	42
100	4	43
100	4	44
100	4	45
100	4	46
100	4	47
100	4	48
100	4	49
100	4	50
100	5	41
100	5	45
100	5	46
100	5	47
100	5	48
100	5	49
100	7	45
100	120	37
100	120	38
100	121	32
100	121	33
100	121	34
100	121	35
100	121	36
100	121	37
100	121	38
100	121	39
100	121	40
100	121	41
100	121	42
100	121	43
100	122	31
100	122	32
100	122	33
100	122	34
100	122	35
100	122	36
100	122	37
100	122	38
100	122	39
100	122	40
100	122	41
100	122	42
100	122	43
100	122	44
100	122	45
100	122	46
100	123	30
100	123	31
100	123	32
100	123	33
100	123	34
100	123	35
100	123	36
100	123	37
100	123	38
100	123	39
100	123	40
100	123	41
100	123	42
100	123	43
100	123	44
100	123	45
100	123	46
100	123	47
100	123	48
100	124	31
100	124	32
100	124	33
100	124	34
100	124	35
100	124	36
100	124	37
100	124	38
100	124	39
100	124	40
100	124	41
100	124	42
100	124	43
100	124	44
100	124	45
100	124	46
100	124	47
100	124	48
100	124	49
100	124	50
100	124	51
100	124	52
100	124	53
100	124	54
100	124	55
100	125	32
100	125	33
100	125	34
100	125	35
100	125	36
100	125	37
100	125	38
100	125	39
100	125	40
100	125	41
100	125	42
100	125	43
100	125	44
100	125	45
100	125	46
100	125	47
100	125	48
100	125	49
100	125	50
100	125	51
100	125	52
100	125	53
100	125	54
100	125	55
100	125	56
100	125	57
100	126	33
100	126	34
100	126	35
100	126	36
100	126	37
100	126	38
100	126	39
100	126	40
100	126	41
100	126	42
100	126	43
100	126	44
100	126	45
100	126	46
100	126	47
100	126	48
100	126	49
100	126	50
100	126	51
100	126	52
100	126	53
100	126	54
100	126	55
100	127	33
100	127	34
100	127	35
100	127	36
100	127	37
100	127	38
100	127	39
100	127	40
100	127	41
100	127	42
100	127	43
100	127	44
100	127	45
100	127	46
100	127	47
100	127	48
100	127	49
100	127	50
100	127	51
100	127	52
100	127	53
100	127	54
101	0	33
101	0	34
101	0	35
101	0	36
101	0	37
101	0	38
101	0	39
101	0	40
101	0	41
101	0	42
101	0	43
101	0	44
101	0	45
101	0	46
101	0	47
101	0	48
101	0	49
101	0	50
101	0	51
101	0	52
101	0	53
101	1	33
101	1	34
101	1	35
101	1	36
101	1	37
101	1	38
101	1	39
101	1	40
101	1	41
101	1	42
101	1	43
101	1	44
101	1	45
101	1	46
101	1	47
101	1	48
101	1	49
101	1	50
101	1	51
101	1	52
101	2	34
101	2	35
101	2	36
101	2	37
101	2	38
101	2	39
101	2	40
101	2	41
101	2	42
101	2	43
101	2	44
101	2	45
101	2	46
101	2	47
101	2	48
101	2	49
101	2	50
101	2	51
101	2	52
101	3	38
101	3	39
101	3	40
101	3	41
101	3	42
101	3	43
101	3	44
101	3	45
101	3	46
101	3	47
101	3	48
101	3	49
101	3	50
101	3	51
101	4	40
101	4	41
101	4	42
101	4	43
101	4	44
101	4	45
101	4	46
101	4	47
101	4	48
101	4	49
101	4	50
101	5	46
101	5	47
101	5	48
101	6	44
101	6	45
101	121	34
101	121	35
101	121	36
101	121	37
101	121	38
101	121	39
101	121	40
101	121	41
101	121	42
101	122	31
101	122	32
101	122	33
101	122	34
101	122	35
101	122	36
101	122	37
101	122	38
101	122	39
101	122	40
101	122	41
101	122	42
101	122	43
101	122	44
101	123	30
101	123	31
101	123	32
101	123	33
101	123	34
101	123	35
101	123	36
101	123	37
101	123	38
101	123	39
101	123	40
101	123	41
101	123	42
101	123	43
101	123	44
101	123	45
101	123	46
101	124	31
101	124	32
101	124	33
101	124	34
101	124	35
101	124	36
101	124	37
101	124	38
101	124	39
101	124	40
101	124	41
101	124	42
101	124	43
101	124	44
101	124	45
101	124	46
101	124	47
101	124	48
101	124	49
101	124	50
101	124	51
101	124	52
101	124	53
101	124	54
101	125	32
101	125	33
101	125	34
101	125	35
101	125	36
101	125	37
101	125	38
101	125	39
101	125	40
101	125	41
101	125	42
101	125	43
101	125	44
101	125	45
101	125	46
101	125	47
101	125	48
101	125	49
101	125	50
101	125	51
101	125	52
101	125	53
101	125	54
101	125	55
101	125	56
101	126	32
101	126	33
101	126	34
101	126	35
101	126	36
101	126	37
101	126	38
101	126	39
101	126	40
101	126	41
101	126	42
101	126	43
101	126	44
101	126	45
101	126	46
101	126	47
101	126	48
101	126	49
101	126	50
101	126	51
101	126	52
101	126	53
101	126	54
101	126	55
101	127	33
101	127	34
101	127	35
101	127	36
101	127	37
101	127	38
101	127	39
101	127	40
101	127	41
101	127	42
101	127	43
101	127	44
101	127	45
101	127	46
101	127	47
101	127	48
101	127	49
101	127	50
101	127	51
101	127	52
101	127	53
101	127	54
102	0	32
102	0	33
102	0	34
102	0	35
102	0	36
102	0	37
102	0	38
102	0	39
102	0	40
102	0	41
102	0	42
102	0	43
102	0	44
102	0	45
102	0	46
102	0	47
102	0	48
102	0	49
102	0	50
102	0	51
102	0	52
102	0	53
102	1	32
102	1	33
102	1	34
102	1	35
102	1	36
102	1	37
102	1	38
102	1	39
102	1	40
102	1	41
102	1	42
102	1	43
102	1	44
102	1	45
102	1	46
102	1	47
102	1	48
102	1	49
102	1	50
102	1	51
102	2	33
102	2	34
102	2	35
102	2	36
102	2	37
102	2	38
102	2	39
102	2	40
102	2	41
102	2	42
102	2	43
102	2	44
102	2	45
102	2	46
102	2	47
102	2	48
102	2	49
102	2	50
102	2	51
102	3	35
102	3	36
102	3	37
102	3	38
102	3	39
102	3	40
102	3	41
102	3	42
102	3	43
102	3	44
102	3	45
102	3	46
102	3	47
102	3	48
102	3	49
102	3	50
102	3	51
102	4	39
102	4	40
102	4	41
102	4	42
102	4	43
102	4	44
102	4	45
102	4	46
102	4	47
102	4	48
102	4	49
102	5	46
102	5	47
102	5	48
102	6	45
102	121	35
102	121	36
102	121	37
102	121	38
102	122	33
102	122	34
102	122	35
102	122	36
102	122	37
102	122	38
102	122	39
102	122	40
102	122	41
102	122	42
102	122	43
102	123	31
102	123	32
102	123	33
102	123	34
102	123	35
102	123	36
102	123	37
102	123	38
102	123	39
102	123	40
102	123	41
102	123	42
102	123	43
102	123	44
102	123	45
102	124	31
102	124	32
102	124	33
102	124	34
102	124	35
102	124	36
102	124	37
102	124	38
102	124	39
102	124	40
102	124	41
102	124	42
102	124	43
102	124	44
102	124	45
102	124	46
102	124	47
102	124	48
102	124	49
102	124	50
102	124	51
102	124	52
102	124	53
102	125	31
102	125	32
102	125	33
102	125	34
102	125	35
102	125	36
102	125	37
102	125	38
102	125	39
102	125	40
102	125	41
102	125	42
102	125	43
102	125	44
102	125	45
102	125	46
102	125	47
102	125	48
102	125	49
102	125	50
102	125	51
102	125	52
102	125	53
102	125	54
102	125	55
102	125	56
102	126	32
102	126	33
102	126	34
102	126	35
102	126	36
102	126	37
102	126	38
102	126	39
102	126	40
102	126	41
102	126	42
102	126	43
102	126	44
102	126	45
102	126	46
102	126	47
102	126	48
102	126	49
102	126	50
102	126	51
102	126	52
102	126	53
102	126	54
102	126	55
102	127	32
102	127	33
102	127	34
102	127	35
102	127	36
102	127	37
102	127	38
102	127	39
102	127	40
102	127	41
102	127	42
102	127	43
102	127	44
102	127	45
102	127	46
102	127	47
102	127	48
102	127	49
102	127	50
102	127	51
102	127	52
102	127	53
102	127	54
103	0	31
103	0	32
103	0	33
103	0	34
103	0	35
103	0	36
103	0	37
103	0	38
103	0	39
103	0	40
103	0	41
103	0	42
103	0	43
103	0	44
103	0	45
103	0	46
103	0	47
103	0	48
103	0	49
103	0	50
103	1	31
103	1	32
103	1	33
103	1	34
103	1	35
103	1	36
103	1	37
103	1	38
103	1	39
103	1	40
103	1	41
103	1	42
103	1	43
103	1	44
103	1	45
103	1	46
103	1	47
103	1	48
103	1	49
103	1	50
103	2	32
103	2	33
103	2	34
103	2	35
103	2	36
103	2	37
103	2	38
103	2	39
103	2	40
103	2	41
103	2	42
103	2	43
103	2	44
103	2	45
103	2	46
103	2	47
103	2	48
103	2	49
103	2	50
103	3	34
103	3	35
103	3	36
103	3	37
103	3	38
103	3	39
103	3	40
103	3	41
103	3	42
103	3	43
103	3	44
103	3	45
103	3	46
103	3	47
103	3	48
103	3	49
103	3	50
103	4	39
103	4	40
103	4	44
103	4	45
103	4	46
103	4	47
103	4	48
103	4	49
103	5	46
103	5	47
103	5	48
103	6	45
103	6	47
103	122	33
103	122	34
103	122	35
103	122	36
103	122	37
103	122	38
103	122	39
103	123	32
103	123	33
103	123	34
103	123	35
103	123	36
103	123	37
103	123	38
103	123	39
103	123	40
103	123	41
103	123	42
103	123	43
103	124	32
103	124	33
103	124	34
103	124	35
103	124	36
103	124	37
103	124	38
103	124	39
103	124	40
103	124	41
103	124	42
103	124	43
103	124	44
103	124	45
103	124	46
103	124	47
103	125	32
103	125	33
103	125	34
103	125	35
103	125	36
103	125	37
103	125	38
103	125	39
103	125	40
103	125	41
103	125	42
103	125	43
103	125	44
103	125	45
103	125	46
103	125	47
103	125	48
103	125	49
103	125	50
103	125	51
103	125	52
103	125	53
103	125	54
103	125	55
103	125	56
103	126	32
103	126	33
103	126	34
103	126	35
103	126	36
103	126	37
103	126	38
103	126	39
103	126	40
103	126	41
103	126	42
103	126	43
103	126	44
103	126	45
103	126	46
103	126	47
103	126	48
103	126	49
103	126	50
103	126	51
103	126	52
103	126	53
103	126	54
103	126	55
103	127	31
103	127	32
103	127	33
103	127	34
103	127	35
103	127	36
103	127	37
103	127	38
103	127	39
103	127	40
103	127	41
103	127	42
103	127	43
103	127	44
103	127	45
103	127	46
103	127	47
103	127	48
103	127	49
103	127	50
103	127	51
103	127	52
103	127	53
103	127	54
104	0	32
104	0	33
104	0	34
104	0	35
104	0	36
104	0	37
104	0	38
104	0	39
104	0	40
104	0	41
104	0	42
104	0	43
104	0	44
104	0	45
104	0	46
104	0	47
104	0	48
104	0	49
104	1	32
104	1	33
104	1	34
104	1	35
104	1	36
104	1	37
104	1	38
104	1	39
104	1	40
104	1	41
104	1	42
104	1	43
104	1	44
104	1	45
104	1	46
104	1	47
104	1	48
104	1	49
104	2	32
104	2	33
104	2	34
104	2	35
104	2	36
104	2	37
104	2	38
104	2	39
104	2	40
104	2	41
104	2	42
104	2	43
104	2	44
104	2	45
104	2	46
104	2	47
104	2	48
104	2	49
104	3	35
104	3	36
104	3	37
104	3	38
104	3	39
104	3	40
104	3	41
104	3	42
104	3	43
104	3	44
104	3	45
104	3	46
104	3	47
104	3	48
104	3	49
104	4	39
104	4	40
104	4	41
104	4	43
104	4	44
104	4	45
104	4	46
104	4	47
104	4	48
104	4	49
104	5	46
104	5	47
104	5	48
104	6	44
104	6	45
104	6	47
104	122	34
104	122	35
104	123	32
104	123	33
104	123	34
104	123	35
104	123	36
104	123	37
104	123	38
104	123	39
104	124	33
104	124	34
104	124	35
104	124	36
104	124	37
104	124	38
104	124	39
104	124	40
104	124	41
104	124	42
104	124	43
104	125	33
104	125	34
104	125	35
104	125	36
104	125	37
104	125	38
104	125	39
104	125	40
104	125	41
104	125	42
104	125	43
104	125	44
104	125	45
104	125	46
104	125	47
104	125	48
104	125	49
104	125	50
104	125	51
104	125	52
104	125	53
104	125	54
104	125	55
104	125	56
104	126	32
104	126	33
104	126	34
104	126	35
104	126	36
104	126	37
104	126	38
104	126	39
104	126	40
104	126	41
104	126	42
104	126	43
104	126	44
104	126	45
104	126	46
104	126	47
104	126	48
104	126	49
104	126	50
104	126	51
104	126	52
104	126	53
104	126	54
104	126	55
104	127	32
104	127	33
104	127	34
104	127	35
104	127	36
104	127	37
104	127	38
104	127	39
104	127	40
104	127	41
104	127	42
104	127	43
104	127	44
104	127	45
104	127	46
104	127	47
104	127	48
104	127	49
105	0	33
105	0	34
105	0	35
105	0	36
105	0	37
105	0	38
105	0	39
105	0	40
105	0	41
105	0	42
105	0	43
105	0	44
105	0	45
105	0	46
105	0	47
105	0	48
105	1	34
105	1	35
105	1	36
105	1	37
105	1	38
105	1	39
105	1	40
105	1	41
105	1	42
105	1	43
105	1	44
105	1	45
105	1	46
105	1	47
105	1	48
105	2	34
105	2	35
105	2	36
105	2	37
105	2	38
105	2	39
105	2	40
105	2	41
105	2	42
105	2	43
105	2	44
105	2	45
105	2	46
105	2	47
105	2	48
105	3	36
105	3	37
105	3	38
105	3	39
105	3	40
105	3	41
105	3	42
105	3	43
105	3	44
105	3	45
105	3	46
105	3	47
105	3	48
105	4	38
105	4	39
105	4	40
105	4	41
105	4	42
105	4	43
105	4	44
105	4	45
105	4	46
105	4	47
105	4	48
105	5	40
105	5	45
105	5	46
105	5	47
105	5	48
105	6	43
105	6	47
105	123	33
105	123	34
105	123	35
105	124	33
105	124	34
105	124	35
105	124	36
105	124	37
105	124	38
105	124	39
105	125	33
105	125	34
105	125	35
105	125	36
105	125	37
105	125	38
105	125	39
105	125	40
105	125	41
105	125	42
105	125	43
105	125	46
105	125	47
105	125	48
105	125	49
105	125	50
105	125	51
105	125	52
105	125	53
105	125	54
105	125	55
105	125	56
105	126	33
105	126	34
105	126	35
105	126	36
105	126	37
105	126	38
105	126	39
105	126	40
105	126	41
105	126	42
105	126	43
105	126	44
105	126	45
105	126	46
105	126	47
105	126	48
105	127	33
105	127	34
105	127	35
105	127	36
105	127	37
105	127	38
105	127	39
105	127	40
105	127	41
105	127	42
105	127	43
105	127	44
105	127	45
105	127	46
105	127	47
105	127	48
106	0	34
106	0	35
106	0	36
106	0	37
106	0	38
106	0	39
106	0	40
106	0	41
106	0	42
106	0	43
106	0	44
106	0	45
106	0	46
106	0	47
106	1	34
106	1	35
106	1	36
106	1	37
106	1	38
106	1	39
106	1	40
106	1	41
106	1	42
106	1	43
106	1	44
106	1	45
106	1	46
106	1	47
106	2	34
106	2	35
106	2	36
106	2	37
106	2	38
106	2	39
106	2	40
106	2	41
106	2	42
106	2	43
106	2	44
106	2	45
106	2	46
106	2	47
106	3	36
106	3	37
106	3	38
106	3	39
106	3	40
106	3	41
106	3	42
106	3	43
106	3	44
106	3	45
106	3	46
106	3	47
106	4	37
106	4	38
106	4	39
106	4	40
106	4	41
106	4	42
106	4	43
106	4	44
106	4	45
106	4	46
106	4	47
106	5	39
106	5	40
106	5	41
106	5	45
106	5	46
106	5	47
106	6	40
106	6	46
106	6	47
106	124	34
106	125	34
106	125	35
106	125	36
106	125	37
106	125	38
106	125	39
106	125	40
106	126	34
106	126	35
106	126	36
106	126	37
106	126	38
106	126	39
106	126	40
106	126	41
106	126	42
106	126	43
106	126	44
106	126	46
106	126	47
106	127	34
106	127	35
106	127	36
106	127	37
106	127	38
106	127	39
106	127	40
106	127	41
106	127	42
106	127	43
106	127	44
106	127	45
106	127	46
106	127	47
107	0	34
107	0	35
107	0	36
107	0	37
107	0	38
107	0	39
107	0	40
107	0	41
107	0	42
107	0	43
107	0	44
107	0	46
107	1	35
107	1	36
107	1	37
107	1	38
107	1	39
107	1	40
107	1	41
107	1	42
107	1	43
107	1	44
107	1	45
107	1	46
107	2	35
107	2	36
107	2	37
107	2	38
107	2	39
107	2	40
107	2	41
107	2	42
107	2	43
107	2	44
107	2	45
107	2	46
107	3	36
107	3	37
107	3	38
107	3	39
107	3	40
107	3	41
107	3	42
107	3	43
107	3	44
107	3	45
107	3	46
107	4	37
107	4	38
107	4	39
107	4	40
107	4	41
107	4	42
107	4	43
107	4	44
107	4	45
107	4	46
107	5	38
107	5	39
107	5	40
107	5	41
107	5	42
107	5	43
107	5	44
107	5	45
107	5	46
107	6	39
107	6	40
107	6	41
107	6	46
107	7	39
107	7	40
107	126	34
107	126	35
107	126	36
107	126	37
107	126	38
107	126	39
107	127	34
107	127	35
107	127	36
107	127	37
107	127	38
107	127	39
107	127	40
107	127	41
107	127	42
107	127	43
107	127	44
108	0	35
108	0	36
108	0	37
108	0	38
108	0	39
108	0	40
108	0	41
108	0	42
108	0	43
108	1	35
108	1	36
108	1	37
108	1	38
108	1	39
108	1	40
108	1	41
108	1	42
108	1	43
108	1	44
108	2	35
108	2	36
108	2	37
108	2	38
108	2	39
108	2	40
108	2	41
108	2	42
108	2	43
108	2	44
108	2	45
108	3	36
108	3	37
108	3	38
108	3	39
108	3	40
108	3	41
108	3	42
108	3	43
108	3	44
108	3	45
108	4	37
108	4	38
108	4	39
108	4	40
108	4	41
108	4	42
108	4	43
108	4	44
108	4	45
108	5	37
108	5	38
108	5	39
108	5	40
108	5	41
108	5	42
108	5	43
108	5	44
108	5	45
108	6	38
108	6	39
108	6	40
108	6	41
108	6	42
108	6	45
108	7	39
108	7	40
108	7	41
108	127	35
108	127	36
108	127	37
108	127	38
108	127	39
109	0	35
109	0	36
109	0	37
109	0	38
109	0	39
109	0	40
109	0	41
109	0	42
109	0	43
109	1	35
109	1	36
109	1	37
109	1	38
109	1	39
109	1	40
109	1	41
109	1	42
109	1	43
109	2	35
109	2	36
109	2	37
109	2	38
109	2	39
109	2	40
109	2	41
109	2	42
109	2	43
109	2	44
109	3	36
109	3	37
109	3	38
109	3	39
109	3	40
109	3	41
109	3	42
109	3	43
109	3	44
109	4	36
109	4	37
109	4	38
109	4	39
109	4	40
109	4	41
109	4	42
109	4	43
109	4	44
109	5	37
109	5	38
109	5	39
109	5	40
109	5	41
109	5	42
109	5	43
109	5	44
109	6	37
109	6	38
109	6	39
109	6	40
109	6	41
109	6	42
109	6	43
109	6	44
109	7	37
109	7	38
109	7	39
109	7	40
109	7	41
109	127	35
109	127	36
109	127	37
109	127	38
109	127	39
110	0	36
110	0	37
110	0	38
110	0	39
110	0	40
110	0	41
110	0	42
110	1	36
110	1	37
110	1	38
110	1	39
110	1	40
110	1	41
110	1	42
110	1	43
110	2	36
110	2	37
110	2	38
110	2	39
110	2	40
110	2	41
110	2	42
110	2	43
110	3	36
110	3	37
110	3	38
110	3	39
110	3	40
110	3	41
110	3	42
110	3	43
110	3	44
110	4	37
110	4	38
110	4	39
110	4	40
110	4	41
110	4	42
110	4	43
110	4	44
110	5	37
110	5	38
110	5	39
110	5	40
110	5	41
110	5	42
110	5	43
110	5	44
110	6	37
110	6	38
110	6	39
110	6	40
110	6	41
110	6	42
110	6	43
110	6	44
110	7	38
110	7	39
110	7	40
110	7	41
110	7	42
110	7	43
110	127	36
110	127	37
110	127	38
111	0	36
111	0	37
111	0	38
111	0	39
111	0	40
111	0	41
111	1	36
111	1	37
111	1	38
111	1	39
111	1	40
111	1	41
111	1	42
111	1	43
111	2	37
111	2	38
111	2	39
111	2	40
111	2	41
111	2	42
111	2	43
111	3	38
111	3	39
111	3	40
111	3	41
111	3	42
111	3	43
111	4	38
111	4	39
111	4	40
111	4	41
111	4	42
111	4	43
111	4	44
111	5	38
111	5	39
111	5	40
111	5	41
111	5	42
111	5	43
111	5	44
111	6	39
111	6	40
111	6	41
111	6	42
111	6	43
111	6	44
111	7	40
111	7	41
111	7	42
111	7	43
111	127	36
111	127	37
111	127	38
112	0	37
112	0	38
112	0	39
112	0	40
112	1	37
112	1	38
112	1	39
112	1	40
112	1	41
112	1	42
112	2	38
112	2	39
112	2	40
112	2	41
112	2	42
112	2	43
112	3	39
112	3	40
112	3	41
112	3	42
112	3	43
112	4	39
112	4	40
112	4	41
112	4	42
112	4	43
112	5	40
112	5	41
112	5	42
112	5	43
112	5	44
112	6	41
112	6	42
112	6	43
112	6	44
112	7	42
112	7	43
112	127	37
113	1	38
113	1	39
113	1	40
113	1	41
113	2	39
113	2	40
113	2	41
113	2	42
113	3	40
113	3	41
113	3	42
113	4	42
114	2	41
