#i	j	k
41	113	23
41	113	24
41	113	25
41	114	24
41	114	25
41	115	24
41	115	25
41	116	25
42	111	22
42	112	22
42	112	23
42	112	24
42	112	25
42	113	22
42	113	23
42	113	24
42	113	25
42	114	22
42	114	23
42	114	24
42	114	25
42	115	23
42	115	24
42	115	25
42	115	26
42	116	23
42	116	24
42	116	25
42	116	26
42	117	23
42	117	24
42	117	25
42	117	26
42	118	24
42	118	25
42	118	26
43	111	21
43	111	22
43	112	22
43	112	23
43	112	24
43	112	25
43	112	26
43	113	22
43	113	23
43	113	24
43	113	25
43	113	26
43	114	22
43	114	23
43	114	24
43	114	25
43	114	26
43	115	21
43	115	22
43	115	23
43	115	24
43	115	25
43	115	26
43	116	21
43	116	22
43	116	23
43	116	24
43	116	25
43	116	26
43	116	27
43	117	21
43	117	22
43	117	23
43	117	24
43	117	25
43	117	26
43	117	27
43	118	21
43	118	22
43	118	23
43	118	24
43	118	25
43	118	26
43	118	27
43	119	20
43	119	21
43	119	22
43	119	23
43	119	24
43	119	25
43	119	26
43	120	23
43	120	24
44	111	21
44	111	22
44	112	21
44	112	22
44	112	23
44	112	24
44	112	25
44	112	26
44	113	21
44	113	22
44	113	23
44	113	24
44	113	25
44	113	26
44	114	21
44	114	22
44	114	23
44	114	24
44	114	25
44	114	26
44	115	21
44	115	22
44	115	23
44	115	24
44	115	25
44	115	26
44	115	27
44	116	20
44	116	21
44	116	22
44	116	23
44	116	24
44	116	25
44	116	26
44	116	27
44	117	20
44	117	21
44	117	22
44	117	23
44	117	24
44	117	25
44	117	26
44	117	27
44	118	19
44	118	20
44	118	21
44	118	22
44	118	23
44	118	24
44	118	25
44	118	26
44	118	27
44	119	19
44	119	20
44	119	21
44	119	22
44	119	23
44	119	24
44	119	25
44	119	26
44	120	19
44	120	20
44	120	21
44	120	22
44	120	23
44	120	24
44	121	20
44	121	21
44	121	22
44	121	23
45	111	21
45	111	22
45	111	23
45	112	21
45	112	22
45	112	23
45	112	24
45	113	21
45	113	22
45	113	23
45	113	24
45	113	25
45	113	26
45	113	27
45	114	21
45	114	22
45	114	23
45	114	24
45	114	25
45	114	26
45	114	27
45	115	20
45	115	21
45	115	22
45	115	23
45	115	24
45	115	25
45	115	26
45	115	27
45	116	20
45	116	21
45	116	22
45	116	23
45	116	24
45	116	25
45	116	26
45	116	27
45	117	20
45	117	21
45	117	22
45	117	23
45	117	24
45	117	25
45	117	26
45	117	27
45	118	19
45	118	20
45	118	21
45	118	22
45	118	23
45	118	24
45	118	25
45	118	26
45	118	27
45	119	19
45	119	20
45	119	21
45	119	22
45	119	23
45	119	24
45	119	25
45	119	26
45	120	19
45	120	20
45	120	21
45	120	22
45	120	23
45	120	24
45	121	19
45	121	20
45	121	21
45	121	22
46	113	21
46	113	22
46	113	23
46	113	24
46	113	25
46	113	26
46	113	27
46	114	20
46	114	21
46	114	22
46	114	23
46	114	24
46	114	25
46	114	26
46	114	27
46	115	20
46	115	21
46	115	22
46	115	23
46	115	24
46	115	25
46	115	26
46	115	27
46	115	28
46	116	20
46	116	21
46	116	22
46	116	23
46	116	24
46	116	25
46	116	26
46	116	27
46	117	20
46	117	21
46	117	22
46	117	23
46	117	24
46	117	25
46	117	26
46	117	27
46	118	19
46	118	20
46	118	21
46	118	22
46	118	23
46	118	24
46	118	25
46	118	26
46	119	19
46	119	20
46	119	21
46	119	22
46	119	23
46	119	24
46	119	25
46	120	19
46	120	20
46	120	21
46	120	22
46	120	23
46	120	24
46	121	20
46	121	21
46	121	22
47	114	22
47	114	23
47	114	24
47	114	25
47	114	26
47	114	27
47	115	21
47	115	22
47	115	23
47	115	24
47	115	25
47	115	26
47	115	27
47	115	28
47	116	20
47	116	21
47	116	22
47	116	23
47	116	24
47	116	25
47	116	26
47	116	27
47	117	20
47	117	21
47	117	22
47	117	23
47	117	24
47	117	25
47	117	26
47	117	27
47	118	20
47	118	21
47	118	22
47	118	23
47	118	24
47	118	25
47	118	26
47	119	20
47	119	21
47	119	22
47	119	23
47	119	24
47	120	20
47	120	21
47	120	22
48	115	28
48	116	20
48	116	21
48	116	22
48	116	23
48	116	24
48	116	25
48	116	26
48	116	27
48	117	20
48	117	21
48	117	22
48	117	23
48	117	24
48	117	25
48	117	26
48	117	27
48	118	20
48	118	21
48	118	22
48	118	23
48	118	24
48	118	25
48	119	21
49	117	20
49	117	21
49	117	22
49	117	23
49	117	24
49	117	25
49	117	26
49	118	20
49	118	21
49	118	22
49	118	23
50	116	19
50	117	19
50	117	20
50	117	21
50	118	18
50	118	19
50	118	20
50	118	21
50	118	22
50	119	18
50	119	19
50	119	20
51	112	11
51	112	12
51	113	12
51	114	18
51	115	17
51	115	18
51	115	19
51	116	16
51	116	17
51	116	18
51	116	19
51	116	20
51	116	21
51	117	16
51	117	17
51	117	18
51	117	19
51	117	20
51	117	21
51	117	22
51	118	16
51	118	17
51	118	18
51	118	19
51	118	20
51	118	21
51	118	22
51	119	17
51	119	18
51	119	19
51	119	20
51	119	21
51	120	17
51	120	18
51	120	19
51	120	20
51	120	21
51	121	19
52	110	10
52	110	11
52	110	12
52	111	10
52	111	11
52	111	12
52	111	13
52	111	14
52	111	17
52	112	10
52	112	11
52	112	12
52	112	13
52	112	14
52	112	15
52	112	16
52	112	17
52	113	10
52	113	11
52	113	12
52	113	13
52	113	14
52	113	15
52	113	16
52	113	17
52	113	18
52	114	10
52	114	11
52	114	12
52	114	13
52	114	14
52	114	15
52	114	16
52	114	17
52	114	18
52	114	19
52	115	11
52	115	12
52	115	13
52	115	14
52	115	15
52	115	16
52	115	17
52	115	18
52	115	19
52	115	20
52	115	21
52	115	29
52	116	11
52	116	12
52	116	13
52	116	14
52	116	15
52	116	16
52	116	17
52	116	18
52	116	19
52	116	20
52	116	21
52	116	22
52	116	29
52	117	12
52	117	13
52	117	14
52	117	15
52	117	16
52	117	17
52	117	18
52	117	19
52	117	20
52	117	21
52	117	22
52	117	23
52	117	24
52	117	28
52	118	14
52	118	15
52	118	16
52	118	17
52	118	18
52	118	19
52	118	20
52	118	21
52	118	22
52	118	23
52	118	24
52	119	15
52	119	16
52	119	17
52	119	18
52	119	19
52	119	20
52	119	21
52	119	22
52	119	23
52	120	16
52	120	17
52	120	18
52	120	19
52	120	20
52	120	21
52	120	22
52	121	17
52	121	18
52	121	19
52	121	20
52	121	21
52	122	19
52	122	20
53	106	17
53	107	17
53	108	17
53	109	10
53	109	11
53	109	12
53	109	16
53	109	17
53	110	10
53	110	11
53	110	12
53	110	13
53	110	14
53	110	15
53	110	16
53	110	17
53	110	18
53	111	10
53	111	11
53	111	12
53	111	13
53	111	14
53	111	15
53	111	16
53	111	17
53	111	18
53	112	10
53	112	11
53	112	12
53	112	13
53	112	14
53	112	15
53	112	16
53	112	17
53	112	18
53	112	19
53	113	10
53	113	11
53	113	12
53	113	13
53	113	14
53	113	15
53	113	16
53	113	17
53	113	18
53	113	19
53	113	20
53	113	30
53	114	10
53	114	11
53	114	12
53	114	13
53	114	14
53	114	15
53	114	16
53	114	17
53	114	18
53	114	19
53	114	20
53	114	21
53	114	29
53	114	30
53	115	10
53	115	11
53	115	12
53	115	13
53	115	14
53	115	15
53	115	16
53	115	17
53	115	18
53	115	19
53	115	20
53	115	21
53	115	22
53	115	23
53	115	28
53	115	29
53	115	30
53	116	11
53	116	12
53	116	13
53	116	14
53	116	15
53	116	16
53	116	17
53	116	18
53	116	19
53	116	20
53	116	21
53	116	22
53	116	23
53	116	24
53	116	26
53	116	27
53	116	28
53	116	29
53	116	30
53	117	11
53	117	12
53	117	13
53	117	14
53	117	15
53	117	16
53	117	17
53	117	18
53	117	19
53	117	20
53	117	21
53	117	22
53	117	23
53	117	24
53	117	25
53	117	26
53	117	27
53	117	28
53	117	29
53	118	11
53	118	12
53	118	13
53	118	14
53	118	15
53	118	16
53	118	17
53	118	18
53	118	19
53	118	20
53	118	21
53	118	22
53	118	23
53	118	24
53	118	25
53	118	26
53	118	27
53	119	11
53	119	12
53	119	13
53	119	14
53	119	15
53	119	16
53	119	17
53	119	18
53	119	19
53	119	20
53	119	21
53	119	22
53	119	23
53	119	24
53	120	11
53	120	14
53	120	15
53	120	16
53	120	17
53	120	18
53	120	19
53	120	20
53	120	21
53	120	22
53	120	23
53	121	16
53	121	17
53	121	18
53	121	19
53	121	20
53	121	21
53	121	22
53	121	23
53	122	17
53	122	18
53	122	19
53	122	20
53	122	21
53	122	22
53	123	19
53	123	20
53	123	21
54	105	17
54	106	16
54	106	17
54	107	16
54	107	17
54	107	18
54	108	15
54	108	16
54	108	17
54	108	18
54	109	10
54	109	11
54	109	12
54	109	13
54	109	14
54	109	15
54	109	16
54	109	17
54	109	18
54	109	19
54	110	10
54	110	11
54	110	12
54	110	13
54	110	14
54	110	15
54	110	16
54	110	17
54	110	18
54	110	19
54	110	20
54	111	10
54	111	11
54	111	12
54	111	13
54	111	14
54	111	15
54	111	16
54	111	17
54	111	18
54	111	19
54	111	20
54	111	21
54	112	10
54	112	11
54	112	12
54	112	13
54	112	14
54	112	15
54	112	16
54	112	17
54	112	18
54	112	19
54	112	20
54	112	21
54	112	22
54	112	23
54	112	24
54	112	29
54	112	30
54	112	31
54	113	10
54	113	11
54	113	12
54	113	13
54	113	14
54	113	15
54	113	16
54	113	17
54	113	18
54	113	19
54	113	20
54	113	21
54	113	22
54	113	23
54	113	24
54	113	25
54	113	26
54	113	27
54	113	28
54	113	29
54	113	30
54	113	31
54	114	10
54	114	11
54	114	12
54	114	13
54	114	14
54	114	15
54	114	16
54	114	17
54	114	18
54	114	19
54	114	20
54	114	21
54	114	22
54	114	23
54	114	24
54	114	25
54	114	26
54	114	27
54	114	28
54	114	29
54	114	30
54	114	31
54	115	11
54	115	12
54	115	13
54	115	14
54	115	15
54	115	16
54	115	17
54	115	18
54	115	19
54	115	20
54	115	21
54	115	22
54	115	23
54	115	24
54	115	25
54	115	26
54	115	27
54	115	28
54	115	29
54	115	30
54	115	31
54	116	11
54	116	12
54	116	13
54	116	14
54	116	15
54	116	16
54	116	17
54	116	18
54	116	19
54	116	20
54	116	21
54	116	22
54	116	23
54	116	24
54	116	25
54	116	26
54	116	27
54	116	28
54	116	29
54	116	30
54	116	31
54	117	11
54	117	12
54	117	13
54	117	14
54	117	15
54	117	16
54	117	17
54	117	18
54	117	19
54	117	20
54	117	21
54	117	22
54	117	23
54	117	24
54	117	25
54	117	26
54	117	27
54	117	28
54	117	29
54	117	30
54	118	11
54	118	12
54	118	13
54	118	14
54	118	15
54	118	16
54	118	17
54	118	18
54	118	19
54	118	20
54	118	21
54	118	22
54	118	23
54	118	24
54	118	25
54	118	26
54	118	27
54	118	28
54	118	29
54	119	11
54	119	12
54	119	13
54	119	14
54	119	15
54	119	16
54	119	17
54	119	18
54	119	19
54	119	20
54	119	21
54	119	22
54	119	23
54	119	24
54	119	25
54	119	26
54	120	14
54	120	15
54	120	16
54	120	17
54	120	18
54	120	19
54	120	20
54	120	21
54	120	22
54	120	23
54	120	24
54	120	25
54	121	15
54	121	16
54	121	17
54	121	18
54	121	19
54	121	20
54	121	21
54	121	22
54	121	23
54	121	24
54	122	16
54	122	17
54	122	18
54	122	19
54	122	20
54	122	21
54	122	22
54	122	23
54	123	18
54	123	19
54	123	20
54	123	21
54	123	22
55	105	16
55	105	17
55	106	16
55	106	17
55	106	18
55	107	15
55	107	16
55	107	17
55	107	18
55	107	19
55	108	12
55	108	13
55	108	14
55	108	15
55	108	16
55	108	17
55	108	18
55	108	19
55	108	20
55	109	10
55	109	11
55	109	12
55	109	13
55	109	14
55	109	15
55	109	16
55	109	17
55	109	18
55	109	19
55	109	20
55	109	21
55	109	22
55	109	23
55	109	24
55	110	10
55	110	11
55	110	12
55	110	13
55	110	14
55	110	15
55	110	16
55	110	17
55	110	18
55	110	19
55	110	20
55	110	21
55	110	22
55	110	23
55	110	24
55	110	25
55	110	26
55	110	27
55	110	28
55	110	29
55	111	10
55	111	11
55	111	12
55	111	13
55	111	14
55	111	15
55	111	16
55	111	17
55	111	18
55	111	19
55	111	20
55	111	21
55	111	22
55	111	23
55	111	24
55	111	25
55	111	26
55	111	27
55	111	28
55	111	29
55	111	30
55	112	10
55	112	11
55	112	12
55	112	13
55	112	14
55	112	15
55	112	16
55	112	17
55	112	18
55	112	19
55	112	20
55	112	21
55	112	22
55	112	23
55	112	24
55	112	25
55	112	26
55	112	27
55	112	28
55	112	29
55	112	30
55	112	31
55	113	10
55	113	11
55	113	12
55	113	13
55	113	14
55	113	15
55	113	16
55	113	17
55	113	18
55	113	19
55	113	20
55	113	21
55	113	22
55	113	23
55	113	24
55	113	25
55	113	26
55	113	27
55	113	28
55	113	29
55	113	30
55	113	31
55	113	32
55	114	11
55	114	12
55	114	13
55	114	14
55	114	15
55	114	16
55	114	17
55	114	18
55	114	19
55	114	20
55	114	21
55	114	22
55	114	23
55	114	24
55	114	25
55	114	26
55	114	27
55	114	28
55	114	29
55	114	30
55	114	31
55	114	32
55	115	11
55	115	12
55	115	13
55	115	14
55	115	15
55	115	16
55	115	17
55	115	18
55	115	19
55	115	20
55	115	21
55	115	22
55	115	23
55	115	24
55	115	25
55	115	26
55	115	27
55	115	28
55	115	29
55	115	30
55	115	31
55	115	32
55	115	33
55	116	11
55	116	12
55	116	13
55	116	14
55	116	15
55	116	16
55	116	17
55	116	18
55	116	19
55	116	20
55	116	21
55	116	22
55	116	23
55	116	24
55	116	25
55	116	26
55	116	27
55	116	28
55	116	29
55	116	30
55	116	31
55	116	32
55	116	33
55	117	11
55	117	12
55	117	13
55	117	14
55	117	15
55	117	16
55	117	17
55	117	18
55	117	19
55	117	20
55	117	21
55	117	22
55	117	23
55	117	24
55	117	25
55	117	26
55	117	27
55	117	28
55	117	29
55	117	30
55	117	31
55	117	32
55	118	11
55	118	12
55	118	13
55	118	14
55	118	15
55	118	16
55	118	17
55	118	18
55	118	19
55	118	20
55	118	21
55	118	22
55	118	23
55	118	24
55	118	25
55	118	26
55	118	27
55	118	28
55	118	29
55	118	30
55	118	31
55	119	12
55	119	13
55	119	14
55	119	15
55	119	16
55	119	17
55	119	18
55	119	19
55	119	20
55	119	21
55	119	22
55	119	23
55	119	24
55	119	25
55	119	26
55	119	27
55	119	28
55	120	14
55	120	15
55	120	16
55	120	17
55	120	18
55	120	19
55	120	20
55	120	21
55	120	22
55	120	23
55	120	24
55	120	25
55	120	26
55	121	15
55	121	16
55	121	17
55	121	18
55	121	19
55	121	20
55	121	21
55	121	22
55	121	23
55	121	24
55	121	25
55	122	16
55	122	17
55	122	18
55	122	19
55	122	20
55	122	21
55	122	22
55	122	23
55	122	24
55	123	17
55	123	18
55	123	19
55	123	20
55	123	21
55	123	22
55	123	23
56	99	19
56	101	17
56	104	17
56	104	18
56	104	21
56	104	22
56	105	16
56	105	17
56	105	18
56	105	19
56	105	20
56	105	21
56	105	22
56	105	23
56	105	24
56	105	25
56	106	15
56	106	16
56	106	17
56	106	18
56	106	19
56	106	20
56	106	21
56	106	22
56	106	23
56	106	24
56	106	25
56	106	26
56	107	14
56	107	15
56	107	16
56	107	17
56	107	18
56	107	19
56	107	20
56	107	21
56	107	22
56	107	23
56	107	24
56	107	25
56	107	26
56	107	27
56	108	12
56	108	13
56	108	14
56	108	15
56	108	16
56	108	17
56	108	18
56	108	19
56	108	20
56	108	21
56	108	22
56	108	23
56	108	24
56	108	25
56	108	26
56	108	27
56	108	28
56	109	11
56	109	12
56	109	13
56	109	14
56	109	15
56	109	16
56	109	17
56	109	18
56	109	19
56	109	20
56	109	21
56	109	22
56	109	23
56	109	24
56	109	25
56	109	26
56	109	27
56	109	28
56	110	11
56	110	12
56	110	13
56	110	14
56	110	15
56	110	16
56	110	17
56	110	18
56	110	19
56	110	20
56	110	21
56	110	22
56	110	23
56	110	24
56	110	25
56	110	26
56	110	27
56	110	28
56	110	29
56	111	10
56	111	11
56	111	12
56	111	13
56	111	14
56	111	15
56	111	16
56	111	17
56	111	18
56	111	19
56	111	20
56	111	21
56	111	22
56	111	23
56	111	24
56	111	25
56	111	26
56	111	27
56	111	28
56	111	29
56	111	30
56	112	11
56	112	12
56	112	13
56	112	14
56	112	15
56	112	16
56	112	17
56	112	18
56	112	19
56	112	20
56	112	21
56	112	22
56	112	23
56	112	24
56	112	25
56	112	26
56	112	27
56	112	28
56	112	29
56	112	30
56	112	31
56	113	11
56	113	12
56	113	13
56	113	14
56	113	15
56	113	16
56	113	17
56	113	18
56	113	19
56	113	20
56	113	21
56	113	22
56	113	23
56	113	24
56	113	25
56	113	26
56	113	27
56	113	28
56	113	29
56	113	30
56	113	31
56	113	32
56	114	11
56	114	12
56	114	13
56	114	14
56	114	15
56	114	16
56	114	17
56	114	18
56	114	19
56	114	20
56	114	21
56	114	22
56	114	23
56	114	24
56	114	25
56	114	26
56	114	27
56	114	28
56	114	29
56	114	30
56	114	31
56	114	32
56	114	33
56	115	11
56	115	12
56	115	13
56	115	14
56	115	15
56	115	16
56	115	17
56	115	18
56	115	19
56	115	20
56	115	21
56	115	22
56	115	23
56	115	24
56	115	25
56	115	26
56	115	27
56	115	28
56	115	29
56	115	30
56	115	31
56	115	32
56	115	33
56	116	11
56	116	12
56	116	13
56	116	14
56	116	15
56	116	16
56	116	17
56	116	18
56	116	19
56	116	20
56	116	21
56	116	22
56	116	23
56	116	24
56	116	25
56	116	26
56	116	27
56	116	28
56	116	29
56	116	30
56	116	31
56	116	32
56	116	33
56	116	34
56	117	11
56	117	12
56	117	13
56	117	14
56	117	15
56	117	16
56	117	17
56	117	18
56	117	19
56	117	20
56	117	21
56	117	22
56	117	23
56	117	24
56	117	25
56	117	26
56	117	27
56	117	28
56	117	29
56	117	30
56	117	31
56	117	32
56	117	33
56	118	12
56	118	13
56	118	14
56	118	15
56	118	16
56	118	17
56	118	18
56	118	19
56	118	20
56	118	21
56	118	22
56	118	23
56	118	24
56	118	25
56	118	26
56	118	27
56	118	28
56	118	29
56	118	30
56	118	31
56	118	32
56	118	33
56	119	13
56	119	14
56	119	15
56	119	16
56	119	17
56	119	18
56	119	19
56	119	20
56	119	21
56	119	22
56	119	23
56	119	24
56	119	25
56	119	26
56	119	27
56	119	28
56	119	29
56	119	30
56	120	14
56	120	15
56	120	16
56	120	17
56	120	18
56	120	19
56	120	20
56	120	21
56	120	22
56	120	23
56	120	24
56	120	25
56	120	26
56	120	27
56	120	28
56	121	15
56	121	16
56	121	17
56	121	18
56	121	19
56	121	20
56	121	21
56	121	22
56	121	23
56	121	24
56	121	25
56	121	26
56	122	16
56	122	17
56	122	18
56	122	19
56	122	20
56	122	21
56	122	22
56	122	23
56	122	24
56	122	25
56	123	17
56	123	18
56	123	19
56	123	20
56	123	21
56	123	22
56	123	23
57	99	17
57	100	17
57	100	18
57	100	19
57	100	20
57	100	21
57	101	17
57	101	18
57	101	19
57	101	20
57	101	21
57	101	22
57	102	17
57	102	18
57	102	19
57	102	20
57	102	21
57	102	22
57	102	23
57	103	17
57	103	18
57	103	19
57	103	20
57	103	21
57	103	22
57	103	23
57	103	24
57	103	25
57	104	16
57	104	17
57	104	18
57	104	19
57	104	20
57	104	21
57	104	22
57	104	23
57	104	24
57	104	25
57	104	26
57	105	15
57	105	16
57	105	17
57	105	18
57	105	19
57	105	20
57	105	21
57	105	22
57	105	23
57	105	24
57	105	25
57	105	26
57	105	27
57	106	14
57	106	15
57	106	16
57	106	17
57	106	18
57	106	19
57	106	20
57	106	21
57	106	22
57	106	23
57	106	24
57	106	25
57	106	26
57	106	27
57	106	28
57	107	13
57	107	14
57	107	15
57	107	16
57	107	17
57	107	18
57	107	19
57	107	20
57	107	21
57	107	22
57	107	23
57	107	24
57	107	25
57	107	26
57	107	27
57	107	28
57	108	13
57	108	14
57	108	15
57	108	16
57	108	17
57	108	18
57	108	19
57	108	20
57	108	21
57	108	22
57	108	23
57	108	24
57	108	25
57	108	26
57	108	27
57	108	28
57	109	12
57	109	13
57	109	14
57	109	15
57	109	16
57	109	17
57	109	18
57	109	19
57	109	20
57	109	21
57	109	22
57	109	23
57	109	24
57	109	25
57	109	26
57	109	27
57	109	28
57	110	11
57	110	12
57	110	13
57	110	14
57	110	15
57	110	16
57	110	17
57	110	18
57	110	19
57	110	20
57	110	21
57	110	22
57	110	23
57	110	24
57	110	25
57	110	26
57	110	27
57	110	28
57	110	29
57	111	11
57	111	12
57	111	13
57	111	14
57	111	15
57	111	16
57	111	17
57	111	18
57	111	19
57	111	20
57	111	21
57	111	22
57	111	23
57	111	24
57	111	25
57	111	26
57	111	27
57	111	28
57	111	29
57	111	30
57	112	11
57	112	12
57	112	13
57	112	14
57	112	15
57	112	16
57	112	17
57	112	18
57	112	19
57	112	20
57	112	21
57	112	22
57	112	23
57	112	24
57	112	25
57	112	26
57	112	27
57	112	28
57	112	29
57	112	30
57	112	31
57	113	11
57	113	12
57	113	13
57	113	14
57	113	15
57	113	16
57	113	17
57	113	18
57	113	19
57	113	20
57	113	21
57	113	22
57	113	23
57	113	24
57	113	25
57	113	26
57	113	27
57	113	28
57	113	29
57	113	30
57	113	31
57	113	32
57	114	11
57	114	12
57	114	13
57	114	14
57	114	15
57	114	16
57	114	17
57	114	18
57	114	19
57	114	20
57	114	21
57	114	22
57	114	23
57	114	24
57	114	25
57	114	26
57	114	27
57	114	28
57	114	29
57	114	30
57	114	31
57	114	32
57	114	33
57	115	12
57	115	13
57	115	14
57	115	15
57	115	16
57	115	17
57	115	18
57	115	19
57	115	20
57	115	21
57	115	22
57	115	23
57	115	24
57	115	25
57	115	26
57	115	27
57	115	28
57	115	29
57	115	30
57	115	31
57	115	32
57	115	33
57	116	12
57	116	13
57	116	14
57	116	15
57	116	16
57	116	17
57	116	18
57	116	19
57	116	20
57	116	21
57	116	22
57	116	23
57	116	24
57	116	25
57	116	26
57	116	27
57	116	28
57	116	29
57	116	30
57	116	31
57	116	32
57	116	33
57	117	12
57	117	13
57	117	14
57	117	15
57	117	16
57	117	17
57	117	18
57	117	19
57	117	20
57	117	21
57	117	22
57	117	23
57	117	24
57	117	25
57	117	26
57	117	27
57	117	28
57	117	29
57	117	30
57	117	31
57	117	32
57	117	33
57	118	13
57	118	14
57	118	15
57	118	16
57	118	17
57	118	18
57	118	19
57	118	20
57	118	21
57	118	22
57	118	23
57	118	24
57	118	25
57	118	26
57	118	27
57	118	28
57	118	29
57	118	30
57	118	31
57	118	32
57	119	14
57	119	15
57	119	16
57	119	17
57	119	18
57	119	19
57	119	20
57	119	21
57	119	22
57	119	23
57	119	24
57	119	25
57	119	26
57	119	27
57	119	28
57	119	29
57	119	30
57	119	31
57	120	15
57	120	16
57	120	17
57	120	18
57	120	19
57	120	20
57	120	21
57	120	22
57	120	23
57	120	24
57	120	25
57	120	26
57	120	27
57	120	28
57	120	29
57	120	30
57	121	15
57	121	16
57	121	17
57	121	18
57	121	19
57	121	20
57	121	21
57	121	22
57	121	23
57	121	24
57	121	25
57	121	26
57	121	27
57	122	16
57	122	17
57	122	18
57	122	19
57	122	20
57	122	21
57	122	22
57	122	23
57	122	24
57	122	25
57	123	18
57	123	19
57	123	20
57	123	21
57	123	22
57	123	23
58	98	17
58	98	18
58	99	17
58	99	18
58	99	19
58	99	20
58	99	21
58	100	17
58	100	18
58	100	19
58	100	20
58	100	21
58	100	22
58	101	17
58	101	18
58	101	19
58	101	20
58	101	21
58	101	22
58	101	23
58	101	24
58	102	16
58	102	17
58	102	18
58	102	19
58	102	20
58	102	21
58	102	22
58	102	23
58	102	24
58	102	25
58	102	26
58	103	16
58	103	17
58	103	18
58	103	19
58	103	20
58	103	21
58	103	22
58	103	23
58	103	24
58	103	25
58	103	26
58	103	27
58	104	15
58	104	16
58	104	17
58	104	18
58	104	19
58	104	20
58	104	21
58	104	22
58	104	23
58	104	24
58	104	25
58	104	26
58	104	27
58	104	28
58	104	29
58	105	15
58	105	16
58	105	17
58	105	18
58	105	19
58	105	20
58	105	21
58	105	22
58	105	23
58	105	24
58	105	25
58	105	26
58	105	27
58	105	28
58	105	29
58	106	14
58	106	15
58	106	16
58	106	17
58	106	18
58	106	19
58	106	20
58	106	21
58	106	22
58	106	23
58	106	24
58	106	25
58	106	26
58	106	27
58	106	28
58	106	29
58	107	13
58	107	14
58	107	15
58	107	16
58	107	17
58	107	18
58	107	19
58	107	20
58	107	21
58	107	22
58	107	23
58	107	24
58	107	25
58	107	26
58	107	27
58	107	28
58	108	13
58	108	14
58	108	15
58	108	16
58	108	17
58	108	18
58	108	19
58	108	20
58	108	21
58	108	22
58	108	23
58	108	24
58	108	25
58	108	26
58	108	27
58	108	28
58	108	29
58	109	12
58	109	13
58	109	14
58	109	15
58	109	16
58	109	17
58	109	18
58	109	19
58	109	20
58	109	21
58	109	22
58	109	23
58	109	24
58	109	25
58	109	26
58	109	27
58	109	28
58	109	29
58	110	12
58	110	13
58	110	14
58	110	15
58	110	16
58	110	17
58	110	18
58	110	19
58	110	20
58	110	21
58	110	22
58	110	23
58	110	24
58	110	25
58	110	26
58	110	27
58	110	28
58	110	29
58	111	11
58	111	12
58	111	13
58	111	14
58	111	15
58	111	16
58	111	17
58	111	18
58	111	19
58	111	20
58	111	21
58	111	22
58	111	23
58	111	24
58	111	25
58	111	26
58	111	27
58	111	28
58	111	29
58	111	30
58	112	11
58	112	12
58	112	13
58	112	14
58	112	15
58	112	16
58	112	17
58	112	18
58	112	19
58	112	20
58	112	21
58	112	22
58	112	23
58	112	24
58	112	25
58	112	26
58	112	27
58	112	28
58	112	29
58	112	30
58	112	31
58	113	11
58	113	12
58	113	13
58	113	14
58	113	15
58	113	16
58	113	17
58	113	18
58	113	19
58	113	20
58	113	21
58	113	22
58	113	23
58	113	24
58	113	25
58	113	26
58	113	27
58	113	28
58	113	29
58	113	30
58	113	31
58	113	32
58	114	12
58	114	13
58	114	14
58	114	15
58	114	16
58	114	17
58	114	18
58	114	19
58	114	20
58	114	21
58	114	22
58	114	23
58	114	24
58	114	25
58	114	26
58	114	27
58	114	28
58	114	29
58	114	30
58	114	31
58	114	32
58	115	12
58	115	13
58	115	14
58	115	15
58	115	16
58	115	17
58	115	18
58	115	19
58	115	20
58	115	21
58	115	22
58	115	23
58	115	24
58	115	25
58	115	26
58	115	27
58	115	28
58	115	29
58	115	30
58	115	31
58	115	32
58	115	33
58	116	12
58	116	13
58	116	14
58	116	15
58	116	16
58	116	17
58	116	18
58	116	19
58	116	20
58	116	21
58	116	22
58	116	23
58	116	24
58	116	25
58	116	26
58	116	27
58	116	28
58	116	29
58	116	30
58	116	31
58	116	32
58	117	13
58	117	14
58	117	15
58	117	16
58	117	17
58	117	18
58	117	19
58	117	20
58	117	21
58	117	22
58	117	23
58	117	24
58	117	25
58	117	26
58	117	27
58	117	28
58	117	29
58	117	30
58	117	31
58	117	32
58	118	13
58	118	14
58	118	15
58	118	16
58	118	17
58	118	18
58	118	19
58	118	20
58	118	21
58	118	22
58	118	23
58	118	24
58	118	25
58	118	26
58	118	27
58	118	28
58	118	29
58	118	30
58	118	31
58	118	32
58	119	14
58	119	15
58	119	16
58	119	17
58	119	18
58	119	19
58	119	20
58	119	21
58	119	22
58	119	23
58	119	24
58	119	25
58	119	26
58	119	27
58	119	28
58	119	29
58	119	30
58	119	31
58	120	15
58	120	16
58	120	17
58	120	18
58	120	19
58	120	20
58	120	21
58	120	22
58	120	23
58	120	24
58	120	25
58	120	26
58	120	27
58	120	28
58	120	29
58	120	30
58	121	16
58	121	17
58	121	18
58	121	19
58	121	20
58	121	21
58	121	22
58	121	23
58	121	24
58	121	25
58	121	26
58	121	27
58	121	28
58	122	17
58	122	18
58	122	19
58	122	20
58	122	21
58	122	22
58	122	23
58	122	24
58	122	25
58	123	20
58	123	21
59	95	16
59	95	17
59	96	16
59	96	17
59	97	16
59	97	17
59	97	18
59	97	19
59	98	16
59	98	17
59	98	18
59	98	19
59	98	20
59	99	16
59	99	17
59	99	18
59	99	19
59	99	20
59	99	21
59	99	22
59	100	16
59	100	17
59	100	18
59	100	19
59	100	20
59	100	21
59	100	22
59	100	23
59	100	24
59	101	16
59	101	17
59	101	18
59	101	19
59	101	20
59	101	21
59	101	22
59	101	23
59	101	24
59	101	25
59	101	26
59	101	27
59	102	16
59	102	17
59	102	18
59	102	19
59	102	20
59	102	21
59	102	22
59	102	23
59	102	24
59	102	25
59	102	26
59	102	27
59	102	28
59	103	16
59	103	17
59	103	18
59	103	19
59	103	20
59	103	21
59	103	22
59	103	23
59	103	24
59	103	25
59	103	26
59	103	27
59	103	28
59	103	29
59	103	30
59	104	15
59	104	16
59	104	17
59	104	18
59	104	19
59	104	20
59	104	21
59	104	22
59	104	23
59	104	24
59	104	25
59	104	26
59	104	27
59	104	28
59	104	29
59	104	30
59	105	14
59	105	15
59	105	16
59	105	17
59	105	18
59	105	19
59	105	20
59	105	21
59	105	22
59	105	23
59	105	24
59	105	25
59	105	26
59	105	27
59	105	28
59	105	29
59	106	14
59	106	15
59	106	16
59	106	17
59	106	18
59	106	19
59	106	20
59	106	21
59	106	22
59	106	23
59	106	24
59	106	25
59	106	26
59	106	27
59	106	28
59	106	29
59	107	13
59	107	14
59	107	15
59	107	16
59	107	17
59	107	18
59	107	19
59	107	20
59	107	21
59	107	22
59	107	23
59	107	24
59	107	25
59	107	26
59	107	27
59	107	28
59	107	29
59	108	13
59	108	14
59	108	15
59	108	16
59	108	17
59	108	18
59	108	19
59	108	20
59	108	21
59	108	22
59	108	23
59	108	24
59	108	25
59	108	26
59	108	27
59	108	28
59	108	29
59	109	12
59	109	13
59	109	14
59	109	15
59	109	16
59	109	17
59	109	18
59	109	19
59	109	20
59	109	21
59	109	22
59	109	23
59	109	24
59	109	25
59	109	26
59	109	27
59	109	28
59	109	29
59	109	30
59	110	12
59	110	13
59	110	14
59	110	15
59	110	16
59	110	17
59	110	18
59	110	19
59	110	20
59	110	21
59	110	22
59	110	23
59	110	24
59	110	25
59	110	26
59	110	27
59	110	28
59	110	29
59	110	30
59	111	12
59	111	13
59	111	14
59	111	15
59	111	16
59	111	17
59	111	18
59	111	19
59	111	20
59	111	21
59	111	22
59	111	23
59	111	24
59	111	25
59	111	26
59	111	27
59	111	28
59	111	29
59	111	30
59	111	31
59	112	12
59	112	13
59	112	14
59	112	15
59	112	16
59	112	17
59	112	18
59	112	19
59	112	20
59	112	21
59	112	22
59	112	23
59	112	24
59	112	25
59	112	26
59	112	27
59	112	28
59	112	29
59	112	30
59	112	31
59	113	11
59	113	12
59	113	13
59	113	14
59	113	15
59	113	16
59	113	17
59	113	18
59	113	19
59	113	20
59	113	21
59	113	22
59	113	23
59	113	24
59	113	25
59	113	26
59	113	27
59	113	28
59	113	29
59	113	30
59	113	31
59	113	32
59	114	12
59	114	13
59	114	14
59	114	15
59	114	16
59	114	17
59	114	18
59	114	19
59	114	20
59	114	21
59	114	22
59	114	23
59	114	24
59	114	25
59	114	26
59	114	27
59	114	28
59	114	29
59	114	30
59	114	31
59	114	32
59	115	12
59	115	13
59	115	14
59	115	15
59	115	16
59	115	17
59	115	18
59	115	19
59	115	20
59	115	21
59	115	22
59	115	23
59	115	24
59	115	25
59	115	26
59	115	27
59	115	28
59	115	29
59	115	30
59	115	31
59	115	32
59	116	13
59	116	14
59	116	15
59	116	16
59	116	17
59	116	18
59	116	19
59	116	20
59	116	21
59	116	22
59	116	23
59	116	24
59	116	25
59	116	26
59	116	27
59	116	28
59	116	29
59	116	30
59	116	31
59	117	13
59	117	14
59	117	15
59	117	16
59	117	17
59	117	18
59	117	19
59	117	20
59	117	21
59	117	22
59	117	23
59	117	24
59	117	25
59	117	26
59	117	27
59	117	28
59	117	29
59	117	30
59	117	31
59	118	14
59	118	15
59	118	16
59	118	17
59	118	18
59	118	19
59	118	20
59	118	21
59	118	22
59	118	23
59	118	24
59	118	25
59	118	26
59	118	27
59	118	28
59	118	29
59	118	30
59	118	31
59	119	15
59	119	16
59	119	17
59	119	18
59	119	19
59	119	20
59	119	21
59	119	22
59	119	23
59	119	24
59	119	25
59	119	26
59	119	27
59	119	28
59	119	29
59	119	30
59	119	31
59	120	16
59	120	17
59	120	18
59	120	19
59	120	20
59	120	21
59	120	22
59	120	23
59	120	24
59	120	25
59	120	26
59	120	27
59	120	28
59	120	29
59	120	30
59	121	17
59	121	18
59	121	19
59	121	20
59	121	21
59	121	22
59	121	23
59	121	24
59	121	25
59	121	26
59	121	27
59	121	28
59	122	19
59	122	20
59	122	21
59	122	22
59	122	23
59	122	24
60	94	16
60	95	16
60	95	17
60	96	16
60	96	17
60	96	18
60	97	16
60	97	17
60	97	18
60	97	19
60	98	16
60	98	17
60	98	18
60	98	19
60	98	20
60	99	16
60	99	17
60	99	18
60	99	19
60	99	20
60	99	21
60	100	16
60	100	17
60	100	18
60	100	19
60	100	20
60	100	21
60	100	22
60	100	23
60	100	24
60	100	25
60	100	26
60	101	16
60	101	17
60	101	18
60	101	19
60	101	20
60	101	21
60	101	22
60	101	23
60	101	24
60	101	25
60	101	26
60	101	27
60	102	15
60	102	16
60	102	17
60	102	18
60	102	19
60	102	20
60	102	21
60	102	22
60	102	23
60	102	24
60	102	25
60	102	26
60	102	27
60	102	28
60	102	29
60	103	15
60	103	16
60	103	17
60	103	18
60	103	19
60	103	20
60	103	21
60	103	22
60	103	23
60	103	24
60	103	25
60	103	26
60	103	27
60	103	28
60	103	29
60	103	30
60	104	14
60	104	15
60	104	16
60	104	17
60	104	18
60	104	19
60	104	20
60	104	21
60	104	22
60	104	23
60	104	24
60	104	25
60	104	26
60	104	27
60	104	28
60	104	29
60	104	30
60	104	31
60	105	14
60	105	15
60	105	16
60	105	17
60	105	18
60	105	19
60	105	20
60	105	21
60	105	22
60	105	23
60	105	24
60	105	25
60	105	26
60	105	27
60	105	28
60	105	29
60	105	30
60	105	31
60	106	13
60	106	14
60	106	15
60	106	16
60	106	17
60	106	18
60	106	19
60	106	20
60	106	21
60	106	22
60	106	23
60	106	24
60	106	25
60	106	26
60	106	27
60	106	28
60	106	29
60	106	30
60	107	13
60	107	14
60	107	15
60	107	16
60	107	17
60	107	18
60	107	19
60	107	20
60	107	21
60	107	22
60	107	23
60	107	24
60	107	25
60	107	26
60	107	27
60	107	28
60	107	29
60	107	30
60	108	13
60	108	14
60	108	15
60	108	16
60	108	17
60	108	18
60	108	19
60	108	20
60	108	21
60	108	22
60	108	23
60	108	24
60	108	25
60	108	26
60	108	27
60	108	28
60	108	29
60	108	30
60	109	12
60	109	13
60	109	14
60	109	15
60	109	16
60	109	17
60	109	18
60	109	19
60	109	20
60	109	21
60	109	22
60	109	23
60	109	24
60	109	25
60	109	26
60	109	27
60	109	28
60	109	29
60	109	30
60	110	12
60	110	13
60	110	14
60	110	15
60	110	16
60	110	17
60	110	18
60	110	19
60	110	20
60	110	21
60	110	22
60	110	23
60	110	24
60	110	25
60	110	26
60	110	27
60	110	28
60	110	29
60	110	30
60	110	31
60	111	12
60	111	13
60	111	14
60	111	15
60	111	16
60	111	17
60	111	18
60	111	19
60	111	20
60	111	21
60	111	22
60	111	23
60	111	24
60	111	25
60	111	26
60	111	27
60	111	28
60	111	29
60	111	30
60	111	31
60	112	12
60	112	13
60	112	14
60	112	15
60	112	16
60	112	17
60	112	18
60	112	19
60	112	20
60	112	21
60	112	22
60	112	23
60	112	24
60	112	25
60	112	26
60	112	27
60	112	28
60	112	29
60	112	30
60	112	31
60	113	12
60	113	13
60	113	14
60	113	15
60	113	16
60	113	17
60	113	18
60	113	19
60	113	20
60	113	21
60	113	22
60	113	23
60	113	24
60	113	25
60	113	26
60	113	27
60	113	28
60	113	29
60	113	30
60	113	31
60	114	12
60	114	13
60	114	14
60	114	15
60	114	16
60	114	17
60	114	18
60	114	19
60	114	20
60	114	21
60	114	22
60	114	23
60	114	24
60	114	25
60	114	26
60	114	27
60	114	28
60	114	29
60	114	30
60	114	31
60	115	12
60	115	13
60	115	14
60	115	15
60	115	16
60	115	17
60	115	18
60	115	19
60	115	20
60	115	21
60	115	22
60	115	23
60	115	24
60	115	25
60	115	26
60	115	27
60	115	28
60	115	29
60	115	30
60	115	31
60	116	13
60	116	14
60	116	15
60	116	16
60	116	17
60	116	18
60	116	19
60	116	20
60	116	21
60	116	22
60	116	23
60	116	24
60	116	25
60	116	26
60	116	27
60	116	28
60	116	29
60	116	30
60	116	31
60	117	14
60	117	15
60	117	16
60	117	17
60	117	18
60	117	19
60	117	20
60	117	21
60	117	22
60	117	23
60	117	24
60	117	25
60	117	26
60	117	27
60	117	28
60	117	29
60	117	30
60	118	14
60	118	15
60	118	16
60	118	17
60	118	18
60	118	19
60	118	20
60	118	21
60	118	22
60	118	23
60	118	24
60	118	25
60	118	26
60	118	27
60	118	28
60	118	29
60	118	30
60	119	16
60	119	17
60	119	18
60	119	19
60	119	20
60	119	21
60	119	22
60	119	23
60	119	24
60	119	25
60	119	26
60	119	27
60	119	28
60	119	29
60	119	30
60	120	17
60	120	18
60	120	19
60	120	20
60	120	21
60	120	22
60	120	23
60	120	24
60	120	25
60	120	26
60	120	27
60	120	28
60	120	29
60	121	18
60	121	19
60	121	20
60	121	21
60	121	22
60	121	23
60	121	24
60	121	25
60	121	26
61	94	16
61	95	16
61	95	17
61	96	16
61	96	17
61	96	18
61	97	16
61	97	17
61	97	18
61	97	19
61	98	16
61	98	17
61	98	18
61	98	19
61	98	20
61	99	16
61	99	17
61	99	18
61	99	19
61	99	20
61	99	21
61	100	16
61	100	17
61	100	18
61	100	19
61	100	20
61	100	21
61	100	22
61	101	15
61	101	16
61	101	17
61	101	18
61	101	19
61	101	20
61	101	21
61	101	22
61	101	23
61	101	24
61	101	25
61	101	26
61	101	27
61	101	28
61	102	15
61	102	16
61	102	17
61	102	18
61	102	19
61	102	20
61	102	21
61	102	22
61	102	23
61	102	24
61	102	25
61	102	26
61	102	27
61	102	28
61	102	29
61	103	14
61	103	15
61	103	16
61	103	17
61	103	18
61	103	19
61	103	20
61	103	21
61	103	22
61	103	23
61	103	24
61	103	25
61	103	26
61	103	27
61	103	28
61	103	29
61	103	30
61	104	14
61	104	15
61	104	16
61	104	17
61	104	18
61	104	19
61	104	20
61	104	21
61	104	22
61	104	23
61	104	24
61	104	25
61	104	26
61	104	27
61	104	28
61	104	29
61	104	30
61	105	13
61	105	14
61	105	15
61	105	16
61	105	17
61	105	18
61	105	19
61	105	20
61	105	21
61	105	22
61	105	23
61	105	24
61	105	25
61	105	26
61	105	27
61	105	28
61	105	29
61	105	30
61	105	31
61	106	13
61	106	14
61	106	15
61	106	16
61	106	17
61	106	18
61	106	19
61	106	20
61	106	21
61	106	22
61	106	23
61	106	24
61	106	25
61	106	26
61	106	27
61	106	28
61	106	29
61	106	30
61	106	31
61	106	32
61	107	13
61	107	14
61	107	15
61	107	16
61	107	17
61	107	18
61	107	19
61	107	20
61	107	21
61	107	22
61	107	23
61	107	24
61	107	25
61	107	26
61	107	27
61	107	28
61	107	29
61	107	30
61	107	31
61	108	12
61	108	13
61	108	14
61	108	15
61	108	16
61	108	17
61	108	18
61	108	19
61	108	20
61	108	21
61	108	22
61	108	23
61	108	24
61	108	25
61	108	26
61	108	27
61	108	28
61	108	29
61	108	30
61	108	31
61	109	12
61	109	13
61	109	14
61	109	15
61	109	16
61	109	17
61	109	18
61	109	19
61	109	20
61	109	21
61	109	22
61	109	23
61	109	24
61	109	25
61	109	26
61	109	27
61	109	28
61	109	29
61	109	30
61	109	31
61	110	12
61	110	13
61	110	14
61	110	15
61	110	16
61	110	17
61	110	18
61	110	19
61	110	20
61	110	21
61	110	22
61	110	23
61	110	24
61	110	25
61	110	26
61	110	27
61	110	28
61	110	29
61	110	30
61	110	31
61	111	12
61	111	13
61	111	14
61	111	15
61	111	16
61	111	17
61	111	18
61	111	19
61	111	20
61	111	21
61	111	22
61	111	23
61	111	24
61	111	25
61	111	26
61	111	27
61	111	28
61	111	29
61	111	30
61	111	31
61	112	12
61	112	13
61	112	14
61	112	15
61	112	16
61	112	17
61	112	18
61	112	19
61	112	20
61	112	21
61	112	22
61	112	23
61	112	24
61	112	25
61	112	26
61	112	27
61	112	28
61	112	29
61	112	30
61	112	31
61	113	12
61	113	13
61	113	14
61	113	15
61	113	16
61	113	17
61	113	18
61	113	19
61	113	20
61	113	21
61	113	22
61	113	23
61	113	24
61	113	25
61	113	26
61	113	27
61	113	28
61	113	29
61	113	30
61	113	31
61	114	12
61	114	13
61	114	14
61	114	15
61	114	16
61	114	17
61	114	18
61	114	19
61	114	20
61	114	21
61	114	22
61	114	23
61	114	24
61	114	25
61	114	26
61	114	27
61	114	28
61	114	29
61	114	30
61	115	12
61	115	13
61	115	14
61	115	15
61	115	16
61	115	17
61	115	18
61	115	19
61	115	20
61	115	21
61	115	22
61	115	23
61	115	24
61	115	25
61	115	26
61	115	27
61	115	28
61	115	29
61	115	30
61	116	13
61	116	14
61	116	15
61	116	16
61	116	17
61	116	18
61	116	19
61	116	20
61	116	21
61	116	22
61	116	23
61	116	24
61	116	25
61	116	26
61	116	27
61	116	28
61	116	29
61	116	30
61	117	14
61	117	15
61	117	16
61	117	17
61	117	18
61	117	19
61	117	20
61	117	21
61	117	22
61	117	23
61	117	24
61	117	25
61	117	26
61	117	27
61	117	28
61	117	29
61	117	30
61	118	15
61	118	16
61	118	17
61	118	18
61	118	19
61	118	20
61	118	21
61	118	22
61	118	23
61	118	24
61	118	25
61	118	26
61	118	27
61	118	28
61	118	29
61	118	30
61	119	16
61	119	17
61	119	18
61	119	19
61	119	20
61	119	21
61	119	22
61	119	23
61	119	24
61	119	25
61	119	26
61	119	27
61	119	28
61	119	29
61	120	19
61	120	20
61	120	21
61	120	22
61	120	23
61	120	24
61	120	25
61	120	26
61	120	27
61	121	22
61	121	23
61	121	24
62	94	16
62	95	16
62	95	17
62	96	16
62	96	17
62	96	18
62	97	16
62	97	17
62	97	18
62	97	19
62	98	15
62	98	16
62	98	17
62	98	18
62	98	19
62	98	20
62	99	15
62	99	16
62	99	17
62	99	18
62	99	19
62	99	20
62	99	21
62	100	15
62	100	16
62	100	17
62	100	18
62	100	19
62	100	20
62	100	21
62	100	22
62	101	15
62	101	16
62	101	17
62	101	18
62	101	19
62	101	20
62	101	21
62	101	22
62	101	23
62	102	15
62	102	16
62	102	17
62	102	18
62	102	19
62	102	20
62	102	21
62	102	22
62	102	23
62	102	24
62	102	25
62	102	26
62	102	27
62	102	28
62	102	29
62	103	14
62	103	15
62	103	16
62	103	17
62	103	18
62	103	19
62	103	20
62	103	21
62	103	22
62	103	23
62	103	24
62	103	25
62	103	26
62	103	27
62	103	28
62	103	29
62	104	13
62	104	14
62	104	15
62	104	16
62	104	17
62	104	18
62	104	19
62	104	20
62	104	21
62	104	22
62	104	23
62	104	24
62	104	25
62	104	26
62	104	27
62	104	28
62	104	29
62	104	30
62	105	13
62	105	14
62	105	15
62	105	16
62	105	17
62	105	18
62	105	19
62	105	20
62	105	21
62	105	22
62	105	23
62	105	24
62	105	25
62	105	26
62	105	27
62	105	28
62	105	29
62	105	30
62	105	31
62	106	13
62	106	14
62	106	15
62	106	16
62	106	17
62	106	18
62	106	19
62	106	20
62	106	21
62	106	22
62	106	23
62	106	24
62	106	25
62	106	26
62	106	27
62	106	28
62	106	29
62	106	30
62	106	31
62	107	13
62	107	14
62	107	15
62	107	16
62	107	17
62	107	18
62	107	19
62	107	20
62	107	21
62	107	22
62	107	23
62	107	24
62	107	25
62	107	26
62	107	27
62	107	28
62	107	29
62	107	30
62	107	31
62	108	12
62	108	13
62	108	14
62	108	15
62	108	16
62	108	17
62	108	18
62	108	19
62	108	20
62	108	21
62	108	22
62	108	23
62	108	24
62	108	25
62	108	26
62	108	27
62	108	28
62	108	29
62	108	30
62	108	31
62	108	32
62	109	12
62	109	13
62	109	14
62	109	15
62	109	16
62	109	17
62	109	18
62	109	19
62	109	20
62	109	21
62	109	22
62	109	23
62	109	24
62	109	25
62	109	26
62	109	27
62	109	28
62	109	29
62	109	30
62	109	31
62	109	32
62	110	12
62	110	13
62	110	14
62	110	15
62	110	16
62	110	17
62	110	18
62	110	19
62	110	20
62	110	21
62	110	22
62	110	23
62	110	24
62	110	25
62	110	26
62	110	27
62	110	28
62	110	29
62	110	30
62	110	31
62	110	32
62	111	12
62	111	13
62	111	14
62	111	15
62	111	16
62	111	17
62	111	18
62	111	19
62	111	20
62	111	21
62	111	22
62	111	23
62	111	24
62	111	25
62	111	26
62	111	27
62	111	28
62	111	29
62	111	30
62	111	31
62	111	32
62	112	12
62	112	13
62	112	14
62	112	15
62	112	16
62	112	17
62	112	18
62	112	19
62	112	20
62	112	21
62	112	22
62	112	23
62	112	24
62	112	25
62	112	26
62	112	27
62	112	28
62	112	29
62	112	30
62	112	31
62	113	12
62	113	13
62	113	14
62	113	15
62	113	16
62	113	17
62	113	18
62	113	19
62	113	20
62	113	21
62	113	22
62	113	23
62	113	24
62	113	25
62	113	26
62	113	27
62	113	28
62	113	29
62	113	30
62	114	12
62	114	13
62	114	14
62	114	15
62	114	16
62	114	17
62	114	18
62	114	19
62	114	20
62	114	21
62	114	22
62	114	23
62	114	24
62	114	25
62	114	26
62	114	27
62	114	28
62	114	29
62	114	30
62	115	12
62	115	13
62	115	14
62	115	15
62	115	16
62	115	17
62	115	18
62	115	19
62	115	20
62	115	21
62	115	22
62	115	23
62	115	24
62	115	25
62	115	26
62	115	27
62	115	28
62	115	29
62	115	30
62	116	13
62	116	14
62	116	15
62	116	16
62	116	17
62	116	18
62	116	19
62	116	20
62	116	21
62	116	22
62	116	23
62	116	24
62	116	25
62	116	26
62	116	27
62	116	28
62	116	29
62	116	30
62	117	14
62	117	15
62	117	16
62	117	17
62	117	18
62	117	19
62	117	20
62	117	21
62	117	22
62	117	23
62	117	24
62	117	25
62	117	26
62	117	27
62	117	28
62	117	29
62	117	30
62	118	16
62	118	17
62	118	18
62	118	19
62	118	20
62	118	21
62	118	22
62	118	23
62	118	24
62	118	25
62	118	26
62	118	27
62	118	28
62	118	29
62	119	19
62	119	20
62	119	21
62	119	22
62	119	23
62	119	24
62	119	25
62	119	26
62	119	27
62	119	28
62	120	21
62	120	22
62	120	23
62	120	24
62	120	25
63	95	16
63	95	17
63	96	15
63	96	16
63	96	17
63	96	18
63	97	15
63	97	16
63	97	17
63	97	18
63	97	19
63	98	15
63	98	16
63	98	17
63	98	18
63	98	19
63	98	20
63	99	15
63	99	16
63	99	17
63	99	18
63	99	19
63	99	20
63	99	21
63	100	15
63	100	16
63	100	17
63	100	18
63	100	19
63	100	20
63	100	21
63	100	22
63	101	15
63	101	16
63	101	17
63	101	18
63	101	19
63	101	20
63	101	21
63	101	22
63	101	23
63	102	14
63	102	15
63	102	16
63	102	17
63	102	18
63	102	19
63	102	20
63	102	21
63	102	22
63	102	23
63	102	24
63	103	14
63	103	15
63	103	16
63	103	17
63	103	18
63	103	19
63	103	20
63	103	21
63	103	22
63	103	23
63	103	24
63	103	25
63	103	26
63	103	27
63	103	28
63	103	29
63	104	13
63	104	14
63	104	15
63	104	16
63	104	17
63	104	18
63	104	19
63	104	20
63	104	21
63	104	22
63	104	23
63	104	24
63	104	25
63	104	26
63	104	27
63	104	28
63	104	29
63	104	30
63	105	13
63	105	14
63	105	15
63	105	16
63	105	17
63	105	18
63	105	19
63	105	20
63	105	21
63	105	22
63	105	23
63	105	24
63	105	25
63	105	26
63	105	27
63	105	28
63	105	29
63	105	30
63	106	12
63	106	13
63	106	14
63	106	15
63	106	16
63	106	17
63	106	18
63	106	19
63	106	20
63	106	21
63	106	22
63	106	23
63	106	24
63	106	25
63	106	26
63	106	27
63	106	28
63	106	29
63	106	30
63	107	12
63	107	13
63	107	14
63	107	15
63	107	16
63	107	17
63	107	18
63	107	19
63	107	20
63	107	21
63	107	22
63	107	23
63	107	24
63	107	25
63	107	26
63	107	27
63	107	28
63	107	29
63	107	30
63	107	31
63	108	12
63	108	13
63	108	14
63	108	15
63	108	16
63	108	17
63	108	18
63	108	19
63	108	20
63	108	21
63	108	22
63	108	23
63	108	24
63	108	25
63	108	26
63	108	27
63	108	28
63	108	29
63	108	30
63	108	31
63	108	32
63	109	12
63	109	13
63	109	14
63	109	15
63	109	16
63	109	17
63	109	18
63	109	19
63	109	20
63	109	21
63	109	22
63	109	23
63	109	24
63	109	25
63	109	26
63	109	27
63	109	28
63	109	29
63	109	30
63	109	31
63	109	32
63	109	33
63	110	12
63	110	13
63	110	14
63	110	15
63	110	16
63	110	17
63	110	18
63	110	19
63	110	20
63	110	21
63	110	22
63	110	23
63	110	24
63	110	25
63	110	26
63	110	27
63	110	28
63	110	29
63	110	30
63	110	31
63	110	32
63	110	33
63	111	12
63	111	13
63	111	14
63	111	15
63	111	16
63	111	17
63	111	18
63	111	19
63	111	20
63	111	21
63	111	22
63	111	23
63	111	24
63	111	25
63	111	26
63	111	27
63	111	28
63	111	29
63	111	30
63	111	31
63	111	32
63	112	12
63	112	13
63	112	14
63	112	15
63	112	16
63	112	17
63	112	18
63	112	19
63	112	20
63	112	21
63	112	22
63	112	23
63	112	24
63	112	25
63	112	26
63	112	27
63	112	28
63	112	29
63	112	30
63	112	31
63	113	12
63	113	13
63	113	14
63	113	15
63	113	16
63	113	17
63	113	18
63	113	19
63	113	20
63	113	21
63	113	22
63	113	23
63	113	24
63	113	25
63	113	26
63	113	27
63	113	28
63	113	29
63	113	30
63	114	12
63	114	13
63	114	14
63	114	15
63	114	16
63	114	17
63	114	18
63	114	19
63	114	20
63	114	21
63	114	22
63	114	23
63	114	24
63	114	25
63	114	26
63	114	27
63	114	28
63	114	29
63	114	30
63	115	13
63	115	14
63	115	15
63	115	16
63	115	17
63	115	18
63	115	19
63	115	20
63	115	21
63	115	22
63	115	23
63	115	24
63	115	25
63	115	26
63	115	27
63	115	28
63	115	29
63	116	13
63	116	14
63	116	15
63	116	16
63	116	17
63	116	18
63	116	19
63	116	20
63	116	21
63	116	22
63	116	23
63	116	24
63	116	25
63	116	26
63	116	27
63	116	28
63	116	29
63	117	15
63	117	16
63	117	17
63	117	18
63	117	19
63	117	20
63	117	21
63	117	22
63	117	23
63	117	24
63	117	25
63	117	26
63	117	27
63	117	28
63	117	29
63	118	18
63	118	19
63	118	20
63	118	21
63	118	22
63	118	23
63	118	24
63	118	25
63	118	26
63	118	27
63	118	28
63	118	29
63	119	21
63	119	22
63	119	23
63	119	24
63	119	25
63	119	26
64	94	15
64	95	15
64	95	16
64	96	15
64	96	16
64	96	17
64	96	18
64	97	15
64	97	16
64	97	17
64	97	18
64	97	19
64	98	15
64	98	16
64	98	17
64	98	18
64	98	19
64	98	20
64	99	15
64	99	16
64	99	17
64	99	18
64	99	19
64	99	20
64	99	21
64	100	14
64	100	15
64	100	16
64	100	17
64	100	18
64	100	19
64	100	20
64	100	21
64	100	22
64	101	14
64	101	15
64	101	16
64	101	17
64	101	18
64	101	19
64	101	20
64	101	21
64	101	22
64	101	23
64	102	14
64	102	15
64	102	16
64	102	17
64	102	18
64	102	19
64	102	20
64	102	21
64	102	22
64	102	23
64	102	24
64	103	13
64	103	14
64	103	15
64	103	16
64	103	17
64	103	18
64	103	19
64	103	20
64	103	21
64	103	22
64	103	23
64	103	24
64	103	25
64	104	13
64	104	14
64	104	15
64	104	16
64	104	17
64	104	18
64	104	19
64	104	20
64	104	21
64	104	22
64	104	23
64	104	24
64	104	25
64	104	26
64	104	27
64	104	28
64	104	29
64	105	12
64	105	13
64	105	14
64	105	15
64	105	16
64	105	17
64	105	18
64	105	19
64	105	20
64	105	21
64	105	22
64	105	23
64	105	24
64	105	25
64	105	26
64	105	27
64	105	28
64	105	29
64	106	12
64	106	13
64	106	14
64	106	15
64	106	16
64	106	17
64	106	18
64	106	19
64	106	20
64	106	21
64	106	22
64	106	23
64	106	24
64	106	25
64	106	26
64	106	27
64	106	28
64	106	29
64	106	30
64	107	12
64	107	13
64	107	14
64	107	15
64	107	16
64	107	17
64	107	18
64	107	19
64	107	20
64	107	21
64	107	22
64	107	23
64	107	24
64	107	25
64	107	26
64	107	27
64	107	28
64	107	29
64	107	30
64	107	31
64	108	12
64	108	13
64	108	14
64	108	15
64	108	16
64	108	17
64	108	18
64	108	19
64	108	20
64	108	21
64	108	22
64	108	23
64	108	24
64	108	25
64	108	26
64	108	27
64	108	28
64	108	29
64	108	30
64	108	31
64	108	32
64	109	12
64	109	13
64	109	14
64	109	15
64	109	16
64	109	17
64	109	18
64	109	19
64	109	20
64	109	21
64	109	22
64	109	23
64	109	24
64	109	25
64	109	26
64	109	27
64	109	28
64	109	29
64	109	30
64	109	31
64	109	32
64	110	12
64	110	13
64	110	14
64	110	15
64	110	16
64	110	17
64	110	18
64	110	19
64	110	20
64	110	21
64	110	22
64	110	23
64	110	24
64	110	25
64	110	26
64	110	27
64	110	28
64	110	29
64	110	30
64	110	31
64	110	32
64	111	12
64	111	13
64	111	14
64	111	15
64	111	16
64	111	17
64	111	18
64	111	19
64	111	20
64	111	21
64	111	22
64	111	23
64	111	24
64	111	25
64	111	26
64	111	27
64	111	28
64	111	29
64	111	30
64	111	31
64	111	32
64	112	12
64	112	13
64	112	14
64	112	15
64	112	16
64	112	17
64	112	18
64	112	19
64	112	20
64	112	21
64	112	22
64	112	23
64	112	24
64	112	25
64	112	26
64	112	27
64	112	28
64	112	29
64	112	30
64	113	12
64	113	13
64	113	14
64	113	15
64	113	16
64	113	17
64	113	18
64	113	19
64	113	20
64	113	21
64	113	22
64	113	23
64	113	24
64	113	25
64	113	26
64	113	27
64	113	28
64	113	29
64	114	12
64	114	13
64	114	14
64	114	15
64	114	16
64	114	17
64	114	18
64	114	19
64	114	20
64	114	21
64	114	22
64	114	23
64	114	24
64	114	25
64	114	26
64	114	27
64	114	28
64	114	29
64	115	13
64	115	14
64	115	15
64	115	16
64	115	17
64	115	18
64	115	19
64	115	20
64	115	21
64	115	22
64	115	23
64	115	24
64	115	25
64	115	26
64	115	27
64	115	28
64	115	29
64	116	13
64	116	14
64	116	15
64	116	16
64	116	17
64	116	18
64	116	19
64	116	20
64	116	21
64	116	22
64	116	23
64	116	24
64	116	25
64	116	26
64	116	27
64	116	28
64	116	29
64	117	15
64	117	16
64	117	17
64	117	18
64	117	19
64	117	20
64	117	21
64	117	22
64	117	23
64	117	24
64	117	25
64	117	26
64	117	27
64	117	28
64	117	29
64	118	20
64	118	21
64	118	22
64	118	23
64	118	24
64	118	25
64	118	26
64	118	27
64	119	23
64	119	24
65	94	15
65	95	15
65	95	16
65	96	15
65	96	16
65	96	17
65	97	15
65	97	16
65	97	17
65	97	18
65	97	19
65	98	15
65	98	16
65	98	17
65	98	18
65	98	19
65	98	20
65	99	14
65	99	15
65	99	16
65	99	17
65	99	18
65	99	19
65	99	20
65	99	21
65	100	14
65	100	15
65	100	16
65	100	17
65	100	18
65	100	19
65	100	20
65	100	21
65	100	22
65	101	14
65	101	15
65	101	16
65	101	17
65	101	18
65	101	19
65	101	20
65	101	21
65	101	22
65	101	23
65	102	13
65	102	14
65	102	15
65	102	16
65	102	17
65	102	18
65	102	19
65	102	20
65	102	21
65	102	22
65	102	23
65	102	24
65	103	13
65	103	14
65	103	15
65	103	16
65	103	17
65	103	18
65	103	19
65	103	20
65	103	21
65	103	22
65	103	23
65	103	24
65	103	25
65	104	12
65	104	13
65	104	14
65	104	15
65	104	16
65	104	17
65	104	18
65	104	19
65	104	20
65	104	21
65	104	22
65	104	23
65	104	24
65	104	25
65	104	26
65	105	12
65	105	13
65	105	14
65	105	15
65	105	16
65	105	17
65	105	18
65	105	19
65	105	20
65	105	21
65	105	22
65	105	23
65	105	24
65	105	25
65	105	26
65	105	27
65	105	28
65	105	29
65	106	12
65	106	13
65	106	14
65	106	15
65	106	16
65	106	17
65	106	18
65	106	19
65	106	20
65	106	21
65	106	22
65	106	23
65	106	24
65	106	25
65	106	26
65	106	27
65	106	28
65	106	29
65	106	30
65	107	12
65	107	13
65	107	14
65	107	15
65	107	16
65	107	17
65	107	18
65	107	19
65	107	20
65	107	21
65	107	22
65	107	23
65	107	24
65	107	25
65	107	26
65	107	27
65	107	28
65	107	29
65	107	30
65	107	31
65	108	12
65	108	13
65	108	14
65	108	15
65	108	16
65	108	17
65	108	18
65	108	19
65	108	20
65	108	21
65	108	22
65	108	23
65	108	24
65	108	25
65	108	26
65	108	27
65	108	28
65	108	29
65	108	30
65	108	31
65	108	32
65	109	12
65	109	13
65	109	14
65	109	15
65	109	16
65	109	17
65	109	18
65	109	19
65	109	20
65	109	21
65	109	22
65	109	23
65	109	24
65	109	25
65	109	26
65	109	27
65	109	28
65	109	29
65	109	30
65	109	31
65	109	32
65	110	12
65	110	13
65	110	14
65	110	15
65	110	16
65	110	17
65	110	18
65	110	19
65	110	20
65	110	21
65	110	22
65	110	23
65	110	24
65	110	25
65	110	26
65	110	27
65	110	28
65	110	29
65	110	30
65	110	31
65	110	32
65	111	12
65	111	13
65	111	14
65	111	15
65	111	16
65	111	17
65	111	18
65	111	19
65	111	20
65	111	21
65	111	22
65	111	23
65	111	24
65	111	25
65	111	26
65	111	27
65	111	28
65	111	29
65	111	30
65	111	31
65	112	12
65	112	13
65	112	14
65	112	15
65	112	16
65	112	17
65	112	18
65	112	19
65	112	20
65	112	21
65	112	22
65	112	23
65	112	24
65	112	25
65	112	26
65	112	27
65	112	28
65	112	29
65	113	13
65	113	14
65	113	15
65	113	16
65	113	17
65	113	18
65	113	19
65	113	20
65	113	21
65	113	22
65	113	23
65	113	24
65	113	25
65	113	26
65	113	27
65	113	28
65	114	13
65	114	14
65	114	15
65	114	16
65	114	17
65	114	18
65	114	19
65	114	20
65	114	21
65	114	22
65	114	23
65	114	24
65	114	25
65	114	26
65	114	27
65	114	28
65	115	13
65	115	14
65	115	15
65	115	16
65	115	17
65	115	18
65	115	19
65	115	20
65	115	21
65	115	22
65	115	23
65	115	24
65	115	25
65	115	26
65	115	27
65	116	14
65	116	15
65	116	16
65	116	17
65	116	18
65	116	19
65	116	20
65	116	21
65	116	22
65	116	23
65	116	24
65	116	25
65	117	16
65	117	17
65	117	18
65	117	19
65	117	20
65	117	21
65	117	22
65	117	23
65	117	24
66	94	15
66	95	15
66	95	16
66	96	15
66	96	16
66	96	17
66	97	14
66	97	15
66	97	16
66	97	17
66	97	18
66	98	14
66	98	15
66	98	16
66	98	17
66	98	18
66	98	19
66	98	20
66	99	14
66	99	15
66	99	16
66	99	17
66	99	18
66	99	19
66	99	20
66	99	21
66	100	14
66	100	15
66	100	16
66	100	17
66	100	18
66	100	19
66	100	20
66	100	21
66	100	22
66	101	13
66	101	14
66	101	15
66	101	16
66	101	17
66	101	18
66	101	19
66	101	20
66	101	21
66	101	22
66	101	23
66	102	13
66	102	14
66	102	15
66	102	16
66	102	17
66	102	18
66	102	19
66	102	20
66	102	21
66	102	22
66	102	23
66	102	24
66	103	12
66	103	13
66	103	14
66	103	15
66	103	16
66	103	17
66	103	18
66	103	19
66	103	20
66	103	21
66	103	22
66	103	23
66	103	24
66	103	25
66	104	12
66	104	13
66	104	14
66	104	15
66	104	16
66	104	17
66	104	18
66	104	19
66	104	20
66	104	21
66	104	22
66	104	23
66	104	24
66	104	25
66	104	26
66	105	12
66	105	13
66	105	14
66	105	15
66	105	16
66	105	17
66	105	18
66	105	19
66	105	20
66	105	21
66	105	22
66	105	23
66	105	24
66	105	25
66	105	26
66	105	27
66	105	28
66	105	29
66	106	12
66	106	13
66	106	14
66	106	15
66	106	16
66	106	17
66	106	18
66	106	19
66	106	20
66	106	21
66	106	22
66	106	23
66	106	24
66	106	25
66	106	26
66	106	27
66	106	28
66	106	29
66	106	30
66	107	12
66	107	13
66	107	14
66	107	15
66	107	16
66	107	17
66	107	18
66	107	19
66	107	20
66	107	21
66	107	22
66	107	23
66	107	24
66	107	25
66	107	26
66	107	27
66	107	28
66	107	29
66	107	30
66	107	31
66	108	12
66	108	13
66	108	14
66	108	15
66	108	16
66	108	17
66	108	18
66	108	19
66	108	20
66	108	21
66	108	22
66	108	23
66	108	24
66	108	25
66	108	26
66	108	27
66	108	28
66	108	29
66	108	30
66	108	31
66	109	12
66	109	13
66	109	14
66	109	15
66	109	16
66	109	17
66	109	18
66	109	19
66	109	20
66	109	21
66	109	22
66	109	23
66	109	24
66	109	25
66	109	26
66	109	27
66	109	28
66	109	29
66	109	30
66	109	31
66	109	32
66	110	12
66	110	13
66	110	14
66	110	15
66	110	16
66	110	17
66	110	18
66	110	19
66	110	20
66	110	21
66	110	22
66	110	23
66	110	24
66	110	25
66	110	26
66	110	27
66	110	28
66	110	29
66	110	30
66	110	31
66	110	32
66	111	13
66	111	14
66	111	15
66	111	16
66	111	17
66	111	18
66	111	19
66	111	20
66	111	21
66	111	22
66	111	23
66	111	24
66	111	25
66	111	26
66	111	27
66	111	28
66	111	29
66	112	13
66	112	14
66	112	15
66	112	16
66	112	17
66	112	18
66	112	19
66	112	20
66	112	21
66	112	22
66	112	23
66	112	24
66	112	25
66	112	26
66	112	27
66	112	28
66	113	13
66	113	14
66	113	15
66	113	16
66	113	17
66	113	18
66	113	19
66	113	20
66	113	21
66	113	22
66	113	23
66	113	24
66	113	25
66	113	26
66	113	27
66	114	13
66	114	14
66	114	15
66	114	16
66	114	17
66	114	18
66	114	19
66	114	20
66	114	21
66	114	22
66	114	23
66	114	24
66	114	25
66	115	14
66	115	15
66	115	16
66	115	17
66	115	18
66	115	19
66	115	20
66	115	21
66	115	22
66	115	23
66	116	14
66	116	15
66	116	16
66	116	17
66	116	18
66	116	19
66	116	20
66	116	21
66	116	22
66	117	16
66	117	17
66	117	18
66	117	19
66	117	20
66	117	21
67	94	15
67	95	15
67	95	16
67	96	14
67	96	15
67	96	16
67	96	17
67	97	14
67	97	15
67	97	16
67	97	17
67	97	18
67	98	14
67	98	15
67	98	16
67	98	17
67	98	18
67	98	19
67	99	14
67	99	15
67	99	16
67	99	17
67	99	18
67	99	19
67	99	20
67	99	21
67	100	13
67	100	14
67	100	15
67	100	16
67	100	17
67	100	18
67	100	19
67	100	20
67	100	21
67	100	22
67	101	13
67	101	14
67	101	15
67	101	16
67	101	17
67	101	18
67	101	19
67	101	20
67	101	21
67	101	22
67	101	23
67	102	12
67	102	13
67	102	14
67	102	15
67	102	16
67	102	17
67	102	18
67	102	19
67	102	20
67	102	21
67	102	22
67	102	23
67	102	24
67	103	12
67	103	13
67	103	14
67	103	15
67	103	16
67	103	17
67	103	18
67	103	19
67	103	20
67	103	21
67	103	22
67	103	23
67	103	24
67	104	12
67	104	13
67	104	14
67	104	15
67	104	16
67	104	17
67	104	18
67	104	19
67	104	20
67	104	21
67	104	22
67	104	23
67	104	24
67	105	12
67	105	13
67	105	14
67	105	15
67	105	16
67	105	17
67	105	18
67	105	19
67	105	20
67	105	21
67	105	22
67	105	23
67	105	24
67	105	25
67	106	12
67	106	13
67	106	14
67	106	15
67	106	16
67	106	17
67	106	18
67	106	19
67	106	20
67	106	21
67	106	22
67	106	23
67	106	24
67	106	25
67	106	26
67	106	27
67	106	28
67	106	29
67	106	30
67	107	12
67	107	13
67	107	14
67	107	15
67	107	16
67	107	17
67	107	18
67	107	19
67	107	20
67	107	21
67	107	22
67	107	23
67	107	24
67	107	25
67	107	26
67	107	27
67	107	28
67	107	29
67	107	30
67	107	31
67	108	12
67	108	13
67	108	14
67	108	15
67	108	16
67	108	17
67	108	18
67	108	19
67	108	20
67	108	21
67	108	22
67	108	23
67	108	24
67	108	25
67	108	26
67	108	27
67	108	28
67	108	29
67	108	30
67	108	31
67	109	13
67	109	14
67	109	15
67	109	16
67	109	17
67	109	18
67	109	19
67	109	20
67	109	21
67	109	22
67	109	23
67	109	24
67	109	25
67	109	26
67	109	27
67	109	28
67	109	29
67	109	30
67	109	31
67	110	13
67	110	14
67	110	15
67	110	16
67	110	17
67	110	18
67	110	19
67	110	20
67	110	21
67	110	22
67	110	23
67	110	24
67	110	25
67	110	26
67	110	27
67	110	28
67	110	29
67	111	13
67	111	14
67	111	15
67	111	16
67	111	17
67	111	18
67	111	19
67	111	20
67	111	21
67	111	22
67	111	23
67	111	24
67	111	25
67	111	26
67	111	27
67	112	13
67	112	14
67	112	15
67	112	16
67	112	17
67	112	18
67	112	19
67	112	20
67	112	21
67	112	22
67	112	23
67	112	24
67	112	25
67	112	26
67	113	13
67	113	14
67	113	15
67	113	16
67	113	17
67	113	18
67	113	19
67	113	20
67	113	21
67	113	22
67	113	23
67	113	24
67	114	14
67	114	15
67	114	16
67	114	17
67	114	18
67	114	19
67	114	20
67	114	21
67	114	22
67	114	23
67	115	14
67	115	15
67	115	16
67	115	17
67	115	18
67	115	19
67	115	20
67	115	21
67	115	22
67	116	15
67	116	16
67	116	17
67	116	18
67	116	19
67	116	20
67	116	21
67	117	16
67	117	17
67	117	18
67	117	19
68	94	15
68	95	15
68	95	16
68	96	14
68	96	15
68	96	16
68	96	17
68	97	14
68	97	15
68	97	16
68	97	17
68	97	18
68	98	14
68	98	15
68	98	16
68	98	17
68	98	18
68	98	19
68	99	13
68	99	14
68	99	15
68	99	16
68	99	17
68	99	18
68	99	19
68	99	20
68	100	13
68	100	14
68	100	15
68	100	16
68	100	17
68	100	18
68	100	19
68	100	20
68	100	21
68	100	22
68	101	12
68	101	13
68	101	14
68	101	15
68	101	16
68	101	17
68	101	18
68	101	19
68	101	20
68	101	21
68	101	22
68	102	12
68	102	13
68	102	14
68	102	15
68	102	16
68	102	17
68	102	18
68	102	19
68	102	20
68	102	21
68	102	22
68	103	12
68	103	13
68	103	14
68	103	15
68	103	16
68	103	17
68	103	18
68	103	19
68	103	20
68	103	21
68	103	22
68	103	23
68	104	12
68	104	13
68	104	14
68	104	15
68	104	16
68	104	17
68	104	18
68	104	19
68	104	20
68	104	21
68	104	22
68	104	23
68	105	12
68	105	13
68	105	14
68	105	15
68	105	16
68	105	17
68	105	18
68	105	19
68	105	20
68	105	21
68	105	22
68	105	23
68	106	12
68	106	13
68	106	14
68	106	15
68	106	16
68	106	17
68	106	18
68	106	19
68	106	20
68	106	21
68	106	22
68	106	23
68	106	24
68	107	13
68	107	14
68	107	15
68	107	16
68	107	17
68	107	18
68	107	19
68	107	20
68	107	21
68	107	22
68	107	23
68	107	24
68	107	25
68	107	26
68	107	27
68	107	28
68	107	29
68	107	30
68	107	31
68	108	13
68	108	14
68	108	15
68	108	16
68	108	17
68	108	18
68	108	19
68	108	20
68	108	21
68	108	22
68	108	23
68	108	24
68	108	25
68	108	26
68	108	27
68	108	28
68	108	29
68	108	30
68	108	31
68	109	13
68	109	14
68	109	15
68	109	16
68	109	17
68	109	18
68	109	19
68	109	20
68	109	21
68	109	22
68	109	23
68	109	24
68	109	25
68	109	26
68	109	27
68	109	28
68	109	29
68	109	31
68	110	13
68	110	14
68	110	15
68	110	16
68	110	17
68	110	18
68	110	19
68	110	20
68	110	21
68	110	22
68	110	23
68	110	24
68	110	25
68	110	26
68	110	27
68	111	13
68	111	14
68	111	15
68	111	16
68	111	17
68	111	18
68	111	19
68	111	20
68	111	21
68	111	22
68	111	23
68	111	24
68	111	25
68	111	26
68	112	13
68	112	14
68	112	15
68	112	16
68	112	17
68	112	18
68	112	19
68	112	20
68	112	21
68	112	22
68	112	23
68	112	24
68	112	25
68	113	14
68	113	15
68	113	16
68	113	17
68	113	18
68	113	19
68	113	20
68	113	21
68	113	22
68	113	23
68	114	14
68	114	15
68	114	16
68	114	17
68	114	18
68	114	19
68	114	20
68	114	21
68	114	22
68	115	14
68	115	15
68	115	16
68	115	17
68	115	18
68	115	19
68	115	20
68	115	21
68	115	22
68	116	15
68	116	16
68	116	17
68	116	18
68	116	19
68	116	20
68	116	21
68	117	16
68	117	17
68	117	18
69	94	15
69	95	15
69	95	16
69	96	14
69	96	15
69	96	16
69	96	17
69	97	14
69	97	15
69	97	16
69	97	17
69	97	18
69	98	14
69	98	15
69	98	16
69	98	17
69	98	18
69	98	19
69	99	13
69	99	14
69	99	15
69	99	16
69	99	17
69	99	18
69	99	19
69	99	20
69	100	12
69	100	13
69	100	14
69	100	15
69	100	16
69	100	17
69	100	18
69	100	19
69	100	20
69	100	21
69	101	12
69	101	13
69	101	14
69	101	15
69	101	16
69	101	17
69	101	18
69	101	19
69	101	20
69	101	21
69	102	12
69	102	13
69	102	14
69	102	15
69	102	16
69	102	17
69	102	18
69	102	19
69	102	20
69	102	21
69	103	12
69	103	13
69	103	14
69	103	15
69	103	16
69	103	17
69	103	18
69	103	19
69	103	20
69	103	21
69	104	12
69	104	13
69	104	14
69	104	15
69	104	16
69	104	17
69	104	18
69	104	19
69	104	20
69	104	21
69	104	22
69	105	12
69	105	13
69	105	14
69	105	15
69	105	16
69	105	17
69	105	18
69	105	19
69	105	20
69	105	21
69	105	22
69	106	13
69	106	14
69	106	15
69	106	16
69	106	17
69	106	18
69	106	19
69	106	20
69	106	21
69	106	22
69	107	13
69	107	14
69	107	15
69	107	16
69	107	17
69	107	18
69	107	19
69	107	20
69	107	21
69	107	22
69	107	23
69	108	13
69	108	14
69	108	15
69	108	16
69	108	17
69	108	18
69	108	19
69	108	20
69	108	21
69	108	22
69	108	23
69	108	24
69	108	25
69	108	26
69	108	27
69	108	28
69	108	29
69	108	30
69	109	13
69	109	14
69	109	15
69	109	16
69	109	17
69	109	18
69	109	19
69	109	20
69	109	21
69	109	22
69	109	23
69	109	24
69	109	25
69	109	26
69	110	13
69	110	14
69	110	15
69	110	16
69	110	17
69	110	18
69	110	19
69	110	20
69	110	21
69	110	22
69	110	23
69	110	24
69	110	25
69	110	26
69	111	14
69	111	15
69	111	16
69	111	17
69	111	18
69	111	19
69	111	20
69	111	21
69	111	22
69	111	23
69	111	24
69	111	25
69	112	14
69	112	15
69	112	16
69	112	17
69	112	18
69	112	19
69	112	20
69	112	21
69	112	22
69	112	23
69	112	24
69	113	14
69	113	15
69	113	16
69	113	17
69	113	18
69	113	19
69	113	20
69	113	21
69	113	22
69	113	23
69	114	14
69	114	15
69	114	16
69	114	17
69	114	18
69	114	19
69	114	20
69	114	21
69	114	22
69	115	15
69	115	16
69	115	17
69	115	18
69	115	19
69	115	20
69	115	21
69	115	22
69	116	15
69	116	16
69	116	17
69	116	18
69	116	19
69	116	20
69	116	21
69	117	16
69	117	17
69	117	18
69	117	19
70	94	15
70	95	15
70	95	16
70	96	15
70	96	16
70	96	17
70	97	14
70	97	15
70	97	16
70	97	17
70	97	18
70	98	13
70	98	14
70	98	15
70	98	16
70	98	17
70	98	18
70	98	19
70	99	12
70	99	13
70	99	14
70	99	15
70	99	16
70	99	17
70	99	18
70	99	19
70	99	20
70	100	12
70	100	13
70	100	14
70	100	15
70	100	16
70	100	17
70	100	18
70	100	19
70	100	20
70	101	12
70	101	13
70	101	14
70	101	15
70	101	16
70	101	17
70	101	18
70	101	19
70	101	20
70	102	12
70	102	13
70	102	14
70	102	15
70	102	16
70	102	17
70	102	18
70	102	19
70	102	20
70	103	12
70	103	13
70	103	14
70	103	15
70	103	16
70	103	17
70	103	18
70	103	19
70	103	20
70	104	12
70	104	13
70	104	14
70	104	15
70	104	16
70	104	17
70	104	18
70	104	19
70	104	20
70	105	12
70	105	13
70	105	14
70	105	15
70	105	16
70	105	17
70	105	18
70	105	19
70	105	20
70	105	21
70	106	13
70	106	14
70	106	15
70	106	16
70	106	17
70	106	18
70	106	19
70	106	20
70	106	21
70	107	13
70	107	14
70	107	15
70	107	16
70	107	17
70	107	18
70	107	19
70	107	20
70	107	21
70	108	13
70	108	14
70	108	15
70	108	16
70	108	17
70	108	18
70	108	19
70	108	20
70	108	21
70	108	22
70	108	23
70	108	24
70	109	14
70	109	15
70	109	16
70	109	17
70	109	18
70	109	19
70	109	20
70	109	21
70	109	22
70	109	23
70	109	24
70	109	25
70	109	26
70	110	14
70	110	15
70	110	16
70	110	17
70	110	18
70	110	19
70	110	20
70	110	21
70	110	22
70	110	23
70	110	24
70	110	25
70	111	14
70	111	15
70	111	16
70	111	17
70	111	18
70	111	19
70	111	20
70	111	21
70	111	22
70	111	23
70	111	24
70	111	25
70	112	14
70	112	15
70	112	16
70	112	17
70	112	18
70	112	19
70	112	20
70	112	21
70	112	22
70	112	23
70	112	24
70	113	14
70	113	15
70	113	16
70	113	17
70	113	18
70	113	19
70	113	20
70	113	21
70	113	22
70	113	23
70	114	15
70	114	16
70	114	17
70	114	18
70	114	19
70	114	20
70	114	21
70	114	22
70	114	23
70	115	15
70	115	16
70	115	17
70	115	18
70	115	19
70	115	20
70	115	21
70	115	22
70	116	16
70	116	17
70	116	18
70	116	19
70	116	20
70	116	21
70	117	17
70	117	18
70	117	19
70	117	20
71	94	15
71	95	15
71	95	16
71	96	15
71	96	16
71	96	17
71	97	14
71	97	15
71	97	16
71	97	17
71	97	18
71	98	13
71	98	14
71	98	15
71	98	16
71	98	17
71	98	18
71	98	19
71	99	12
71	99	13
71	99	14
71	99	15
71	99	16
71	99	17
71	99	18
71	99	19
71	100	12
71	100	13
71	100	14
71	100	15
71	100	16
71	100	17
71	100	18
71	100	19
71	101	12
71	101	13
71	101	14
71	101	15
71	101	16
71	101	17
71	101	18
71	101	19
71	102	12
71	102	13
71	102	14
71	102	15
71	102	16
71	102	17
71	102	18
71	102	19
71	103	12
71	103	13
71	103	14
71	103	15
71	103	16
71	103	17
71	103	18
71	103	19
71	104	12
71	104	13
71	104	14
71	104	15
71	104	16
71	104	17
71	104	18
71	104	19
71	105	13
71	105	14
71	105	15
71	105	16
71	105	17
71	105	18
71	105	19
71	106	13
71	106	14
71	106	15
71	106	16
71	106	17
71	106	18
71	106	19
71	106	20
71	107	13
71	107	14
71	107	15
71	107	16
71	107	17
71	107	18
71	107	19
71	107	20
71	107	21
71	107	22
71	108	14
71	108	15
71	108	16
71	108	17
71	108	18
71	108	19
71	108	20
71	108	21
71	108	22
71	108	23
71	109	14
71	109	15
71	109	16
71	109	17
71	109	18
71	109	19
71	109	20
71	109	21
71	109	22
71	109	23
71	109	24
71	109	25
71	110	14
71	110	15
71	110	16
71	110	17
71	110	18
71	110	19
71	110	20
71	110	21
71	110	22
71	110	23
71	110	24
71	110	25
71	111	14
71	111	15
71	111	16
71	111	17
71	111	18
71	111	19
71	111	20
71	111	21
71	111	22
71	111	23
71	111	24
71	112	15
71	112	16
71	112	17
71	112	18
71	112	19
71	112	20
71	112	21
71	112	22
71	112	23
71	112	24
71	113	15
71	113	16
71	113	17
71	113	18
71	113	19
71	113	20
71	113	21
71	113	22
71	113	23
71	113	24
71	114	15
71	114	16
71	114	17
71	114	18
71	114	19
71	114	20
71	114	21
71	114	22
71	114	23
71	115	15
71	115	16
71	115	17
71	115	18
71	115	19
71	115	20
71	115	21
71	115	22
71	115	23
71	116	16
71	116	17
71	116	18
71	116	19
71	116	20
71	116	21
71	116	22
71	116	23
71	116	26
71	117	17
71	117	18
71	117	19
71	117	20
71	117	21
71	117	22
71	117	23
71	117	24
71	117	25
71	117	26
71	118	21
71	118	22
71	118	23
71	118	24
71	118	25
71	118	26
71	119	23
71	119	24
71	119	25
71	119	26
72	96	15
72	97	14
72	97	15
72	97	16
72	98	12
72	98	13
72	98	14
72	98	15
72	98	16
72	98	17
72	99	12
72	99	13
72	99	14
72	99	15
72	99	16
72	99	17
72	99	18
72	100	12
72	100	13
72	100	14
72	100	15
72	100	16
72	100	17
72	100	18
72	101	12
72	101	13
72	101	14
72	101	15
72	101	16
72	101	17
72	101	18
72	102	12
72	102	13
72	102	14
72	102	15
72	102	16
72	102	17
72	102	18
72	103	12
72	103	13
72	103	14
72	103	15
72	103	16
72	103	17
72	103	18
72	104	12
72	104	13
72	104	14
72	104	15
72	104	16
72	104	17
72	104	18
72	105	13
72	105	14
72	105	15
72	105	16
72	105	17
72	105	18
72	105	19
72	105	20
72	106	13
72	106	14
72	106	15
72	106	16
72	106	17
72	106	18
72	106	19
72	106	20
72	106	21
72	106	22
72	106	23
72	107	13
72	107	14
72	107	15
72	107	16
72	107	17
72	107	18
72	107	19
72	107	20
72	107	21
72	107	22
72	107	23
72	108	14
72	108	15
72	108	16
72	108	17
72	108	18
72	108	19
72	108	20
72	108	21
72	108	22
72	108	23
72	109	14
72	109	15
72	109	16
72	109	17
72	109	18
72	109	19
72	109	20
72	109	21
72	109	22
72	109	23
72	109	24
72	110	14
72	110	15
72	110	16
72	110	17
72	110	18
72	110	19
72	110	20
72	110	21
72	110	22
72	110	23
72	110	24
72	110	25
72	111	15
72	111	16
72	111	17
72	111	18
72	111	19
72	111	20
72	111	21
72	111	22
72	111	23
72	111	24
72	111	25
72	112	15
72	112	16
72	112	17
72	112	18
72	112	19
72	112	20
72	112	21
72	112	22
72	112	23
72	112	24
72	112	25
72	113	15
72	113	16
72	113	17
72	113	18
72	113	19
72	113	20
72	113	21
72	113	22
72	113	23
72	113	24
72	113	25
72	114	15
72	114	16
72	114	17
72	114	18
72	114	19
72	114	20
72	114	21
72	114	22
72	114	23
72	114	24
72	114	25
72	114	26
72	115	16
72	115	17
72	115	18
72	115	19
72	115	20
72	115	21
72	115	22
72	115	23
72	115	24
72	115	25
72	115	26
72	115	27
72	116	17
72	116	18
72	116	19
72	116	20
72	116	21
72	116	22
72	116	23
72	116	24
72	116	25
72	116	26
72	116	27
72	117	18
72	117	19
72	117	20
72	117	21
72	117	22
72	117	23
72	117	24
72	117	25
72	117	26
72	117	27
72	118	20
72	118	21
72	118	22
72	118	23
72	118	24
72	118	25
72	118	26
72	118	27
72	119	21
72	119	22
72	119	23
72	119	24
72	119	25
72	119	26
72	119	27
73	97	12
73	97	13
73	97	14
73	97	15
73	98	12
73	98	13
73	98	14
73	98	15
73	99	12
73	99	13
73	99	14
73	99	15
73	99	16
73	100	12
73	100	13
73	100	14
73	100	15
73	100	16
73	100	17
73	101	12
73	101	13
73	101	14
73	101	15
73	101	16
73	101	17
73	102	12
73	102	13
73	102	14
73	102	15
73	102	16
73	102	17
73	103	12
73	103	13
73	103	14
73	103	15
73	103	16
73	103	17
73	103	18
73	104	13
73	104	14
73	104	15
73	104	16
73	104	17
73	104	18
73	104	19
73	105	13
73	105	14
73	105	15
73	105	16
73	105	17
73	105	18
73	105	19
73	105	20
73	105	21
73	105	22
73	106	13
73	106	14
73	106	15
73	106	16
73	106	17
73	106	18
73	106	19
73	106	20
73	106	21
73	106	22
73	106	23
73	107	14
73	107	15
73	107	16
73	107	17
73	107	18
73	107	19
73	107	20
73	107	21
73	107	22
73	107	23
73	107	24
73	108	14
73	108	15
73	108	16
73	108	17
73	108	18
73	108	19
73	108	20
73	108	21
73	108	22
73	108	23
73	108	24
73	109	14
73	109	15
73	109	16
73	109	17
73	109	18
73	109	19
73	109	20
73	109	21
73	109	22
73	109	23
73	109	24
73	110	15
73	110	16
73	110	17
73	110	18
73	110	19
73	110	20
73	110	21
73	110	22
73	110	23
73	110	24
73	111	15
73	111	16
73	111	17
73	111	18
73	111	19
73	111	20
73	111	21
73	111	22
73	111	23
73	111	24
73	111	25
73	112	15
73	112	16
73	112	17
73	112	18
73	112	19
73	112	20
73	112	21
73	112	22
73	112	23
73	112	24
73	112	25
73	112	26
73	113	16
73	113	17
73	113	18
73	113	19
73	113	20
73	113	21
73	113	22
73	113	23
73	113	24
73	113	25
73	113	26
73	113	27
73	114	16
73	114	17
73	114	18
73	114	19
73	114	20
73	114	21
73	114	22
73	114	23
73	114	24
73	114	25
73	114	26
73	114	27
73	114	28
73	115	17
73	115	18
73	115	19
73	115	20
73	115	21
73	115	22
73	115	23
73	115	24
73	115	25
73	115	26
73	115	27
73	116	18
73	116	19
73	116	20
73	116	21
73	116	22
73	116	23
73	116	24
73	116	25
73	116	26
73	116	27
73	116	28
73	117	19
73	117	20
73	117	21
73	117	22
73	117	23
73	117	24
73	117	25
73	117	26
73	117	27
73	117	28
73	118	20
73	118	21
73	118	22
73	118	23
73	118	24
73	118	25
73	118	26
73	118	27
73	118	28
73	119	20
73	119	21
73	119	22
73	119	23
73	119	24
73	119	25
73	119	26
74	96	13
74	96	14
74	97	12
74	97	13
74	97	14
74	97	15
74	98	12
74	98	13
74	98	14
74	98	15
74	98	16
74	99	12
74	99	13
74	99	14
74	99	15
74	99	16
74	100	12
74	100	13
74	100	14
74	100	15
74	100	16
74	101	12
74	101	13
74	101	14
74	101	15
74	101	16
74	101	17
74	102	12
74	102	13
74	102	14
74	102	15
74	102	16
74	102	17
74	102	18
74	103	13
74	103	14
74	103	15
74	103	16
74	103	17
74	103	18
74	103	19
74	104	13
74	104	14
74	104	15
74	104	16
74	104	17
74	104	18
74	104	19
74	104	20
74	104	21
74	104	22
74	105	13
74	105	14
74	105	15
74	105	16
74	105	17
74	105	18
74	105	19
74	105	20
74	105	21
74	105	22
74	105	23
74	106	13
74	106	14
74	106	15
74	106	16
74	106	17
74	106	18
74	106	19
74	106	20
74	106	21
74	106	22
74	106	23
74	106	24
74	107	14
74	107	15
74	107	16
74	107	17
74	107	18
74	107	19
74	107	20
74	107	21
74	107	22
74	107	23
74	107	24
74	108	14
74	108	15
74	108	16
74	108	17
74	108	18
74	108	19
74	108	20
74	108	21
74	108	22
74	108	23
74	108	24
74	109	15
74	109	16
74	109	17
74	109	18
74	109	19
74	109	20
74	109	21
74	109	22
74	109	23
74	109	24
74	110	15
74	110	16
74	110	17
74	110	18
74	110	19
74	110	20
74	110	21
74	110	22
74	110	23
74	110	24
74	111	15
74	111	16
74	111	17
74	111	18
74	111	19
74	111	20
74	111	21
74	111	22
74	111	23
74	111	24
74	111	25
74	112	16
74	112	17
74	112	18
74	112	19
74	112	20
74	112	21
74	112	22
74	112	23
74	112	24
74	112	25
74	112	26
74	112	27
74	112	28
74	112	29
74	112	30
74	112	31
74	113	16
74	113	17
74	113	18
74	113	19
74	113	20
74	113	21
74	113	22
74	113	23
74	113	24
74	113	25
74	113	26
74	113	27
74	113	28
74	113	29
74	113	30
74	114	17
74	114	18
74	114	19
74	114	20
74	114	21
74	114	22
74	114	23
74	114	24
74	114	25
74	114	26
74	114	27
74	114	28
74	115	17
74	115	18
74	115	19
74	115	20
74	115	21
74	115	22
74	115	23
74	115	24
74	115	25
74	115	26
74	115	27
74	115	28
74	116	18
74	116	19
74	116	20
74	116	21
74	116	22
74	116	23
74	116	24
74	116	25
74	116	26
74	116	27
74	116	28
74	117	19
74	117	20
74	117	21
74	117	22
74	117	23
74	117	24
74	117	25
74	117	26
74	117	27
74	117	28
74	118	20
74	118	21
74	118	22
74	118	23
74	118	24
74	118	25
74	118	26
74	118	27
74	118	28
74	119	20
74	119	21
74	119	22
74	119	23
74	119	24
74	119	25
74	119	26
75	96	13
75	96	14
75	96	15
75	97	12
75	97	13
75	97	14
75	97	15
75	97	16
75	98	12
75	98	13
75	98	14
75	98	15
75	98	16
75	99	12
75	99	13
75	99	14
75	99	15
75	99	16
75	99	17
75	100	12
75	100	13
75	100	14
75	100	15
75	100	16
75	100	17
75	101	12
75	101	13
75	101	14
75	101	15
75	101	16
75	101	17
75	101	18
75	102	13
75	102	14
75	102	15
75	102	16
75	102	17
75	102	18
75	103	13
75	103	14
75	103	15
75	103	16
75	103	17
75	103	18
75	103	19
75	103	20
75	104	13
75	104	14
75	104	15
75	104	16
75	104	17
75	104	18
75	104	19
75	104	20
75	104	21
75	104	22
75	104	23
75	105	13
75	105	14
75	105	15
75	105	16
75	105	17
75	105	18
75	105	19
75	105	20
75	105	21
75	105	22
75	105	23
75	105	24
75	106	14
75	106	15
75	106	16
75	106	17
75	106	18
75	106	19
75	106	20
75	106	21
75	106	22
75	106	23
75	106	24
75	107	14
75	107	15
75	107	16
75	107	17
75	107	18
75	107	19
75	107	20
75	107	21
75	107	22
75	107	23
75	107	24
75	108	14
75	108	15
75	108	16
75	108	17
75	108	18
75	108	19
75	108	20
75	108	21
75	108	22
75	108	23
75	108	24
75	109	15
75	109	16
75	109	17
75	109	18
75	109	19
75	109	20
75	109	21
75	109	22
75	109	23
75	109	24
75	110	15
75	110	16
75	110	17
75	110	18
75	110	19
75	110	20
75	110	21
75	110	22
75	110	23
75	110	24
75	111	16
75	111	17
75	111	18
75	111	19
75	111	20
75	111	21
75	111	22
75	111	23
75	111	24
75	111	25
75	111	26
75	111	33
75	112	16
75	112	17
75	112	18
75	112	19
75	112	20
75	112	21
75	112	22
75	112	23
75	112	24
75	112	25
75	112	26
75	112	27
75	112	28
75	112	29
75	112	30
75	112	31
75	113	17
75	113	18
75	113	19
75	113	20
75	113	21
75	113	22
75	113	23
75	113	24
75	113	25
75	113	26
75	113	27
75	113	28
75	113	29
75	113	30
75	114	17
75	114	18
75	114	19
75	114	20
75	114	21
75	114	22
75	114	23
75	114	24
75	114	25
75	114	26
75	114	27
75	114	28
75	114	29
75	115	18
75	115	19
75	115	20
75	115	21
75	115	22
75	115	23
75	115	24
75	115	25
75	115	26
75	115	27
75	115	28
75	115	29
75	116	19
75	116	20
75	116	21
75	116	22
75	116	23
75	116	24
75	116	25
75	116	26
75	116	27
75	116	28
75	116	29
75	117	19
75	117	20
75	117	21
75	117	22
75	117	23
75	117	24
75	117	25
75	117	26
75	117	27
75	117	28
75	117	29
75	118	20
75	118	21
75	118	22
75	118	23
75	118	24
75	118	25
75	118	26
75	118	27
75	118	28
75	119	20
75	119	21
75	119	22
75	119	23
75	119	24
75	119	25
76	95	13
76	95	14
76	95	15
76	95	16
76	96	13
76	96	14
76	96	15
76	96	16
76	97	13
76	97	14
76	97	15
76	97	16
76	97	17
76	98	13
76	98	14
76	98	15
76	98	16
76	98	17
76	99	13
76	99	14
76	99	15
76	99	16
76	99	17
76	100	13
76	100	14
76	100	15
76	100	16
76	100	17
76	100	18
76	101	13
76	101	14
76	101	15
76	101	16
76	101	17
76	101	18
76	102	13
76	102	14
76	102	15
76	102	16
76	102	17
76	102	18
76	102	19
76	103	13
76	103	14
76	103	15
76	103	16
76	103	17
76	103	18
76	103	19
76	103	20
76	103	21
76	103	22
76	103	23
76	104	13
76	104	14
76	104	15
76	104	16
76	104	17
76	104	18
76	104	19
76	104	20
76	104	21
76	104	22
76	104	23
76	104	24
76	105	13
76	105	14
76	105	15
76	105	16
76	105	17
76	105	18
76	105	19
76	105	20
76	105	21
76	105	22
76	105	23
76	105	24
76	106	14
76	106	15
76	106	16
76	106	17
76	106	18
76	106	19
76	106	20
76	106	21
76	106	22
76	106	23
76	106	24
76	107	14
76	107	15
76	107	16
76	107	17
76	107	18
76	107	19
76	107	20
76	107	21
76	107	22
76	107	23
76	107	24
76	108	15
76	108	16
76	108	17
76	108	18
76	108	19
76	108	20
76	108	21
76	108	22
76	108	23
76	108	24
76	109	15
76	109	16
76	109	17
76	109	18
76	109	19
76	109	20
76	109	21
76	109	22
76	109	23
76	109	24
76	110	15
76	110	16
76	110	17
76	110	18
76	110	19
76	110	20
76	110	21
76	110	22
76	110	23
76	110	24
76	110	25
76	111	16
76	111	17
76	111	18
76	111	19
76	111	20
76	111	21
76	111	22
76	111	23
76	111	24
76	111	25
76	111	26
76	111	27
76	111	28
76	111	29
76	111	30
76	111	33
76	112	16
76	112	17
76	112	18
76	112	19
76	112	20
76	112	21
76	112	22
76	112	23
76	112	24
76	112	25
76	112	26
76	112	27
76	112	28
76	112	29
76	112	30
76	112	32
76	113	17
76	113	18
76	113	19
76	113	20
76	113	21
76	113	22
76	113	23
76	113	24
76	113	25
76	113	26
76	113	27
76	113	28
76	113	29
76	113	30
76	114	18
76	114	19
76	114	20
76	114	21
76	114	22
76	114	23
76	114	24
76	114	25
76	114	26
76	114	27
76	114	28
76	114	29
76	114	30
76	115	19
76	115	20
76	115	21
76	115	22
76	115	23
76	115	24
76	115	25
76	115	26
76	115	27
76	115	28
76	115	29
76	115	30
76	116	19
76	116	20
76	116	21
76	116	22
76	116	23
76	116	24
76	116	25
76	116	26
76	116	27
76	116	28
76	116	29
76	116	30
76	117	19
76	117	20
76	117	21
76	117	22
76	117	23
76	117	24
76	117	25
76	117	26
76	117	27
76	117	28
76	117	29
76	117	30
76	118	20
76	118	21
76	118	22
76	118	23
76	118	24
76	118	25
76	118	26
76	118	27
76	119	20
76	119	21
76	119	22
76	119	23
76	119	24
76	119	25
77	94	15
77	94	16
77	95	13
77	95	14
77	95	15
77	95	16
77	95	17
77	96	13
77	96	14
77	96	15
77	96	16
77	96	17
77	96	18
77	97	13
77	97	14
77	97	15
77	97	16
77	97	17
77	97	18
77	98	13
77	98	14
77	98	15
77	98	16
77	98	17
77	98	18
77	99	13
77	99	14
77	99	15
77	99	16
77	99	17
77	99	18
77	100	13
77	100	14
77	100	15
77	100	16
77	100	17
77	100	18
77	101	13
77	101	14
77	101	15
77	101	16
77	101	17
77	101	18
77	102	13
77	102	14
77	102	15
77	102	16
77	102	17
77	102	18
77	102	19
77	102	20
77	102	21
77	102	22
77	102	23
77	103	13
77	103	14
77	103	15
77	103	16
77	103	17
77	103	18
77	103	19
77	103	20
77	103	21
77	103	22
77	103	23
77	104	13
77	104	14
77	104	15
77	104	16
77	104	17
77	104	18
77	104	19
77	104	20
77	104	21
77	104	22
77	104	23
77	104	24
77	105	14
77	105	15
77	105	16
77	105	17
77	105	18
77	105	19
77	105	20
77	105	21
77	105	22
77	105	23
77	105	24
77	106	14
77	106	15
77	106	16
77	106	17
77	106	18
77	106	19
77	106	20
77	106	21
77	106	22
77	106	23
77	106	24
77	107	14
77	107	15
77	107	16
77	107	17
77	107	18
77	107	19
77	107	20
77	107	21
77	107	22
77	107	23
77	107	24
77	108	15
77	108	16
77	108	17
77	108	18
77	108	19
77	108	20
77	108	21
77	108	22
77	108	23
77	108	24
77	109	15
77	109	16
77	109	17
77	109	18
77	109	19
77	109	20
77	109	21
77	109	22
77	109	23
77	109	24
77	110	16
77	110	17
77	110	18
77	110	19
77	110	20
77	110	21
77	110	22
77	110	23
77	111	16
77	111	17
77	111	18
77	111	19
77	111	20
77	111	21
77	111	22
77	111	23
77	111	24
77	111	25
77	111	26
77	111	27
77	111	28
77	111	33
77	112	17
77	112	18
77	112	19
77	112	20
77	112	21
77	112	22
77	112	23
77	112	24
77	112	25
77	112	26
77	112	27
77	112	28
77	112	29
77	112	32
77	113	18
77	113	19
77	113	20
77	113	21
77	113	22
77	113	23
77	113	24
77	113	25
77	113	26
77	113	27
77	113	28
77	113	29
77	113	31
77	114	18
77	114	19
77	114	20
77	114	21
77	114	22
77	114	23
77	114	24
77	114	25
77	114	26
77	114	27
77	114	28
77	114	29
77	114	30
77	114	31
77	115	19
77	115	20
77	115	21
77	115	22
77	115	23
77	115	24
77	115	25
77	115	26
77	115	27
77	115	28
77	115	29
77	115	30
77	115	31
77	116	19
77	116	20
77	116	21
77	116	22
77	116	23
77	116	24
77	116	25
77	116	26
77	116	27
77	116	28
77	116	29
77	116	30
77	116	31
77	117	20
77	117	21
77	117	22
77	117	23
77	117	24
77	117	25
77	117	26
77	117	27
77	117	28
77	117	29
77	117	30
77	118	20
77	118	21
77	118	22
77	118	23
77	118	24
77	118	25
77	118	26
77	118	27
77	119	21
77	119	22
77	119	23
77	119	24
78	94	14
78	94	15
78	94	16
78	94	17
78	94	18
78	95	13
78	95	14
78	95	15
78	95	16
78	95	17
78	95	18
78	95	19
78	96	13
78	96	14
78	96	15
78	96	16
78	96	17
78	96	18
78	96	19
78	97	13
78	97	14
78	97	15
78	97	16
78	97	17
78	97	18
78	97	19
78	98	13
78	98	14
78	98	15
78	98	16
78	98	17
78	98	18
78	99	13
78	99	14
78	99	15
78	99	16
78	99	17
78	99	18
78	100	13
78	100	14
78	100	15
78	100	16
78	100	17
78	100	18
78	101	13
78	101	14
78	101	15
78	101	16
78	101	17
78	101	18
78	102	13
78	102	14
78	102	15
78	102	16
78	102	17
78	102	18
78	102	19
78	103	13
78	103	14
78	103	15
78	103	16
78	103	17
78	103	18
78	103	19
78	103	20
78	103	21
78	103	22
78	103	23
78	104	13
78	104	14
78	104	15
78	104	16
78	104	17
78	104	18
78	104	19
78	104	20
78	104	21
78	104	22
78	104	23
78	105	14
78	105	15
78	105	16
78	105	17
78	105	18
78	105	19
78	105	20
78	105	21
78	105	22
78	105	23
78	105	24
78	106	14
78	106	15
78	106	16
78	106	17
78	106	18
78	106	19
78	106	20
78	106	21
78	106	22
78	106	23
78	106	24
78	107	15
78	107	16
78	107	17
78	107	18
78	107	19
78	107	20
78	107	21
78	107	22
78	107	23
78	107	24
78	108	15
78	108	16
78	108	17
78	108	18
78	108	19
78	108	20
78	108	21
78	108	22
78	108	23
78	108	24
78	109	16
78	109	17
78	109	18
78	109	19
78	109	20
78	109	21
78	109	22
78	109	23
78	110	16
78	110	17
78	110	18
78	110	19
78	110	20
78	110	21
78	110	22
78	111	17
78	111	18
78	111	19
78	111	20
78	111	21
78	111	33
78	112	18
78	112	19
78	112	20
78	112	21
78	112	22
78	112	23
78	112	24
78	112	25
78	112	26
78	112	27
78	112	32
78	113	19
78	113	20
78	113	21
78	113	22
78	113	23
78	113	24
78	113	25
78	113	26
78	113	27
78	113	28
78	113	31
78	113	32
78	114	19
78	114	20
78	114	21
78	114	22
78	114	23
78	114	24
78	114	25
78	114	26
78	114	27
78	114	28
78	114	31
78	114	32
78	115	19
78	115	20
78	115	21
78	115	22
78	115	23
78	115	24
78	115	25
78	115	26
78	115	27
78	115	28
78	115	31
78	115	32
78	116	20
78	116	21
78	116	22
78	116	23
78	116	24
78	116	25
78	116	26
78	116	27
78	116	28
78	116	29
78	116	30
78	116	31
78	116	32
78	117	20
78	117	21
78	117	22
78	117	23
78	117	24
78	117	25
78	117	26
78	117	27
78	117	28
78	117	29
78	117	30
78	118	20
78	118	21
78	118	22
78	118	23
78	118	24
78	118	25
78	118	26
78	118	27
79	94	14
79	94	15
79	94	16
79	94	17
79	94	18
79	94	19
79	94	20
79	95	14
79	95	15
79	95	16
79	95	17
79	95	18
79	95	19
79	95	20
79	95	21
79	96	13
79	96	14
79	96	15
79	96	16
79	96	17
79	96	18
79	96	19
79	96	20
79	97	13
79	97	14
79	97	15
79	97	16
79	97	17
79	97	18
79	97	19
79	98	13
79	98	14
79	98	15
79	98	16
79	98	17
79	98	18
79	99	13
79	99	14
79	99	15
79	99	16
79	99	17
79	99	18
79	100	13
79	100	14
79	100	15
79	100	16
79	100	17
79	100	18
79	101	13
79	101	14
79	101	15
79	101	16
79	101	17
79	101	18
79	102	13
79	102	14
79	102	15
79	102	16
79	102	17
79	102	18
79	102	19
79	103	13
79	103	14
79	103	15
79	103	16
79	103	17
79	103	18
79	103	19
79	103	20
79	104	13
79	104	14
79	104	15
79	104	16
79	104	17
79	104	18
79	104	19
79	104	20
79	104	21
79	104	22
79	104	23
79	105	14
79	105	15
79	105	16
79	105	17
79	105	18
79	105	19
79	105	20
79	105	21
79	105	22
79	105	23
79	106	14
79	106	15
79	106	16
79	106	17
79	106	18
79	106	19
79	106	20
79	106	21
79	106	22
79	106	23
79	106	24
79	107	15
79	107	16
79	107	17
79	107	18
79	107	19
79	107	20
79	107	21
79	107	22
79	107	23
79	107	24
79	108	15
79	108	16
79	108	17
79	108	18
79	108	19
79	108	20
79	108	21
79	108	22
79	108	23
79	109	16
79	109	17
79	109	18
79	109	19
79	109	20
79	109	21
79	109	22
79	110	17
79	110	18
79	110	19
79	110	20
79	110	21
79	110	34
79	111	18
79	111	19
79	111	20
79	111	33
79	112	19
79	112	20
79	112	32
79	112	33
79	113	19
79	113	20
79	113	21
79	113	22
79	113	23
79	113	24
79	113	25
79	113	26
79	113	32
79	113	33
79	114	20
79	114	21
79	114	22
79	114	23
79	114	24
79	114	25
79	114	26
79	114	27
79	114	32
79	114	33
79	115	20
79	115	21
79	115	22
79	115	23
79	115	24
79	115	25
79	115	26
79	115	27
79	115	32
79	115	33
79	116	20
79	116	21
79	116	22
79	116	23
79	116	24
79	116	25
79	116	26
79	116	27
79	116	28
79	116	32
79	117	20
79	117	21
79	117	22
79	117	23
79	117	24
79	117	25
79	117	26
79	117	27
79	117	28
79	117	29
79	117	30
79	118	21
79	118	22
79	118	23
79	118	24
79	118	25
79	118	26
80	95	14
80	95	15
80	95	16
80	95	17
80	95	18
80	95	19
80	95	20
80	96	13
80	96	14
80	96	15
80	96	16
80	96	17
80	96	18
80	96	19
80	96	20
80	97	13
80	97	14
80	97	15
80	97	16
80	97	17
80	97	18
80	97	19
80	98	13
80	98	14
80	98	15
80	98	16
80	98	17
80	98	18
80	99	12
80	99	13
80	99	14
80	99	15
80	99	16
80	99	17
80	99	18
80	100	12
80	100	13
80	100	14
80	100	15
80	100	16
80	100	17
80	100	18
80	101	12
80	101	13
80	101	14
80	101	15
80	101	16
80	101	17
80	101	18
80	102	13
80	102	14
80	102	15
80	102	16
80	102	17
80	102	18
80	102	19
80	103	13
80	103	14
80	103	15
80	103	16
80	103	17
80	103	18
80	103	19
80	103	20
80	104	13
80	104	14
80	104	15
80	104	16
80	104	17
80	104	18
80	104	19
80	104	20
80	104	21
80	104	22
80	105	14
80	105	15
80	105	16
80	105	17
80	105	18
80	105	19
80	105	20
80	105	21
80	105	22
80	105	23
80	106	14
80	106	15
80	106	16
80	106	17
80	106	18
80	106	19
80	106	20
80	106	21
80	106	22
80	106	23
80	106	24
80	107	15
80	107	16
80	107	17
80	107	18
80	107	19
80	107	20
80	107	21
80	107	22
80	107	23
80	108	16
80	108	17
80	108	18
80	108	19
80	108	20
80	108	21
80	108	22
80	109	16
80	109	17
80	109	18
80	109	19
80	109	20
80	109	21
80	110	17
80	110	18
80	110	19
80	110	20
80	111	19
80	111	33
80	112	19
80	112	33
80	112	34
80	113	20
80	113	33
80	113	34
80	114	20
80	114	21
80	114	22
80	114	23
80	114	24
80	114	25
80	114	26
80	114	33
80	115	20
80	115	21
80	115	22
80	115	23
80	115	24
80	115	25
80	115	26
80	115	27
80	115	33
80	116	20
80	116	21
80	116	22
80	116	23
80	116	24
80	116	25
80	116	26
80	116	27
80	116	28
80	117	20
80	117	21
80	117	22
80	117	23
80	117	24
80	117	25
80	117	26
80	117	27
80	117	28
80	117	29
80	118	21
80	118	22
80	118	23
80	118	24
80	118	25
81	95	14
81	96	14
81	96	15
81	96	16
81	96	17
81	96	18
81	96	19
81	97	13
81	97	14
81	97	15
81	97	16
81	97	17
81	97	18
81	97	19
81	98	13
81	98	14
81	98	15
81	98	16
81	98	17
81	98	18
81	99	12
81	99	13
81	99	14
81	99	15
81	99	16
81	99	17
81	99	18
81	100	12
81	100	13
81	100	14
81	100	15
81	100	16
81	100	17
81	100	18
81	101	12
81	101	13
81	101	14
81	101	15
81	101	16
81	101	17
81	101	18
81	101	19
81	102	12
81	102	13
81	102	14
81	102	15
81	102	16
81	102	17
81	102	18
81	102	19
81	103	13
81	103	14
81	103	15
81	103	16
81	103	17
81	103	18
81	103	19
81	103	20
81	104	13
81	104	14
81	104	15
81	104	16
81	104	17
81	104	18
81	104	19
81	104	20
81	104	21
81	105	14
81	105	15
81	105	16
81	105	17
81	105	18
81	105	19
81	105	20
81	105	21
81	105	22
81	105	23
81	106	15
81	106	16
81	106	17
81	106	18
81	106	19
81	106	20
81	106	21
81	106	22
81	106	23
81	106	24
81	107	15
81	107	16
81	107	17
81	107	18
81	107	19
81	107	20
81	107	21
81	107	22
81	107	23
81	108	16
81	108	17
81	108	18
81	108	19
81	108	20
81	108	21
81	109	17
81	109	18
81	109	19
81	109	20
81	110	19
81	110	20
81	115	27
81	116	22
81	116	23
81	116	24
81	116	25
81	116	26
81	116	27
81	116	28
81	117	20
81	117	21
81	117	22
81	117	23
81	117	24
81	117	25
81	117	26
81	117	27
81	117	28
81	117	29
81	118	21
81	118	22
81	118	23
81	118	24
81	118	25
82	95	14
82	96	14
82	96	15
82	97	13
82	97	14
82	97	15
82	97	16
82	97	17
82	97	18
82	98	13
82	98	14
82	98	15
82	98	16
82	98	17
82	98	18
82	98	19
82	99	12
82	99	13
82	99	14
82	99	15
82	99	16
82	99	17
82	99	18
82	99	19
82	100	12
82	100	13
82	100	14
82	100	15
82	100	16
82	100	17
82	100	18
82	100	19
82	101	12
82	101	13
82	101	14
82	101	15
82	101	16
82	101	17
82	101	18
82	101	19
82	102	13
82	102	14
82	102	15
82	102	16
82	102	17
82	102	18
82	102	19
82	102	20
82	103	13
82	103	14
82	103	15
82	103	16
82	103	17
82	103	18
82	103	19
82	103	20
82	103	21
82	104	13
82	104	14
82	104	15
82	104	16
82	104	17
82	104	18
82	104	19
82	104	20
82	104	21
82	105	14
82	105	15
82	105	16
82	105	17
82	105	18
82	105	19
82	105	20
82	105	21
82	105	22
82	106	15
82	106	16
82	106	17
82	106	18
82	106	19
82	106	20
82	106	21
82	106	22
82	106	23
82	106	24
82	107	15
82	107	16
82	107	17
82	107	18
82	107	19
82	107	20
82	107	21
82	107	22
82	108	16
82	108	17
82	108	18
82	108	19
82	108	20
82	108	21
82	109	17
82	109	18
82	109	19
82	109	20
82	117	23
82	117	24
82	117	25
82	117	26
82	117	27
82	117	28
82	117	29
82	118	23
82	118	24
82	118	25
83	95	14
83	96	14
83	96	15
83	97	13
83	97	14
83	97	15
83	97	16
83	98	13
83	98	14
83	98	15
83	98	16
83	98	17
83	98	18
83	99	12
83	99	13
83	99	14
83	99	15
83	99	16
83	99	17
83	99	18
83	100	12
83	100	13
83	100	14
83	100	15
83	100	16
83	100	17
83	100	18
83	101	13
83	101	14
83	101	15
83	101	16
83	101	17
83	101	18
83	101	19
83	102	13
83	102	14
83	102	15
83	102	16
83	102	17
83	102	18
83	102	19
83	102	20
83	103	13
83	103	14
83	103	15
83	103	16
83	103	17
83	103	18
83	103	19
83	103	20
83	103	21
83	104	14
83	104	15
83	104	16
83	104	17
83	104	18
83	104	19
83	104	20
83	104	21
83	104	22
83	105	14
83	105	15
83	105	16
83	105	17
83	105	18
83	105	19
83	105	20
83	105	21
83	105	22
83	106	15
83	106	16
83	106	17
83	106	18
83	106	19
83	106	20
83	106	21
83	106	22
83	106	23
83	107	16
83	107	17
83	107	18
83	107	19
83	107	20
83	107	21
83	108	17
83	108	18
83	108	19
83	108	20
84	96	14
84	96	15
84	97	14
84	97	15
84	97	16
84	98	13
84	98	14
84	98	15
84	98	16
84	98	17
84	99	13
84	99	14
84	99	15
84	99	16
84	99	17
84	100	13
84	100	14
84	100	15
84	100	16
84	100	17
84	100	18
84	101	13
84	101	14
84	101	15
84	101	16
84	101	17
84	101	18
84	101	19
84	102	13
84	102	14
84	102	15
84	102	16
84	102	17
84	102	18
84	102	19
84	102	20
84	103	14
84	103	15
84	103	16
84	103	17
84	103	18
84	103	19
84	103	20
84	103	21
84	104	14
84	104	15
84	104	16
84	104	17
84	104	18
84	104	19
84	104	20
84	104	21
84	104	22
84	105	14
84	105	15
84	105	16
84	105	17
84	105	18
84	105	19
84	105	20
84	105	21
84	105	22
84	105	23
84	106	15
84	106	16
84	106	17
84	106	18
84	106	19
84	106	20
84	106	21
84	106	22
84	106	23
84	107	16
84	107	17
84	107	18
84	107	19
84	107	20
84	107	21
84	108	17
84	108	18
84	108	19
84	108	20
85	96	15
85	97	14
85	97	15
85	97	16
85	98	13
85	98	14
85	98	15
85	98	16
85	98	17
85	99	13
85	99	14
85	99	15
85	99	16
85	99	17
85	100	13
85	100	14
85	100	15
85	100	16
85	100	17
85	100	18
85	101	13
85	101	14
85	101	15
85	101	16
85	101	17
85	101	18
85	101	19
85	102	14
85	102	15
85	102	16
85	102	17
85	102	18
85	102	19
85	102	20
85	103	14
85	103	15
85	103	16
85	103	17
85	103	18
85	103	19
85	103	20
85	103	21
85	104	14
85	104	15
85	104	16
85	104	17
85	104	18
85	104	19
85	104	20
85	104	21
85	104	22
85	105	15
85	105	16
85	105	17
85	105	18
85	105	19
85	105	20
85	105	21
85	105	22
85	105	23
85	106	15
85	106	16
85	106	17
85	106	18
85	106	19
85	106	20
85	106	21
85	106	22
85	107	17
85	107	18
85	107	19
85	107	20
85	107	21
85	108	19
86	96	15
86	97	14
86	97	15
86	97	16
86	98	14
86	98	15
86	98	16
86	99	14
86	99	15
86	99	16
86	100	13
86	100	14
86	100	15
86	100	16
86	101	14
86	101	15
86	101	16
86	101	17
86	101	18
86	101	19
86	102	14
86	102	15
86	102	16
86	102	17
86	102	18
86	102	19
86	102	20
86	103	14
86	103	15
86	103	16
86	103	17
86	103	18
86	103	19
86	103	20
86	103	21
86	104	15
86	104	16
86	104	17
86	104	18
86	104	19
86	104	20
86	104	21
86	104	22
86	105	15
86	105	16
86	105	17
86	105	18
86	105	19
86	105	20
86	105	21
86	105	22
86	105	23
86	106	16
86	106	17
86	106	18
86	106	19
86	106	20
86	106	21
86	107	17
86	107	18
86	107	19
86	107	20
87	96	15
87	97	15
87	98	14
87	98	15
87	99	14
87	99	15
87	100	14
87	100	15
87	101	14
87	101	15
87	102	14
87	102	15
87	102	16
87	102	17
87	102	18
87	102	19
87	102	20
87	103	15
87	103	16
87	103	17
87	103	18
87	103	19
87	103	20
87	103	21
87	104	15
87	104	16
87	104	17
87	104	18
87	104	19
87	104	20
87	104	21
87	104	22
87	105	16
87	105	17
87	105	18
87	105	19
87	105	20
87	105	21
87	105	22
87	106	17
87	106	18
87	106	19
87	106	20
87	107	18
87	107	19
88	101	14
88	103	15
88	103	16
88	103	17
88	103	18
88	103	19
88	103	20
88	103	21
88	104	16
88	104	17
88	104	18
88	104	19
88	104	20
88	104	21
88	105	17
88	105	18
88	105	19
88	105	20
88	106	17
88	106	18
88	106	19
88	107	18
88	107	19
89	104	16
89	104	17
89	104	18
89	104	19
89	104	20
89	105	17
89	105	18
89	105	19
89	105	20
89	106	18
89	106	19
89	107	18
90	105	18
90	105	19
90	106	18
90	106	19
91	106	18
