#i	j	k
76	76	108
76	77	107
77	74	110
77	74	111
77	75	108
77	75	109
77	75	110
77	76	107
77	76	108
77	76	109
77	77	106
77	77	107
77	77	108
77	78	106
77	78	107
77	79	106
78	73	110
78	73	111
78	73	112
78	74	109
78	74	110
78	74	111
78	74	112
78	75	107
78	75	108
78	75	109
78	75	110
78	75	111
78	76	106
78	76	107
78	76	108
78	76	109
78	76	110
78	77	104
78	77	105
78	77	106
78	77	107
78	77	108
78	77	109
78	78	103
78	78	104
78	78	105
78	78	106
78	78	107
78	78	108
78	79	105
78	79	106
78	79	107
78	80	105
78	80	106
78	81	105
79	69	118
79	72	111
79	72	112
79	72	113
79	72	114
79	73	109
79	73	110
79	73	111
79	73	112
79	73	113
79	73	114
79	74	108
79	74	109
79	74	110
79	74	111
79	74	112
79	74	113
79	75	106
79	75	107
79	75	108
79	75	109
79	75	110
79	75	111
79	75	112
79	76	104
79	76	105
79	76	106
79	76	107
79	76	108
79	76	109
79	76	110
79	76	111
79	77	102
79	77	103
79	77	104
79	77	105
79	77	106
79	77	107
79	77	108
79	77	109
79	77	110
79	78	102
79	78	103
79	78	104
79	78	105
79	78	106
79	78	107
79	78	108
79	78	109
79	79	104
79	79	105
79	79	106
79	79	107
79	79	108
79	80	104
79	80	105
79	80	106
79	80	107
79	81	104
79	81	105
79	81	106
79	82	104
80	68	118
80	69	117
80	69	118
80	69	119
80	69	120
80	70	114
80	70	115
80	70	116
80	70	117
80	70	118
80	70	119
80	70	120
80	71	111
80	71	112
80	71	113
80	71	114
80	71	115
80	71	116
80	71	117
80	71	118
80	71	119
80	72	110
80	72	111
80	72	112
80	72	113
80	72	114
80	72	115
80	72	116
80	72	117
80	73	108
80	73	109
80	73	110
80	73	111
80	73	112
80	73	113
80	73	114
80	73	115
80	74	107
80	74	108
80	74	109
80	74	110
80	74	111
80	74	112
80	74	113
80	74	114
80	75	104
80	75	105
80	75	106
80	75	107
80	75	108
80	75	109
80	75	110
80	75	111
80	75	112
80	75	113
80	76	102
80	76	103
80	76	104
80	76	105
80	76	106
80	76	107
80	76	108
80	76	109
80	76	110
80	76	111
80	76	112
80	77	100
80	77	101
80	77	102
80	77	103
80	77	104
80	77	105
80	77	106
80	77	107
80	77	108
80	77	109
80	77	110
80	78	103
80	78	104
80	78	105
80	78	106
80	78	107
80	78	108
80	78	109
80	79	103
80	79	104
80	79	105
80	79	106
80	79	107
80	79	108
80	80	103
80	80	104
80	80	105
80	80	106
80	80	107
80	80	108
80	81	103
80	81	104
80	81	105
80	81	106
80	81	107
80	82	103
80	82	104
80	82	105
80	83	103
80	83	104
80	84	103
81	69	116
81	69	117
81	69	118
81	69	119
81	69	120
81	70	112
81	70	113
81	70	114
81	70	115
81	70	116
81	70	117
81	70	118
81	70	119
81	70	120
81	71	110
81	71	111
81	71	112
81	71	113
81	71	114
81	71	115
81	71	116
81	71	117
81	71	118
81	71	119
81	71	120
81	72	109
81	72	110
81	72	111
81	72	112
81	72	113
81	72	114
81	72	115
81	72	116
81	72	117
81	72	118
81	72	119
81	73	107
81	73	108
81	73	109
81	73	110
81	73	111
81	73	112
81	73	113
81	73	114
81	73	115
81	73	116
81	73	117
81	74	105
81	74	106
81	74	107
81	74	108
81	74	109
81	74	110
81	74	111
81	74	112
81	74	113
81	74	114
81	74	115
81	74	116
81	75	102
81	75	103
81	75	104
81	75	105
81	75	106
81	75	107
81	75	108
81	75	109
81	75	110
81	75	111
81	75	112
81	75	113
81	75	114
81	76	100
81	76	101
81	76	102
81	76	103
81	76	104
81	76	105
81	76	106
81	76	107
81	76	108
81	76	109
81	76	110
81	76	111
81	76	112
81	77	98
81	77	99
81	77	100
81	77	101
81	77	102
81	77	103
81	77	104
81	77	105
81	77	106
81	77	107
81	77	108
81	77	109
81	77	110
81	77	111
81	78	96
81	78	97
81	78	98
81	78	99
81	78	100
81	78	101
81	78	102
81	78	103
81	78	104
81	78	105
81	78	106
81	78	107
81	78	108
81	78	109
81	78	110
81	79	102
81	79	103
81	79	104
81	79	105
81	79	106
81	79	107
81	79	108
81	79	109
81	80	102
81	80	103
81	80	104
81	80	105
81	80	106
81	80	107
81	80	108
81	81	102
81	81	103
81	81	104
81	81	105
81	81	106
81	81	107
81	82	102
81	82	103
81	82	104
81	82	105
81	82	106
81	83	102
81	83	103
81	83	104
81	83	105
81	84	103
82	69	114
82	69	115
82	69	116
82	69	117
82	69	118
82	69	119
82	69	120
82	69	121
82	70	111
82	70	112
82	70	113
82	70	114
82	70	115
82	70	116
82	70	117
82	70	118
82	70	119
82	70	120
82	70	121
82	71	110
82	71	111
82	71	112
82	71	113
82	71	114
82	71	115
82	71	116
82	71	117
82	71	118
82	71	119
82	71	120
82	72	108
82	72	109
82	72	110
82	72	111
82	72	112
82	72	113
82	72	114
82	72	115
82	72	116
82	72	117
82	72	118
82	72	119
82	72	120
82	73	105
82	73	106
82	73	107
82	73	108
82	73	109
82	73	110
82	73	111
82	73	112
82	73	113
82	73	114
82	73	115
82	73	116
82	73	117
82	73	118
82	73	119
82	74	103
82	74	104
82	74	105
82	74	106
82	74	107
82	74	108
82	74	109
82	74	110
82	74	111
82	74	112
82	74	113
82	74	114
82	74	115
82	74	116
82	74	117
82	75	101
82	75	102
82	75	103
82	75	104
82	75	105
82	75	106
82	75	107
82	75	108
82	75	109
82	75	110
82	75	111
82	75	112
82	75	113
82	75	114
82	75	115
82	76	99
82	76	100
82	76	101
82	76	102
82	76	103
82	76	104
82	76	105
82	76	106
82	76	107
82	76	108
82	76	109
82	76	110
82	76	111
82	76	112
82	76	113
82	77	97
82	77	98
82	77	99
82	77	100
82	77	101
82	77	102
82	77	103
82	77	104
82	77	105
82	77	106
82	77	107
82	77	108
82	77	109
82	77	110
82	77	111
82	77	112
82	78	95
82	78	96
82	78	97
82	78	98
82	78	99
82	78	100
82	78	101
82	78	102
82	78	103
82	78	104
82	78	105
82	78	106
82	78	107
82	78	108
82	78	109
82	78	110
82	78	111
82	79	95
82	79	96
82	79	97
82	79	98
82	79	99
82	79	100
82	79	101
82	79	102
82	79	103
82	79	104
82	79	105
82	79	106
82	79	107
82	79	108
82	79	109
82	80	101
82	80	102
82	80	103
82	80	104
82	80	105
82	80	106
82	80	107
82	80	108
82	81	101
82	81	102
82	81	103
82	81	104
82	81	105
82	81	106
82	81	107
82	81	108
82	82	101
82	82	102
82	82	103
82	82	104
82	82	105
82	82	106
82	82	107
82	83	102
82	83	103
82	83	104
82	83	105
82	83	106
82	84	103
82	84	104
83	69	113
83	69	114
83	69	115
83	69	116
83	69	117
83	69	118
83	69	119
83	69	120
83	69	121
83	70	111
83	70	112
83	70	113
83	70	114
83	70	115
83	70	116
83	70	117
83	70	118
83	70	119
83	70	120
83	70	121
83	71	108
83	71	109
83	71	110
83	71	111
83	71	112
83	71	113
83	71	114
83	71	115
83	71	116
83	71	117
83	71	118
83	71	119
83	71	120
83	71	121
83	72	106
83	72	107
83	72	108
83	72	109
83	72	110
83	72	111
83	72	112
83	72	113
83	72	114
83	72	115
83	72	116
83	72	117
83	72	118
83	72	119
83	72	120
83	73	104
83	73	105
83	73	106
83	73	107
83	73	108
83	73	109
83	73	110
83	73	111
83	73	112
83	73	113
83	73	114
83	73	115
83	73	116
83	73	117
83	73	118
83	73	119
83	74	101
83	74	102
83	74	103
83	74	104
83	74	105
83	74	106
83	74	107
83	74	108
83	74	109
83	74	110
83	74	111
83	74	112
83	74	113
83	74	114
83	74	115
83	74	116
83	74	117
83	74	118
83	75	100
83	75	101
83	75	102
83	75	103
83	75	104
83	75	105
83	75	106
83	75	107
83	75	108
83	75	109
83	75	110
83	75	111
83	75	112
83	75	113
83	75	114
83	75	115
83	75	116
83	76	98
83	76	99
83	76	100
83	76	101
83	76	102
83	76	103
83	76	104
83	76	105
83	76	106
83	76	107
83	76	108
83	76	109
83	76	110
83	76	111
83	76	112
83	76	113
83	76	114
83	76	115
83	77	95
83	77	96
83	77	97
83	77	98
83	77	99
83	77	100
83	77	101
83	77	102
83	77	103
83	77	104
83	77	105
83	77	106
83	77	107
83	77	108
83	77	109
83	77	110
83	77	111
83	77	112
83	77	113
83	78	94
83	78	95
83	78	96
83	78	97
83	78	98
83	78	99
83	78	100
83	78	101
83	78	102
83	78	103
83	78	104
83	78	105
83	78	106
83	78	107
83	78	108
83	78	109
83	78	110
83	78	111
83	79	94
83	79	95
83	79	96
83	79	97
83	79	98
83	79	99
83	79	100
83	79	101
83	79	102
83	79	103
83	79	104
83	79	105
83	79	106
83	79	107
83	79	108
83	79	109
83	79	110
83	80	94
83	80	96
83	80	97
83	80	98
83	80	99
83	80	100
83	80	101
83	80	102
83	80	103
83	80	104
83	80	105
83	80	106
83	80	107
83	80	108
83	80	109
83	81	100
83	81	101
83	81	102
83	81	103
83	81	104
83	81	105
83	81	106
83	81	107
83	81	108
83	82	101
83	82	102
83	82	103
83	82	104
83	82	105
83	82	106
83	82	107
83	83	102
83	83	103
83	83	104
83	83	105
83	83	106
83	84	103
83	84	104
83	84	105
84	69	111
84	69	112
84	69	113
84	69	114
84	69	115
84	69	116
84	69	117
84	69	118
84	69	119
84	69	120
84	70	109
84	70	110
84	70	111
84	70	112
84	70	113
84	70	114
84	70	115
84	70	116
84	70	117
84	70	118
84	70	119
84	70	120
84	71	106
84	71	107
84	71	108
84	71	109
84	71	110
84	71	111
84	71	112
84	71	113
84	71	114
84	71	115
84	71	116
84	71	117
84	71	118
84	71	119
84	71	120
84	71	121
84	72	104
84	72	105
84	72	106
84	72	107
84	72	108
84	72	109
84	72	110
84	72	111
84	72	112
84	72	113
84	72	114
84	72	115
84	72	116
84	72	117
84	72	118
84	72	119
84	72	120
84	72	121
84	73	102
84	73	103
84	73	104
84	73	105
84	73	106
84	73	107
84	73	108
84	73	109
84	73	110
84	73	111
84	73	112
84	73	113
84	73	114
84	73	115
84	73	116
84	73	117
84	73	118
84	73	119
84	73	120
84	74	100
84	74	101
84	74	102
84	74	103
84	74	104
84	74	105
84	74	106
84	74	107
84	74	108
84	74	109
84	74	110
84	74	111
84	74	112
84	74	113
84	74	114
84	74	115
84	74	116
84	74	117
84	74	118
84	74	119
84	75	99
84	75	100
84	75	101
84	75	102
84	75	103
84	75	104
84	75	105
84	75	106
84	75	107
84	75	108
84	75	109
84	75	110
84	75	111
84	75	112
84	75	113
84	75	114
84	75	115
84	75	116
84	75	117
84	76	97
84	76	98
84	76	99
84	76	100
84	76	101
84	76	102
84	76	103
84	76	104
84	76	105
84	76	106
84	76	107
84	76	108
84	76	109
84	76	110
84	76	111
84	76	112
84	76	113
84	76	114
84	76	115
84	76	116
84	77	94
84	77	95
84	77	96
84	77	97
84	77	98
84	77	99
84	77	100
84	77	101
84	77	102
84	77	103
84	77	104
84	77	105
84	77	106
84	77	107
84	77	108
84	77	109
84	77	110
84	77	111
84	77	112
84	77	113
84	77	114
84	78	93
84	78	94
84	78	95
84	78	96
84	78	97
84	78	98
84	78	99
84	78	100
84	78	101
84	78	102
84	78	103
84	78	104
84	78	105
84	78	106
84	78	107
84	78	108
84	78	109
84	78	110
84	78	111
84	78	112
84	79	93
84	79	94
84	79	95
84	79	96
84	79	97
84	79	98
84	79	99
84	79	100
84	79	101
84	79	102
84	79	103
84	79	104
84	79	105
84	79	106
84	79	107
84	79	108
84	79	109
84	79	110
84	79	111
84	80	94
84	80	95
84	80	96
84	80	97
84	80	98
84	80	99
84	80	100
84	80	101
84	80	102
84	80	103
84	80	104
84	80	105
84	80	106
84	80	107
84	80	108
84	80	109
84	81	96
84	81	97
84	81	98
84	81	99
84	81	100
84	81	101
84	81	102
84	81	103
84	81	104
84	81	105
84	81	106
84	81	107
84	81	108
84	82	100
84	82	101
84	82	102
84	82	103
84	82	104
84	82	105
84	82	106
84	82	107
84	83	102
84	83	103
84	83	104
84	83	105
84	83	106
84	83	107
84	84	103
84	84	104
84	84	105
85	67	110
85	67	111
85	67	112
85	67	113
85	68	109
85	68	110
85	68	111
85	68	112
85	68	113
85	68	114
85	69	106
85	69	107
85	69	108
85	69	109
85	69	110
85	69	111
85	69	112
85	69	113
85	69	114
85	69	115
85	69	116
85	69	117
85	69	118
85	70	105
85	70	106
85	70	107
85	70	108
85	70	109
85	70	110
85	70	111
85	70	112
85	70	113
85	70	114
85	70	115
85	70	116
85	70	117
85	70	118
85	70	119
85	70	120
85	71	104
85	71	105
85	71	106
85	71	107
85	71	108
85	71	109
85	71	110
85	71	111
85	71	112
85	71	113
85	71	114
85	71	115
85	71	116
85	71	117
85	71	118
85	71	119
85	71	120
85	71	121
85	72	102
85	72	103
85	72	104
85	72	105
85	72	106
85	72	107
85	72	108
85	72	109
85	72	110
85	72	111
85	72	112
85	72	113
85	72	114
85	72	115
85	72	116
85	72	117
85	72	118
85	72	119
85	72	120
85	72	121
85	73	101
85	73	102
85	73	103
85	73	104
85	73	105
85	73	106
85	73	107
85	73	108
85	73	109
85	73	110
85	73	111
85	73	112
85	73	113
85	73	114
85	73	115
85	73	116
85	73	117
85	73	118
85	73	119
85	73	120
85	73	121
85	74	100
85	74	101
85	74	102
85	74	103
85	74	104
85	74	105
85	74	106
85	74	107
85	74	108
85	74	109
85	74	110
85	74	111
85	74	112
85	74	113
85	74	114
85	74	115
85	74	116
85	74	117
85	74	118
85	74	119
85	74	120
85	75	98
85	75	99
85	75	100
85	75	101
85	75	102
85	75	103
85	75	104
85	75	105
85	75	106
85	75	107
85	75	108
85	75	109
85	75	110
85	75	111
85	75	112
85	75	113
85	75	114
85	75	115
85	75	116
85	75	117
85	75	118
85	76	96
85	76	97
85	76	98
85	76	99
85	76	100
85	76	101
85	76	102
85	76	103
85	76	104
85	76	105
85	76	106
85	76	107
85	76	108
85	76	109
85	76	110
85	76	111
85	76	112
85	76	113
85	76	114
85	76	115
85	76	116
85	77	93
85	77	94
85	77	95
85	77	96
85	77	97
85	77	98
85	77	99
85	77	100
85	77	101
85	77	102
85	77	103
85	77	104
85	77	105
85	77	106
85	77	107
85	77	108
85	77	109
85	77	110
85	77	111
85	77	112
85	77	113
85	77	114
85	77	115
85	78	92
85	78	93
85	78	94
85	78	95
85	78	96
85	78	97
85	78	98
85	78	99
85	78	100
85	78	101
85	78	102
85	78	103
85	78	104
85	78	105
85	78	106
85	78	107
85	78	108
85	78	109
85	78	110
85	78	111
85	78	112
85	78	113
85	79	93
85	79	94
85	79	95
85	79	96
85	79	97
85	79	98
85	79	99
85	79	100
85	79	101
85	79	102
85	79	103
85	79	104
85	79	105
85	79	106
85	79	107
85	79	108
85	79	109
85	79	110
85	79	111
85	79	112
85	80	93
85	80	94
85	80	95
85	80	96
85	80	97
85	80	98
85	80	99
85	80	100
85	80	101
85	80	102
85	80	103
85	80	104
85	80	105
85	80	106
85	80	107
85	80	108
85	80	109
85	80	110
85	81	94
85	81	95
85	81	96
85	81	97
85	81	98
85	81	99
85	81	100
85	81	101
85	81	102
85	81	103
85	81	104
85	81	105
85	81	106
85	81	107
85	81	108
85	81	109
85	82	96
85	82	97
85	82	98
85	82	99
85	82	100
85	82	101
85	82	102
85	82	103
85	82	104
85	82	105
85	82	106
85	82	107
85	82	108
85	83	101
85	83	102
85	83	103
85	83	104
85	83	105
85	83	106
85	83	107
85	84	103
85	84	104
85	84	105
85	84	106
86	65	111
86	66	110
86	66	111
86	66	112
86	66	113
86	66	114
86	66	115
86	67	109
86	67	110
86	67	111
86	67	112
86	67	113
86	67	114
86	68	108
86	68	109
86	68	110
86	68	111
86	68	112
86	68	113
86	68	114
86	68	115
86	68	116
86	69	104
86	69	105
86	69	106
86	69	107
86	69	108
86	69	109
86	69	110
86	69	111
86	69	112
86	69	113
86	69	114
86	69	115
86	69	116
86	69	117
86	70	102
86	70	103
86	70	104
86	70	105
86	70	106
86	70	107
86	70	108
86	70	109
86	70	110
86	70	111
86	70	112
86	70	113
86	70	114
86	70	115
86	70	116
86	70	117
86	70	118
86	70	119
86	70	120
86	71	102
86	71	103
86	71	104
86	71	105
86	71	106
86	71	107
86	71	108
86	71	109
86	71	110
86	71	111
86	71	112
86	71	113
86	71	114
86	71	115
86	71	116
86	71	117
86	71	118
86	71	119
86	71	120
86	71	121
86	72	101
86	72	102
86	72	103
86	72	104
86	72	105
86	72	106
86	72	107
86	72	108
86	72	109
86	72	110
86	72	111
86	72	112
86	72	113
86	72	114
86	72	115
86	72	116
86	72	117
86	72	118
86	72	119
86	72	120
86	72	121
86	72	122
86	73	100
86	73	101
86	73	102
86	73	103
86	73	104
86	73	105
86	73	106
86	73	107
86	73	108
86	73	109
86	73	110
86	73	111
86	73	112
86	73	113
86	73	114
86	73	115
86	73	116
86	73	117
86	73	118
86	73	119
86	73	120
86	73	121
86	73	122
86	74	99
86	74	100
86	74	101
86	74	102
86	74	103
86	74	104
86	74	105
86	74	106
86	74	107
86	74	108
86	74	109
86	74	110
86	74	111
86	74	112
86	74	113
86	74	114
86	74	115
86	74	116
86	74	117
86	74	118
86	74	119
86	74	120
86	74	121
86	75	98
86	75	99
86	75	100
86	75	101
86	75	102
86	75	103
86	75	104
86	75	105
86	75	106
86	75	107
86	75	108
86	75	109
86	75	110
86	75	111
86	75	112
86	75	113
86	75	114
86	75	115
86	75	116
86	75	117
86	75	118
86	75	119
86	76	95
86	76	96
86	76	97
86	76	98
86	76	99
86	76	100
86	76	101
86	76	102
86	76	103
86	76	104
86	76	105
86	76	106
86	76	107
86	76	108
86	76	109
86	76	110
86	76	111
86	76	112
86	76	113
86	76	114
86	76	115
86	76	116
86	76	117
86	77	92
86	77	93
86	77	94
86	77	95
86	77	96
86	77	97
86	77	98
86	77	99
86	77	100
86	77	101
86	77	102
86	77	103
86	77	104
86	77	105
86	77	106
86	77	107
86	77	108
86	77	109
86	77	110
86	77	111
86	77	112
86	77	113
86	77	114
86	77	115
86	78	91
86	78	92
86	78	93
86	78	94
86	78	95
86	78	96
86	78	97
86	78	98
86	78	99
86	78	100
86	78	101
86	78	102
86	78	103
86	78	104
86	78	105
86	78	106
86	78	107
86	78	108
86	78	109
86	78	110
86	78	111
86	78	112
86	78	113
86	78	114
86	79	92
86	79	93
86	79	94
86	79	95
86	79	96
86	79	97
86	79	98
86	79	99
86	79	100
86	79	101
86	79	102
86	79	103
86	79	104
86	79	105
86	79	106
86	79	107
86	79	108
86	79	109
86	79	110
86	79	111
86	79	112
86	80	92
86	80	93
86	80	94
86	80	95
86	80	96
86	80	97
86	80	98
86	80	99
86	80	100
86	80	101
86	80	102
86	80	103
86	80	104
86	80	105
86	80	106
86	80	107
86	80	108
86	80	109
86	80	110
86	80	111
86	81	93
86	81	94
86	81	95
86	81	96
86	81	97
86	81	98
86	81	99
86	81	100
86	81	101
86	81	102
86	81	103
86	81	104
86	81	105
86	81	106
86	81	107
86	81	108
86	81	109
86	81	110
86	82	94
86	82	95
86	82	96
86	82	97
86	82	98
86	82	99
86	82	100
86	82	101
86	82	102
86	82	103
86	82	104
86	82	105
86	82	106
86	82	107
86	82	108
86	83	95
86	83	96
86	83	97
86	83	98
86	83	99
86	83	100
86	83	101
86	83	102
86	83	103
86	83	104
86	83	105
86	83	106
86	83	107
86	84	102
86	84	103
86	84	104
86	84	105
86	84	106
87	61	112
87	62	112
87	63	112
87	64	112
87	65	111
87	65	112
87	65	113
87	65	114
87	66	109
87	66	110
87	66	111
87	66	112
87	66	113
87	66	114
87	66	115
87	67	108
87	67	109
87	67	110
87	67	111
87	67	112
87	67	113
87	67	114
87	67	115
87	68	106
87	68	107
87	68	108
87	68	109
87	68	110
87	68	111
87	68	112
87	68	113
87	68	114
87	68	115
87	68	116
87	69	103
87	69	104
87	69	105
87	69	106
87	69	107
87	69	108
87	69	109
87	69	110
87	69	111
87	69	112
87	69	113
87	69	114
87	69	115
87	69	116
87	69	117
87	70	101
87	70	102
87	70	103
87	70	104
87	70	105
87	70	106
87	70	107
87	70	108
87	70	109
87	70	110
87	70	111
87	70	112
87	70	113
87	70	114
87	70	115
87	70	116
87	70	117
87	70	118
87	70	119
87	70	120
87	71	100
87	71	101
87	71	102
87	71	103
87	71	104
87	71	105
87	71	106
87	71	107
87	71	108
87	71	109
87	71	110
87	71	111
87	71	112
87	71	113
87	71	114
87	71	115
87	71	116
87	71	117
87	71	118
87	71	119
87	71	120
87	71	121
87	72	100
87	72	101
87	72	102
87	72	103
87	72	104
87	72	105
87	72	106
87	72	107
87	72	108
87	72	109
87	72	110
87	72	111
87	72	112
87	72	113
87	72	114
87	72	115
87	72	116
87	72	117
87	72	118
87	72	119
87	72	120
87	72	121
87	72	122
87	73	99
87	73	100
87	73	101
87	73	102
87	73	103
87	73	104
87	73	105
87	73	106
87	73	107
87	73	108
87	73	109
87	73	110
87	73	111
87	73	112
87	73	113
87	73	114
87	73	115
87	73	116
87	73	117
87	73	118
87	73	119
87	73	120
87	73	121
87	73	122
87	74	98
87	74	99
87	74	100
87	74	101
87	74	102
87	74	103
87	74	104
87	74	105
87	74	106
87	74	107
87	74	108
87	74	109
87	74	110
87	74	111
87	74	112
87	74	113
87	74	114
87	74	115
87	74	116
87	74	117
87	74	118
87	74	119
87	74	120
87	74	121
87	74	122
87	75	97
87	75	98
87	75	99
87	75	100
87	75	101
87	75	102
87	75	103
87	75	104
87	75	105
87	75	106
87	75	107
87	75	108
87	75	109
87	75	110
87	75	111
87	75	112
87	75	113
87	75	114
87	75	115
87	75	116
87	75	117
87	75	118
87	75	119
87	75	120
87	76	93
87	76	94
87	76	95
87	76	96
87	76	97
87	76	98
87	76	99
87	76	100
87	76	101
87	76	102
87	76	103
87	76	104
87	76	105
87	76	106
87	76	107
87	76	108
87	76	109
87	76	110
87	76	111
87	76	112
87	76	113
87	76	114
87	76	115
87	76	116
87	76	117
87	76	118
87	77	91
87	77	92
87	77	93
87	77	94
87	77	95
87	77	96
87	77	97
87	77	98
87	77	99
87	77	100
87	77	101
87	77	102
87	77	103
87	77	104
87	77	105
87	77	106
87	77	107
87	77	108
87	77	109
87	77	110
87	77	111
87	77	112
87	77	113
87	77	114
87	77	115
87	77	116
87	78	90
87	78	91
87	78	92
87	78	93
87	78	94
87	78	95
87	78	96
87	78	97
87	78	98
87	78	99
87	78	100
87	78	101
87	78	102
87	78	103
87	78	104
87	78	105
87	78	106
87	78	107
87	78	108
87	78	109
87	78	110
87	78	111
87	78	112
87	78	113
87	78	114
87	79	90
87	79	91
87	79	92
87	79	93
87	79	94
87	79	95
87	79	96
87	79	97
87	79	98
87	79	99
87	79	100
87	79	101
87	79	102
87	79	103
87	79	104
87	79	105
87	79	106
87	79	107
87	79	108
87	79	109
87	79	110
87	79	111
87	79	112
87	79	113
87	80	91
87	80	92
87	80	93
87	80	94
87	80	95
87	80	96
87	80	97
87	80	98
87	80	99
87	80	100
87	80	101
87	80	102
87	80	103
87	80	104
87	80	105
87	80	106
87	80	107
87	80	108
87	80	109
87	80	110
87	80	111
87	81	93
87	81	94
87	81	95
87	81	96
87	81	97
87	81	98
87	81	99
87	81	100
87	81	101
87	81	102
87	81	103
87	81	104
87	81	105
87	81	106
87	81	107
87	81	108
87	81	109
87	81	110
87	82	94
87	82	95
87	82	96
87	82	97
87	82	98
87	82	99
87	82	100
87	82	101
87	82	102
87	82	103
87	82	104
87	82	105
87	82	106
87	82	107
87	82	108
87	82	109
87	83	96
87	83	97
87	83	98
87	83	99
87	83	100
87	83	101
87	83	102
87	83	103
87	83	104
87	83	105
87	83	106
87	83	107
87	84	97
87	84	98
87	84	99
87	84	100
87	84	101
87	84	102
87	84	103
87	84	104
87	84	105
87	84	106
88	61	112
88	61	113
88	62	112
88	62	113
88	63	111
88	63	112
88	63	113
88	64	111
88	64	112
88	64	113
88	65	110
88	65	111
88	65	112
88	65	113
88	65	114
88	65	115
88	66	108
88	66	109
88	66	110
88	66	111
88	66	112
88	66	113
88	66	114
88	66	115
88	67	107
88	67	108
88	67	109
88	67	110
88	67	111
88	67	112
88	67	113
88	67	114
88	67	115
88	68	105
88	68	106
88	68	107
88	68	108
88	68	109
88	68	110
88	68	111
88	68	112
88	68	113
88	68	114
88	68	115
88	68	116
88	69	102
88	69	103
88	69	104
88	69	105
88	69	106
88	69	107
88	69	108
88	69	109
88	69	110
88	69	111
88	69	112
88	69	113
88	69	114
88	69	115
88	69	116
88	69	117
88	70	100
88	70	101
88	70	102
88	70	103
88	70	104
88	70	105
88	70	106
88	70	107
88	70	108
88	70	109
88	70	110
88	70	111
88	70	112
88	70	113
88	70	114
88	70	115
88	70	116
88	70	117
88	70	118
88	70	119
88	70	120
88	71	99
88	71	100
88	71	101
88	71	102
88	71	103
88	71	104
88	71	105
88	71	106
88	71	107
88	71	108
88	71	109
88	71	110
88	71	111
88	71	112
88	71	113
88	71	114
88	71	115
88	71	116
88	71	117
88	71	118
88	71	119
88	71	120
88	71	121
88	72	99
88	72	100
88	72	101
88	72	102
88	72	103
88	72	104
88	72	105
88	72	106
88	72	107
88	72	108
88	72	109
88	72	110
88	72	111
88	72	112
88	72	113
88	72	114
88	72	115
88	72	116
88	72	117
88	72	118
88	72	119
88	72	120
88	72	121
88	72	122
88	73	98
88	73	99
88	73	100
88	73	101
88	73	102
88	73	103
88	73	104
88	73	105
88	73	106
88	73	107
88	73	108
88	73	109
88	73	110
88	73	111
88	73	112
88	73	113
88	73	114
88	73	115
88	73	116
88	73	117
88	73	118
88	73	119
88	73	120
88	73	121
88	73	122
88	74	98
88	74	99
88	74	100
88	74	101
88	74	102
88	74	103
88	74	104
88	74	105
88	74	106
88	74	107
88	74	108
88	74	109
88	74	110
88	74	111
88	74	112
88	74	113
88	74	114
88	74	115
88	74	116
88	74	117
88	74	118
88	74	119
88	74	120
88	74	121
88	74	122
88	75	97
88	75	98
88	75	99
88	75	100
88	75	101
88	75	102
88	75	103
88	75	104
88	75	105
88	75	106
88	75	107
88	75	108
88	75	109
88	75	110
88	75	111
88	75	112
88	75	113
88	75	114
88	75	115
88	75	116
88	75	117
88	75	118
88	75	119
88	75	120
88	75	121
88	76	91
88	76	92
88	76	93
88	76	94
88	76	95
88	76	96
88	76	97
88	76	98
88	76	99
88	76	100
88	76	101
88	76	102
88	76	103
88	76	104
88	76	105
88	76	106
88	76	107
88	76	108
88	76	109
88	76	110
88	76	111
88	76	112
88	76	113
88	76	114
88	76	115
88	76	116
88	76	117
88	76	118
88	77	90
88	77	91
88	77	92
88	77	93
88	77	94
88	77	95
88	77	96
88	77	97
88	77	98
88	77	99
88	77	100
88	77	101
88	77	102
88	77	103
88	77	104
88	77	105
88	77	106
88	77	107
88	77	108
88	77	109
88	77	110
88	77	111
88	77	112
88	77	113
88	77	114
88	77	115
88	77	116
88	78	89
88	78	90
88	78	91
88	78	92
88	78	93
88	78	94
88	78	95
88	78	96
88	78	97
88	78	98
88	78	99
88	78	100
88	78	101
88	78	102
88	78	103
88	78	104
88	78	105
88	78	106
88	78	107
88	78	108
88	78	109
88	78	110
88	78	111
88	78	112
88	78	113
88	78	114
88	78	115
88	79	88
88	79	89
88	79	90
88	79	91
88	79	92
88	79	93
88	79	94
88	79	95
88	79	96
88	79	97
88	79	98
88	79	99
88	79	100
88	79	101
88	79	102
88	79	103
88	79	104
88	79	105
88	79	106
88	79	107
88	79	108
88	79	109
88	79	110
88	79	111
88	79	112
88	79	113
88	80	89
88	80	90
88	80	91
88	80	92
88	80	93
88	80	94
88	80	95
88	80	96
88	80	97
88	80	98
88	80	99
88	80	100
88	80	101
88	80	102
88	80	103
88	80	104
88	80	105
88	80	106
88	80	107
88	80	108
88	80	109
88	80	110
88	80	111
88	80	112
88	81	91
88	81	92
88	81	93
88	81	94
88	81	95
88	81	96
88	81	97
88	81	98
88	81	99
88	81	100
88	81	101
88	81	102
88	81	103
88	81	104
88	81	105
88	81	106
88	81	107
88	81	108
88	81	109
88	81	110
88	81	111
88	82	94
88	82	95
88	82	96
88	82	97
88	82	98
88	82	99
88	82	100
88	82	101
88	82	102
88	82	103
88	82	104
88	82	105
88	82	106
88	82	107
88	82	108
88	82	109
88	83	97
88	83	98
88	83	99
88	83	100
88	83	101
88	83	102
88	83	103
88	83	104
88	83	105
88	83	106
88	83	107
88	83	108
88	84	99
88	84	100
88	84	101
88	84	102
88	84	103
88	84	104
88	84	105
88	84	106
89	61	112
89	61	113
89	62	111
89	62	112
89	62	113
89	62	114
89	63	111
89	63	112
89	63	113
89	63	114
89	64	110
89	64	111
89	64	112
89	64	113
89	64	114
89	65	109
89	65	110
89	65	111
89	65	112
89	65	113
89	65	114
89	65	115
89	66	108
89	66	109
89	66	110
89	66	111
89	66	112
89	66	113
89	66	114
89	66	115
89	67	107
89	67	108
89	67	109
89	67	110
89	67	111
89	67	112
89	67	113
89	67	114
89	67	115
89	68	104
89	68	105
89	68	106
89	68	107
89	68	108
89	68	109
89	68	110
89	68	111
89	68	112
89	68	113
89	68	114
89	68	115
89	68	116
89	69	101
89	69	102
89	69	103
89	69	104
89	69	105
89	69	106
89	69	107
89	69	108
89	69	109
89	69	110
89	69	111
89	69	112
89	69	113
89	69	114
89	69	115
89	69	116
89	69	117
89	70	99
89	70	100
89	70	101
89	70	102
89	70	103
89	70	104
89	70	105
89	70	106
89	70	107
89	70	108
89	70	109
89	70	110
89	70	111
89	70	112
89	70	113
89	70	114
89	70	115
89	70	116
89	70	117
89	70	118
89	70	119
89	70	120
89	71	98
89	71	99
89	71	100
89	71	101
89	71	102
89	71	103
89	71	104
89	71	105
89	71	106
89	71	107
89	71	108
89	71	109
89	71	110
89	71	111
89	71	112
89	71	113
89	71	114
89	71	115
89	71	116
89	71	117
89	71	118
89	71	119
89	71	120
89	71	121
89	72	98
89	72	99
89	72	100
89	72	101
89	72	102
89	72	103
89	72	104
89	72	105
89	72	106
89	72	107
89	72	108
89	72	109
89	72	110
89	72	111
89	72	112
89	72	113
89	72	114
89	72	115
89	72	116
89	72	117
89	72	118
89	72	119
89	72	120
89	72	121
89	72	122
89	73	98
89	73	99
89	73	100
89	73	101
89	73	102
89	73	103
89	73	104
89	73	105
89	73	106
89	73	107
89	73	108
89	73	109
89	73	110
89	73	111
89	73	112
89	73	113
89	73	114
89	73	115
89	73	116
89	73	117
89	73	118
89	73	119
89	73	120
89	73	121
89	73	122
89	73	123
89	74	97
89	74	98
89	74	99
89	74	100
89	74	101
89	74	102
89	74	103
89	74	104
89	74	105
89	74	106
89	74	107
89	74	108
89	74	109
89	74	110
89	74	111
89	74	112
89	74	113
89	74	114
89	74	115
89	74	116
89	74	117
89	74	118
89	74	119
89	74	120
89	74	121
89	74	122
89	74	123
89	75	96
89	75	97
89	75	98
89	75	99
89	75	100
89	75	101
89	75	102
89	75	103
89	75	104
89	75	105
89	75	106
89	75	107
89	75	108
89	75	109
89	75	110
89	75	111
89	75	112
89	75	113
89	75	114
89	75	115
89	75	116
89	75	117
89	75	118
89	75	119
89	75	120
89	75	121
89	75	122
89	76	90
89	76	91
89	76	92
89	76	93
89	76	94
89	76	95
89	76	96
89	76	97
89	76	98
89	76	99
89	76	100
89	76	101
89	76	102
89	76	103
89	76	104
89	76	105
89	76	106
89	76	107
89	76	108
89	76	109
89	76	110
89	76	111
89	76	112
89	76	113
89	76	114
89	76	115
89	76	116
89	76	117
89	76	118
89	77	89
89	77	90
89	77	91
89	77	92
89	77	93
89	77	94
89	77	95
89	77	96
89	77	97
89	77	98
89	77	99
89	77	100
89	77	101
89	77	102
89	77	103
89	77	104
89	77	105
89	77	106
89	77	107
89	77	108
89	77	109
89	77	110
89	77	111
89	77	112
89	77	113
89	77	114
89	77	115
89	77	116
89	78	87
89	78	88
89	78	89
89	78	90
89	78	91
89	78	92
89	78	93
89	78	94
89	78	95
89	78	96
89	78	97
89	78	98
89	78	99
89	78	100
89	78	101
89	78	102
89	78	103
89	78	104
89	78	105
89	78	106
89	78	107
89	78	108
89	78	109
89	78	110
89	78	111
89	78	112
89	78	113
89	78	114
89	78	115
89	79	86
89	79	87
89	79	88
89	79	89
89	79	90
89	79	91
89	79	92
89	79	93
89	79	94
89	79	95
89	79	96
89	79	97
89	79	98
89	79	99
89	79	100
89	79	101
89	79	102
89	79	103
89	79	104
89	79	105
89	79	106
89	79	107
89	79	108
89	79	109
89	79	110
89	79	111
89	79	112
89	79	113
89	79	114
89	80	85
89	80	86
89	80	87
89	80	88
89	80	89
89	80	90
89	80	91
89	80	92
89	80	93
89	80	94
89	80	95
89	80	96
89	80	97
89	80	98
89	80	99
89	80	100
89	80	101
89	80	102
89	80	103
89	80	104
89	80	105
89	80	106
89	80	107
89	80	108
89	80	109
89	80	110
89	80	111
89	80	112
89	81	86
89	81	87
89	81	88
89	81	89
89	81	90
89	81	91
89	81	92
89	81	93
89	81	94
89	81	95
89	81	96
89	81	97
89	81	98
89	81	99
89	81	100
89	81	101
89	81	102
89	81	103
89	81	104
89	81	105
89	81	106
89	81	107
89	81	108
89	81	109
89	81	110
89	81	111
89	82	86
89	82	87
89	82	88
89	82	89
89	82	90
89	82	91
89	82	92
89	82	93
89	82	94
89	82	95
89	82	96
89	82	97
89	82	98
89	82	99
89	82	100
89	82	101
89	82	102
89	82	103
89	82	104
89	82	105
89	82	106
89	82	107
89	82	108
89	82	109
89	82	110
89	83	87
89	83	88
89	83	98
89	83	99
89	83	100
89	83	101
89	83	102
89	83	103
89	83	104
89	83	105
89	83	106
89	83	107
89	83	108
89	84	87
89	84	100
89	84	101
89	84	102
89	84	103
89	84	104
89	84	105
89	84	106
90	60	113
90	61	112
90	61	113
90	62	111
90	62	112
90	62	113
90	62	114
90	62	115
90	63	110
90	63	111
90	63	112
90	63	113
90	63	114
90	63	115
90	64	110
90	64	111
90	64	112
90	64	113
90	64	114
90	64	115
90	65	109
90	65	110
90	65	111
90	65	112
90	65	113
90	65	114
90	65	115
90	66	107
90	66	108
90	66	109
90	66	110
90	66	111
90	66	112
90	66	113
90	66	114
90	66	115
90	67	106
90	67	107
90	67	108
90	67	109
90	67	110
90	67	111
90	67	112
90	67	113
90	67	114
90	67	115
90	68	103
90	68	104
90	68	105
90	68	106
90	68	107
90	68	108
90	68	109
90	68	110
90	68	111
90	68	112
90	68	113
90	68	114
90	68	115
90	68	116
90	69	100
90	69	101
90	69	102
90	69	103
90	69	104
90	69	105
90	69	106
90	69	107
90	69	108
90	69	109
90	69	110
90	69	111
90	69	112
90	69	113
90	69	114
90	69	115
90	69	116
90	69	117
90	70	99
90	70	100
90	70	101
90	70	102
90	70	103
90	70	104
90	70	105
90	70	106
90	70	107
90	70	108
90	70	109
90	70	110
90	70	111
90	70	112
90	70	113
90	70	114
90	70	115
90	70	116
90	70	117
90	70	118
90	70	119
90	71	97
90	71	98
90	71	99
90	71	100
90	71	101
90	71	102
90	71	103
90	71	104
90	71	105
90	71	106
90	71	107
90	71	108
90	71	109
90	71	110
90	71	111
90	71	112
90	71	113
90	71	114
90	71	115
90	71	116
90	71	117
90	71	118
90	71	119
90	71	120
90	71	121
90	72	97
90	72	98
90	72	99
90	72	100
90	72	101
90	72	102
90	72	103
90	72	104
90	72	105
90	72	106
90	72	107
90	72	108
90	72	109
90	72	110
90	72	111
90	72	112
90	72	113
90	72	114
90	72	115
90	72	116
90	72	117
90	72	118
90	72	119
90	72	120
90	72	121
90	72	122
90	73	97
90	73	98
90	73	99
90	73	100
90	73	101
90	73	102
90	73	103
90	73	104
90	73	105
90	73	106
90	73	107
90	73	108
90	73	109
90	73	110
90	73	111
90	73	112
90	73	113
90	73	114
90	73	115
90	73	116
90	73	117
90	73	118
90	73	119
90	73	120
90	73	121
90	73	122
90	73	123
90	74	97
90	74	98
90	74	99
90	74	100
90	74	101
90	74	102
90	74	103
90	74	104
90	74	105
90	74	106
90	74	107
90	74	108
90	74	109
90	74	110
90	74	111
90	74	112
90	74	113
90	74	114
90	74	115
90	74	116
90	74	117
90	74	118
90	74	119
90	74	120
90	74	121
90	74	122
90	74	123
90	75	95
90	75	96
90	75	97
90	75	98
90	75	99
90	75	100
90	75	101
90	75	102
90	75	103
90	75	104
90	75	105
90	75	106
90	75	107
90	75	108
90	75	109
90	75	110
90	75	111
90	75	112
90	75	113
90	75	114
90	75	115
90	75	116
90	75	117
90	75	118
90	75	119
90	75	120
90	75	121
90	75	122
90	75	123
90	76	89
90	76	90
90	76	91
90	76	92
90	76	93
90	76	94
90	76	95
90	76	96
90	76	97
90	76	98
90	76	99
90	76	100
90	76	101
90	76	102
90	76	103
90	76	104
90	76	105
90	76	106
90	76	107
90	76	108
90	76	109
90	76	110
90	76	111
90	76	112
90	76	113
90	76	114
90	76	115
90	76	116
90	76	117
90	76	118
90	76	119
90	77	87
90	77	88
90	77	89
90	77	90
90	77	91
90	77	92
90	77	93
90	77	94
90	77	95
90	77	96
90	77	97
90	77	98
90	77	99
90	77	100
90	77	101
90	77	102
90	77	103
90	77	104
90	77	105
90	77	106
90	77	107
90	77	108
90	77	109
90	77	110
90	77	111
90	77	112
90	77	113
90	77	114
90	77	115
90	77	116
90	77	117
90	78	86
90	78	87
90	78	88
90	78	89
90	78	90
90	78	91
90	78	92
90	78	93
90	78	94
90	78	95
90	78	96
90	78	97
90	78	98
90	78	99
90	78	100
90	78	101
90	78	102
90	78	103
90	78	104
90	78	105
90	78	106
90	78	107
90	78	108
90	78	109
90	78	110
90	78	111
90	78	112
90	78	113
90	78	114
90	78	115
90	79	86
90	79	87
90	79	88
90	79	89
90	79	90
90	79	91
90	79	92
90	79	93
90	79	94
90	79	95
90	79	96
90	79	97
90	79	98
90	79	99
90	79	100
90	79	101
90	79	102
90	79	103
90	79	104
90	79	105
90	79	106
90	79	107
90	79	108
90	79	109
90	79	110
90	79	111
90	79	112
90	79	113
90	79	114
90	80	86
90	80	87
90	80	88
90	80	89
90	80	90
90	80	91
90	80	92
90	80	93
90	80	94
90	80	95
90	80	96
90	80	97
90	80	98
90	80	99
90	80	100
90	80	101
90	80	102
90	80	103
90	80	104
90	80	105
90	80	106
90	80	107
90	80	108
90	80	109
90	80	110
90	80	111
90	80	112
90	80	113
90	81	86
90	81	87
90	81	88
90	81	89
90	81	90
90	81	91
90	81	92
90	81	93
90	81	94
90	81	95
90	81	96
90	81	97
90	81	98
90	81	99
90	81	100
90	81	101
90	81	102
90	81	103
90	81	104
90	81	105
90	81	106
90	81	107
90	81	108
90	81	109
90	81	110
90	81	111
90	81	112
90	82	82
90	82	86
90	82	87
90	82	88
90	82	89
90	82	90
90	82	91
90	82	92
90	82	93
90	82	94
90	82	95
90	82	96
90	82	97
90	82	98
90	82	99
90	82	100
90	82	101
90	82	102
90	82	103
90	82	104
90	82	105
90	82	106
90	82	107
90	82	108
90	82	109
90	82	110
90	83	81
90	83	82
90	83	86
90	83	87
90	83	88
90	83	89
90	83	90
90	83	91
90	83	92
90	83	93
90	83	98
90	83	99
90	83	100
90	83	101
90	83	102
90	83	103
90	83	104
90	83	105
90	83	106
90	83	107
90	83	108
90	83	109
90	84	81
90	84	82
90	84	87
90	84	88
90	84	89
90	84	90
90	84	91
90	84	101
90	84	102
90	84	103
90	84	104
90	84	105
90	84	106
90	84	107
90	85	88
90	85	89
90	85	90
91	60	113
91	61	112
91	61	113
91	61	114
91	61	115
91	61	116
91	62	111
91	62	112
91	62	113
91	62	114
91	62	115
91	62	116
91	63	110
91	63	111
91	63	112
91	63	113
91	63	114
91	63	115
91	63	116
91	64	109
91	64	110
91	64	111
91	64	112
91	64	113
91	64	114
91	64	115
91	64	116
91	65	108
91	65	109
91	65	110
91	65	111
91	65	112
91	65	113
91	65	114
91	65	115
91	65	116
91	66	107
91	66	108
91	66	109
91	66	110
91	66	111
91	66	112
91	66	113
91	66	114
91	66	115
91	67	105
91	67	106
91	67	107
91	67	108
91	67	109
91	67	110
91	67	111
91	67	112
91	67	113
91	67	114
91	67	115
91	68	102
91	68	103
91	68	104
91	68	105
91	68	106
91	68	107
91	68	108
91	68	109
91	68	110
91	68	111
91	68	112
91	68	113
91	68	114
91	68	115
91	69	100
91	69	101
91	69	102
91	69	103
91	69	104
91	69	105
91	69	106
91	69	107
91	69	108
91	69	109
91	69	110
91	69	111
91	69	112
91	69	113
91	69	114
91	69	115
91	69	116
91	70	98
91	70	99
91	70	100
91	70	101
91	70	102
91	70	103
91	70	104
91	70	105
91	70	106
91	70	107
91	70	108
91	70	109
91	70	110
91	70	111
91	70	112
91	70	113
91	70	114
91	70	115
91	70	116
91	70	117
91	71	97
91	71	98
91	71	99
91	71	100
91	71	101
91	71	102
91	71	103
91	71	104
91	71	105
91	71	106
91	71	107
91	71	108
91	71	109
91	71	110
91	71	111
91	71	112
91	71	113
91	71	114
91	71	115
91	71	116
91	71	117
91	71	118
91	71	119
91	71	120
91	72	97
91	72	98
91	72	99
91	72	100
91	72	101
91	72	102
91	72	103
91	72	104
91	72	105
91	72	106
91	72	107
91	72	108
91	72	109
91	72	110
91	72	111
91	72	112
91	72	113
91	72	114
91	72	115
91	72	116
91	72	117
91	72	118
91	72	119
91	72	120
91	72	121
91	73	97
91	73	98
91	73	99
91	73	100
91	73	101
91	73	102
91	73	103
91	73	104
91	73	105
91	73	106
91	73	107
91	73	108
91	73	109
91	73	110
91	73	111
91	73	112
91	73	113
91	73	114
91	73	115
91	73	116
91	73	117
91	73	118
91	73	119
91	73	120
91	73	121
91	73	122
91	73	123
91	73	124
91	74	96
91	74	97
91	74	98
91	74	99
91	74	100
91	74	101
91	74	102
91	74	103
91	74	104
91	74	105
91	74	106
91	74	107
91	74	108
91	74	109
91	74	110
91	74	111
91	74	112
91	74	113
91	74	114
91	74	115
91	74	116
91	74	117
91	74	118
91	74	119
91	74	120
91	74	121
91	74	122
91	74	123
91	74	124
91	75	95
91	75	96
91	75	97
91	75	98
91	75	99
91	75	100
91	75	101
91	75	102
91	75	103
91	75	104
91	75	105
91	75	106
91	75	107
91	75	108
91	75	109
91	75	110
91	75	111
91	75	112
91	75	113
91	75	114
91	75	115
91	75	116
91	75	117
91	75	118
91	75	119
91	75	120
91	75	121
91	75	122
91	75	123
91	75	124
91	76	88
91	76	89
91	76	90
91	76	91
91	76	92
91	76	93
91	76	94
91	76	95
91	76	96
91	76	97
91	76	98
91	76	99
91	76	100
91	76	101
91	76	102
91	76	103
91	76	104
91	76	105
91	76	106
91	76	107
91	76	108
91	76	109
91	76	110
91	76	111
91	76	112
91	76	113
91	76	114
91	76	115
91	76	116
91	76	117
91	76	118
91	76	119
91	77	87
91	77	88
91	77	89
91	77	90
91	77	91
91	77	92
91	77	93
91	77	94
91	77	95
91	77	96
91	77	97
91	77	98
91	77	99
91	77	100
91	77	101
91	77	102
91	77	103
91	77	104
91	77	105
91	77	106
91	77	107
91	77	108
91	77	109
91	77	110
91	77	111
91	77	112
91	77	113
91	77	114
91	77	115
91	77	116
91	77	117
91	78	87
91	78	88
91	78	89
91	78	90
91	78	91
91	78	92
91	78	93
91	78	94
91	78	95
91	78	96
91	78	97
91	78	98
91	78	99
91	78	100
91	78	101
91	78	102
91	78	103
91	78	104
91	78	105
91	78	106
91	78	107
91	78	108
91	78	109
91	78	110
91	78	111
91	78	112
91	78	113
91	78	114
91	78	115
91	78	116
91	79	87
91	79	88
91	79	89
91	79	90
91	79	91
91	79	92
91	79	93
91	79	94
91	79	95
91	79	96
91	79	97
91	79	98
91	79	99
91	79	100
91	79	101
91	79	102
91	79	103
91	79	104
91	79	105
91	79	106
91	79	107
91	79	108
91	79	109
91	79	110
91	79	111
91	79	112
91	79	113
91	79	114
91	79	115
91	80	83
91	80	87
91	80	88
91	80	89
91	80	90
91	80	91
91	80	92
91	80	93
91	80	94
91	80	95
91	80	96
91	80	97
91	80	98
91	80	99
91	80	100
91	80	101
91	80	102
91	80	103
91	80	104
91	80	105
91	80	106
91	80	107
91	80	108
91	80	109
91	80	110
91	80	111
91	80	112
91	80	113
91	80	114
91	81	82
91	81	83
91	81	87
91	81	88
91	81	89
91	81	90
91	81	91
91	81	92
91	81	93
91	81	94
91	81	95
91	81	96
91	81	97
91	81	98
91	81	99
91	81	100
91	81	101
91	81	102
91	81	103
91	81	104
91	81	105
91	81	106
91	81	107
91	81	108
91	81	109
91	81	110
91	81	111
91	81	112
91	82	81
91	82	82
91	82	83
91	82	87
91	82	88
91	82	89
91	82	90
91	82	91
91	82	92
91	82	93
91	82	94
91	82	95
91	82	96
91	82	97
91	82	98
91	82	99
91	82	100
91	82	101
91	82	102
91	82	103
91	82	104
91	82	105
91	82	106
91	82	107
91	82	108
91	82	109
91	82	110
91	82	111
91	83	79
91	83	80
91	83	81
91	83	82
91	83	83
91	83	86
91	83	87
91	83	88
91	83	89
91	83	90
91	83	91
91	83	92
91	83	93
91	83	94
91	83	98
91	83	99
91	83	100
91	83	101
91	83	102
91	83	103
91	83	104
91	83	105
91	83	106
91	83	107
91	83	108
91	83	109
91	83	110
91	84	80
91	84	81
91	84	82
91	84	83
91	84	87
91	84	88
91	84	89
91	84	90
91	84	91
91	84	92
91	84	101
91	84	102
91	84	103
91	84	104
91	84	105
91	84	106
91	84	107
91	84	108
91	85	82
91	85	83
91	85	84
91	85	85
91	85	86
91	85	87
91	85	88
91	85	89
91	85	90
91	85	91
91	86	88
91	86	89
91	86	90
92	60	113
92	60	114
92	60	115
92	61	112
92	61	113
92	61	114
92	61	115
92	61	116
92	62	111
92	62	112
92	62	113
92	62	114
92	62	115
92	62	116
92	63	110
92	63	111
92	63	112
92	63	113
92	63	114
92	63	115
92	63	116
92	63	117
92	64	109
92	64	110
92	64	111
92	64	112
92	64	113
92	64	114
92	64	115
92	64	116
92	65	108
92	65	109
92	65	110
92	65	111
92	65	112
92	65	113
92	65	114
92	65	115
92	65	116
92	66	107
92	66	108
92	66	109
92	66	110
92	66	111
92	66	112
92	66	113
92	66	114
92	66	115
92	67	104
92	67	105
92	67	106
92	67	107
92	67	108
92	67	109
92	67	110
92	67	111
92	67	112
92	67	113
92	67	114
92	67	115
92	68	101
92	68	102
92	68	103
92	68	104
92	68	105
92	68	106
92	68	107
92	68	108
92	68	109
92	68	110
92	68	111
92	68	112
92	68	113
92	68	114
92	68	115
92	69	99
92	69	100
92	69	101
92	69	102
92	69	103
92	69	104
92	69	105
92	69	106
92	69	107
92	69	108
92	69	109
92	69	110
92	69	111
92	69	112
92	69	113
92	69	114
92	69	115
92	69	116
92	70	98
92	70	99
92	70	100
92	70	101
92	70	102
92	70	103
92	70	104
92	70	105
92	70	106
92	70	107
92	70	108
92	70	109
92	70	110
92	70	111
92	70	112
92	70	113
92	70	114
92	70	115
92	70	116
92	71	97
92	71	98
92	71	99
92	71	100
92	71	101
92	71	102
92	71	103
92	71	104
92	71	105
92	71	106
92	71	107
92	71	108
92	71	109
92	71	110
92	71	111
92	71	112
92	71	113
92	71	114
92	71	115
92	71	116
92	71	117
92	71	118
92	72	97
92	72	98
92	72	99
92	72	100
92	72	101
92	72	102
92	72	103
92	72	104
92	72	105
92	72	106
92	72	107
92	72	108
92	72	109
92	72	110
92	72	111
92	72	112
92	72	113
92	72	114
92	72	115
92	72	116
92	72	117
92	72	118
92	72	119
92	72	120
92	72	121
92	73	97
92	73	98
92	73	99
92	73	100
92	73	101
92	73	102
92	73	103
92	73	104
92	73	105
92	73	106
92	73	107
92	73	108
92	73	109
92	73	110
92	73	111
92	73	112
92	73	113
92	73	114
92	73	115
92	73	116
92	73	117
92	73	118
92	73	119
92	73	120
92	73	121
92	73	122
92	73	123
92	73	124
92	73	125
92	73	126
92	74	96
92	74	97
92	74	98
92	74	99
92	74	100
92	74	101
92	74	102
92	74	103
92	74	104
92	74	105
92	74	106
92	74	107
92	74	108
92	74	109
92	74	110
92	74	111
92	74	112
92	74	113
92	74	114
92	74	115
92	74	116
92	74	117
92	74	118
92	74	119
92	74	120
92	74	121
92	74	122
92	74	123
92	74	124
92	74	125
92	74	126
92	75	95
92	75	96
92	75	97
92	75	98
92	75	99
92	75	100
92	75	101
92	75	102
92	75	103
92	75	104
92	75	105
92	75	106
92	75	107
92	75	108
92	75	109
92	75	110
92	75	111
92	75	112
92	75	113
92	75	114
92	75	115
92	75	116
92	75	117
92	75	118
92	75	119
92	75	120
92	75	121
92	75	122
92	75	123
92	75	124
92	75	125
92	75	126
92	76	88
92	76	89
92	76	90
92	76	91
92	76	92
92	76	93
92	76	94
92	76	95
92	76	96
92	76	97
92	76	98
92	76	99
92	76	100
92	76	101
92	76	102
92	76	103
92	76	104
92	76	105
92	76	106
92	76	107
92	76	108
92	76	109
92	76	110
92	76	111
92	76	112
92	76	113
92	76	114
92	76	115
92	76	116
92	76	117
92	76	118
92	76	119
92	76	120
92	76	121
92	76	122
92	76	123
92	76	124
92	77	88
92	77	89
92	77	90
92	77	91
92	77	92
92	77	93
92	77	94
92	77	95
92	77	96
92	77	97
92	77	98
92	77	99
92	77	100
92	77	101
92	77	102
92	77	103
92	77	104
92	77	105
92	77	106
92	77	107
92	77	108
92	77	109
92	77	110
92	77	111
92	77	112
92	77	113
92	77	114
92	77	115
92	77	116
92	77	117
92	78	88
92	78	89
92	78	90
92	78	91
92	78	92
92	78	93
92	78	94
92	78	95
92	78	96
92	78	97
92	78	98
92	78	99
92	78	100
92	78	101
92	78	102
92	78	103
92	78	104
92	78	105
92	78	106
92	78	107
92	78	108
92	78	109
92	78	110
92	78	111
92	78	112
92	78	113
92	78	114
92	78	115
92	78	116
92	79	83
92	79	88
92	79	89
92	79	90
92	79	91
92	79	92
92	79	93
92	79	94
92	79	95
92	79	96
92	79	97
92	79	98
92	79	99
92	79	100
92	79	101
92	79	102
92	79	103
92	79	104
92	79	105
92	79	106
92	79	107
92	79	108
92	79	109
92	79	110
92	79	111
92	79	112
92	79	113
92	79	114
92	79	115
92	80	82
92	80	83
92	80	84
92	80	88
92	80	89
92	80	90
92	80	91
92	80	92
92	80	93
92	80	94
92	80	95
92	80	96
92	80	97
92	80	98
92	80	99
92	80	100
92	80	101
92	80	102
92	80	103
92	80	104
92	80	105
92	80	106
92	80	107
92	80	108
92	80	109
92	80	110
92	80	111
92	80	112
92	80	113
92	80	114
92	81	81
92	81	82
92	81	83
92	81	84
92	81	88
92	81	89
92	81	90
92	81	91
92	81	92
92	81	93
92	81	94
92	81	95
92	81	96
92	81	97
92	81	98
92	81	99
92	81	100
92	81	101
92	81	102
92	81	103
92	81	104
92	81	105
92	81	106
92	81	107
92	81	108
92	81	109
92	81	110
92	81	111
92	81	112
92	81	113
92	82	79
92	82	80
92	82	81
92	82	82
92	82	83
92	82	84
92	82	87
92	82	88
92	82	89
92	82	90
92	82	91
92	82	92
92	82	93
92	82	94
92	82	95
92	82	96
92	82	97
92	82	98
92	82	99
92	82	100
92	82	101
92	82	102
92	82	103
92	82	104
92	82	105
92	82	106
92	82	107
92	82	108
92	82	109
92	82	110
92	82	111
92	82	112
92	83	79
92	83	80
92	83	81
92	83	82
92	83	83
92	83	84
92	83	86
92	83	87
92	83	88
92	83	89
92	83	90
92	83	91
92	83	92
92	83	93
92	83	94
92	83	95
92	83	98
92	83	99
92	83	100
92	83	101
92	83	102
92	83	103
92	83	104
92	83	105
92	83	106
92	83	107
92	83	108
92	83	109
92	83	110
92	83	111
92	84	80
92	84	81
92	84	82
92	84	83
92	84	84
92	84	85
92	84	86
92	84	87
92	84	88
92	84	89
92	84	90
92	84	91
92	84	92
92	84	93
92	84	101
92	84	102
92	84	103
92	84	104
92	84	105
92	84	106
92	84	107
92	84	108
92	84	109
92	85	81
92	85	82
92	85	83
92	85	84
92	85	85
92	85	86
92	85	87
92	85	88
92	85	89
92	85	90
92	85	91
92	85	92
92	86	86
92	86	87
92	86	90
93	59	114
93	60	113
93	60	114
93	60	115
93	61	112
93	61	113
93	61	114
93	61	115
93	61	116
93	61	117
93	62	111
93	62	112
93	62	113
93	62	114
93	62	115
93	62	116
93	63	110
93	63	111
93	63	112
93	63	113
93	63	114
93	63	115
93	63	116
93	64	109
93	64	110
93	64	111
93	64	112
93	64	113
93	64	114
93	64	115
93	64	116
93	65	108
93	65	109
93	65	110
93	65	111
93	65	112
93	65	113
93	65	114
93	65	115
93	66	106
93	66	107
93	66	108
93	66	109
93	66	110
93	66	111
93	66	112
93	66	113
93	66	114
93	66	115
93	67	103
93	67	104
93	67	105
93	67	106
93	67	107
93	67	108
93	67	109
93	67	110
93	67	111
93	67	112
93	67	113
93	67	114
93	67	115
93	68	101
93	68	102
93	68	103
93	68	104
93	68	105
93	68	106
93	68	107
93	68	108
93	68	109
93	68	110
93	68	111
93	68	112
93	68	113
93	68	114
93	68	115
93	69	98
93	69	99
93	69	100
93	69	101
93	69	102
93	69	103
93	69	104
93	69	105
93	69	106
93	69	107
93	69	108
93	69	109
93	69	110
93	69	111
93	69	112
93	69	113
93	69	114
93	69	115
93	70	97
93	70	98
93	70	99
93	70	100
93	70	101
93	70	102
93	70	103
93	70	104
93	70	105
93	70	106
93	70	107
93	70	108
93	70	109
93	70	110
93	70	111
93	70	112
93	70	113
93	70	114
93	70	115
93	70	116
93	71	96
93	71	97
93	71	98
93	71	99
93	71	100
93	71	101
93	71	102
93	71	103
93	71	104
93	71	105
93	71	106
93	71	107
93	71	108
93	71	109
93	71	110
93	71	111
93	71	112
93	71	113
93	71	114
93	71	115
93	71	116
93	71	117
93	72	97
93	72	98
93	72	99
93	72	100
93	72	101
93	72	102
93	72	103
93	72	104
93	72	105
93	72	106
93	72	107
93	72	108
93	72	109
93	72	110
93	72	111
93	72	112
93	72	113
93	72	114
93	72	115
93	72	116
93	72	117
93	72	118
93	72	119
93	72	120
93	72	126
93	73	97
93	73	98
93	73	99
93	73	100
93	73	101
93	73	102
93	73	103
93	73	104
93	73	105
93	73	106
93	73	107
93	73	108
93	73	109
93	73	110
93	73	111
93	73	112
93	73	113
93	73	114
93	73	115
93	73	116
93	73	117
93	73	118
93	73	119
93	73	120
93	73	121
93	73	122
93	73	123
93	73	124
93	73	125
93	73	126
93	74	96
93	74	97
93	74	98
93	74	99
93	74	100
93	74	101
93	74	102
93	74	103
93	74	104
93	74	105
93	74	106
93	74	107
93	74	108
93	74	109
93	74	110
93	74	111
93	74	112
93	74	113
93	74	114
93	74	115
93	74	116
93	74	117
93	74	118
93	74	119
93	74	120
93	74	121
93	74	122
93	74	123
93	74	124
93	74	125
93	74	126
93	74	127
93	75	95
93	75	96
93	75	97
93	75	98
93	75	99
93	75	100
93	75	101
93	75	102
93	75	103
93	75	104
93	75	105
93	75	106
93	75	107
93	75	108
93	75	109
93	75	110
93	75	111
93	75	112
93	75	113
93	75	114
93	75	115
93	75	116
93	75	117
93	75	118
93	75	119
93	75	120
93	75	121
93	75	122
93	75	123
93	75	124
93	75	125
93	75	126
93	75	127
93	76	92
93	76	93
93	76	94
93	76	95
93	76	96
93	76	97
93	76	98
93	76	99
93	76	100
93	76	101
93	76	102
93	76	103
93	76	104
93	76	105
93	76	106
93	76	107
93	76	108
93	76	109
93	76	110
93	76	111
93	76	112
93	76	113
93	76	114
93	76	115
93	76	116
93	76	117
93	76	118
93	76	119
93	76	120
93	76	121
93	76	122
93	76	123
93	76	124
93	76	125
93	76	126
93	77	89
93	77	90
93	77	91
93	77	92
93	77	93
93	77	94
93	77	95
93	77	96
93	77	97
93	77	98
93	77	99
93	77	100
93	77	101
93	77	102
93	77	103
93	77	104
93	77	105
93	77	106
93	77	107
93	77	108
93	77	109
93	77	110
93	77	111
93	77	112
93	77	113
93	77	114
93	77	115
93	77	116
93	77	117
93	78	89
93	78	90
93	78	91
93	78	92
93	78	93
93	78	94
93	78	95
93	78	96
93	78	97
93	78	98
93	78	99
93	78	100
93	78	101
93	78	102
93	78	103
93	78	104
93	78	105
93	78	106
93	78	107
93	78	108
93	78	109
93	78	110
93	78	111
93	78	112
93	78	113
93	78	114
93	78	115
93	78	116
93	79	82
93	79	83
93	79	89
93	79	90
93	79	91
93	79	92
93	79	93
93	79	94
93	79	95
93	79	96
93	79	97
93	79	98
93	79	99
93	79	100
93	79	101
93	79	102
93	79	103
93	79	104
93	79	105
93	79	106
93	79	107
93	79	108
93	79	109
93	79	110
93	79	111
93	79	112
93	79	113
93	79	114
93	79	115
93	79	116
93	80	81
93	80	82
93	80	83
93	80	84
93	80	89
93	80	90
93	80	91
93	80	92
93	80	93
93	80	94
93	80	95
93	80	96
93	80	97
93	80	98
93	80	99
93	80	100
93	80	101
93	80	102
93	80	103
93	80	104
93	80	105
93	80	106
93	80	107
93	80	108
93	80	109
93	80	110
93	80	111
93	80	112
93	80	113
93	80	114
93	80	115
93	81	80
93	81	81
93	81	82
93	81	83
93	81	84
93	81	85
93	81	88
93	81	89
93	81	90
93	81	91
93	81	92
93	81	93
93	81	94
93	81	95
93	81	96
93	81	97
93	81	98
93	81	99
93	81	100
93	81	101
93	81	102
93	81	103
93	81	104
93	81	105
93	81	106
93	81	107
93	81	108
93	81	109
93	81	110
93	81	111
93	81	112
93	81	113
93	81	114
93	82	78
93	82	79
93	82	80
93	82	81
93	82	82
93	82	83
93	82	84
93	82	85
93	82	87
93	82	88
93	82	89
93	82	90
93	82	91
93	82	92
93	82	93
93	82	94
93	82	95
93	82	96
93	82	97
93	82	98
93	82	99
93	82	100
93	82	101
93	82	102
93	82	103
93	82	104
93	82	105
93	82	106
93	82	107
93	82	108
93	82	109
93	82	110
93	82	111
93	82	112
93	82	113
93	83	79
93	83	80
93	83	81
93	83	82
93	83	83
93	83	84
93	83	85
93	83	86
93	83	87
93	83	88
93	83	89
93	83	90
93	83	91
93	83	92
93	83	93
93	83	94
93	83	95
93	83	98
93	83	99
93	83	100
93	83	101
93	83	102
93	83	103
93	83	104
93	83	105
93	83	106
93	83	107
93	83	108
93	83	109
93	83	110
93	83	111
93	83	112
93	84	80
93	84	81
93	84	82
93	84	83
93	84	84
93	84	85
93	84	86
93	84	87
93	84	88
93	84	89
93	84	90
93	84	91
93	84	92
93	84	93
93	84	101
93	84	102
93	84	103
93	84	104
93	84	105
93	84	106
93	84	107
93	84	108
93	84	109
93	84	110
93	85	81
93	85	82
93	85	83
93	85	84
93	85	85
93	85	86
93	85	87
93	85	88
93	85	89
93	85	90
93	85	91
93	85	92
93	85	104
93	85	105
93	85	106
93	85	107
93	85	108
93	86	84
93	86	85
93	86	86
94	59	113
94	59	114
94	60	112
94	60	113
94	60	114
94	60	115
94	61	112
94	61	113
94	61	114
94	61	115
94	62	111
94	62	112
94	62	113
94	62	114
94	62	115
94	63	110
94	63	111
94	63	112
94	63	113
94	63	114
94	63	115
94	64	109
94	64	110
94	64	111
94	64	112
94	64	113
94	64	114
94	64	115
94	65	108
94	65	109
94	65	110
94	65	111
94	65	112
94	65	113
94	65	114
94	65	115
94	66	108
94	66	109
94	66	110
94	66	111
94	66	112
94	66	113
94	66	114
94	67	102
94	67	103
94	67	104
94	67	105
94	67	106
94	67	107
94	67	108
94	67	109
94	67	110
94	67	111
94	67	112
94	67	113
94	67	114
94	68	100
94	68	101
94	68	102
94	68	103
94	68	104
94	68	105
94	68	106
94	68	107
94	68	108
94	68	109
94	68	110
94	68	111
94	68	112
94	68	113
94	68	114
94	69	98
94	69	99
94	69	100
94	69	101
94	69	102
94	69	103
94	69	104
94	69	105
94	69	106
94	69	107
94	69	108
94	69	109
94	69	110
94	69	111
94	69	112
94	69	113
94	69	114
94	70	96
94	70	97
94	70	98
94	70	99
94	70	100
94	70	101
94	70	102
94	70	103
94	70	104
94	70	105
94	70	106
94	70	107
94	70	108
94	70	109
94	70	110
94	70	111
94	70	112
94	70	113
94	70	114
94	70	115
94	71	96
94	71	97
94	71	98
94	71	99
94	71	100
94	71	101
94	71	102
94	71	103
94	71	104
94	71	105
94	71	106
94	71	107
94	71	108
94	71	109
94	71	110
94	71	111
94	71	112
94	71	113
94	71	114
94	71	115
94	72	97
94	72	98
94	72	99
94	72	100
94	72	101
94	72	102
94	72	103
94	72	104
94	72	105
94	72	106
94	72	107
94	72	108
94	72	109
94	72	110
94	72	111
94	72	112
94	72	113
94	72	114
94	72	115
94	72	116
94	72	117
94	73	96
94	73	97
94	73	98
94	73	99
94	73	100
94	73	101
94	73	102
94	73	103
94	73	104
94	73	105
94	73	106
94	73	107
94	73	108
94	73	109
94	73	110
94	73	111
94	73	112
94	73	113
94	73	114
94	73	115
94	73	116
94	73	117
94	73	118
94	73	119
94	73	120
94	73	121
94	73	122
94	73	123
94	73	124
94	73	125
94	73	126
94	74	96
94	74	97
94	74	98
94	74	99
94	74	100
94	74	101
94	74	102
94	74	103
94	74	104
94	74	105
94	74	106
94	74	107
94	74	108
94	74	109
94	74	110
94	74	111
94	74	112
94	74	113
94	74	114
94	74	115
94	74	116
94	74	117
94	74	118
94	74	119
94	74	120
94	74	121
94	74	122
94	74	123
94	74	124
94	74	125
94	74	126
94	74	127
94	75	95
94	75	96
94	75	97
94	75	98
94	75	99
94	75	100
94	75	101
94	75	102
94	75	103
94	75	104
94	75	105
94	75	106
94	75	107
94	75	108
94	75	109
94	75	110
94	75	111
94	75	112
94	75	113
94	75	114
94	75	115
94	75	116
94	75	117
94	75	118
94	75	119
94	75	120
94	75	121
94	75	122
94	75	123
94	75	124
94	75	125
94	75	126
94	75	127
94	76	92
94	76	93
94	76	94
94	76	95
94	76	96
94	76	97
94	76	98
94	76	99
94	76	100
94	76	101
94	76	102
94	76	103
94	76	104
94	76	105
94	76	106
94	76	107
94	76	108
94	76	109
94	76	110
94	76	111
94	76	112
94	76	113
94	76	114
94	76	115
94	76	116
94	76	117
94	76	118
94	76	119
94	76	120
94	76	121
94	76	122
94	76	123
94	76	124
94	76	125
94	76	126
94	77	91
94	77	92
94	77	93
94	77	94
94	77	95
94	77	96
94	77	97
94	77	98
94	77	99
94	77	100
94	77	101
94	77	102
94	77	103
94	77	104
94	77	105
94	77	106
94	77	107
94	77	108
94	77	109
94	77	110
94	77	111
94	77	112
94	77	113
94	77	114
94	77	115
94	77	116
94	77	117
94	77	118
94	77	122
94	77	123
94	77	124
94	77	125
94	78	82
94	78	90
94	78	91
94	78	92
94	78	93
94	78	94
94	78	95
94	78	96
94	78	97
94	78	98
94	78	99
94	78	100
94	78	101
94	78	102
94	78	103
94	78	104
94	78	105
94	78	106
94	78	107
94	78	108
94	78	109
94	78	110
94	78	111
94	78	112
94	78	113
94	78	114
94	78	115
94	78	116
94	78	117
94	79	81
94	79	82
94	79	83
94	79	90
94	79	91
94	79	92
94	79	93
94	79	94
94	79	95
94	79	96
94	79	97
94	79	98
94	79	99
94	79	100
94	79	101
94	79	102
94	79	103
94	79	104
94	79	105
94	79	106
94	79	107
94	79	108
94	79	109
94	79	110
94	79	111
94	79	112
94	79	113
94	79	114
94	79	115
94	79	116
94	80	80
94	80	81
94	80	82
94	80	83
94	80	84
94	80	89
94	80	90
94	80	91
94	80	92
94	80	93
94	80	94
94	80	95
94	80	96
94	80	97
94	80	98
94	80	99
94	80	100
94	80	101
94	80	102
94	80	103
94	80	104
94	80	105
94	80	106
94	80	107
94	80	108
94	80	109
94	80	110
94	80	111
94	80	112
94	80	113
94	80	114
94	80	115
94	81	79
94	81	80
94	81	81
94	81	82
94	81	83
94	81	84
94	81	85
94	81	88
94	81	89
94	81	90
94	81	91
94	81	92
94	81	93
94	81	94
94	81	95
94	81	96
94	81	97
94	81	98
94	81	99
94	81	100
94	81	101
94	81	102
94	81	103
94	81	104
94	81	105
94	81	106
94	81	107
94	81	108
94	81	109
94	81	110
94	81	111
94	81	112
94	81	113
94	81	114
94	81	115
94	82	79
94	82	80
94	82	81
94	82	82
94	82	83
94	82	84
94	82	85
94	82	86
94	82	87
94	82	88
94	82	89
94	82	90
94	82	91
94	82	92
94	82	93
94	82	94
94	82	95
94	82	96
94	82	97
94	82	98
94	82	99
94	82	100
94	82	101
94	82	102
94	82	103
94	82	104
94	82	105
94	82	106
94	82	107
94	82	108
94	82	109
94	82	110
94	82	111
94	82	112
94	82	113
94	82	114
94	83	79
94	83	80
94	83	81
94	83	82
94	83	83
94	83	84
94	83	85
94	83	86
94	83	87
94	83	88
94	83	89
94	83	90
94	83	91
94	83	92
94	83	93
94	83	94
94	83	98
94	83	99
94	83	100
94	83	101
94	83	102
94	83	103
94	83	104
94	83	105
94	83	106
94	83	107
94	83	108
94	83	109
94	83	110
94	83	111
94	83	112
94	83	113
94	84	80
94	84	81
94	84	82
94	84	83
94	84	84
94	84	85
94	84	86
94	84	87
94	84	88
94	84	89
94	84	90
94	84	91
94	84	92
94	84	93
94	84	101
94	84	102
94	84	103
94	84	104
94	84	105
94	84	106
94	84	107
94	84	108
94	84	109
94	84	110
94	84	111
94	85	80
94	85	81
94	85	82
94	85	83
94	85	84
94	85	85
94	85	86
94	85	87
94	85	88
94	85	89
94	85	90
94	85	91
94	85	92
94	85	103
94	85	104
94	85	105
94	85	106
94	85	107
94	85	108
94	85	109
94	85	110
94	86	82
94	86	83
94	86	84
94	86	85
95	59	113
95	59	114
95	60	112
95	60	113
95	61	112
95	61	113
95	62	111
95	62	112
95	63	110
95	63	111
95	63	112
95	63	113
95	64	108
95	64	109
95	64	110
95	64	111
95	64	112
95	64	113
95	65	107
95	65	108
95	65	109
95	65	110
95	65	111
95	65	112
95	65	113
95	66	109
95	66	110
95	66	111
95	66	112
95	66	113
95	67	110
95	67	111
95	67	112
95	67	113
95	68	98
95	68	99
95	68	100
95	68	101
95	68	102
95	68	103
95	68	104
95	68	105
95	68	106
95	68	107
95	68	108
95	68	109
95	68	110
95	68	111
95	68	112
95	68	113
95	69	97
95	69	98
95	69	99
95	69	100
95	69	101
95	69	102
95	69	103
95	69	104
95	69	105
95	69	106
95	69	107
95	69	108
95	69	109
95	69	110
95	69	111
95	69	112
95	69	113
95	69	114
95	70	96
95	70	97
95	70	98
95	70	99
95	70	100
95	70	101
95	70	102
95	70	103
95	70	104
95	70	105
95	70	106
95	70	107
95	70	108
95	70	109
95	70	110
95	70	111
95	70	112
95	70	113
95	70	114
95	71	96
95	71	97
95	71	98
95	71	99
95	71	100
95	71	101
95	71	102
95	71	103
95	71	104
95	71	105
95	71	106
95	71	107
95	71	108
95	71	109
95	71	110
95	71	111
95	71	112
95	71	113
95	71	114
95	71	115
95	72	96
95	72	97
95	72	98
95	72	99
95	72	100
95	72	101
95	72	102
95	72	103
95	72	104
95	72	105
95	72	106
95	72	107
95	72	108
95	72	109
95	72	110
95	72	111
95	72	112
95	72	113
95	72	114
95	72	115
95	72	116
95	73	96
95	73	97
95	73	98
95	73	99
95	73	100
95	73	101
95	73	102
95	73	103
95	73	104
95	73	105
95	73	106
95	73	107
95	73	108
95	73	109
95	73	110
95	73	111
95	73	112
95	73	113
95	73	114
95	73	115
95	73	116
95	73	117
95	73	118
95	73	123
95	73	124
95	73	125
95	74	96
95	74	97
95	74	98
95	74	99
95	74	100
95	74	101
95	74	102
95	74	103
95	74	104
95	74	105
95	74	106
95	74	107
95	74	108
95	74	109
95	74	110
95	74	111
95	74	112
95	74	113
95	74	114
95	74	115
95	74	116
95	74	117
95	74	118
95	74	119
95	74	120
95	74	121
95	74	122
95	74	123
95	74	124
95	74	125
95	75	95
95	75	96
95	75	97
95	75	98
95	75	99
95	75	100
95	75	101
95	75	102
95	75	103
95	75	104
95	75	105
95	75	106
95	75	107
95	75	108
95	75	109
95	75	110
95	75	111
95	75	112
95	75	113
95	75	114
95	75	115
95	75	116
95	75	117
95	75	118
95	75	119
95	75	120
95	75	121
95	75	122
95	75	123
95	75	124
95	75	125
95	75	126
95	76	94
95	76	95
95	76	96
95	76	97
95	76	98
95	76	99
95	76	100
95	76	101
95	76	102
95	76	103
95	76	104
95	76	105
95	76	106
95	76	107
95	76	108
95	76	109
95	76	110
95	76	111
95	76	112
95	76	113
95	76	114
95	76	115
95	76	116
95	76	117
95	76	118
95	76	119
95	76	120
95	76	121
95	76	122
95	76	123
95	76	124
95	76	125
95	77	91
95	77	92
95	77	93
95	77	94
95	77	95
95	77	96
95	77	97
95	77	98
95	77	99
95	77	100
95	77	101
95	77	102
95	77	103
95	77	104
95	77	105
95	77	106
95	77	107
95	77	108
95	77	109
95	77	110
95	77	111
95	77	112
95	77	113
95	77	114
95	77	115
95	77	116
95	77	117
95	77	118
95	77	121
95	77	122
95	77	123
95	77	124
95	77	125
95	78	81
95	78	82
95	78	91
95	78	92
95	78	93
95	78	94
95	78	95
95	78	96
95	78	97
95	78	98
95	78	99
95	78	100
95	78	101
95	78	102
95	78	103
95	78	104
95	78	105
95	78	106
95	78	107
95	78	108
95	78	109
95	78	110
95	78	111
95	78	112
95	78	113
95	78	114
95	78	115
95	78	116
95	78	117
95	78	123
95	78	124
95	79	80
95	79	81
95	79	82
95	79	83
95	79	91
95	79	92
95	79	93
95	79	94
95	79	95
95	79	96
95	79	97
95	79	98
95	79	99
95	79	100
95	79	101
95	79	102
95	79	103
95	79	104
95	79	105
95	79	106
95	79	107
95	79	108
95	79	109
95	79	110
95	79	111
95	79	112
95	79	113
95	79	114
95	79	115
95	79	116
95	80	79
95	80	80
95	80	81
95	80	82
95	80	83
95	80	84
95	80	89
95	80	90
95	80	91
95	80	92
95	80	93
95	80	94
95	80	95
95	80	96
95	80	97
95	80	98
95	80	99
95	80	100
95	80	101
95	80	102
95	80	103
95	80	104
95	80	105
95	80	106
95	80	107
95	80	108
95	80	109
95	80	110
95	80	111
95	80	112
95	80	113
95	80	114
95	80	115
95	80	116
95	81	78
95	81	79
95	81	80
95	81	81
95	81	82
95	81	83
95	81	84
95	81	85
95	81	88
95	81	89
95	81	90
95	81	91
95	81	92
95	81	93
95	81	94
95	81	95
95	81	96
95	81	97
95	81	98
95	81	99
95	81	100
95	81	101
95	81	102
95	81	103
95	81	104
95	81	105
95	81	106
95	81	107
95	81	108
95	81	109
95	81	110
95	81	111
95	81	112
95	81	113
95	81	114
95	81	115
95	82	79
95	82	80
95	82	81
95	82	82
95	82	83
95	82	84
95	82	85
95	82	86
95	82	87
95	82	88
95	82	89
95	82	90
95	82	91
95	82	92
95	82	93
95	82	94
95	82	95
95	82	96
95	82	97
95	82	98
95	82	99
95	82	100
95	82	101
95	82	102
95	82	103
95	82	104
95	82	105
95	82	106
95	82	107
95	82	108
95	82	109
95	82	110
95	82	111
95	82	112
95	82	113
95	82	114
95	83	80
95	83	81
95	83	82
95	83	83
95	83	84
95	83	85
95	83	86
95	83	87
95	83	88
95	83	89
95	83	90
95	83	91
95	83	92
95	83	93
95	83	99
95	83	100
95	83	101
95	83	102
95	83	103
95	83	104
95	83	105
95	83	106
95	83	107
95	83	108
95	83	109
95	83	110
95	83	111
95	83	112
95	83	113
95	84	80
95	84	81
95	84	82
95	84	83
95	84	84
95	84	85
95	84	86
95	84	87
95	84	88
95	84	89
95	84	90
95	84	91
95	84	92
95	84	93
95	84	101
95	84	102
95	84	103
95	84	104
95	84	105
95	84	106
95	84	107
95	84	108
95	84	109
95	84	110
95	84	111
95	84	112
95	84	113
95	85	81
95	85	82
95	85	83
95	85	84
95	85	85
95	85	86
95	85	87
95	85	88
95	85	89
95	85	90
95	85	91
95	85	92
95	85	103
95	85	104
95	85	105
95	85	106
95	85	107
95	85	108
95	85	109
95	85	110
95	85	111
95	85	112
95	86	82
95	86	105
95	86	106
95	86	107
95	86	108
95	86	109
95	86	110
96	60	111
96	60	112
96	61	111
96	62	111
96	63	109
96	63	110
96	63	111
96	64	108
96	64	109
96	64	110
96	64	111
96	65	110
96	65	111
96	66	111
96	66	112
96	67	110
96	67	111
96	67	112
96	68	109
96	68	110
96	68	111
96	68	112
96	68	113
96	69	96
96	69	97
96	69	98
96	69	99
96	69	100
96	69	101
96	69	102
96	69	103
96	69	104
96	69	105
96	69	106
96	69	107
96	69	108
96	69	109
96	69	110
96	69	111
96	69	112
96	69	113
96	70	96
96	70	97
96	70	98
96	70	99
96	70	100
96	70	101
96	70	102
96	70	103
96	70	104
96	70	105
96	70	106
96	70	107
96	70	108
96	70	109
96	70	110
96	70	111
96	70	112
96	70	113
96	71	96
96	71	97
96	71	98
96	71	99
96	71	100
96	71	101
96	71	102
96	71	103
96	71	104
96	71	105
96	71	106
96	71	107
96	71	108
96	71	109
96	71	110
96	71	111
96	71	112
96	71	113
96	71	114
96	72	96
96	72	97
96	72	98
96	72	99
96	72	100
96	72	101
96	72	102
96	72	103
96	72	104
96	72	105
96	72	106
96	72	107
96	72	108
96	72	109
96	72	110
96	72	111
96	72	112
96	72	113
96	72	114
96	72	115
96	73	96
96	73	97
96	73	98
96	73	99
96	73	100
96	73	101
96	73	102
96	73	103
96	73	104
96	73	105
96	73	106
96	73	107
96	73	108
96	73	109
96	73	110
96	73	111
96	73	112
96	73	113
96	73	114
96	73	115
96	73	116
96	74	96
96	74	97
96	74	98
96	74	99
96	74	100
96	74	101
96	74	102
96	74	103
96	74	104
96	74	105
96	74	106
96	74	107
96	74	108
96	74	109
96	74	110
96	74	111
96	74	112
96	74	113
96	74	114
96	74	115
96	74	116
96	74	117
96	74	118
96	74	123
96	75	96
96	75	97
96	75	98
96	75	99
96	75	100
96	75	101
96	75	102
96	75	103
96	75	104
96	75	105
96	75	106
96	75	107
96	75	108
96	75	109
96	75	110
96	75	111
96	75	112
96	75	113
96	75	114
96	75	115
96	75	116
96	75	117
96	75	118
96	75	119
96	75	120
96	75	121
96	75	122
96	75	123
96	75	124
96	76	94
96	76	95
96	76	96
96	76	97
96	76	98
96	76	99
96	76	100
96	76	101
96	76	102
96	76	103
96	76	104
96	76	105
96	76	106
96	76	107
96	76	108
96	76	109
96	76	110
96	76	111
96	76	112
96	76	113
96	76	114
96	76	115
96	76	116
96	76	117
96	76	118
96	76	119
96	76	120
96	76	121
96	76	122
96	76	123
96	76	124
96	77	92
96	77	93
96	77	94
96	77	95
96	77	96
96	77	97
96	77	98
96	77	99
96	77	100
96	77	101
96	77	102
96	77	103
96	77	104
96	77	105
96	77	106
96	77	107
96	77	108
96	77	109
96	77	110
96	77	111
96	77	112
96	77	113
96	77	114
96	77	115
96	77	116
96	77	117
96	77	118
96	77	119
96	77	121
96	77	122
96	77	123
96	77	124
96	78	80
96	78	92
96	78	93
96	78	94
96	78	95
96	78	96
96	78	97
96	78	98
96	78	99
96	78	100
96	78	101
96	78	102
96	78	103
96	78	104
96	78	105
96	78	106
96	78	107
96	78	108
96	78	109
96	78	110
96	78	111
96	78	112
96	78	113
96	78	114
96	78	115
96	78	116
96	78	117
96	78	118
96	78	122
96	78	123
96	78	124
96	79	80
96	79	81
96	79	82
96	79	83
96	79	92
96	79	93
96	79	94
96	79	95
96	79	96
96	79	97
96	79	98
96	79	99
96	79	100
96	79	101
96	79	102
96	79	103
96	79	104
96	79	105
96	79	106
96	79	107
96	79	108
96	79	109
96	79	110
96	79	111
96	79	112
96	79	113
96	79	114
96	79	115
96	79	116
96	79	117
96	79	124
96	80	79
96	80	80
96	80	81
96	80	82
96	80	83
96	80	84
96	80	92
96	80	93
96	80	94
96	80	95
96	80	96
96	80	97
96	80	98
96	80	99
96	80	100
96	80	101
96	80	102
96	80	103
96	80	104
96	80	105
96	80	106
96	80	107
96	80	108
96	80	109
96	80	110
96	80	111
96	80	112
96	80	113
96	80	114
96	80	115
96	80	116
96	81	79
96	81	80
96	81	81
96	81	82
96	81	83
96	81	84
96	81	85
96	81	88
96	81	89
96	81	90
96	81	91
96	81	92
96	81	93
96	81	94
96	81	95
96	81	96
96	81	97
96	81	98
96	81	99
96	81	100
96	81	101
96	81	102
96	81	103
96	81	104
96	81	105
96	81	106
96	81	107
96	81	108
96	81	109
96	81	110
96	81	111
96	81	112
96	81	113
96	81	114
96	81	115
96	82	79
96	82	80
96	82	81
96	82	82
96	82	83
96	82	84
96	82	85
96	82	86
96	82	87
96	82	88
96	82	89
96	82	90
96	82	91
96	82	92
96	82	93
96	82	97
96	82	98
96	82	99
96	82	100
96	82	101
96	82	102
96	82	103
96	82	104
96	82	105
96	82	106
96	82	107
96	82	108
96	82	109
96	82	110
96	82	111
96	82	112
96	82	113
96	82	114
96	83	80
96	83	81
96	83	82
96	83	83
96	83	84
96	83	85
96	83	86
96	83	87
96	83	88
96	83	89
96	83	90
96	83	91
96	83	92
96	83	93
96	83	99
96	83	100
96	83	101
96	83	102
96	83	103
96	83	104
96	83	105
96	83	106
96	83	107
96	83	108
96	83	109
96	83	110
96	83	111
96	83	112
96	83	113
96	83	114
96	84	80
96	84	81
96	84	82
96	84	83
96	84	84
96	84	85
96	84	86
96	84	87
96	84	88
96	84	89
96	84	90
96	84	91
96	84	92
96	84	101
96	84	102
96	84	103
96	84	104
96	84	105
96	84	106
96	84	107
96	84	108
96	84	109
96	84	110
96	84	111
96	84	112
96	84	113
96	85	81
96	85	82
96	85	83
96	85	84
96	85	85
96	85	86
96	85	87
96	85	88
96	85	89
96	85	90
96	85	91
96	85	103
96	85	104
96	85	105
96	85	106
96	85	107
96	85	108
96	85	109
96	85	110
96	85	111
96	85	112
96	85	113
96	86	104
96	86	105
96	86	106
96	86	107
96	86	108
96	86	109
96	86	110
96	86	111
96	86	112
97	63	109
97	67	110
97	67	111
97	68	110
97	68	111
97	68	112
97	69	108
97	69	109
97	69	110
97	69	111
97	69	112
97	69	113
97	70	97
97	70	98
97	70	99
97	70	100
97	70	101
97	70	102
97	70	103
97	70	104
97	70	105
97	70	106
97	70	107
97	70	108
97	70	109
97	70	110
97	70	111
97	70	112
97	70	113
97	71	97
97	71	98
97	71	99
97	71	100
97	71	101
97	71	102
97	71	103
97	71	104
97	71	105
97	71	106
97	71	107
97	71	108
97	71	109
97	71	110
97	71	111
97	71	112
97	71	113
97	72	97
97	72	98
97	72	99
97	72	100
97	72	101
97	72	102
97	72	103
97	72	104
97	72	105
97	72	106
97	72	107
97	72	108
97	72	109
97	72	110
97	72	111
97	72	112
97	72	113
97	72	114
97	73	97
97	73	98
97	73	99
97	73	100
97	73	101
97	73	102
97	73	103
97	73	104
97	73	105
97	73	106
97	73	107
97	73	108
97	73	109
97	73	110
97	73	111
97	73	112
97	73	113
97	73	114
97	73	115
97	74	97
97	74	98
97	74	99
97	74	100
97	74	101
97	74	102
97	74	103
97	74	104
97	74	105
97	74	106
97	74	107
97	74	108
97	74	109
97	74	110
97	74	111
97	74	112
97	74	113
97	74	114
97	74	115
97	74	116
97	74	117
97	75	97
97	75	98
97	75	99
97	75	100
97	75	101
97	75	102
97	75	103
97	75	104
97	75	105
97	75	106
97	75	107
97	75	108
97	75	109
97	75	110
97	75	111
97	75	112
97	75	113
97	75	114
97	75	115
97	75	116
97	75	117
97	75	118
97	76	97
97	76	98
97	76	99
97	76	100
97	76	101
97	76	102
97	76	103
97	76	104
97	76	105
97	76	106
97	76	107
97	76	108
97	76	109
97	76	110
97	76	111
97	76	112
97	76	113
97	76	114
97	76	115
97	76	116
97	76	117
97	76	118
97	76	121
97	76	122
97	77	93
97	77	94
97	77	97
97	77	98
97	77	99
97	77	100
97	77	101
97	77	102
97	77	103
97	77	104
97	77	105
97	77	106
97	77	107
97	77	108
97	77	109
97	77	110
97	77	111
97	77	112
97	77	113
97	77	114
97	77	115
97	77	116
97	77	117
97	77	118
97	77	119
97	77	121
97	77	122
97	77	123
97	78	93
97	78	94
97	78	95
97	78	96
97	78	97
97	78	98
97	78	99
97	78	100
97	78	101
97	78	102
97	78	103
97	78	104
97	78	105
97	78	106
97	78	107
97	78	108
97	78	109
97	78	110
97	78	111
97	78	112
97	78	113
97	78	114
97	78	115
97	78	116
97	78	117
97	78	118
97	78	119
97	79	79
97	79	80
97	79	81
97	79	93
97	79	94
97	79	95
97	79	96
97	79	97
97	79	98
97	79	99
97	79	100
97	79	101
97	79	102
97	79	103
97	79	104
97	79	105
97	79	106
97	79	107
97	79	108
97	79	109
97	79	110
97	79	111
97	79	112
97	79	113
97	79	114
97	79	115
97	79	116
97	79	117
97	79	118
97	79	119
97	79	120
97	79	124
97	80	79
97	80	80
97	80	81
97	80	82
97	80	83
97	80	84
97	80	93
97	80	94
97	80	95
97	80	96
97	80	97
97	80	98
97	80	99
97	80	100
97	80	101
97	80	102
97	80	103
97	80	104
97	80	105
97	80	106
97	80	107
97	80	108
97	80	109
97	80	110
97	80	111
97	80	112
97	80	113
97	80	114
97	80	115
97	80	116
97	80	117
97	81	80
97	81	81
97	81	82
97	81	83
97	81	84
97	81	85
97	81	93
97	81	94
97	81	95
97	81	96
97	81	97
97	81	98
97	81	99
97	81	100
97	81	101
97	81	102
97	81	103
97	81	104
97	81	105
97	81	106
97	81	107
97	81	108
97	81	109
97	81	110
97	81	111
97	81	112
97	81	113
97	81	114
97	81	115
97	82	80
97	82	81
97	82	82
97	82	83
97	82	84
97	82	85
97	82	86
97	82	87
97	82	88
97	82	89
97	82	90
97	82	91
97	82	92
97	82	98
97	82	99
97	82	100
97	82	101
97	82	102
97	82	103
97	82	104
97	82	105
97	82	106
97	82	107
97	82	108
97	82	109
97	82	110
97	82	111
97	82	112
97	82	113
97	82	114
97	83	80
97	83	81
97	83	82
97	83	83
97	83	84
97	83	85
97	83	86
97	83	87
97	83	88
97	83	89
97	83	90
97	83	91
97	83	92
97	83	100
97	83	101
97	83	102
97	83	103
97	83	104
97	83	105
97	83	106
97	83	107
97	83	108
97	83	109
97	83	110
97	83	111
97	83	112
97	83	113
97	83	114
97	84	80
97	84	81
97	84	82
97	84	83
97	84	84
97	84	85
97	84	86
97	84	87
97	84	88
97	84	89
97	84	90
97	84	91
97	84	101
97	84	102
97	84	103
97	84	104
97	84	105
97	84	106
97	84	107
97	84	108
97	84	109
97	84	110
97	84	111
97	84	112
97	84	113
97	84	114
97	85	82
97	85	83
97	85	84
97	85	85
97	85	86
97	85	87
97	85	88
97	85	103
97	85	104
97	85	105
97	85	106
97	85	107
97	85	108
97	85	109
97	85	110
97	85	111
97	85	112
97	85	113
97	86	104
97	86	105
97	86	106
97	86	107
97	86	108
97	86	109
97	86	110
97	86	111
97	86	112
97	86	113
97	87	105
97	87	106
97	87	107
97	87	108
97	87	109
97	87	110
97	87	111
97	87	112
97	87	113
98	68	110
98	68	111
98	69	109
98	69	110
98	69	111
98	69	112
98	70	107
98	70	108
98	70	109
98	70	110
98	70	111
98	70	112
98	70	113
98	71	98
98	71	99
98	71	100
98	71	101
98	71	102
98	71	103
98	71	104
98	71	105
98	71	106
98	71	107
98	71	108
98	71	109
98	71	110
98	71	111
98	71	112
98	71	113
98	72	98
98	72	99
98	72	100
98	72	101
98	72	102
98	72	103
98	72	104
98	72	105
98	72	106
98	72	107
98	72	108
98	72	109
98	72	110
98	72	111
98	72	112
98	72	113
98	72	114
98	73	98
98	73	99
98	73	100
98	73	101
98	73	102
98	73	103
98	73	104
98	73	105
98	73	106
98	73	107
98	73	108
98	73	109
98	73	110
98	73	111
98	73	112
98	73	113
98	73	114
98	74	98
98	74	99
98	74	100
98	74	101
98	74	102
98	74	103
98	74	104
98	74	105
98	74	106
98	74	107
98	74	108
98	74	109
98	74	110
98	74	111
98	74	112
98	74	113
98	74	114
98	74	115
98	74	116
98	75	98
98	75	99
98	75	100
98	75	101
98	75	102
98	75	103
98	75	104
98	75	105
98	75	106
98	75	107
98	75	108
98	75	109
98	75	110
98	75	111
98	75	112
98	75	113
98	75	114
98	75	115
98	75	116
98	75	117
98	76	98
98	76	99
98	76	100
98	76	101
98	76	102
98	76	103
98	76	104
98	76	105
98	76	106
98	76	107
98	76	108
98	76	109
98	76	110
98	76	111
98	76	112
98	76	113
98	76	114
98	76	115
98	76	116
98	76	117
98	76	118
98	77	94
98	77	97
98	77	98
98	77	99
98	77	100
98	77	101
98	77	102
98	77	103
98	77	104
98	77	105
98	77	106
98	77	107
98	77	108
98	77	109
98	77	110
98	77	111
98	77	112
98	77	113
98	77	114
98	77	115
98	77	116
98	77	117
98	77	118
98	78	94
98	78	96
98	78	97
98	78	98
98	78	99
98	78	100
98	78	101
98	78	102
98	78	103
98	78	104
98	78	105
98	78	106
98	78	107
98	78	108
98	78	109
98	78	110
98	78	111
98	78	112
98	78	113
98	78	114
98	78	115
98	78	116
98	78	117
98	78	118
98	78	119
98	79	79
98	79	80
98	79	94
98	79	95
98	79	96
98	79	97
98	79	98
98	79	99
98	79	100
98	79	101
98	79	102
98	79	103
98	79	104
98	79	105
98	79	106
98	79	107
98	79	108
98	79	109
98	79	110
98	79	111
98	79	112
98	79	113
98	79	114
98	79	115
98	79	116
98	79	117
98	79	118
98	79	119
98	80	79
98	80	80
98	80	81
98	80	82
98	80	83
98	80	95
98	80	96
98	80	97
98	80	98
98	80	99
98	80	100
98	80	101
98	80	102
98	80	103
98	80	104
98	80	105
98	80	106
98	80	107
98	80	108
98	80	109
98	80	110
98	80	111
98	80	112
98	80	113
98	80	114
98	80	115
98	80	116
98	80	117
98	80	118
98	81	80
98	81	81
98	81	82
98	81	83
98	81	84
98	81	96
98	81	97
98	81	98
98	81	99
98	81	100
98	81	101
98	81	102
98	81	103
98	81	104
98	81	105
98	81	106
98	81	107
98	81	108
98	81	109
98	81	110
98	81	111
98	81	112
98	81	113
98	81	114
98	81	115
98	81	116
98	82	81
98	82	82
98	82	83
98	82	84
98	82	85
98	82	86
98	82	98
98	82	99
98	82	100
98	82	101
98	82	102
98	82	103
98	82	104
98	82	105
98	82	106
98	82	107
98	82	108
98	82	109
98	82	110
98	82	111
98	82	112
98	82	113
98	82	114
98	82	115
98	83	81
98	83	82
98	83	83
98	83	84
98	83	85
98	83	86
98	83	87
98	83	88
98	83	89
98	83	90
98	83	100
98	83	101
98	83	102
98	83	103
98	83	104
98	83	105
98	83	106
98	83	107
98	83	108
98	83	109
98	83	110
98	83	111
98	83	112
98	83	113
98	83	114
98	84	81
98	84	82
98	84	83
98	84	84
98	84	85
98	84	86
98	84	87
98	84	88
98	84	89
98	84	90
98	84	101
98	84	102
98	84	103
98	84	104
98	84	105
98	84	106
98	84	107
98	84	108
98	84	109
98	84	110
98	84	111
98	84	112
98	85	83
98	85	84
98	85	85
98	85	86
98	85	87
98	85	88
98	85	102
98	85	103
98	85	104
98	85	105
98	85	106
98	85	107
98	85	108
98	85	109
98	85	110
98	85	111
98	85	112
98	86	85
98	86	86
98	86	104
98	86	105
98	86	106
98	86	107
98	86	108
98	86	109
98	86	110
98	86	111
98	86	112
98	87	105
98	87	106
98	87	107
98	87	108
98	87	109
98	87	110
98	87	111
98	87	112
98	88	106
98	88	107
98	88	108
98	88	109
98	88	110
98	88	111
98	88	112
99	68	110
99	69	109
99	69	110
99	69	111
99	70	108
99	70	109
99	70	110
99	70	111
99	70	112
99	71	106
99	71	107
99	71	108
99	71	109
99	71	110
99	71	111
99	71	112
99	71	113
99	72	99
99	72	100
99	72	101
99	72	102
99	72	103
99	72	104
99	72	105
99	72	106
99	72	107
99	72	108
99	72	109
99	72	110
99	72	111
99	72	112
99	72	113
99	73	99
99	73	100
99	73	101
99	73	102
99	73	103
99	73	104
99	73	105
99	73	106
99	73	107
99	73	108
99	73	109
99	73	110
99	73	111
99	73	112
99	73	113
99	73	114
99	74	99
99	74	100
99	74	101
99	74	102
99	74	103
99	74	104
99	74	105
99	74	106
99	74	107
99	74	108
99	74	109
99	74	110
99	74	111
99	74	112
99	74	113
99	74	114
99	74	115
99	75	99
99	75	100
99	75	101
99	75	102
99	75	103
99	75	104
99	75	105
99	75	106
99	75	107
99	75	108
99	75	109
99	75	110
99	75	111
99	75	112
99	75	113
99	75	114
99	75	115
99	75	116
99	76	99
99	76	100
99	76	101
99	76	102
99	76	103
99	76	104
99	76	105
99	76	106
99	76	107
99	76	108
99	76	109
99	76	110
99	76	111
99	76	112
99	76	113
99	76	114
99	76	115
99	76	116
99	76	117
99	77	97
99	77	99
99	77	100
99	77	101
99	77	102
99	77	103
99	77	104
99	77	105
99	77	106
99	77	107
99	77	108
99	77	109
99	77	110
99	77	111
99	77	112
99	77	113
99	77	114
99	77	115
99	77	116
99	77	117
99	77	118
99	78	96
99	78	97
99	78	98
99	78	99
99	78	100
99	78	101
99	78	102
99	78	103
99	78	104
99	78	105
99	78	106
99	78	107
99	78	108
99	78	109
99	78	110
99	78	111
99	78	112
99	78	113
99	78	114
99	78	115
99	78	116
99	78	117
99	78	118
99	78	119
99	79	78
99	79	79
99	79	80
99	79	95
99	79	96
99	79	97
99	79	98
99	79	99
99	79	100
99	79	101
99	79	102
99	79	103
99	79	104
99	79	105
99	79	106
99	79	107
99	79	108
99	79	109
99	79	110
99	79	111
99	79	112
99	79	113
99	79	114
99	79	115
99	79	116
99	79	117
99	79	118
99	79	119
99	80	79
99	80	80
99	80	81
99	80	82
99	80	96
99	80	97
99	80	98
99	80	99
99	80	100
99	80	101
99	80	102
99	80	103
99	80	104
99	80	105
99	80	106
99	80	107
99	80	108
99	80	109
99	80	110
99	80	111
99	80	112
99	80	113
99	80	114
99	80	115
99	80	116
99	80	117
99	80	118
99	81	80
99	81	81
99	81	82
99	81	83
99	81	84
99	81	97
99	81	98
99	81	99
99	81	100
99	81	101
99	81	102
99	81	103
99	81	104
99	81	105
99	81	106
99	81	107
99	81	108
99	81	109
99	81	110
99	81	111
99	81	112
99	81	113
99	81	114
99	81	115
99	81	116
99	81	117
99	82	82
99	82	83
99	82	84
99	82	85
99	82	86
99	82	98
99	82	99
99	82	100
99	82	101
99	82	102
99	82	103
99	82	104
99	82	105
99	82	106
99	82	107
99	82	108
99	82	109
99	82	110
99	82	111
99	82	112
99	82	113
99	82	114
99	82	115
99	83	82
99	83	83
99	83	84
99	83	85
99	83	86
99	83	87
99	83	100
99	83	101
99	83	102
99	83	103
99	83	104
99	83	105
99	83	106
99	83	107
99	83	108
99	83	109
99	83	110
99	83	111
99	83	112
99	83	113
99	84	82
99	84	83
99	84	84
99	84	85
99	84	86
99	84	87
99	84	88
99	84	101
99	84	102
99	84	103
99	84	104
99	84	105
99	84	106
99	84	107
99	84	108
99	84	109
99	84	110
99	84	111
99	85	84
99	85	85
99	85	86
99	85	87
99	85	102
99	85	103
99	85	104
99	85	105
99	85	106
99	85	107
99	85	108
99	85	109
99	85	110
99	85	111
99	86	103
99	86	104
99	86	105
99	86	106
99	86	107
99	86	108
99	86	109
99	86	110
99	86	111
99	87	104
99	87	105
99	87	106
99	87	107
99	87	108
99	87	109
99	87	110
99	87	111
99	88	105
99	88	106
99	88	107
99	88	108
100	69	109
100	69	110
100	70	108
100	70	109
100	70	110
100	70	111
100	71	107
100	71	108
100	71	109
100	71	110
100	71	111
100	71	112
100	72	105
100	72	106
100	72	107
100	72	108
100	72	109
100	72	110
100	72	111
100	72	112
100	72	113
100	73	100
100	73	101
100	73	102
100	73	103
100	73	104
100	73	105
100	73	106
100	73	107
100	73	108
100	73	109
100	73	110
100	73	111
100	73	112
100	73	113
100	74	100
100	74	101
100	74	102
100	74	103
100	74	104
100	74	105
100	74	106
100	74	107
100	74	108
100	74	109
100	74	110
100	74	111
100	74	112
100	74	113
100	74	114
100	75	100
100	75	101
100	75	102
100	75	103
100	75	104
100	75	105
100	75	106
100	75	107
100	75	108
100	75	109
100	75	110
100	75	111
100	75	112
100	75	113
100	75	114
100	75	115
100	76	100
100	76	101
100	76	102
100	76	103
100	76	104
100	76	105
100	76	106
100	76	107
100	76	108
100	76	109
100	76	110
100	76	111
100	76	112
100	76	113
100	76	114
100	76	115
100	76	116
100	77	99
100	77	100
100	77	101
100	77	102
100	77	103
100	77	104
100	77	105
100	77	106
100	77	107
100	77	108
100	77	109
100	77	110
100	77	111
100	77	112
100	77	113
100	77	114
100	77	115
100	77	116
100	77	117
100	77	118
100	78	96
100	78	98
100	78	99
100	78	100
100	78	101
100	78	102
100	78	103
100	78	104
100	78	105
100	78	106
100	78	107
100	78	108
100	78	109
100	78	110
100	78	111
100	78	112
100	78	113
100	78	114
100	78	115
100	78	116
100	78	117
100	78	118
100	78	119
100	79	78
100	79	79
100	79	80
100	79	95
100	79	96
100	79	97
100	79	98
100	79	99
100	79	100
100	79	101
100	79	102
100	79	103
100	79	104
100	79	105
100	79	106
100	79	107
100	79	108
100	79	109
100	79	110
100	79	111
100	79	112
100	79	113
100	79	114
100	79	115
100	79	116
100	79	117
100	79	118
100	79	119
100	80	79
100	80	80
100	80	81
100	80	82
100	80	83
100	80	96
100	80	97
100	80	98
100	80	99
100	80	100
100	80	101
100	80	102
100	80	103
100	80	104
100	80	105
100	80	106
100	80	107
100	80	108
100	80	109
100	80	110
100	80	111
100	80	112
100	80	113
100	80	114
100	80	115
100	80	116
100	80	117
100	80	118
100	81	83
100	81	84
100	81	85
100	81	97
100	81	98
100	81	99
100	81	100
100	81	101
100	81	102
100	81	103
100	81	104
100	81	105
100	81	106
100	81	107
100	81	108
100	81	109
100	81	110
100	81	111
100	81	112
100	81	113
100	81	114
100	81	115
100	81	116
100	81	117
100	82	83
100	82	84
100	82	85
100	82	86
100	82	98
100	82	99
100	82	100
100	82	101
100	82	102
100	82	103
100	82	104
100	82	105
100	82	106
100	82	107
100	82	108
100	82	109
100	82	110
100	82	111
100	82	112
100	82	113
100	82	114
100	82	115
100	82	116
100	83	83
100	83	84
100	83	85
100	83	86
100	83	99
100	83	100
100	83	101
100	83	102
100	83	103
100	83	104
100	83	105
100	83	106
100	83	107
100	83	108
100	83	109
100	83	110
100	83	111
100	83	112
100	84	83
100	84	84
100	84	85
100	84	86
100	84	87
100	84	101
100	84	102
100	84	103
100	84	104
100	84	105
100	84	106
100	84	107
100	84	108
100	84	109
100	84	110
100	84	111
100	85	87
100	85	102
100	85	103
100	85	104
100	85	105
100	85	106
100	85	107
100	85	108
100	85	109
100	85	110
100	86	103
100	86	104
100	86	105
100	86	106
100	86	107
100	86	108
100	86	109
100	86	110
100	87	104
100	87	105
100	87	106
100	87	107
100	87	108
100	87	109
100	88	105
100	88	106
100	88	107
100	88	108
100	89	107
101	69	109
101	70	108
101	70	109
101	70	110
101	71	107
101	71	108
101	71	109
101	71	110
101	71	111
101	72	106
101	72	107
101	72	108
101	72	109
101	72	110
101	72	111
101	72	112
101	73	104
101	73	105
101	73	106
101	73	107
101	73	108
101	73	109
101	73	110
101	73	111
101	73	112
101	73	113
101	74	101
101	74	102
101	74	103
101	74	104
101	74	105
101	74	106
101	74	107
101	74	108
101	74	109
101	74	110
101	74	111
101	74	112
101	74	113
101	74	114
101	75	101
101	75	102
101	75	103
101	75	104
101	75	105
101	75	106
101	75	107
101	75	108
101	75	109
101	75	110
101	75	111
101	75	112
101	75	113
101	75	114
101	76	100
101	76	101
101	76	102
101	76	103
101	76	104
101	76	105
101	76	106
101	76	107
101	76	108
101	76	109
101	76	110
101	76	111
101	76	112
101	76	113
101	76	114
101	76	115
101	77	100
101	77	101
101	77	102
101	77	103
101	77	104
101	77	105
101	77	106
101	77	107
101	77	108
101	77	109
101	77	110
101	77	111
101	77	112
101	77	113
101	77	114
101	77	115
101	77	116
101	78	98
101	78	99
101	78	100
101	78	101
101	78	102
101	78	103
101	78	104
101	78	105
101	78	106
101	78	107
101	78	108
101	78	109
101	78	110
101	78	111
101	78	112
101	78	113
101	78	114
101	78	115
101	78	116
101	78	117
101	78	118
101	78	119
101	79	78
101	79	79
101	79	97
101	79	98
101	79	99
101	79	100
101	79	101
101	79	102
101	79	103
101	79	104
101	79	105
101	79	106
101	79	107
101	79	108
101	79	109
101	79	110
101	79	111
101	79	112
101	79	113
101	79	114
101	79	115
101	79	116
101	79	117
101	79	118
101	80	96
101	80	97
101	80	98
101	80	99
101	80	100
101	80	101
101	80	102
101	80	103
101	80	104
101	80	105
101	80	106
101	80	107
101	80	108
101	80	109
101	80	110
101	80	111
101	80	112
101	80	113
101	80	114
101	80	115
101	80	116
101	80	117
101	81	84
101	81	85
101	81	97
101	81	98
101	81	99
101	81	100
101	81	101
101	81	102
101	81	103
101	81	104
101	81	105
101	81	106
101	81	107
101	81	108
101	81	109
101	81	110
101	81	111
101	81	112
101	81	113
101	81	114
101	81	115
101	81	116
101	81	117
101	82	84
101	82	85
101	82	98
101	82	99
101	82	100
101	82	101
101	82	102
101	82	103
101	82	104
101	82	105
101	82	106
101	82	107
101	82	108
101	82	109
101	82	110
101	82	111
101	82	112
101	82	113
101	82	114
101	82	115
101	82	116
101	83	84
101	83	85
101	83	99
101	83	100
101	83	101
101	83	102
101	83	103
101	83	104
101	83	105
101	83	106
101	83	107
101	83	108
101	83	109
101	83	110
101	83	111
101	83	112
101	84	85
101	84	86
101	84	101
101	84	102
101	84	103
101	84	104
101	84	105
101	84	106
101	84	107
101	84	108
101	84	109
101	84	110
101	84	111
101	85	87
101	85	102
101	85	103
101	85	104
101	85	105
101	85	106
101	85	107
101	85	108
101	85	109
101	85	110
101	86	87
101	86	103
101	86	104
101	86	105
101	86	106
101	86	107
101	86	108
101	86	109
101	86	110
101	87	87
101	87	104
101	87	105
101	87	106
101	87	107
101	87	108
101	87	109
101	88	87
101	88	105
101	88	106
101	88	107
101	88	108
101	89	87
101	89	106
101	89	107
102	70	108
102	70	109
102	71	107
102	71	108
102	71	109
102	71	110
102	72	106
102	72	107
102	72	108
102	72	109
102	72	110
102	72	111
102	73	105
102	73	106
102	73	107
102	73	108
102	73	109
102	73	110
102	73	111
102	73	112
102	74	103
102	74	104
102	74	105
102	74	106
102	74	107
102	74	108
102	74	109
102	74	110
102	74	111
102	74	112
102	74	113
102	75	101
102	75	102
102	75	103
102	75	104
102	75	105
102	75	106
102	75	107
102	75	108
102	75	109
102	75	110
102	75	111
102	75	112
102	75	113
102	75	114
102	76	101
102	76	102
102	76	103
102	76	104
102	76	105
102	76	106
102	76	107
102	76	108
102	76	109
102	76	110
102	76	111
102	76	112
102	76	113
102	76	114
102	77	100
102	77	101
102	77	102
102	77	103
102	77	104
102	77	105
102	77	106
102	77	107
102	77	108
102	77	109
102	77	110
102	77	111
102	77	112
102	77	113
102	77	114
102	77	115
102	78	99
102	78	100
102	78	101
102	78	102
102	78	103
102	78	104
102	78	105
102	78	106
102	78	107
102	78	108
102	78	109
102	78	110
102	78	111
102	78	112
102	78	113
102	78	114
102	78	115
102	78	116
102	79	97
102	79	98
102	79	99
102	79	100
102	79	101
102	79	102
102	79	103
102	79	104
102	79	105
102	79	106
102	79	107
102	79	108
102	79	109
102	79	110
102	79	111
102	79	112
102	79	113
102	79	114
102	79	115
102	79	116
102	79	117
102	79	118
102	80	96
102	80	97
102	80	98
102	80	99
102	80	100
102	80	101
102	80	102
102	80	103
102	80	104
102	80	105
102	80	106
102	80	107
102	80	108
102	80	109
102	80	110
102	80	111
102	80	112
102	80	113
102	80	114
102	80	115
102	80	116
102	80	117
102	81	97
102	81	98
102	81	99
102	81	100
102	81	101
102	81	102
102	81	103
102	81	104
102	81	105
102	81	106
102	81	107
102	81	108
102	81	109
102	81	110
102	81	111
102	81	112
102	81	113
102	82	82
102	82	98
102	82	99
102	82	100
102	82	101
102	82	102
102	82	103
102	82	104
102	82	105
102	82	106
102	82	107
102	82	108
102	82	109
102	82	110
102	82	111
102	82	112
102	82	113
102	83	83
102	83	84
102	83	85
102	83	99
102	83	100
102	83	101
102	83	102
102	83	103
102	83	104
102	83	105
102	83	106
102	83	107
102	83	108
102	83	109
102	83	110
102	83	111
102	83	112
102	84	83
102	84	84
102	84	85
102	84	86
102	84	100
102	84	101
102	84	102
102	84	103
102	84	104
102	84	105
102	84	106
102	84	107
102	84	108
102	84	109
102	84	110
102	84	111
102	85	84
102	85	85
102	85	86
102	85	87
102	85	102
102	85	103
102	85	104
102	85	105
102	85	106
102	85	107
102	85	108
102	85	109
102	85	110
102	86	86
102	86	87
102	86	103
102	86	104
102	86	105
102	86	106
102	86	107
102	86	108
102	86	109
102	86	110
102	87	86
102	87	87
102	87	104
102	87	105
102	87	106
102	87	107
102	87	108
102	87	109
102	88	86
102	88	87
102	88	105
102	88	106
102	88	107
102	88	108
102	89	86
102	89	87
102	89	106
102	89	107
103	70	108
103	71	107
103	71	108
103	71	109
103	72	106
103	72	107
103	72	108
103	72	109
103	72	110
103	73	105
103	73	106
103	73	107
103	73	108
103	73	109
103	73	110
103	73	111
103	74	104
103	74	105
103	74	106
103	74	107
103	74	108
103	74	109
103	74	110
103	74	111
103	74	112
103	75	102
103	75	103
103	75	104
103	75	105
103	75	106
103	75	107
103	75	108
103	75	109
103	75	110
103	75	111
103	75	112
103	75	113
103	76	101
103	76	102
103	76	103
103	76	104
103	76	105
103	76	106
103	76	107
103	76	108
103	76	109
103	76	110
103	76	111
103	76	112
103	76	113
103	76	114
103	77	100
103	77	101
103	77	102
103	77	103
103	77	104
103	77	105
103	77	106
103	77	107
103	77	108
103	77	109
103	77	110
103	77	111
103	77	112
103	77	113
103	77	114
103	78	99
103	78	100
103	78	101
103	78	102
103	78	103
103	78	104
103	78	105
103	78	106
103	78	107
103	78	108
103	78	109
103	78	110
103	78	111
103	78	112
103	78	113
103	78	114
103	79	98
103	79	99
103	79	100
103	79	101
103	79	102
103	79	103
103	79	104
103	79	105
103	79	106
103	79	107
103	79	108
103	79	109
103	79	110
103	79	111
103	79	112
103	79	113
103	79	114
103	79	115
103	80	97
103	80	98
103	80	99
103	80	100
103	80	101
103	80	102
103	80	103
103	80	104
103	80	105
103	80	106
103	80	107
103	80	108
103	80	109
103	80	110
103	80	111
103	80	112
103	80	113
103	81	83
103	81	97
103	81	98
103	81	99
103	81	100
103	81	101
103	81	102
103	81	103
103	81	104
103	81	105
103	81	106
103	81	107
103	81	108
103	81	109
103	81	110
103	81	111
103	81	112
103	82	82
103	82	84
103	82	98
103	82	99
103	82	100
103	82	101
103	82	102
103	82	103
103	82	104
103	82	105
103	82	106
103	82	107
103	82	108
103	82	109
103	82	110
103	82	111
103	82	112
103	83	81
103	83	82
103	83	83
103	83	84
103	83	85
103	83	99
103	83	100
103	83	101
103	83	102
103	83	103
103	83	104
103	83	105
103	83	106
103	83	107
103	83	108
103	83	109
103	83	110
103	83	111
103	83	112
103	84	82
103	84	83
103	84	84
103	84	85
103	84	100
103	84	101
103	84	102
103	84	103
103	84	104
103	84	105
103	84	106
103	84	107
103	84	108
103	84	109
103	84	110
103	84	111
103	85	82
103	85	83
103	85	84
103	85	85
103	85	86
103	85	101
103	85	102
103	85	103
103	85	104
103	85	105
103	85	106
103	85	107
103	85	108
103	85	109
103	86	83
103	86	84
103	86	85
103	86	86
103	86	87
103	86	102
103	86	103
103	86	104
103	86	105
103	86	106
103	86	107
103	86	108
103	86	109
103	87	85
103	87	86
103	87	87
103	87	104
103	87	105
103	87	106
103	87	107
103	87	108
103	87	109
103	88	85
103	88	86
103	88	87
103	88	105
103	88	106
103	88	107
103	88	108
103	89	86
103	89	87
103	89	106
103	89	107
104	71	107
104	71	108
104	72	106
104	72	107
104	72	108
104	72	109
104	73	105
104	73	106
104	73	107
104	73	108
104	73	109
104	73	110
104	74	104
104	74	105
104	74	106
104	74	107
104	74	108
104	74	109
104	74	110
104	74	111
104	75	102
104	75	103
104	75	104
104	75	105
104	75	106
104	75	107
104	75	108
104	75	109
104	75	110
104	75	111
104	75	112
104	76	101
104	76	102
104	76	103
104	76	104
104	76	105
104	76	106
104	76	107
104	76	108
104	76	109
104	76	110
104	76	111
104	76	112
104	76	113
104	77	100
104	77	101
104	77	102
104	77	103
104	77	104
104	77	105
104	77	106
104	77	107
104	77	108
104	77	109
104	77	110
104	77	111
104	77	112
104	77	113
104	78	99
104	78	100
104	78	101
104	78	102
104	78	103
104	78	104
104	78	105
104	78	106
104	78	107
104	78	108
104	78	109
104	78	110
104	78	111
104	78	112
104	78	113
104	79	98
104	79	99
104	79	100
104	79	101
104	79	102
104	79	103
104	79	104
104	79	105
104	79	106
104	79	107
104	79	108
104	79	109
104	79	110
104	79	111
104	79	112
104	79	113
104	80	97
104	80	98
104	80	99
104	80	100
104	80	101
104	80	102
104	80	103
104	80	104
104	80	105
104	80	106
104	80	107
104	80	108
104	80	109
104	80	110
104	80	111
104	80	112
104	81	98
104	81	99
104	81	100
104	81	101
104	81	102
104	81	103
104	81	104
104	81	105
104	81	106
104	81	107
104	81	108
104	81	109
104	81	110
104	81	111
104	82	82
104	82	83
104	82	98
104	82	99
104	82	100
104	82	101
104	82	102
104	82	103
104	82	104
104	82	105
104	82	106
104	82	107
104	82	108
104	82	109
104	82	110
104	82	111
104	83	81
104	83	82
104	83	83
104	83	84
104	83	99
104	83	100
104	83	101
104	83	102
104	83	103
104	83	104
104	83	105
104	83	106
104	83	107
104	83	108
104	83	109
104	83	110
104	83	111
104	84	80
104	84	81
104	84	82
104	84	83
104	84	84
104	84	85
104	84	100
104	84	101
104	84	102
104	84	103
104	84	104
104	84	105
104	84	106
104	84	107
104	84	108
104	84	109
104	84	110
104	85	81
104	85	82
104	85	83
104	85	84
104	85	85
104	85	86
104	85	101
104	85	102
104	85	103
104	85	104
104	85	105
104	85	106
104	85	107
104	85	108
104	85	109
104	86	82
104	86	83
104	86	84
104	86	85
104	86	86
104	86	87
104	86	102
104	86	103
104	86	104
104	86	105
104	86	106
104	86	107
104	86	108
104	87	83
104	87	84
104	87	85
104	87	86
104	87	87
104	87	104
104	87	105
104	87	106
104	87	107
104	87	108
104	88	85
104	88	86
104	88	87
104	88	105
104	88	106
104	88	107
104	88	108
104	89	86
104	89	105
104	89	106
104	89	107
105	71	107
105	72	106
105	72	107
105	72	108
105	73	105
105	73	106
105	73	107
105	73	108
105	73	109
105	74	104
105	74	105
105	74	106
105	74	107
105	74	108
105	74	109
105	74	110
105	75	102
105	75	103
105	75	104
105	75	105
105	75	106
105	75	107
105	75	108
105	75	109
105	75	110
105	75	111
105	76	101
105	76	102
105	76	103
105	76	104
105	76	105
105	76	106
105	76	107
105	76	108
105	76	109
105	76	110
105	76	111
105	76	112
105	77	100
105	77	101
105	77	102
105	77	103
105	77	104
105	77	105
105	77	106
105	77	107
105	77	108
105	77	109
105	77	110
105	77	111
105	77	112
105	78	99
105	78	100
105	78	101
105	78	102
105	78	103
105	78	104
105	78	105
105	78	106
105	78	107
105	78	108
105	78	109
105	78	110
105	78	111
105	78	112
105	79	98
105	79	99
105	79	100
105	79	101
105	79	102
105	79	103
105	79	104
105	79	105
105	79	106
105	79	107
105	79	108
105	79	109
105	79	110
105	79	111
105	79	112
105	79	113
105	80	97
105	80	98
105	80	99
105	80	100
105	80	101
105	80	102
105	80	103
105	80	104
105	80	105
105	80	106
105	80	107
105	80	108
105	80	109
105	80	110
105	80	111
105	80	112
105	81	98
105	81	99
105	81	100
105	81	101
105	81	102
105	81	103
105	81	104
105	81	105
105	81	106
105	81	107
105	81	108
105	81	109
105	81	110
105	81	111
105	82	82
105	82	83
105	82	98
105	82	99
105	82	100
105	82	101
105	82	102
105	82	103
105	82	104
105	82	105
105	82	106
105	82	107
105	82	108
105	82	109
105	82	110
105	83	81
105	83	82
105	83	83
105	83	84
105	83	99
105	83	100
105	83	101
105	83	102
105	83	103
105	83	104
105	83	105
105	83	106
105	83	107
105	83	108
105	83	109
105	83	110
105	84	80
105	84	81
105	84	82
105	84	83
105	84	84
105	84	85
105	84	100
105	84	101
105	84	102
105	84	103
105	84	104
105	84	105
105	84	106
105	84	107
105	84	108
105	84	109
105	84	110
105	85	81
105	85	82
105	85	83
105	85	84
105	85	85
105	85	86
105	85	100
105	85	101
105	85	102
105	85	103
105	85	104
105	85	105
105	85	106
105	85	107
105	85	108
105	85	109
105	86	82
105	86	83
105	86	84
105	86	85
105	86	86
105	86	101
105	86	102
105	86	103
105	86	104
105	86	105
105	86	106
105	86	107
105	86	108
105	87	83
105	87	84
105	87	85
105	87	86
105	87	102
105	87	103
105	87	104
105	87	105
105	87	106
105	87	107
105	88	85
105	88	86
105	88	105
105	88	106
105	88	107
105	89	86
106	72	106
106	72	107
106	73	105
106	73	106
106	73	107
106	73	108
106	74	104
106	74	105
106	74	106
106	74	107
106	74	108
106	74	109
106	75	103
106	75	104
106	75	105
106	75	106
106	75	107
106	75	108
106	75	109
106	75	110
106	76	101
106	76	102
106	76	103
106	76	104
106	76	105
106	76	106
106	76	107
106	76	108
106	76	109
106	76	110
106	76	111
106	77	100
106	77	101
106	77	102
106	77	103
106	77	104
106	77	105
106	77	106
106	77	107
106	77	108
106	77	109
106	77	110
106	77	111
106	78	99
106	78	100
106	78	101
106	78	102
106	78	103
106	78	104
106	78	105
106	78	106
106	78	107
106	78	108
106	78	109
106	78	110
106	78	111
106	78	112
106	79	98
106	79	99
106	79	100
106	79	101
106	79	102
106	79	103
106	79	104
106	79	105
106	79	106
106	79	107
106	79	108
106	79	109
106	79	110
106	79	111
106	79	112
106	80	97
106	80	98
106	80	99
106	80	100
106	80	101
106	80	102
106	80	103
106	80	104
106	80	105
106	80	106
106	80	107
106	80	108
106	80	109
106	80	110
106	80	111
106	80	112
106	81	98
106	81	99
106	81	100
106	81	101
106	81	102
106	81	103
106	81	104
106	81	105
106	81	106
106	81	107
106	81	108
106	81	109
106	81	110
106	81	111
106	82	82
106	82	98
106	82	99
106	82	100
106	82	101
106	82	102
106	82	103
106	82	104
106	82	105
106	82	106
106	82	107
106	82	108
106	82	109
106	82	110
106	83	81
106	83	82
106	83	83
106	83	84
106	83	99
106	83	100
106	83	101
106	83	102
106	83	103
106	83	104
106	83	105
106	83	106
106	83	107
106	83	108
106	83	109
106	84	80
106	84	81
106	84	82
106	84	83
106	84	84
106	84	85
106	84	99
106	84	100
106	84	101
106	84	102
106	84	103
106	84	104
106	84	105
106	84	106
106	84	107
106	84	108
106	84	109
106	85	81
106	85	82
106	85	83
106	85	84
106	85	85
106	85	100
106	85	101
106	85	102
106	85	103
106	85	104
106	85	105
106	85	106
106	85	107
106	85	108
106	85	109
106	86	82
106	86	83
106	86	84
106	86	85
106	86	86
106	86	100
106	86	101
106	86	102
106	86	103
106	86	104
106	86	105
106	86	106
106	86	107
106	86	108
106	87	83
106	87	84
106	87	85
106	87	86
106	87	104
106	87	105
106	87	106
106	87	107
106	88	84
106	88	85
107	72	106
107	73	105
107	73	106
107	73	107
107	74	104
107	74	105
107	74	106
107	74	107
107	74	108
107	75	103
107	75	104
107	75	105
107	75	106
107	75	107
107	75	108
107	75	109
107	76	101
107	76	102
107	76	103
107	76	104
107	76	105
107	76	106
107	76	107
107	76	108
107	76	109
107	76	110
107	77	100
107	77	101
107	77	102
107	77	103
107	77	104
107	77	105
107	77	106
107	77	107
107	77	108
107	77	109
107	77	110
107	77	111
107	78	99
107	78	100
107	78	101
107	78	102
107	78	103
107	78	104
107	78	105
107	78	106
107	78	107
107	78	108
107	78	109
107	78	110
107	78	111
107	79	98
107	79	99
107	79	100
107	79	101
107	79	102
107	79	103
107	79	104
107	79	105
107	79	106
107	79	107
107	79	108
107	79	109
107	79	110
107	79	111
107	79	112
107	80	97
107	80	98
107	80	99
107	80	100
107	80	101
107	80	102
107	80	103
107	80	104
107	80	105
107	80	106
107	80	107
107	80	108
107	80	109
107	80	110
107	80	111
107	80	112
107	81	98
107	81	99
107	81	100
107	81	101
107	81	102
107	81	103
107	81	104
107	81	105
107	81	106
107	81	107
107	81	108
107	81	109
107	81	110
107	82	98
107	82	99
107	82	100
107	82	101
107	82	102
107	82	103
107	82	104
107	82	105
107	82	106
107	82	107
107	82	108
107	82	109
107	83	81
107	83	82
107	83	83
107	83	84
107	83	99
107	83	100
107	83	101
107	83	102
107	83	103
107	83	104
107	83	105
107	83	106
107	83	107
107	83	108
107	84	80
107	84	81
107	84	82
107	84	83
107	84	84
107	84	85
107	84	99
107	84	100
107	84	101
107	84	102
107	84	103
107	84	104
107	84	105
107	84	106
107	84	107
107	85	81
107	85	82
107	85	83
107	85	84
107	85	85
107	85	99
107	85	100
107	85	101
107	85	102
107	85	103
107	85	104
107	85	105
107	85	106
107	86	81
107	86	82
107	86	83
107	86	84
107	86	85
107	86	103
107	86	104
107	86	105
107	87	82
107	87	83
107	87	84
107	87	85
107	88	84
108	73	105
108	73	106
108	74	104
108	74	105
108	74	106
108	74	107
108	75	103
108	75	104
108	75	105
108	75	106
108	75	107
108	75	108
108	76	101
108	76	102
108	76	103
108	76	104
108	76	105
108	76	106
108	76	107
108	76	108
108	76	109
108	77	100
108	77	101
108	77	102
108	77	103
108	77	104
108	77	105
108	77	106
108	77	107
108	77	108
108	77	109
108	77	110
108	78	99
108	78	100
108	78	101
108	78	102
108	78	103
108	78	104
108	78	105
108	78	106
108	78	107
108	78	108
108	78	109
108	78	110
108	79	98
108	79	99
108	79	100
108	79	101
108	79	102
108	79	103
108	79	104
108	79	105
108	79	106
108	79	107
108	79	108
108	79	109
108	79	110
108	79	111
108	80	97
108	80	98
108	80	99
108	80	100
108	80	101
108	80	102
108	80	103
108	80	104
108	80	105
108	80	106
108	80	107
108	80	108
108	80	109
108	80	110
108	80	111
108	81	98
108	81	99
108	81	100
108	81	101
108	81	102
108	81	103
108	81	104
108	81	105
108	81	106
108	81	107
108	81	108
108	81	109
108	81	110
108	82	98
108	82	99
108	82	100
108	82	101
108	82	102
108	82	103
108	82	104
108	82	105
108	82	106
108	82	107
108	82	108
108	83	80
108	83	81
108	83	82
108	83	83
108	83	98
108	83	99
108	83	100
108	83	101
108	83	102
108	83	103
108	83	104
108	83	105
108	83	106
108	83	107
108	84	80
108	84	81
108	84	82
108	84	83
108	84	84
108	84	99
108	84	100
108	84	101
108	84	102
108	84	103
108	84	104
108	84	105
108	84	106
108	85	80
108	85	81
108	85	82
108	85	83
108	85	84
108	85	85
108	85	101
108	85	102
108	85	103
108	85	104
108	85	105
108	86	81
108	86	82
108	86	83
108	86	84
108	87	82
108	87	83
108	87	84
108	88	83
109	73	105
109	74	104
109	74	105
109	74	106
109	75	103
109	75	104
109	75	105
109	75	106
109	75	107
109	76	102
109	76	103
109	76	104
109	76	105
109	76	106
109	76	107
109	76	108
109	77	100
109	77	101
109	77	102
109	77	103
109	77	104
109	77	105
109	77	106
109	77	107
109	77	108
109	77	109
109	78	99
109	78	100
109	78	101
109	78	102
109	78	103
109	78	104
109	78	105
109	78	106
109	78	107
109	78	108
109	78	109
109	79	98
109	79	99
109	79	100
109	79	101
109	79	102
109	79	103
109	79	104
109	79	105
109	79	106
109	79	107
109	79	108
109	79	109
109	79	110
109	80	97
109	80	98
109	80	99
109	80	100
109	80	101
109	80	102
109	80	103
109	80	104
109	80	105
109	80	106
109	80	107
109	80	108
109	80	109
109	80	110
109	80	111
109	81	97
109	81	98
109	81	99
109	81	100
109	81	101
109	81	102
109	81	103
109	81	104
109	81	105
109	81	106
109	81	107
109	81	108
109	81	109
109	81	110
109	82	98
109	82	99
109	82	100
109	82	101
109	82	102
109	82	103
109	82	104
109	82	105
109	82	106
109	82	107
109	83	81
109	83	98
109	83	99
109	83	100
109	83	101
109	83	102
109	83	103
109	83	104
109	83	105
109	83	106
109	84	80
109	84	81
109	84	82
109	84	83
109	84	100
109	84	101
109	84	102
109	84	103
109	84	104
109	84	105
109	85	81
109	85	82
109	85	83
109	85	84
109	85	104
109	85	105
109	86	82
109	86	83
109	87	82
109	87	83
110	74	104
110	74	105
110	75	103
110	75	104
110	75	105
110	75	106
110	76	101
110	76	102
110	76	103
110	76	104
110	76	105
110	76	106
110	76	107
110	77	100
110	77	101
110	77	102
110	77	103
110	77	104
110	77	105
110	77	106
110	77	107
110	77	108
110	78	99
110	78	100
110	78	101
110	78	102
110	78	103
110	78	104
110	78	105
110	78	106
110	78	107
110	78	108
110	79	98
110	79	99
110	79	100
110	79	101
110	79	102
110	79	103
110	79	104
110	79	105
110	79	106
110	79	107
110	79	108
110	79	109
110	80	97
110	80	98
110	80	99
110	80	100
110	80	101
110	80	102
110	80	103
110	80	104
110	80	105
110	80	106
110	80	107
110	80	108
110	80	109
110	80	110
110	81	97
110	81	98
110	81	99
110	81	100
110	81	101
110	81	102
110	81	103
110	81	104
110	81	105
110	81	106
110	81	107
110	81	108
110	81	109
110	82	97
110	82	98
110	82	99
110	82	100
110	82	101
110	82	102
110	82	103
110	82	104
110	82	105
110	82	106
110	83	98
110	83	99
110	83	100
110	83	101
110	83	102
110	83	103
110	83	104
110	83	105
110	84	103
110	84	104
110	84	105
111	74	104
111	75	102
111	75	103
111	75	104
111	75	105
111	76	102
111	76	103
111	76	104
111	76	105
111	76	106
111	77	100
111	77	101
111	77	102
111	77	103
111	77	104
111	77	105
111	77	106
111	77	107
111	78	99
111	78	100
111	78	101
111	78	102
111	78	103
111	78	104
111	78	105
111	78	106
111	78	107
111	79	98
111	79	99
111	79	100
111	79	101
111	79	102
111	79	103
111	79	104
111	79	105
111	79	106
111	79	107
111	80	97
111	80	98
111	80	99
111	80	100
111	80	101
111	80	102
111	80	103
111	80	104
111	80	105
111	80	106
111	80	107
111	80	108
111	81	97
111	81	98
111	81	99
111	81	100
111	81	101
111	81	102
111	81	103
111	81	104
111	81	105
111	81	106
111	82	97
111	82	98
111	82	99
111	82	100
111	82	101
111	82	102
111	82	103
111	82	104
111	82	105
111	82	109
111	83	99
111	83	100
111	83	101
111	83	102
111	83	103
111	83	104
112	76	104
112	76	105
112	77	104
112	77	105
112	78	99
112	78	100
112	78	101
112	78	102
112	78	105
112	78	106
112	79	98
112	79	99
112	79	100
112	79	101
112	80	97
112	80	98
112	80	99
112	80	100
112	80	101
112	81	97
112	81	98
112	81	99
112	81	100
112	81	101
112	82	97
112	82	98
112	82	99
112	82	100
112	82	101
113	81	97
113	81	98
