#i	j	k
0	107	27
0	108	26
0	108	27
0	108	28
0	109	25
0	109	26
0	109	27
0	109	28
0	110	24
0	110	25
0	110	26
0	110	27
0	110	28
0	111	24
0	111	25
0	111	26
0	111	27
0	111	28
0	112	23
0	112	24
0	112	25
0	112	26
0	112	27
0	112	28
0	112	29
0	113	23
0	113	24
0	113	25
0	113	26
0	113	27
0	113	28
0	113	29
0	114	23
0	115	23
0	116	22
0	116	23
0	117	22
0	117	23
0	118	23
0	119	23
1	107	27
1	107	28
1	108	25
1	108	26
1	108	27
1	108	28
1	109	24
1	109	25
1	109	26
1	109	27
1	109	28
1	110	24
1	110	25
1	110	26
1	110	27
1	110	28
1	111	23
1	111	24
1	111	25
1	111	26
1	111	27
1	111	28
1	111	29
1	112	23
1	112	24
1	112	25
1	112	26
1	112	27
1	112	28
1	112	29
1	113	23
1	113	24
1	113	25
1	113	26
1	113	27
1	113	28
1	113	29
1	114	22
1	114	23
1	114	24
1	114	25
1	114	26
1	114	27
1	114	28
1	114	29
1	115	22
1	115	23
1	115	24
1	116	22
1	116	23
1	116	24
1	117	22
1	117	23
1	117	24
1	118	23
1	118	24
2	107	27
2	107	28
2	107	29
2	108	25
2	108	26
2	108	27
2	108	28
2	108	29
2	109	24
2	109	25
2	109	26
2	109	27
2	109	28
2	109	29
2	110	23
2	110	24
2	110	25
2	110	26
2	110	27
2	110	28
2	110	29
2	111	23
2	111	24
2	111	25
2	111	26
2	111	27
2	111	28
2	111	29
2	112	23
2	112	24
2	112	25
2	112	26
2	112	27
2	112	28
2	112	29
2	113	22
2	113	23
2	113	24
2	113	25
2	113	26
2	113	27
2	113	28
2	113	29
2	114	22
2	114	23
2	114	24
2	114	25
2	114	26
2	114	27
2	114	28
2	114	29
2	114	30
2	115	22
2	115	23
2	115	24
2	115	25
2	115	26
2	115	27
2	115	28
2	116	22
2	116	23
2	116	24
2	116	25
2	117	21
2	117	22
2	117	23
2	117	24
2	117	25
2	118	22
2	118	23
3	107	27
3	107	28
3	107	29
3	107	30
3	108	25
3	108	26
3	108	27
3	108	28
3	108	29
3	108	30
3	109	24
3	109	25
3	109	26
3	109	27
3	109	28
3	109	29
3	109	30
3	110	23
3	110	24
3	110	25
3	110	26
3	110	27
3	110	28
3	110	29
3	110	30
3	111	23
3	111	24
3	111	25
3	111	26
3	111	27
3	111	28
3	111	29
3	111	30
3	112	23
3	112	24
3	112	25
3	112	26
3	112	27
3	112	28
3	112	29
3	112	30
3	113	22
3	113	23
3	113	24
3	113	25
3	113	26
3	113	27
3	113	28
3	113	29
3	113	30
3	114	22
3	114	23
3	114	24
3	114	25
3	114	26
3	114	27
3	114	28
3	114	29
3	114	30
3	115	22
3	115	23
3	115	24
3	115	25
3	115	26
3	115	27
3	115	28
3	115	29
3	116	22
3	116	23
3	116	24
3	116	25
3	116	26
3	117	22
3	117	23
3	117	24
3	118	22
3	118	23
4	107	28
4	107	29
4	107	30
4	107	31
4	107	32
4	107	33
4	108	25
4	108	26
4	108	27
4	108	28
4	108	29
4	108	30
4	108	31
4	108	32
4	108	33
4	109	24
4	109	25
4	109	26
4	109	27
4	109	28
4	109	29
4	109	30
4	109	31
4	109	32
4	109	33
4	110	23
4	110	24
4	110	25
4	110	26
4	110	27
4	110	28
4	110	29
4	110	30
4	110	31
4	110	32
4	111	22
4	111	23
4	111	24
4	111	25
4	111	26
4	111	27
4	111	28
4	111	29
4	111	30
4	111	31
4	112	22
4	112	23
4	112	24
4	112	25
4	112	26
4	112	27
4	112	28
4	112	29
4	112	30
4	112	31
4	113	22
4	113	23
4	113	24
4	113	25
4	113	26
4	113	27
4	113	28
4	113	29
4	113	30
4	114	22
4	114	23
4	114	24
4	114	25
4	114	26
4	114	27
4	114	28
4	114	29
4	114	30
4	115	21
4	115	22
4	115	23
4	115	24
4	115	25
4	115	26
4	115	27
4	115	28
4	115	29
4	116	21
4	116	22
4	116	23
4	116	24
4	116	25
4	117	21
4	117	22
4	117	23
4	117	24
5	107	29
5	107	30
5	107	31
5	107	32
5	108	25
5	108	26
5	108	27
5	108	28
5	108	29
5	108	30
5	108	31
5	108	32
5	108	33
5	109	24
5	109	25
5	109	26
5	109	27
5	109	28
5	109	29
5	109	30
5	109	31
5	109	32
5	109	33
5	110	23
5	110	24
5	110	25
5	110	26
5	110	27
5	110	28
5	110	29
5	110	30
5	110	31
5	110	32
5	111	22
5	111	23
5	111	24
5	111	25
5	111	26
5	111	27
5	111	28
5	111	29
5	111	30
5	111	31
5	111	32
5	112	22
5	112	23
5	112	24
5	112	25
5	112	26
5	112	27
5	112	28
5	112	29
5	112	30
5	112	31
5	112	32
5	113	21
5	113	22
5	113	23
5	113	24
5	113	25
5	113	26
5	113	27
5	113	28
5	113	29
5	113	30
5	113	31
5	113	32
5	114	20
5	114	21
5	114	22
5	114	23
5	114	24
5	114	25
5	114	26
5	114	27
5	114	28
5	114	29
5	114	30
5	114	31
5	115	18
5	115	19
5	115	20
5	115	21
5	115	22
5	115	23
5	115	24
5	115	25
5	115	26
5	115	27
5	115	28
5	115	29
5	116	17
5	116	18
5	116	19
5	116	20
5	116	21
5	116	22
5	116	23
5	116	24
5	116	25
5	117	19
5	117	20
5	117	21
5	117	22
6	107	30
6	107	31
6	107	32
6	108	26
6	108	27
6	108	28
6	108	29
6	108	30
6	108	31
6	108	32
6	108	33
6	109	24
6	109	25
6	109	26
6	109	27
6	109	28
6	109	29
6	109	30
6	109	31
6	109	32
6	110	23
6	110	24
6	110	25
6	110	26
6	110	27
6	110	28
6	110	29
6	110	30
6	110	31
6	110	32
6	111	22
6	111	23
6	111	24
6	111	25
6	111	26
6	111	27
6	111	28
6	111	29
6	111	30
6	111	31
6	111	32
6	112	20
6	112	21
6	112	22
6	112	23
6	112	24
6	112	25
6	112	26
6	112	27
6	112	28
6	112	29
6	112	30
6	112	31
6	112	32
6	113	19
6	113	20
6	113	21
6	113	22
6	113	23
6	113	24
6	113	25
6	113	26
6	113	27
6	113	28
6	113	29
6	113	30
6	113	31
6	114	17
6	114	18
6	114	19
6	114	20
6	114	21
6	114	22
6	114	23
6	114	24
6	114	25
6	114	26
6	114	27
6	114	28
6	114	29
6	114	30
6	114	31
6	115	16
6	115	17
6	115	18
6	115	19
6	115	20
6	115	21
6	115	22
6	115	23
6	115	24
6	115	25
6	115	26
6	115	27
6	115	28
6	115	29
6	116	16
6	116	17
6	116	18
6	116	19
6	116	20
6	116	21
6	116	22
6	116	23
6	116	25
6	117	16
6	117	17
6	117	18
6	117	19
6	117	20
6	117	21
6	118	16
6	118	20
6	118	21
6	119	16
6	120	16
7	107	30
7	107	31
7	107	32
7	108	27
7	108	28
7	108	29
7	108	30
7	108	31
7	108	32
7	108	33
7	109	25
7	109	26
7	109	27
7	109	28
7	109	29
7	109	30
7	109	31
7	109	32
7	110	23
7	110	24
7	110	25
7	110	26
7	110	27
7	110	28
7	110	29
7	110	30
7	110	31
7	110	32
7	111	21
7	111	22
7	111	23
7	111	24
7	111	25
7	111	26
7	111	27
7	111	28
7	111	29
7	111	30
7	111	31
7	111	32
7	112	19
7	112	20
7	112	21
7	112	22
7	112	23
7	112	24
7	112	25
7	112	26
7	112	27
7	112	28
7	112	29
7	112	30
7	112	31
7	112	32
7	113	17
7	113	18
7	113	19
7	113	20
7	113	21
7	113	22
7	113	23
7	113	24
7	113	25
7	113	26
7	113	27
7	113	28
7	113	29
7	113	30
7	113	31
7	114	16
7	114	17
7	114	18
7	114	19
7	114	20
7	114	21
7	114	22
7	114	23
7	114	24
7	114	25
7	114	26
7	114	27
7	114	28
7	114	29
7	114	30
7	114	31
7	115	16
7	115	17
7	115	18
7	115	19
7	115	20
7	115	21
7	115	22
7	115	23
7	115	24
7	115	25
7	115	26
7	115	27
7	115	28
7	116	16
7	116	17
7	116	18
7	116	19
7	116	20
7	116	21
7	116	22
7	117	16
7	117	17
7	117	18
7	117	19
7	117	20
7	117	21
7	117	22
7	118	16
7	118	17
7	118	18
7	118	19
7	118	20
7	119	16
7	119	17
7	120	16
8	108	27
8	108	28
8	108	29
8	108	30
8	108	31
8	109	25
8	109	26
8	109	27
8	109	28
8	109	29
8	109	30
8	109	31
8	110	23
8	110	24
8	110	25
8	110	26
8	110	27
8	110	28
8	110	29
8	110	30
8	110	31
8	111	20
8	111	21
8	111	22
8	111	23
8	111	24
8	111	25
8	111	26
8	111	27
8	111	28
8	111	29
8	111	30
8	111	31
8	112	18
8	112	19
8	112	20
8	112	21
8	112	22
8	112	23
8	112	24
8	112	25
8	112	26
8	112	27
8	112	28
8	112	29
8	112	30
8	112	31
8	113	17
8	113	18
8	113	19
8	113	20
8	113	21
8	113	22
8	113	23
8	113	24
8	113	25
8	113	26
8	113	27
8	113	28
8	113	29
8	113	30
8	113	31
8	114	16
8	114	17
8	114	18
8	114	19
8	114	20
8	114	21
8	114	22
8	114	23
8	114	26
8	114	27
8	114	28
8	114	29
8	114	30
8	115	15
8	115	16
8	115	17
8	115	18
8	115	19
8	115	20
8	115	21
8	115	22
8	115	23
8	116	15
8	116	16
8	116	17
8	116	18
8	116	19
8	116	20
8	116	21
8	116	22
8	116	23
8	117	15
8	117	16
8	117	17
8	117	18
8	117	19
8	117	20
8	117	21
8	118	15
8	118	16
8	118	17
8	118	18
8	119	16
8	119	17
8	120	16
9	108	27
9	108	28
9	108	29
9	108	30
9	109	25
9	109	26
9	109	27
9	109	28
9	109	29
9	109	30
9	110	24
9	110	25
9	110	26
9	110	27
9	110	28
9	110	29
9	110	30
9	111	20
9	111	21
9	111	22
9	111	23
9	111	24
9	111	25
9	111	26
9	111	27
9	111	28
9	111	29
9	111	30
9	112	18
9	112	19
9	112	20
9	112	21
9	112	22
9	112	23
9	112	24
9	112	25
9	112	26
9	112	27
9	112	28
9	112	29
9	112	30
9	113	16
9	113	17
9	113	18
9	113	19
9	113	20
9	113	21
9	113	22
9	113	23
9	113	27
9	113	28
9	113	29
9	113	30
9	114	16
9	114	17
9	114	18
9	114	19
9	114	20
9	114	21
9	114	22
9	114	28
9	114	29
9	115	15
9	115	16
9	115	17
9	115	18
9	115	19
9	115	20
9	115	21
9	115	22
9	116	15
9	116	16
9	116	17
9	116	18
9	116	19
9	116	20
9	116	21
9	116	22
9	117	15
9	117	16
9	117	17
9	117	18
9	117	19
9	118	15
9	118	16
9	118	17
9	118	18
9	119	15
9	119	16
9	119	17
9	120	16
10	108	27
10	108	28
10	108	29
10	108	30
10	108	31
10	109	25
10	109	26
10	109	27
10	109	28
10	109	29
10	109	30
10	109	31
10	110	24
10	110	25
10	110	26
10	110	27
10	110	28
10	110	29
10	110	30
10	110	31
10	111	19
10	111	20
10	111	21
10	111	22
10	111	23
10	111	24
10	111	25
10	111	26
10	111	27
10	111	28
10	111	29
10	111	30
10	111	31
10	112	18
10	112	19
10	112	20
10	112	21
10	112	22
10	112	23
10	112	24
10	112	26
10	112	27
10	112	28
10	112	29
10	112	30
10	112	31
10	113	16
10	113	17
10	113	18
10	113	19
10	113	20
10	113	21
10	113	22
10	113	23
10	113	28
10	113	29
10	113	30
10	114	16
10	114	17
10	114	18
10	114	19
10	114	20
10	114	21
10	114	22
10	114	28
10	115	15
10	115	16
10	115	17
10	115	18
10	115	19
10	115	20
10	115	21
10	115	28
10	116	15
10	116	16
10	116	17
10	116	18
10	116	19
10	116	20
10	117	15
10	117	16
10	117	17
10	117	18
10	117	19
10	118	15
10	118	16
10	118	17
10	118	18
10	119	15
10	119	16
10	119	17
10	120	15
10	120	16
10	121	15
11	108	27
11	108	28
11	108	29
11	108	30
11	108	31
11	109	25
11	109	26
11	109	27
11	109	28
11	109	29
11	109	30
11	109	31
11	109	32
11	110	23
11	110	24
11	110	25
11	110	26
11	110	27
11	110	28
11	110	29
11	110	30
11	110	31
11	110	32
11	111	19
11	111	20
11	111	21
11	111	22
11	111	23
11	111	24
11	111	25
11	111	26
11	111	27
11	111	28
11	111	29
11	111	30
11	111	31
11	111	32
11	112	18
11	112	19
11	112	20
11	112	21
11	112	22
11	112	23
11	112	24
11	112	25
11	112	26
11	112	27
11	112	28
11	112	29
11	112	30
11	112	31
11	112	32
11	113	16
11	113	17
11	113	18
11	113	19
11	113	20
11	113	21
11	113	22
11	113	23
11	113	25
11	113	26
11	113	27
11	113	28
11	113	29
11	113	30
11	114	16
11	114	17
11	114	18
11	114	19
11	114	20
11	114	21
11	114	22
11	114	27
11	114	28
11	114	29
11	115	15
11	115	16
11	115	17
11	115	18
11	115	19
11	115	20
11	115	21
11	115	28
11	116	15
11	116	16
11	116	17
11	116	18
11	116	19
11	116	20
11	116	28
11	117	15
11	117	16
11	117	17
11	117	18
11	117	19
11	118	15
11	118	16
11	118	17
11	118	18
11	119	15
11	119	16
11	119	17
11	120	15
11	120	16
11	121	15
12	108	27
12	108	28
12	108	29
12	108	30
12	108	31
12	109	25
12	109	26
12	109	27
12	109	28
12	109	29
12	109	30
12	109	31
12	109	32
12	110	22
12	110	23
12	110	24
12	110	25
12	110	26
12	110	27
12	110	28
12	110	29
12	110	30
12	110	31
12	110	32
12	110	33
12	111	19
12	111	20
12	111	21
12	111	22
12	111	23
12	111	24
12	111	25
12	111	26
12	111	27
12	111	28
12	111	29
12	111	30
12	111	31
12	111	32
12	111	33
12	112	17
12	112	18
12	112	19
12	112	20
12	112	21
12	112	22
12	112	23
12	112	24
12	112	25
12	112	26
12	112	27
12	112	28
12	112	29
12	112	30
12	112	31
12	112	32
12	112	33
12	113	16
12	113	17
12	113	18
12	113	19
12	113	20
12	113	21
12	113	22
12	113	23
12	113	24
12	113	25
12	113	26
12	113	27
12	113	28
12	113	29
12	113	30
12	113	31
12	114	16
12	114	17
12	114	18
12	114	19
12	114	20
12	114	24
12	114	25
12	114	26
12	114	27
12	114	28
12	114	29
12	115	15
12	115	16
12	115	17
12	115	18
12	115	19
12	115	20
12	115	26
12	115	27
12	115	28
12	116	15
12	116	16
12	116	17
12	116	18
12	116	19
12	116	20
12	116	27
12	116	28
12	117	15
12	117	16
12	117	17
12	117	18
12	117	19
12	118	15
12	118	16
12	118	17
12	118	18
12	119	15
12	119	16
12	119	17
12	120	15
12	120	16
12	121	15
13	108	26
13	108	27
13	108	28
13	108	29
13	108	30
13	108	31
13	108	32
13	109	24
13	109	25
13	109	26
13	109	27
13	109	28
13	109	29
13	109	30
13	109	31
13	109	32
13	109	33
13	110	22
13	110	23
13	110	24
13	110	25
13	110	26
13	110	27
13	110	28
13	110	29
13	110	30
13	110	31
13	110	32
13	110	33
13	111	19
13	111	20
13	111	21
13	111	22
13	111	23
13	111	24
13	111	25
13	111	26
13	111	27
13	111	28
13	111	29
13	111	30
13	111	31
13	111	32
13	111	33
13	112	17
13	112	18
13	112	19
13	112	20
13	112	21
13	112	22
13	112	23
13	112	24
13	112	25
13	112	26
13	112	27
13	112	28
13	112	29
13	112	30
13	112	31
13	112	32
13	112	33
13	113	16
13	113	17
13	113	18
13	113	19
13	113	23
13	113	24
13	113	25
13	113	26
13	113	27
13	113	28
13	113	29
13	113	30
13	113	31
13	113	32
13	113	33
13	114	15
13	114	16
13	114	17
13	114	18
13	114	19
13	114	24
13	114	25
13	114	26
13	114	27
13	114	28
13	114	29
13	114	30
13	115	15
13	115	16
13	115	17
13	115	18
13	115	19
13	115	24
13	115	25
13	115	26
13	115	27
13	115	28
13	115	29
13	116	15
13	116	16
13	116	17
13	116	18
13	116	19
13	116	25
13	116	26
13	116	27
13	116	28
13	117	15
13	117	16
13	117	17
13	117	18
13	117	19
13	117	28
13	118	15
13	118	16
13	118	17
13	118	18
13	119	15
13	119	16
13	119	17
13	120	15
13	120	16
14	108	26
14	108	27
14	108	28
14	108	29
14	108	30
14	108	31
14	108	32
14	109	24
14	109	25
14	109	26
14	109	27
14	109	28
14	109	29
14	109	30
14	109	31
14	109	32
14	109	33
14	110	22
14	110	23
14	110	24
14	110	25
14	110	26
14	110	27
14	110	28
14	110	29
14	110	30
14	110	31
14	110	32
14	110	33
14	111	20
14	111	21
14	111	22
14	111	23
14	111	24
14	111	25
14	111	26
14	111	27
14	111	28
14	111	29
14	111	30
14	111	31
14	111	32
14	111	33
14	111	34
14	112	18
14	112	22
14	112	23
14	112	24
14	112	25
14	112	26
14	112	27
14	112	28
14	112	29
14	112	30
14	112	31
14	112	32
14	112	33
14	112	34
14	113	16
14	113	17
14	113	18
14	113	23
14	113	24
14	113	25
14	113	26
14	113	27
14	113	28
14	113	29
14	113	30
14	113	31
14	113	32
14	113	33
14	113	34
14	114	15
14	114	16
14	114	17
14	114	18
14	114	23
14	114	24
14	114	25
14	114	26
14	114	27
14	114	28
14	114	29
14	114	30
14	114	31
14	115	15
14	115	16
14	115	17
14	115	18
14	115	24
14	115	25
14	115	26
14	115	27
14	115	28
14	115	29
14	115	30
14	116	15
14	116	16
14	116	17
14	116	18
14	116	24
14	116	25
14	116	26
14	116	27
14	116	28
14	116	29
14	117	15
14	117	16
14	117	17
14	117	18
14	117	26
14	117	27
14	117	28
14	118	15
14	118	16
14	118	17
14	119	15
14	119	16
14	119	17
14	120	15
14	120	16
15	108	27
15	108	28
15	108	29
15	108	30
15	108	31
15	108	32
15	109	24
15	109	25
15	109	26
15	109	27
15	109	28
15	109	29
15	109	30
15	109	31
15	109	32
15	109	33
15	110	22
15	110	23
15	110	24
15	110	25
15	110	26
15	110	27
15	110	28
15	110	29
15	110	30
15	110	31
15	110	32
15	110	33
15	111	21
15	111	22
15	111	23
15	111	24
15	111	25
15	111	26
15	111	27
15	111	28
15	111	29
15	111	30
15	111	31
15	111	32
15	111	33
15	111	34
15	112	22
15	112	23
15	112	24
15	112	25
15	112	26
15	112	27
15	112	28
15	112	29
15	112	30
15	112	31
15	112	32
15	112	33
15	112	34
15	113	16
15	113	17
15	113	22
15	113	23
15	113	24
15	113	25
15	113	26
15	113	27
15	113	28
15	113	29
15	113	30
15	113	31
15	113	32
15	113	33
15	113	34
15	114	15
15	114	16
15	114	17
15	114	23
15	114	24
15	114	25
15	114	26
15	114	27
15	114	28
15	114	29
15	114	30
15	114	31
15	114	32
15	114	33
15	114	34
15	115	15
15	115	16
15	115	17
15	115	23
15	115	24
15	115	25
15	115	26
15	115	27
15	115	28
15	115	29
15	115	30
15	115	31
15	115	32
15	115	33
15	115	34
15	116	15
15	116	16
15	116	17
15	116	23
15	116	24
15	116	25
15	116	26
15	116	27
15	116	28
15	116	29
15	116	30
15	116	31
15	117	15
15	117	16
15	117	23
15	117	24
15	117	25
15	117	26
15	117	27
15	117	28
15	117	29
15	118	15
15	118	16
15	118	27
15	118	28
15	118	29
15	119	15
15	119	16
15	119	28
16	108	27
16	108	28
16	108	29
16	108	30
16	108	31
16	108	32
16	109	25
16	109	26
16	109	27
16	109	28
16	109	29
16	109	30
16	109	31
16	109	32
16	109	33
16	110	23
16	110	24
16	110	25
16	110	26
16	110	27
16	110	28
16	110	29
16	110	30
16	110	31
16	110	32
16	110	33
16	111	21
16	111	22
16	111	23
16	111	24
16	111	25
16	111	26
16	111	27
16	111	28
16	111	29
16	111	30
16	111	31
16	111	32
16	111	33
16	111	34
16	112	21
16	112	22
16	112	23
16	112	24
16	112	25
16	112	26
16	112	27
16	112	28
16	112	29
16	112	30
16	112	31
16	112	32
16	112	33
16	112	34
16	113	16
16	113	22
16	113	23
16	113	24
16	113	25
16	113	26
16	113	27
16	113	28
16	113	29
16	113	30
16	113	31
16	113	32
16	113	33
16	113	34
16	113	35
16	114	15
16	114	16
16	114	22
16	114	23
16	114	24
16	114	25
16	114	26
16	114	27
16	114	28
16	114	29
16	114	30
16	114	31
16	114	32
16	114	33
16	114	34
16	115	15
16	115	16
16	115	22
16	115	23
16	115	24
16	115	25
16	115	26
16	115	27
16	115	28
16	115	29
16	115	30
16	115	31
16	115	32
16	115	33
16	115	34
16	116	15
16	116	16
16	116	22
16	116	23
16	116	24
16	116	25
16	116	26
16	116	27
16	116	28
16	116	29
16	116	30
16	116	31
16	116	32
16	116	33
16	116	34
16	117	15
16	117	16
16	117	23
16	117	24
16	117	25
16	117	26
16	117	27
16	117	28
16	117	29
16	117	30
16	117	31
16	117	32
16	117	33
16	118	15
16	118	25
16	118	26
16	118	27
16	118	28
16	118	29
16	118	30
16	118	31
16	118	32
16	118	33
16	119	27
16	119	28
16	119	29
16	119	30
16	119	31
16	119	32
16	119	33
16	120	29
16	120	30
16	120	31
16	120	32
16	121	30
16	121	31
16	121	32
16	122	30
16	122	31
17	108	28
17	108	29
17	108	30
17	108	31
17	109	26
17	109	27
17	109	28
17	109	29
17	109	30
17	109	31
17	109	32
17	109	33
17	110	24
17	110	25
17	110	26
17	110	27
17	110	28
17	110	29
17	110	30
17	110	31
17	110	32
17	110	33
17	110	34
17	111	21
17	111	22
17	111	23
17	111	24
17	111	25
17	111	26
17	111	27
17	111	28
17	111	29
17	111	30
17	111	31
17	111	32
17	111	33
17	111	34
17	112	21
17	112	22
17	112	23
17	112	24
17	112	25
17	112	26
17	112	27
17	112	28
17	112	29
17	112	30
17	112	31
17	112	32
17	112	33
17	112	34
17	113	21
17	113	22
17	113	23
17	113	24
17	113	25
17	113	26
17	113	27
17	113	28
17	113	29
17	113	30
17	113	31
17	113	32
17	113	33
17	113	34
17	113	35
17	114	15
17	114	21
17	114	22
17	114	23
17	114	24
17	114	25
17	114	26
17	114	27
17	114	28
17	114	29
17	114	30
17	114	31
17	114	32
17	114	33
17	114	34
17	114	35
17	115	15
17	115	21
17	115	22
17	115	23
17	115	24
17	115	25
17	115	26
17	115	27
17	115	28
17	115	29
17	115	30
17	115	31
17	115	32
17	115	33
17	115	34
17	115	35
17	116	15
17	116	22
17	116	23
17	116	24
17	116	25
17	116	26
17	116	27
17	116	28
17	116	29
17	116	30
17	116	31
17	116	32
17	116	33
17	116	34
17	117	15
17	117	22
17	117	23
17	117	24
17	117	25
17	117	26
17	117	27
17	117	28
17	117	29
17	117	30
17	117	31
17	117	32
17	117	33
17	117	34
17	118	24
17	118	25
17	118	26
17	118	27
17	118	28
17	118	29
17	118	30
17	118	31
17	118	32
17	118	33
17	118	34
17	119	26
17	119	27
17	119	28
17	119	29
17	119	30
17	119	31
17	119	32
17	119	33
17	119	34
17	120	26
17	120	27
17	120	28
17	120	29
17	120	30
17	120	31
17	120	32
17	120	33
17	121	27
17	121	29
17	121	30
17	121	31
17	121	32
17	121	33
17	122	30
17	122	31
17	122	32
17	122	33
17	123	30
17	123	31
17	123	32
17	123	33
18	109	27
18	109	28
18	109	29
18	109	30
18	109	31
18	109	32
18	110	24
18	110	25
18	110	26
18	110	27
18	110	28
18	110	29
18	110	30
18	110	31
18	110	32
18	110	33
18	111	22
18	111	23
18	111	24
18	111	25
18	111	26
18	111	27
18	111	28
18	111	29
18	111	30
18	111	31
18	111	32
18	111	33
18	111	34
18	112	20
18	112	21
18	112	22
18	112	23
18	112	24
18	112	25
18	112	26
18	112	27
18	112	28
18	112	29
18	112	30
18	112	31
18	112	32
18	112	33
18	112	34
18	112	35
18	113	20
18	113	21
18	113	22
18	113	23
18	113	24
18	113	25
18	113	26
18	113	27
18	113	28
18	113	29
18	113	30
18	113	31
18	113	32
18	113	33
18	113	34
18	113	35
18	114	20
18	114	21
18	114	22
18	114	23
18	114	24
18	114	25
18	114	26
18	114	27
18	114	28
18	114	29
18	114	30
18	114	31
18	114	32
18	114	33
18	114	34
18	114	35
18	114	36
18	115	21
18	115	22
18	115	23
18	115	24
18	115	25
18	115	26
18	115	27
18	115	28
18	115	29
18	115	30
18	115	31
18	115	32
18	115	33
18	115	34
18	115	35
18	116	21
18	116	22
18	116	23
18	116	24
18	116	25
18	116	26
18	116	27
18	116	28
18	116	29
18	116	30
18	116	31
18	116	32
18	116	33
18	116	34
18	116	35
18	117	22
18	117	23
18	117	24
18	117	25
18	117	26
18	117	27
18	117	28
18	117	29
18	117	30
18	117	31
18	117	32
18	117	33
18	117	34
18	117	35
18	118	24
18	118	25
18	118	26
18	118	27
18	118	28
18	118	29
18	118	30
18	118	31
18	118	32
18	118	33
18	118	34
18	118	35
18	119	25
18	119	26
18	119	27
18	119	28
18	119	29
18	119	30
18	119	31
18	119	32
18	119	33
18	119	34
18	120	26
18	120	27
18	120	28
18	120	29
18	120	30
18	120	31
18	120	32
18	120	33
18	120	34
18	121	26
18	121	27
18	121	28
18	121	29
18	121	30
18	121	31
18	121	32
18	121	33
18	121	34
18	122	26
18	122	29
18	122	30
18	122	31
18	122	32
18	122	33
18	122	34
18	123	30
18	123	31
18	123	32
18	123	33
18	124	30
18	124	31
18	124	32
18	125	30
19	109	29
19	109	30
19	109	31
19	110	25
19	110	26
19	110	27
19	110	28
19	110	29
19	110	30
19	110	31
19	110	32
19	110	33
19	111	22
19	111	23
19	111	24
19	111	25
19	111	26
19	111	27
19	111	28
19	111	29
19	111	30
19	111	31
19	111	32
19	111	33
19	111	34
19	112	20
19	112	21
19	112	22
19	112	23
19	112	24
19	112	25
19	112	26
19	112	27
19	112	28
19	112	29
19	112	30
19	112	31
19	112	32
19	112	33
19	112	34
19	112	35
19	113	19
19	113	20
19	113	21
19	113	22
19	113	23
19	113	24
19	113	25
19	113	26
19	113	27
19	113	28
19	113	29
19	113	30
19	113	31
19	113	32
19	113	33
19	113	34
19	113	35
19	114	20
19	114	21
19	114	22
19	114	23
19	114	24
19	114	25
19	114	26
19	114	27
19	114	28
19	114	29
19	114	30
19	114	31
19	114	32
19	114	33
19	114	34
19	114	35
19	114	36
19	115	20
19	115	21
19	115	22
19	115	23
19	115	24
19	115	25
19	115	26
19	115	27
19	115	28
19	115	29
19	115	30
19	115	31
19	115	32
19	115	33
19	115	34
19	115	35
19	115	36
19	116	21
19	116	22
19	116	23
19	116	24
19	116	25
19	116	26
19	116	27
19	116	28
19	116	29
19	116	30
19	116	31
19	116	32
19	116	33
19	116	34
19	116	35
19	116	36
19	117	22
19	117	23
19	117	24
19	117	25
19	117	26
19	117	27
19	117	28
19	117	29
19	117	30
19	117	31
19	117	32
19	117	33
19	117	34
19	117	35
19	117	36
19	118	23
19	118	24
19	118	25
19	118	26
19	118	27
19	118	28
19	118	29
19	118	30
19	118	31
19	118	32
19	118	33
19	118	34
19	118	35
19	119	25
19	119	26
19	119	27
19	119	28
19	119	29
19	119	30
19	119	31
19	119	32
19	119	33
19	119	34
19	119	35
19	120	25
19	120	26
19	120	27
19	120	28
19	120	29
19	120	30
19	120	31
19	120	32
19	120	33
19	120	34
19	120	35
19	121	25
19	121	26
19	121	27
19	121	28
19	121	29
19	121	30
19	121	31
19	121	32
19	121	33
19	121	34
19	122	26
19	122	27
19	122	28
19	122	29
19	122	30
19	122	31
19	122	32
19	122	33
19	122	34
19	123	26
19	123	28
19	123	29
19	123	30
19	123	31
19	123	32
19	123	33
19	123	34
19	124	29
19	124	30
19	124	31
19	124	32
19	124	33
19	125	29
19	125	30
19	125	31
19	125	32
19	126	29
20	110	27
20	110	28
20	110	29
20	110	30
20	110	31
20	110	32
20	111	24
20	111	25
20	111	26
20	111	27
20	111	28
20	111	29
20	111	30
20	111	31
20	111	32
20	111	33
20	111	34
20	112	21
20	112	22
20	112	23
20	112	24
20	112	25
20	112	26
20	112	27
20	112	28
20	112	29
20	112	30
20	112	31
20	112	32
20	112	33
20	112	34
20	113	19
20	113	20
20	113	21
20	113	22
20	113	23
20	113	24
20	113	25
20	113	26
20	113	27
20	113	28
20	113	29
20	113	30
20	113	31
20	113	32
20	113	33
20	113	34
20	113	35
20	114	19
20	114	20
20	114	21
20	114	22
20	114	23
20	114	24
20	114	25
20	114	26
20	114	27
20	114	28
20	114	29
20	114	30
20	114	31
20	114	32
20	114	33
20	114	34
20	114	35
20	114	36
20	115	20
20	115	21
20	115	22
20	115	23
20	115	24
20	115	25
20	115	26
20	115	27
20	115	28
20	115	29
20	115	30
20	115	31
20	115	32
20	115	33
20	115	34
20	115	35
20	115	36
20	116	21
20	116	22
20	116	23
20	116	24
20	116	25
20	116	26
20	116	27
20	116	28
20	116	29
20	116	30
20	116	31
20	116	32
20	116	33
20	116	34
20	116	35
20	116	36
20	117	21
20	117	22
20	117	23
20	117	24
20	117	25
20	117	26
20	117	27
20	117	28
20	117	29
20	117	30
20	117	31
20	117	32
20	117	33
20	117	34
20	117	35
20	117	36
20	118	22
20	118	23
20	118	24
20	118	25
20	118	26
20	118	27
20	118	28
20	118	29
20	118	30
20	118	31
20	118	32
20	118	33
20	118	34
20	118	35
20	118	36
20	119	23
20	119	24
20	119	25
20	119	26
20	119	27
20	119	28
20	119	29
20	119	30
20	119	31
20	119	32
20	119	33
20	119	34
20	119	35
20	119	36
20	120	24
20	120	25
20	120	26
20	120	27
20	120	28
20	120	29
20	120	30
20	120	31
20	120	32
20	120	33
20	120	34
20	120	35
20	121	25
20	121	26
20	121	27
20	121	28
20	121	29
20	121	30
20	121	31
20	121	32
20	121	33
20	121	34
20	121	35
20	122	25
20	122	26
20	122	27
20	122	28
20	122	29
20	122	30
20	122	31
20	122	32
20	122	33
20	122	34
20	122	35
20	123	25
20	123	26
20	123	27
20	123	28
20	123	29
20	123	30
20	123	31
20	123	32
20	123	33
20	123	34
20	123	35
20	124	25
20	124	26
20	124	27
20	124	28
20	124	29
20	124	30
20	124	31
20	124	32
20	124	33
20	124	34
20	125	26
20	125	27
20	125	28
20	125	29
20	125	30
20	125	31
20	125	32
20	125	33
20	125	34
20	126	27
20	126	28
20	126	29
20	126	30
20	126	31
20	126	32
20	126	33
21	111	26
21	111	27
21	111	28
21	111	29
21	111	30
21	111	31
21	111	32
21	111	33
21	112	22
21	112	23
21	112	24
21	112	25
21	112	26
21	112	27
21	112	28
21	112	29
21	112	30
21	112	31
21	112	32
21	112	33
21	112	34
21	113	20
21	113	21
21	113	22
21	113	23
21	113	24
21	113	25
21	113	26
21	113	27
21	113	28
21	113	29
21	113	30
21	113	31
21	113	32
21	113	33
21	113	34
21	113	35
21	114	19
21	114	20
21	114	21
21	114	22
21	114	23
21	114	24
21	114	25
21	114	26
21	114	27
21	114	28
21	114	29
21	114	30
21	114	31
21	114	32
21	114	33
21	114	34
21	114	35
21	115	20
21	115	21
21	115	22
21	115	23
21	115	24
21	115	25
21	115	26
21	115	27
21	115	28
21	115	29
21	115	30
21	115	31
21	115	32
21	115	33
21	115	34
21	115	35
21	115	36
21	116	20
21	116	21
21	116	22
21	116	23
21	116	24
21	116	25
21	116	26
21	116	27
21	116	28
21	116	29
21	116	30
21	116	31
21	116	32
21	116	33
21	116	34
21	116	35
21	116	36
21	117	20
21	117	21
21	117	22
21	117	23
21	117	24
21	117	25
21	117	26
21	117	27
21	117	28
21	117	29
21	117	30
21	117	31
21	117	32
21	117	33
21	117	34
21	117	35
21	117	36
21	117	37
21	118	21
21	118	22
21	118	23
21	118	24
21	118	25
21	118	26
21	118	27
21	118	28
21	118	29
21	118	30
21	118	31
21	118	32
21	118	33
21	118	34
21	118	35
21	118	36
21	119	23
21	119	24
21	119	25
21	119	26
21	119	27
21	119	28
21	119	29
21	119	30
21	119	31
21	119	32
21	119	33
21	119	34
21	119	35
21	119	36
21	120	23
21	120	24
21	120	25
21	120	26
21	120	27
21	120	28
21	120	29
21	120	30
21	120	31
21	120	32
21	120	33
21	120	34
21	120	35
21	120	36
21	121	24
21	121	25
21	121	26
21	121	27
21	121	28
21	121	29
21	121	30
21	121	31
21	121	32
21	121	33
21	121	34
21	121	35
21	121	36
21	122	24
21	122	25
21	122	26
21	122	27
21	122	28
21	122	29
21	122	30
21	122	31
21	122	32
21	122	33
21	122	34
21	122	35
21	122	36
21	123	24
21	123	25
21	123	26
21	123	27
21	123	28
21	123	29
21	123	30
21	123	31
21	123	32
21	123	33
21	123	34
21	123	35
21	124	25
21	124	26
21	124	27
21	124	28
21	124	29
21	124	30
21	124	31
21	124	32
21	124	33
21	124	34
21	125	25
21	125	26
21	125	27
21	125	28
21	125	29
21	125	30
21	125	31
21	125	32
21	125	33
21	125	34
21	126	27
21	126	28
21	126	29
21	126	30
21	126	31
21	126	32
21	126	33
21	127	28
21	127	29
21	127	30
21	127	31
21	127	32
22	111	29
22	111	30
22	111	31
22	112	25
22	112	26
22	112	27
22	112	28
22	112	29
22	112	30
22	112	31
22	112	32
22	112	33
22	112	34
22	113	22
22	113	23
22	113	24
22	113	25
22	113	26
22	113	27
22	113	28
22	113	29
22	113	30
22	113	31
22	113	32
22	113	33
22	113	34
22	113	35
22	114	19
22	114	20
22	114	21
22	114	22
22	114	23
22	114	24
22	114	25
22	114	26
22	114	27
22	114	28
22	114	29
22	114	30
22	114	31
22	114	32
22	114	33
22	114	34
22	114	35
22	115	19
22	115	20
22	115	21
22	115	22
22	115	23
22	115	24
22	115	25
22	115	26
22	115	27
22	115	28
22	115	29
22	115	30
22	115	31
22	115	32
22	115	33
22	115	34
22	115	35
22	115	36
22	116	19
22	116	20
22	116	21
22	116	22
22	116	23
22	116	24
22	116	25
22	116	26
22	116	27
22	116	28
22	116	29
22	116	30
22	116	31
22	116	32
22	116	33
22	116	34
22	116	35
22	116	36
22	117	19
22	117	20
22	117	21
22	117	22
22	117	23
22	117	24
22	117	25
22	117	26
22	117	27
22	117	28
22	117	29
22	117	30
22	117	31
22	117	32
22	117	33
22	117	34
22	117	35
22	117	36
22	118	20
22	118	21
22	118	22
22	118	23
22	118	24
22	118	25
22	118	26
22	118	27
22	118	28
22	118	29
22	118	30
22	118	31
22	118	32
22	118	33
22	118	34
22	118	35
22	118	36
22	118	37
22	119	22
22	119	23
22	119	24
22	119	25
22	119	26
22	119	27
22	119	28
22	119	29
22	119	30
22	119	31
22	119	32
22	119	33
22	119	34
22	119	35
22	119	36
22	119	37
22	120	23
22	120	24
22	120	25
22	120	26
22	120	27
22	120	28
22	120	29
22	120	30
22	120	31
22	120	32
22	120	33
22	120	34
22	120	35
22	120	36
22	120	37
22	121	23
22	121	24
22	121	25
22	121	26
22	121	27
22	121	28
22	121	29
22	121	30
22	121	31
22	121	32
22	121	33
22	121	34
22	121	35
22	121	36
22	121	37
22	122	23
22	122	24
22	122	25
22	122	26
22	122	27
22	122	28
22	122	29
22	122	30
22	122	31
22	122	32
22	122	33
22	122	34
22	122	35
22	122	36
22	123	24
22	123	25
22	123	26
22	123	27
22	123	28
22	123	29
22	123	30
22	123	31
22	123	32
22	123	33
22	123	34
22	123	35
22	124	24
22	124	25
22	124	26
22	124	27
22	124	28
22	124	29
22	124	30
22	124	31
22	124	32
22	124	33
22	124	34
22	125	25
22	125	26
22	125	27
22	125	28
22	125	29
22	125	30
22	125	31
22	125	32
22	125	33
22	126	26
22	126	27
22	126	28
22	126	29
22	126	30
22	126	31
22	126	32
22	127	27
22	127	28
22	127	29
22	127	30
23	112	28
23	112	29
23	112	30
23	112	31
23	112	32
23	113	24
23	113	25
23	113	26
23	113	27
23	113	28
23	113	29
23	113	30
23	113	31
23	113	32
23	113	33
23	113	34
23	114	22
23	114	23
23	114	24
23	114	25
23	114	26
23	114	27
23	114	28
23	114	29
23	114	30
23	114	31
23	114	32
23	114	33
23	114	34
23	114	35
23	115	21
23	115	22
23	115	23
23	115	24
23	115	25
23	115	26
23	115	27
23	115	28
23	115	29
23	115	30
23	115	31
23	115	32
23	115	33
23	115	34
23	115	35
23	115	36
23	116	20
23	116	21
23	116	22
23	116	23
23	116	24
23	116	25
23	116	26
23	116	27
23	116	28
23	116	29
23	116	30
23	116	31
23	116	32
23	116	33
23	116	34
23	116	35
23	116	36
23	117	20
23	117	21
23	117	22
23	117	23
23	117	24
23	117	25
23	117	26
23	117	27
23	117	28
23	117	29
23	117	30
23	117	31
23	117	32
23	117	33
23	117	34
23	117	35
23	117	36
23	118	21
23	118	22
23	118	23
23	118	24
23	118	25
23	118	26
23	118	27
23	118	28
23	118	29
23	118	30
23	118	31
23	118	32
23	118	33
23	118	34
23	118	35
23	118	36
23	119	22
23	119	23
23	119	24
23	119	25
23	119	26
23	119	27
23	119	28
23	119	29
23	119	30
23	119	31
23	119	32
23	119	33
23	119	34
23	119	35
23	119	36
23	120	22
23	120	23
23	120	24
23	120	25
23	120	26
23	120	27
23	120	28
23	120	29
23	120	30
23	120	31
23	120	32
23	120	33
23	120	34
23	120	35
23	120	36
23	121	22
23	121	23
23	121	24
23	121	25
23	121	26
23	121	27
23	121	28
23	121	29
23	121	30
23	121	31
23	121	32
23	121	33
23	121	34
23	121	35
23	121	36
23	122	23
23	122	24
23	122	25
23	122	26
23	122	27
23	122	28
23	122	29
23	122	30
23	122	31
23	122	32
23	122	33
23	122	34
23	122	35
23	122	36
23	123	23
23	123	24
23	123	25
23	123	26
23	123	27
23	123	28
23	123	29
23	123	30
23	123	31
23	123	32
23	123	33
23	123	34
23	123	35
23	124	24
23	124	25
23	124	26
23	124	27
23	124	28
23	124	29
23	124	30
23	124	31
23	124	32
23	124	33
23	124	34
23	125	25
23	125	26
23	125	27
23	125	28
23	125	29
23	125	30
23	125	31
23	125	32
23	125	33
23	126	26
23	126	27
23	126	28
23	126	29
23	126	30
23	127	27
23	127	28
24	113	27
24	113	28
24	113	29
24	113	30
24	113	31
24	114	24
24	114	25
24	114	26
24	114	27
24	114	28
24	114	29
24	114	30
24	114	31
24	114	32
24	114	33
24	114	34
24	115	23
24	115	24
24	115	25
24	115	26
24	115	27
24	115	28
24	115	29
24	115	30
24	115	31
24	115	32
24	115	33
24	115	34
24	115	35
24	116	22
24	116	23
24	116	24
24	116	25
24	116	26
24	116	27
24	116	28
24	116	29
24	116	30
24	116	31
24	116	32
24	116	33
24	116	34
24	116	35
24	116	36
24	117	23
24	117	24
24	117	25
24	117	26
24	117	27
24	117	28
24	117	29
24	117	30
24	117	31
24	117	32
24	117	33
24	117	34
24	117	35
24	117	36
24	118	23
24	118	24
24	118	25
24	118	26
24	118	27
24	118	28
24	118	29
24	118	30
24	118	31
24	118	32
24	118	33
24	118	34
24	118	35
24	118	36
24	119	23
24	119	24
24	119	25
24	119	26
24	119	27
24	119	28
24	119	29
24	119	30
24	119	31
24	119	32
24	119	33
24	119	34
24	119	35
24	119	36
24	120	23
24	120	24
24	120	25
24	120	26
24	120	27
24	120	28
24	120	29
24	120	30
24	120	31
24	120	32
24	120	33
24	120	34
24	120	35
24	120	36
24	121	22
24	121	23
24	121	24
24	121	25
24	121	26
24	121	27
24	121	28
24	121	29
24	121	30
24	121	31
24	121	32
24	121	33
24	121	34
24	121	35
24	121	36
24	122	22
24	122	23
24	122	24
24	122	25
24	122	26
24	122	27
24	122	28
24	122	29
24	122	30
24	122	31
24	122	32
24	122	33
24	122	34
24	122	35
24	123	23
24	123	24
24	123	25
24	123	26
24	123	27
24	123	28
24	123	29
24	123	30
24	123	31
24	123	32
24	123	33
24	123	34
24	123	35
24	124	24
24	124	25
24	124	26
24	124	27
24	124	28
24	124	29
24	124	30
24	124	31
24	124	32
24	124	33
24	125	25
24	125	26
24	125	27
24	125	28
24	125	29
24	125	30
24	125	31
24	126	26
24	126	27
24	126	28
24	127	27
25	114	28
25	114	29
25	114	30
25	114	31
25	115	26
25	115	27
25	115	28
25	115	29
25	115	30
25	115	31
25	115	32
25	115	33
25	115	34
25	115	35
25	116	24
25	116	25
25	116	26
25	116	27
25	116	28
25	116	29
25	116	30
25	116	31
25	116	32
25	116	33
25	116	34
25	116	35
25	117	24
25	117	25
25	117	26
25	117	27
25	117	28
25	117	29
25	117	30
25	117	31
25	117	32
25	117	33
25	117	34
25	117	35
25	118	24
25	118	25
25	118	26
25	118	27
25	118	28
25	118	29
25	118	30
25	118	31
25	118	32
25	118	33
25	118	34
25	118	35
25	119	24
25	119	25
25	119	26
25	119	27
25	119	28
25	119	29
25	119	30
25	119	31
25	119	32
25	119	33
25	119	34
25	119	35
25	120	24
25	120	25
25	120	26
25	120	27
25	120	28
25	120	29
25	120	30
25	120	31
25	120	32
25	120	33
25	120	34
25	120	35
25	121	23
25	121	24
25	121	25
25	121	26
25	121	27
25	121	28
25	121	29
25	121	30
25	121	31
25	121	32
25	121	33
25	121	34
25	121	35
25	122	23
25	122	24
25	122	25
25	122	26
25	122	27
25	122	28
25	122	29
25	122	30
25	122	31
25	122	32
25	122	33
25	122	34
25	122	35
25	123	23
25	123	24
25	123	25
25	123	26
25	123	27
25	123	28
25	123	29
25	123	30
25	123	31
25	123	32
25	123	33
25	123	34
25	124	24
25	124	25
25	124	26
25	124	27
25	124	28
25	124	29
25	124	30
25	124	31
25	124	32
25	125	24
25	125	25
25	125	26
25	125	27
25	125	28
25	125	29
25	126	25
25	126	26
26	116	28
26	116	29
26	116	30
26	116	31
26	116	32
26	116	33
26	116	34
26	116	35
26	117	27
26	117	28
26	117	29
26	117	30
26	117	31
26	117	32
26	117	33
26	117	34
26	118	26
26	118	27
26	118	28
26	118	29
26	118	30
26	118	31
26	118	32
26	118	33
26	118	34
26	119	25
26	119	26
26	119	27
26	119	28
26	119	29
26	119	30
26	119	31
26	119	32
26	119	33
26	119	34
26	120	25
26	120	26
26	120	27
26	120	28
26	120	29
26	120	30
26	120	31
26	120	32
26	120	33
26	120	34
26	121	25
26	121	26
26	121	27
26	121	28
26	121	29
26	121	30
26	121	31
26	121	32
26	121	33
26	121	34
26	122	25
26	122	26
26	122	27
26	122	28
26	122	29
26	122	30
26	122	31
26	122	32
26	122	33
26	123	25
26	123	26
26	123	27
26	123	28
26	123	29
26	123	30
26	123	31
26	123	32
26	124	25
26	124	26
26	124	27
26	124	28
26	124	29
26	124	30
26	124	31
26	125	25
26	125	26
26	125	27
27	117	30
27	117	31
27	117	32
27	118	28
27	118	29
27	118	30
27	118	31
27	118	32
27	118	33
27	119	27
27	119	28
27	119	29
27	119	30
27	119	31
27	119	32
27	119	33
27	120	27
27	120	28
27	120	29
27	120	30
27	120	31
27	120	32
27	120	33
27	121	27
27	121	28
27	121	29
27	121	30
27	121	31
27	121	32
27	122	27
27	122	28
27	122	29
27	122	30
27	122	31
27	122	32
27	123	27
27	123	28
27	123	29
27	123	30
27	123	31
27	124	28
27	124	29
28	119	30
28	119	31
28	120	29
28	120	30
28	120	31
28	121	29
28	121	30
28	121	31
28	122	29
28	122	30
28	122	31
125	110	27
126	110	26
126	110	27
126	111	25
126	111	26
126	111	27
126	111	28
127	108	27
127	109	26
127	109	27
127	110	25
127	110	26
127	110	27
127	110	28
127	111	25
127	111	26
127	111	27
127	111	28
127	112	24
127	112	25
127	112	26
127	112	27
127	112	28
127	112	29
127	118	22
