#i	j	k
8	6	37
8	6	38
9	5	39
9	6	36
9	6	37
9	6	38
9	6	39
9	7	36
9	7	37
9	7	38
9	7	39
10	5	37
10	5	38
10	5	39
10	5	40
10	6	34
10	6	35
10	6	36
10	6	37
10	6	38
10	6	39
10	6	40
10	7	35
10	7	36
10	7	37
10	7	38
10	7	39
10	7	40
10	8	36
10	8	37
10	8	38
10	8	39
10	8	40
11	4	38
11	4	39
11	4	40
11	5	33
11	5	34
11	5	35
11	5	36
11	5	37
11	5	38
11	5	39
11	5	40
11	5	41
11	6	34
11	6	35
11	6	36
11	6	37
11	6	38
11	6	39
11	6	40
11	6	41
11	7	35
11	7	36
11	7	37
11	7	38
11	7	39
11	7	40
11	7	41
11	8	36
11	8	37
11	8	38
11	8	39
11	8	40
11	8	41
11	9	37
11	9	38
11	9	39
11	9	40
11	9	41
11	121	42
11	121	43
11	121	44
11	122	40
11	122	41
11	122	42
11	122	43
11	122	44
11	123	40
11	123	41
11	123	42
11	123	43
11	123	44
11	124	40
11	124	41
11	124	42
11	124	43
12	3	40
12	4	36
12	4	37
12	4	38
12	4	39
12	4	40
12	4	41
12	5	33
12	5	34
12	5	35
12	5	36
12	5	37
12	5	38
12	5	39
12	5	40
12	5	41
12	6	34
12	6	35
12	6	36
12	6	37
12	6	38
12	6	39
12	6	40
12	6	41
12	7	35
12	7	36
12	7	37
12	7	38
12	7	39
12	7	40
12	7	41
12	8	36
12	8	37
12	8	38
12	8	39
12	8	40
12	8	41
12	9	36
12	9	37
12	9	38
12	9	39
12	9	40
12	9	41
12	10	37
12	10	38
12	120	42
12	120	43
12	120	44
12	121	40
12	121	41
12	121	42
12	121	43
12	121	44
12	121	45
12	122	39
12	122	40
12	122	41
12	122	42
12	122	43
12	122	44
12	122	45
12	123	38
12	123	39
12	123	40
12	123	41
12	123	42
12	123	43
12	123	44
12	123	45
12	124	38
12	124	39
12	124	40
12	124	41
12	124	42
12	124	43
12	124	44
12	125	39
12	125	40
12	125	41
12	125	42
12	125	43
12	126	41
13	1	41
13	2	39
13	2	40
13	2	41
13	3	37
13	3	38
13	3	39
13	3	40
13	3	41
13	4	35
13	4	36
13	4	37
13	4	38
13	4	39
13	4	40
13	4	41
13	5	33
13	5	34
13	5	35
13	5	36
13	5	37
13	5	38
13	5	39
13	5	40
13	5	41
13	6	34
13	6	35
13	6	36
13	6	37
13	6	38
13	6	39
13	6	40
13	6	41
13	7	35
13	7	36
13	7	37
13	7	38
13	7	39
13	7	40
13	7	41
13	8	35
13	8	36
13	8	37
13	8	38
13	8	39
13	8	40
13	8	41
13	8	42
13	9	36
13	9	37
13	9	38
13	9	39
13	9	40
13	9	41
13	9	42
13	10	36
13	10	37
13	10	38
13	10	39
13	10	40
13	10	41
13	10	42
13	11	36
13	11	37
13	120	42
13	120	43
13	120	44
13	120	45
13	121	39
13	121	40
13	121	41
13	121	42
13	121	43
13	121	44
13	121	45
13	121	46
13	122	38
13	122	39
13	122	40
13	122	41
13	122	42
13	122	43
13	122	44
13	122	45
13	122	46
13	123	37
13	123	38
13	123	39
13	123	40
13	123	41
13	123	42
13	123	43
13	123	44
13	123	45
13	124	37
13	124	38
13	124	39
13	124	40
13	124	41
13	124	42
13	124	43
13	124	44
13	124	45
13	125	37
13	125	38
13	125	39
13	125	40
13	125	41
13	125	42
13	125	43
13	125	44
13	126	38
13	126	39
13	126	40
13	126	41
13	126	42
13	126	43
13	127	41
14	0	39
14	0	40
14	0	41
14	1	38
14	1	39
14	1	40
14	1	41
14	2	37
14	2	38
14	2	39
14	2	40
14	2	41
14	2	42
14	3	36
14	3	37
14	3	38
14	3	39
14	3	40
14	3	41
14	4	35
14	4	36
14	4	37
14	4	38
14	4	39
14	4	40
14	4	41
14	5	34
14	5	35
14	5	36
14	5	37
14	5	38
14	5	39
14	5	40
14	5	41
14	5	42
14	6	34
14	6	35
14	6	36
14	6	37
14	6	38
14	6	39
14	6	40
14	6	41
14	6	42
14	7	34
14	7	35
14	7	36
14	7	37
14	7	38
14	7	39
14	7	40
14	7	41
14	7	42
14	8	35
14	8	36
14	8	37
14	8	38
14	8	39
14	8	40
14	8	41
14	8	42
14	9	35
14	9	36
14	9	37
14	9	38
14	9	39
14	9	40
14	9	41
14	9	42
14	9	43
14	10	35
14	10	36
14	10	37
14	10	38
14	10	39
14	10	40
14	10	41
14	10	42
14	10	43
14	11	35
14	11	36
14	11	37
14	11	38
14	11	39
14	11	40
14	11	41
14	11	42
14	11	43
14	12	35
14	12	36
14	120	42
14	120	43
14	120	44
14	120	45
14	121	39
14	121	40
14	121	41
14	121	42
14	121	43
14	121	44
14	121	45
14	121	46
14	122	37
14	122	38
14	122	39
14	122	40
14	122	41
14	122	42
14	122	43
14	122	44
14	122	45
14	122	46
14	123	36
14	123	37
14	123	38
14	123	39
14	123	40
14	123	41
14	123	42
14	123	43
14	123	44
14	123	45
14	124	36
14	124	37
14	124	38
14	124	39
14	124	40
14	124	41
14	124	42
14	124	43
14	124	44
14	125	36
14	125	37
14	125	38
14	125	39
14	125	40
14	125	41
14	125	42
14	125	43
14	126	37
14	126	38
14	126	39
14	126	40
14	126	41
14	126	42
14	126	43
14	127	39
14	127	40
14	127	41
14	127	42
15	0	39
15	0	40
15	0	41
15	1	38
15	1	39
15	1	40
15	1	41
15	2	37
15	2	38
15	2	39
15	2	40
15	2	41
15	2	42
15	3	37
15	3	38
15	3	39
15	3	40
15	3	41
15	3	42
15	4	36
15	4	37
15	4	38
15	4	39
15	4	40
15	4	41
15	4	42
15	4	43
15	5	35
15	5	36
15	5	37
15	5	38
15	5	39
15	5	40
15	5	41
15	5	42
15	5	43
15	6	35
15	6	36
15	6	37
15	6	38
15	6	39
15	6	40
15	6	41
15	6	42
15	6	43
15	7	34
15	7	35
15	7	36
15	7	37
15	7	38
15	7	39
15	7	40
15	7	41
15	7	42
15	7	43
15	8	34
15	8	35
15	8	36
15	8	37
15	8	38
15	8	39
15	8	40
15	8	41
15	8	42
15	8	43
15	9	34
15	9	35
15	9	36
15	9	37
15	9	38
15	9	39
15	9	40
15	9	41
15	9	42
15	9	43
15	10	34
15	10	35
15	10	36
15	10	37
15	10	38
15	10	39
15	10	40
15	10	41
15	10	42
15	10	43
15	10	44
15	11	34
15	11	35
15	11	36
15	11	37
15	11	38
15	11	39
15	11	40
15	11	41
15	11	42
15	11	43
15	11	44
15	12	34
15	12	35
15	12	36
15	12	37
15	12	38
15	12	39
15	12	40
15	12	41
15	12	42
15	12	43
15	12	44
15	13	34
15	121	41
15	121	42
15	121	43
15	121	44
15	121	45
15	122	37
15	122	38
15	122	39
15	122	40
15	122	41
15	122	42
15	122	43
15	122	44
15	122	45
15	123	36
15	123	37
15	123	38
15	123	39
15	123	40
15	123	41
15	123	42
15	123	43
15	123	44
15	124	36
15	124	37
15	124	38
15	124	39
15	124	40
15	124	41
15	124	42
15	124	43
15	125	36
15	125	37
15	125	38
15	125	39
15	125	40
15	125	41
15	125	42
15	126	37
15	126	38
15	126	39
15	126	40
15	126	41
15	126	42
15	127	39
15	127	40
15	127	41
15	127	42
16	0	40
16	0	41
16	1	39
16	1	40
16	1	41
16	2	38
16	2	39
16	2	40
16	2	41
16	2	42
16	3	37
16	3	38
16	3	39
16	3	40
16	3	41
16	3	42
16	3	43
16	3	44
16	4	37
16	4	38
16	4	39
16	4	40
16	4	41
16	4	42
16	4	43
16	4	44
16	5	37
16	5	38
16	5	39
16	5	40
16	5	41
16	5	42
16	5	43
16	5	44
16	6	37
16	6	38
16	6	39
16	6	40
16	6	41
16	6	42
16	6	43
16	6	44
16	7	37
16	7	38
16	7	39
16	7	40
16	7	41
16	7	42
16	7	43
16	7	44
16	8	37
16	8	38
16	8	39
16	8	40
16	8	41
16	8	42
16	8	43
16	8	44
16	9	37
16	9	38
16	9	39
16	9	40
16	9	41
16	9	42
16	9	43
16	9	44
16	10	37
16	10	38
16	10	39
16	10	40
16	10	41
16	10	42
16	10	43
16	10	44
16	11	35
16	11	36
16	11	37
16	11	38
16	11	39
16	11	40
16	11	41
16	11	42
16	11	43
16	11	44
16	11	45
16	12	40
16	12	41
16	12	42
16	12	43
16	12	44
16	12	45
16	13	40
16	13	41
16	13	42
16	13	43
16	13	44
16	13	45
16	123	38
16	123	39
16	123	40
16	123	41
16	123	42
16	124	36
16	124	37
16	124	38
16	124	39
16	124	40
16	124	41
16	125	37
16	125	38
16	125	39
16	125	40
16	125	41
17	1	40
17	1	41
17	2	39
17	2	40
17	2	41
17	2	42
17	2	43
17	3	38
17	3	39
17	3	40
17	3	41
17	3	42
17	3	43
17	3	44
17	3	45
17	4	38
17	4	39
17	4	40
17	4	41
17	4	42
17	4	43
17	4	44
17	4	45
17	5	37
17	5	38
17	5	39
17	5	40
17	5	41
17	5	42
17	5	43
17	5	44
17	5	45
17	6	37
17	6	38
17	6	39
17	6	40
17	6	41
17	6	42
17	6	43
17	6	44
17	6	45
17	7	38
17	7	39
17	7	40
17	7	41
17	7	42
17	7	43
17	7	44
17	7	45
17	8	38
17	8	39
17	8	40
17	8	41
17	8	42
17	8	43
17	8	44
17	8	45
17	9	39
17	9	40
17	9	41
17	9	42
17	9	43
17	9	44
17	9	45
17	10	39
17	10	40
17	10	41
17	10	42
17	10	43
17	10	44
17	10	45
17	11	39
17	11	40
17	11	41
17	11	42
17	11	43
17	11	44
17	11	45
17	12	39
17	12	40
17	12	41
17	12	42
17	12	43
17	12	44
17	12	45
17	12	46
17	13	42
17	13	43
17	13	44
17	13	45
17	13	46
17	14	44
17	14	45
17	14	46
18	2	39
18	2	40
18	2	41
18	2	42
18	2	43
18	2	44
18	2	45
18	2	46
18	3	39
18	3	40
18	3	41
18	3	42
18	3	43
18	3	44
18	3	45
18	3	46
18	4	38
18	4	39
18	4	40
18	4	41
18	4	42
18	4	43
18	4	44
18	4	45
18	4	46
18	5	38
18	5	39
18	5	40
18	5	41
18	5	42
18	5	43
18	5	44
18	5	45
18	5	46
18	6	38
18	6	39
18	6	40
18	6	41
18	6	42
18	6	43
18	6	44
18	6	45
18	6	46
18	7	38
18	7	39
18	7	40
18	7	41
18	7	42
18	7	43
18	7	44
18	7	45
18	7	46
18	8	38
18	8	39
18	8	40
18	8	41
18	8	42
18	8	43
18	8	44
18	8	45
18	8	46
18	9	39
18	9	40
18	9	41
18	9	42
18	9	43
18	9	44
18	9	45
18	9	46
18	10	40
18	10	41
18	10	42
18	10	43
18	10	44
18	10	45
18	10	46
18	10	48
18	11	41
18	11	42
18	11	43
18	11	44
18	11	45
18	12	41
18	12	42
19	2	40
19	2	41
19	2	42
19	3	39
19	3	40
19	3	41
19	3	42
19	3	43
19	3	44
19	3	45
19	3	46
19	4	38
19	4	39
19	4	40
19	4	41
19	4	42
19	4	43
19	4	44
19	4	45
19	4	46
19	4	47
19	5	38
19	5	39
19	5	40
19	5	41
19	5	42
19	5	43
19	5	44
19	5	45
19	5	46
19	5	47
19	6	38
19	6	39
19	6	40
19	6	41
19	6	42
19	6	43
19	6	44
19	6	45
19	6	46
19	6	47
19	7	37
19	7	38
19	7	39
19	7	40
19	7	41
19	7	42
19	7	43
19	7	44
19	7	45
19	7	46
19	7	47
19	8	37
19	8	38
19	8	39
19	8	40
19	8	41
19	8	42
19	8	43
19	8	44
19	8	45
19	8	46
19	8	47
19	9	38
19	9	39
19	9	40
19	9	41
19	9	42
19	9	43
19	9	44
19	9	45
19	9	46
19	9	47
19	10	40
20	2	40
20	2	41
20	3	39
20	3	40
20	3	41
20	3	42
20	3	43
20	3	44
20	4	38
20	4	39
20	4	40
20	4	41
20	4	42
20	4	43
20	4	44
20	4	45
20	4	46
20	5	38
20	5	39
20	5	40
20	5	41
20	5	42
20	5	43
20	5	44
20	5	45
20	5	46
20	5	47
20	6	37
20	6	38
20	6	39
20	6	40
20	6	41
20	6	42
20	6	43
20	6	44
20	6	45
20	6	46
20	6	47
20	7	37
20	7	38
20	7	39
20	7	40
20	7	41
20	7	42
20	7	43
20	7	44
20	7	45
20	7	46
20	7	47
20	7	48
20	8	38
20	8	39
20	8	40
20	8	41
20	8	42
20	8	46
20	8	47
20	9	39
20	9	40
21	2	40
21	3	39
21	3	40
21	3	41
21	3	42
21	4	38
21	4	39
21	4	40
21	4	41
21	4	42
21	4	43
21	4	44
21	4	45
21	5	37
21	5	38
21	5	39
21	5	40
21	5	41
21	5	42
21	5	43
21	5	44
21	5	45
21	5	46
21	6	37
21	6	38
21	6	39
21	6	40
21	6	41
21	6	42
21	6	43
21	6	44
21	6	45
21	6	46
21	6	47
21	7	38
21	7	39
21	7	40
21	7	41
21	7	47
21	8	38
21	8	39
21	8	40
21	9	39
22	3	39
22	3	40
22	3	41
22	4	38
22	4	39
22	4	40
22	4	41
22	4	42
22	4	43
22	5	36
22	5	37
22	5	38
22	5	39
22	5	40
22	5	41
22	5	42
22	5	43
22	5	44
22	5	45
22	6	37
22	6	38
22	6	39
22	6	40
22	6	41
22	7	38
22	7	39
22	7	40
22	7	41
22	8	38
22	8	39
22	8	40
22	9	39
23	3	40
23	4	38
23	4	39
23	4	40
23	4	41
23	5	36
23	5	37
23	5	38
23	5	39
23	5	40
23	5	41
23	5	42
23	6	37
23	6	38
23	6	39
23	6	40
23	7	39
23	8	39
23	9	39
24	5	38
24	5	39
24	5	40
24	6	38
