#i	j	k
8	82	33
8	82	34
8	82	35
8	83	33
8	83	34
8	83	35
8	83	36
8	84	34
8	84	35
8	84	36
8	84	37
8	84	38
8	84	39
8	85	35
8	85	36
8	85	37
8	85	38
8	85	39
8	85	40
8	85	41
8	85	42
8	85	43
8	85	44
8	86	36
8	86	37
8	86	38
8	86	39
8	86	40
8	86	41
8	86	42
8	86	43
8	86	44
8	86	45
8	87	37
8	87	38
8	87	39
8	87	40
8	87	41
8	87	42
8	87	43
8	87	44
8	87	45
8	88	37
8	88	38
8	88	39
8	88	40
8	88	41
8	88	42
8	88	43
8	88	44
8	88	45
8	89	38
8	89	39
8	89	40
8	89	41
8	89	42
8	89	43
8	89	44
8	89	45
8	90	38
8	90	39
8	90	40
8	90	41
8	90	42
8	90	43
8	90	44
8	91	39
8	91	40
8	91	41
8	91	42
8	91	43
8	92	40
8	92	41
9	79	30
9	79	31
9	79	32
9	79	33
9	80	30
9	80	31
9	80	32
9	80	33
9	80	34
9	80	35
9	81	30
9	81	31
9	81	32
9	81	33
9	81	34
9	81	35
9	81	36
9	82	30
9	82	31
9	82	32
9	82	33
9	82	34
9	82	35
9	82	36
9	82	37
9	83	30
9	83	31
9	83	32
9	83	33
9	83	34
9	83	35
9	83	36
9	83	37
9	83	38
9	83	39
9	83	40
9	84	31
9	84	32
9	84	33
9	84	34
9	84	35
9	84	36
9	84	37
9	84	38
9	84	39
9	84	40
9	84	41
9	84	42
9	84	43
9	84	44
9	84	45
9	85	31
9	85	32
9	85	33
9	85	34
9	85	35
9	85	36
9	85	37
9	85	38
9	85	39
9	85	40
9	85	41
9	85	42
9	85	43
9	85	44
9	85	45
9	85	46
9	86	31
9	86	32
9	86	33
9	86	34
9	86	35
9	86	36
9	86	37
9	86	38
9	86	39
9	86	40
9	86	41
9	86	42
9	86	43
9	86	44
9	86	45
9	86	46
9	87	32
9	87	33
9	87	34
9	87	35
9	87	36
9	87	37
9	87	38
9	87	39
9	87	40
9	87	41
9	87	42
9	87	43
9	87	44
9	87	45
9	87	46
9	88	32
9	88	33
9	88	34
9	88	35
9	88	36
9	88	37
9	88	38
9	88	39
9	88	40
9	88	41
9	88	42
9	88	43
9	88	44
9	88	45
9	88	46
9	89	33
9	89	34
9	89	35
9	89	36
9	89	37
9	89	38
9	89	39
9	89	40
9	89	41
9	89	42
9	89	43
9	89	44
9	89	45
9	89	46
9	90	35
9	90	36
9	90	37
9	90	38
9	90	39
9	90	40
9	90	41
9	90	42
9	90	43
9	90	44
9	90	45
9	91	37
9	91	38
9	91	39
9	91	40
9	91	41
9	91	42
9	91	43
9	91	44
9	92	38
9	92	39
9	92	40
9	92	41
9	92	42
9	92	43
9	93	39
9	93	40
9	93	41
9	93	42
10	76	27
10	76	28
10	76	29
10	76	30
10	77	26
10	77	27
10	77	28
10	77	29
10	77	30
10	77	31
10	78	25
10	78	26
10	78	27
10	78	28
10	78	29
10	78	30
10	78	31
10	78	32
10	79	26
10	79	27
10	79	28
10	79	29
10	79	30
10	79	31
10	79	32
10	79	33
10	79	34
10	80	26
10	80	27
10	80	28
10	80	29
10	80	30
10	80	31
10	80	32
10	80	33
10	80	34
10	80	35
10	80	36
10	81	27
10	81	28
10	81	29
10	81	30
10	81	31
10	81	32
10	81	33
10	81	34
10	81	35
10	81	36
10	81	37
10	82	28
10	82	29
10	82	30
10	82	31
10	82	32
10	82	33
10	82	34
10	82	35
10	82	36
10	82	37
10	82	38
10	83	28
10	83	29
10	83	30
10	83	31
10	83	32
10	83	33
10	83	34
10	83	35
10	83	36
10	83	37
10	83	38
10	83	39
10	83	40
10	83	41
10	84	28
10	84	29
10	84	30
10	84	31
10	84	32
10	84	33
10	84	34
10	84	35
10	84	36
10	84	37
10	84	38
10	84	39
10	84	40
10	84	41
10	84	42
10	84	43
10	84	44
10	84	45
10	85	29
10	85	30
10	85	31
10	85	32
10	85	33
10	85	34
10	85	35
10	85	36
10	85	37
10	85	38
10	85	39
10	85	40
10	85	41
10	85	42
10	85	43
10	85	44
10	85	45
10	85	46
10	86	29
10	86	30
10	86	31
10	86	32
10	86	33
10	86	34
10	86	35
10	86	36
10	86	37
10	86	38
10	86	39
10	86	40
10	86	41
10	86	42
10	86	43
10	86	44
10	86	45
10	86	46
10	87	29
10	87	30
10	87	31
10	87	32
10	87	33
10	87	34
10	87	35
10	87	36
10	87	37
10	87	38
10	87	39
10	87	40
10	87	41
10	87	42
10	87	43
10	87	44
10	87	45
10	87	46
10	87	47
10	88	30
10	88	31
10	88	32
10	88	33
10	88	34
10	88	35
10	88	36
10	88	37
10	88	38
10	88	39
10	88	40
10	88	41
10	88	42
10	88	43
10	88	44
10	88	45
10	88	46
10	89	30
10	89	31
10	89	32
10	89	33
10	89	34
10	89	35
10	89	36
10	89	37
10	89	38
10	89	39
10	89	40
10	89	41
10	89	42
10	89	43
10	89	44
10	89	45
10	90	31
10	90	32
10	90	33
10	90	34
10	90	35
10	90	36
10	90	37
10	90	38
10	90	39
10	90	40
10	90	41
10	90	42
10	90	43
10	90	44
10	90	45
10	91	32
10	91	33
10	91	34
10	91	35
10	91	36
10	91	37
10	91	38
10	91	39
10	91	40
10	91	41
10	91	42
10	91	43
10	91	44
10	91	45
10	92	36
10	92	37
10	92	39
10	92	40
10	92	41
10	92	42
10	92	43
10	92	44
10	92	45
10	93	39
10	93	40
10	93	41
10	93	42
10	93	43
10	94	40
10	94	41
10	94	42
11	72	32
11	73	31
11	73	32
11	73	33
11	74	28
11	74	29
11	74	30
11	74	31
11	74	32
11	74	33
11	75	26
11	75	27
11	75	28
11	75	29
11	75	30
11	75	31
11	75	32
11	75	33
11	76	25
11	76	26
11	76	27
11	76	28
11	76	29
11	76	30
11	76	31
11	76	32
11	76	33
11	77	24
11	77	25
11	77	26
11	77	27
11	77	28
11	77	29
11	77	30
11	77	31
11	77	32
11	77	33
11	78	24
11	78	25
11	78	26
11	78	27
11	78	28
11	78	29
11	78	30
11	78	31
11	78	32
11	78	33
11	78	34
11	79	24
11	79	25
11	79	26
11	79	27
11	79	28
11	79	29
11	79	30
11	79	31
11	79	32
11	79	33
11	79	34
11	79	35
11	80	25
11	80	26
11	80	27
11	80	28
11	80	29
11	80	30
11	80	31
11	80	32
11	80	33
11	80	34
11	80	35
11	80	36
11	80	37
11	81	25
11	81	26
11	81	27
11	81	28
11	81	29
11	81	30
11	81	31
11	81	32
11	81	33
11	81	34
11	81	35
11	81	36
11	81	37
11	81	38
11	82	26
11	82	27
11	82	28
11	82	29
11	82	30
11	82	31
11	82	32
11	82	33
11	82	34
11	82	35
11	82	36
11	82	37
11	82	38
11	82	39
11	83	26
11	83	27
11	83	28
11	83	29
11	83	30
11	83	31
11	83	32
11	83	33
11	83	34
11	83	35
11	83	36
11	83	37
11	83	38
11	83	39
11	83	40
11	83	41
11	83	42
11	84	26
11	84	27
11	84	28
11	84	29
11	84	30
11	84	31
11	84	32
11	84	33
11	84	34
11	84	35
11	84	36
11	84	37
11	84	38
11	84	39
11	84	40
11	84	41
11	84	42
11	84	43
11	84	44
11	84	45
11	85	27
11	85	28
11	85	29
11	85	30
11	85	31
11	85	32
11	85	33
11	85	34
11	85	35
11	85	36
11	85	37
11	85	38
11	85	39
11	85	40
11	85	41
11	85	42
11	85	43
11	85	44
11	85	45
11	85	46
11	86	27
11	86	28
11	86	29
11	86	30
11	86	31
11	86	32
11	86	33
11	86	34
11	86	35
11	86	36
11	86	37
11	86	38
11	86	39
11	86	40
11	86	41
11	86	42
11	86	43
11	86	44
11	86	45
11	86	46
11	87	27
11	87	28
11	87	29
11	87	30
11	87	31
11	87	32
11	87	33
11	87	34
11	87	35
11	87	36
11	87	37
11	87	38
11	87	39
11	87	40
11	87	41
11	87	42
11	87	43
11	87	44
11	87	45
11	87	46
11	87	47
11	88	27
11	88	28
11	88	29
11	88	30
11	88	31
11	88	32
11	88	33
11	88	34
11	88	35
11	88	36
11	88	37
11	88	38
11	88	39
11	88	40
11	88	41
11	88	42
11	88	43
11	88	44
11	88	45
11	88	46
11	89	28
11	89	29
11	89	30
11	89	31
11	89	32
11	89	33
11	89	34
11	89	35
11	89	36
11	89	37
11	89	38
11	89	39
11	89	40
11	89	41
11	89	42
11	89	43
11	89	44
11	89	45
11	90	29
11	90	30
11	90	31
11	90	32
11	90	33
11	90	34
11	90	35
11	90	36
11	90	37
11	90	38
11	90	39
11	90	40
11	90	41
11	90	42
11	90	43
11	90	44
11	91	30
11	91	31
11	91	32
11	91	33
11	91	34
11	91	35
11	91	36
11	91	38
11	91	39
11	91	40
11	91	41
11	91	42
11	91	43
11	91	44
11	92	31
11	92	32
11	92	33
11	92	34
11	92	35
11	92	36
11	92	39
11	92	40
11	92	41
11	92	42
11	92	43
11	92	44
11	93	39
11	93	40
11	93	41
11	93	42
11	93	43
12	72	32
12	73	31
12	73	32
12	73	33
12	74	27
12	74	28
12	74	29
12	74	30
12	74	31
12	74	32
12	74	33
12	74	34
12	74	35
12	74	36
12	75	25
12	75	26
12	75	27
12	75	28
12	75	29
12	75	30
12	75	31
12	75	32
12	75	33
12	75	34
12	75	35
12	75	36
12	75	37
12	75	38
12	76	24
12	76	25
12	76	26
12	76	27
12	76	28
12	76	29
12	76	30
12	76	31
12	76	32
12	76	33
12	76	34
12	76	35
12	76	36
12	76	37
12	76	38
12	76	39
12	76	40
12	76	41
12	77	23
12	77	24
12	77	25
12	77	26
12	77	27
12	77	28
12	77	29
12	77	30
12	77	31
12	77	32
12	77	33
12	77	34
12	77	35
12	77	36
12	77	37
12	77	38
12	77	39
12	77	40
12	77	41
12	78	23
12	78	24
12	78	25
12	78	26
12	78	27
12	78	28
12	78	29
12	78	30
12	78	31
12	78	32
12	78	33
12	78	34
12	78	35
12	78	36
12	78	37
12	78	38
12	78	39
12	78	40
12	78	41
12	79	23
12	79	24
12	79	25
12	79	26
12	79	27
12	79	28
12	79	29
12	79	30
12	79	31
12	79	32
12	79	33
12	79	34
12	79	35
12	79	36
12	79	37
12	79	38
12	79	39
12	79	40
12	79	41
12	79	42
12	80	23
12	80	24
12	80	25
12	80	26
12	80	27
12	80	28
12	80	29
12	80	30
12	80	31
12	80	32
12	80	33
12	80	34
12	80	35
12	80	36
12	80	37
12	80	38
12	80	39
12	80	40
12	80	41
12	80	42
12	80	43
12	81	24
12	81	25
12	81	26
12	81	27
12	81	28
12	81	29
12	81	30
12	81	31
12	81	32
12	81	33
12	81	34
12	81	35
12	81	36
12	81	37
12	81	38
12	81	39
12	81	40
12	81	41
12	81	42
12	81	43
12	82	24
12	82	25
12	82	26
12	82	27
12	82	28
12	82	29
12	82	30
12	82	31
12	82	32
12	82	33
12	82	34
12	82	35
12	82	36
12	82	37
12	82	38
12	82	39
12	82	40
12	82	41
12	82	42
12	82	43
12	82	44
12	83	24
12	83	25
12	83	26
12	83	27
12	83	28
12	83	29
12	83	30
12	83	31
12	83	32
12	83	33
12	83	34
12	83	35
12	83	36
12	83	37
12	83	38
12	83	39
12	83	40
12	83	41
12	83	42
12	83	43
12	83	44
12	84	25
12	84	26
12	84	27
12	84	28
12	84	29
12	84	30
12	84	31
12	84	32
12	84	33
12	84	34
12	84	35
12	84	36
12	84	37
12	84	38
12	84	39
12	84	40
12	84	41
12	84	42
12	84	43
12	84	44
12	84	45
12	85	25
12	85	26
12	85	27
12	85	28
12	85	29
12	85	30
12	85	31
12	85	32
12	85	33
12	85	34
12	85	35
12	85	36
12	85	37
12	85	38
12	85	39
12	85	40
12	85	43
12	85	44
12	85	45
12	85	46
12	86	25
12	86	26
12	86	27
12	86	28
12	86	29
12	86	30
12	86	31
12	86	32
12	86	33
12	86	34
12	86	35
12	86	36
12	86	37
12	86	38
12	86	39
12	86	40
12	86	42
12	86	43
12	86	44
12	86	45
12	86	46
12	87	25
12	87	26
12	87	27
12	87	28
12	87	29
12	87	30
12	87	31
12	87	32
12	87	33
12	87	34
12	87	35
12	87	36
12	87	37
12	87	38
12	87	39
12	87	40
12	87	41
12	87	42
12	87	43
12	87	44
12	87	45
12	87	46
12	87	47
12	88	25
12	88	26
12	88	27
12	88	28
12	88	29
12	88	30
12	88	31
12	88	32
12	88	33
12	88	34
12	88	35
12	88	36
12	88	37
12	88	38
12	88	39
12	88	40
12	88	41
12	88	42
12	88	43
12	88	44
12	88	45
12	88	46
12	89	26
12	89	27
12	89	28
12	89	29
12	89	30
12	89	31
12	89	32
12	89	33
12	89	34
12	89	35
12	89	36
12	89	37
12	89	38
12	89	39
12	89	40
12	89	41
12	89	42
12	89	43
12	89	44
12	89	45
12	90	27
12	90	28
12	90	29
12	90	30
12	90	31
12	90	32
12	90	33
12	90	34
12	90	35
12	90	37
12	90	38
12	90	39
12	90	40
12	90	41
12	90	42
12	90	43
12	90	44
12	91	28
12	91	29
12	91	30
12	91	31
12	91	32
12	91	33
12	91	34
12	91	35
12	91	38
12	91	39
12	91	40
12	91	41
12	91	42
12	91	43
12	92	29
12	92	30
12	92	31
12	92	39
13	73	31
13	73	32
13	74	26
13	74	31
13	74	32
13	74	33
13	74	34
13	74	35
13	74	36
13	74	37
13	74	38
13	74	39
13	74	40
13	75	25
13	75	26
13	75	27
13	75	28
13	75	29
13	75	30
13	75	31
13	75	32
13	75	33
13	75	34
13	75	35
13	75	36
13	75	37
13	75	38
13	75	39
13	75	40
13	75	41
13	75	42
13	76	23
13	76	24
13	76	25
13	76	26
13	76	27
13	76	28
13	76	29
13	76	30
13	76	31
13	76	32
13	76	33
13	76	34
13	76	35
13	76	36
13	76	37
13	76	38
13	76	39
13	76	40
13	76	41
13	76	42
13	77	22
13	77	23
13	77	24
13	77	25
13	77	26
13	77	27
13	77	28
13	77	29
13	77	30
13	77	31
13	77	32
13	77	33
13	77	34
13	77	35
13	77	36
13	77	37
13	77	38
13	77	39
13	77	40
13	77	41
13	77	42
13	77	43
13	78	22
13	78	23
13	78	24
13	78	25
13	78	26
13	78	27
13	78	28
13	78	29
13	78	30
13	78	31
13	78	32
13	78	33
13	78	34
13	78	35
13	78	36
13	78	37
13	78	38
13	78	39
13	78	40
13	78	41
13	78	42
13	78	43
13	79	22
13	79	23
13	79	24
13	79	25
13	79	26
13	79	27
13	79	28
13	79	29
13	79	30
13	79	31
13	79	32
13	79	33
13	79	34
13	79	35
13	79	36
13	79	37
13	79	38
13	79	39
13	79	40
13	79	41
13	79	42
13	79	43
13	79	44
13	80	22
13	80	23
13	80	24
13	80	25
13	80	26
13	80	27
13	80	28
13	80	29
13	80	30
13	80	31
13	80	32
13	80	33
13	80	34
13	80	35
13	80	36
13	80	37
13	80	38
13	80	39
13	80	40
13	80	41
13	80	42
13	80	43
13	80	44
13	80	45
13	81	22
13	81	23
13	81	24
13	81	25
13	81	26
13	81	27
13	81	28
13	81	29
13	81	30
13	81	31
13	81	32
13	81	33
13	81	34
13	81	35
13	81	36
13	81	37
13	81	38
13	81	39
13	81	40
13	81	41
13	81	42
13	81	43
13	81	44
13	81	45
13	82	22
13	82	23
13	82	24
13	82	25
13	82	26
13	82	27
13	82	28
13	82	29
13	82	30
13	82	31
13	82	32
13	82	33
13	82	34
13	82	35
13	82	36
13	82	37
13	82	38
13	82	39
13	82	40
13	82	41
13	82	42
13	82	43
13	82	44
13	82	45
13	83	23
13	83	24
13	83	25
13	83	26
13	83	27
13	83	28
13	83	29
13	83	30
13	83	31
13	83	32
13	83	33
13	83	34
13	83	35
13	83	36
13	83	37
13	83	38
13	83	39
13	83	40
13	83	41
13	83	42
13	83	43
13	83	44
13	83	45
13	84	23
13	84	24
13	84	25
13	84	26
13	84	27
13	84	28
13	84	29
13	84	30
13	84	31
13	84	32
13	84	33
13	84	34
13	84	35
13	84	36
13	84	37
13	84	38
13	84	39
13	84	40
13	84	41
13	84	42
13	84	43
13	84	44
13	84	45
13	84	46
13	85	23
13	85	24
13	85	25
13	85	26
13	85	27
13	85	28
13	85	29
13	85	30
13	85	31
13	85	32
13	85	33
13	85	34
13	85	35
13	85	36
13	85	37
13	85	38
13	85	39
13	85	44
13	85	45
13	85	46
13	86	23
13	86	24
13	86	25
13	86	26
13	86	27
13	86	28
13	86	29
13	86	30
13	86	31
13	86	32
13	86	33
13	86	34
13	86	35
13	86	36
13	86	37
13	86	38
13	86	43
13	86	44
13	86	45
13	86	46
13	86	47
13	87	23
13	87	24
13	87	25
13	87	26
13	87	27
13	87	28
13	87	29
13	87	30
13	87	31
13	87	32
13	87	33
13	87	34
13	87	35
13	87	36
13	87	37
13	87	38
13	87	39
13	87	43
13	87	44
13	87	45
13	87	46
13	87	47
13	88	24
13	88	25
13	88	26
13	88	27
13	88	28
13	88	29
13	88	30
13	88	31
13	88	32
13	88	33
13	88	34
13	88	35
13	88	36
13	88	37
13	88	38
13	88	39
13	88	42
13	88	43
13	88	44
13	88	45
13	88	46
13	89	24
13	89	25
13	89	26
13	89	27
13	89	28
13	89	29
13	89	30
13	89	31
13	89	32
13	89	33
13	89	34
13	89	35
13	89	36
13	89	38
13	89	39
13	89	40
13	89	41
13	89	42
13	89	43
13	89	44
13	89	45
13	90	25
13	90	26
13	90	27
13	90	28
13	90	29
13	90	30
13	90	31
13	90	32
13	90	33
13	90	34
13	90	35
13	90	38
13	90	39
13	90	40
13	90	41
13	90	42
13	90	43
13	90	44
13	91	26
13	91	27
13	91	28
13	91	29
13	91	30
13	91	31
13	91	32
13	92	28
14	74	30
14	74	31
14	74	32
14	74	33
14	74	34
14	74	35
14	74	36
14	74	37
14	74	38
14	74	39
14	74	40
14	74	41
14	75	24
14	75	25
14	75	26
14	75	27
14	75	28
14	75	29
14	75	30
14	75	31
14	75	32
14	75	33
14	75	34
14	75	35
14	75	36
14	75	37
14	75	38
14	75	39
14	75	40
14	75	41
14	75	42
14	76	23
14	76	24
14	76	25
14	76	26
14	76	27
14	76	28
14	76	29
14	76	30
14	76	31
14	76	32
14	76	33
14	76	34
14	76	35
14	76	36
14	76	37
14	76	38
14	76	39
14	76	40
14	76	41
14	76	42
14	76	43
14	77	22
14	77	23
14	77	24
14	77	25
14	77	26
14	77	27
14	77	28
14	77	29
14	77	30
14	77	31
14	77	32
14	77	33
14	77	34
14	77	35
14	77	36
14	77	37
14	77	38
14	77	39
14	77	40
14	77	41
14	77	42
14	77	43
14	77	44
14	78	21
14	78	22
14	78	23
14	78	24
14	78	25
14	78	26
14	78	27
14	78	28
14	78	29
14	78	30
14	78	31
14	78	32
14	78	33
14	78	34
14	78	35
14	78	36
14	78	37
14	78	38
14	78	39
14	78	40
14	78	41
14	78	42
14	78	43
14	78	44
14	79	21
14	79	22
14	79	23
14	79	24
14	79	25
14	79	26
14	79	27
14	79	28
14	79	29
14	79	30
14	79	31
14	79	32
14	79	33
14	79	34
14	79	35
14	79	36
14	79	37
14	79	38
14	79	39
14	79	40
14	79	41
14	79	42
14	79	43
14	79	44
14	79	45
14	80	21
14	80	22
14	80	23
14	80	24
14	80	25
14	80	26
14	80	27
14	80	28
14	80	29
14	80	30
14	80	31
14	80	32
14	80	33
14	80	34
14	80	35
14	80	36
14	80	37
14	80	38
14	80	39
14	80	40
14	80	41
14	80	42
14	80	43
14	80	44
14	80	45
14	80	46
14	81	21
14	81	22
14	81	23
14	81	24
14	81	25
14	81	26
14	81	27
14	81	28
14	81	29
14	81	30
14	81	31
14	81	32
14	81	33
14	81	34
14	81	35
14	81	36
14	81	37
14	81	38
14	81	39
14	81	40
14	81	41
14	81	42
14	81	43
14	81	44
14	81	45
14	81	46
14	82	21
14	82	22
14	82	23
14	82	24
14	82	25
14	82	26
14	82	27
14	82	28
14	82	29
14	82	30
14	82	31
14	82	32
14	82	33
14	82	34
14	82	35
14	82	36
14	82	37
14	82	38
14	82	39
14	82	40
14	82	41
14	82	42
14	82	43
14	82	44
14	82	45
14	82	46
14	83	21
14	83	22
14	83	23
14	83	24
14	83	25
14	83	26
14	83	27
14	83	28
14	83	29
14	83	30
14	83	31
14	83	32
14	83	33
14	83	34
14	83	35
14	83	36
14	83	37
14	83	38
14	83	39
14	83	40
14	83	41
14	83	42
14	83	43
14	83	44
14	83	45
14	83	46
14	84	22
14	84	23
14	84	24
14	84	25
14	84	26
14	84	27
14	84	28
14	84	29
14	84	30
14	84	31
14	84	32
14	84	33
14	84	34
14	84	35
14	84	36
14	84	37
14	84	38
14	84	39
14	84	40
14	84	41
14	84	42
14	84	43
14	84	44
14	84	45
14	84	46
14	85	22
14	85	23
14	85	24
14	85	25
14	85	26
14	85	27
14	85	28
14	85	29
14	85	30
14	85	31
14	85	32
14	85	33
14	85	34
14	85	35
14	85	36
14	85	37
14	85	38
14	85	39
14	85	40
14	85	41
14	85	42
14	85	43
14	85	44
14	85	45
14	85	46
14	86	22
14	86	23
14	86	24
14	86	25
14	86	26
14	86	27
14	86	28
14	86	29
14	86	30
14	86	31
14	86	32
14	86	33
14	86	34
14	86	35
14	86	36
14	86	37
14	86	38
14	87	22
14	87	23
14	87	24
14	87	25
14	87	26
14	87	27
14	87	28
14	87	29
14	87	30
14	87	31
14	87	32
14	87	33
14	87	34
14	87	35
14	87	36
14	87	37
14	87	38
14	87	46
14	87	47
14	88	23
14	88	24
14	88	25
14	88	26
14	88	27
14	88	28
14	88	29
14	88	30
14	88	31
14	88	32
14	88	33
14	88	34
14	88	35
14	88	36
14	88	37
14	88	46
14	89	23
14	89	24
14	89	25
14	89	26
14	89	27
14	89	28
14	89	29
14	89	30
14	89	31
14	89	32
14	89	33
14	89	34
14	89	35
14	89	36
14	89	45
14	90	24
14	90	25
14	90	26
14	90	27
14	90	28
14	90	29
14	90	30
14	90	31
14	90	32
14	90	33
14	91	25
14	91	26
14	91	27
14	91	29
15	73	31
15	74	29
15	74	30
15	74	31
15	74	32
15	74	33
15	74	34
15	74	35
15	74	36
15	74	37
15	74	38
15	74	39
15	74	40
15	74	41
15	74	42
15	75	28
15	75	29
15	75	30
15	75	31
15	75	32
15	75	33
15	75	34
15	75	35
15	75	36
15	75	37
15	75	38
15	75	39
15	75	40
15	75	41
15	75	42
15	75	43
15	76	22
15	76	23
15	76	24
15	76	25
15	76	26
15	76	27
15	76	28
15	76	29
15	76	30
15	76	31
15	76	32
15	76	33
15	76	34
15	76	35
15	76	36
15	76	37
15	76	38
15	76	39
15	76	40
15	76	41
15	76	42
15	76	43
15	76	44
15	77	21
15	77	22
15	77	23
15	77	24
15	77	25
15	77	26
15	77	27
15	77	28
15	77	29
15	77	30
15	77	31
15	77	32
15	77	33
15	77	34
15	77	35
15	77	36
15	77	37
15	77	38
15	77	39
15	77	40
15	77	41
15	77	42
15	77	43
15	77	44
15	78	20
15	78	21
15	78	22
15	78	23
15	78	24
15	78	25
15	78	26
15	78	27
15	78	28
15	78	29
15	78	30
15	78	31
15	78	32
15	78	33
15	78	34
15	78	35
15	78	36
15	78	37
15	78	38
15	78	39
15	78	40
15	78	41
15	78	42
15	78	43
15	78	44
15	78	45
15	79	20
15	79	21
15	79	22
15	79	23
15	79	24
15	79	25
15	79	26
15	79	27
15	79	28
15	79	29
15	79	30
15	79	31
15	79	32
15	79	33
15	79	34
15	79	35
15	79	36
15	79	37
15	79	38
15	79	39
15	79	40
15	79	41
15	79	42
15	79	43
15	79	44
15	79	45
15	79	46
15	80	20
15	80	21
15	80	22
15	80	23
15	80	24
15	80	25
15	80	26
15	80	27
15	80	28
15	80	29
15	80	30
15	80	31
15	80	32
15	80	33
15	80	34
15	80	35
15	80	36
15	80	37
15	80	38
15	80	39
15	80	40
15	80	41
15	80	42
15	80	43
15	80	44
15	80	45
15	80	46
15	81	20
15	81	21
15	81	22
15	81	23
15	81	24
15	81	25
15	81	26
15	81	27
15	81	28
15	81	29
15	81	30
15	81	31
15	81	32
15	81	33
15	81	34
15	81	35
15	81	36
15	81	37
15	81	38
15	81	39
15	81	40
15	81	41
15	81	42
15	81	43
15	81	44
15	81	45
15	81	46
15	81	47
15	82	20
15	82	21
15	82	22
15	82	23
15	82	24
15	82	25
15	82	26
15	82	27
15	82	28
15	82	29
15	82	30
15	82	31
15	82	32
15	82	33
15	82	34
15	82	35
15	82	36
15	82	37
15	82	38
15	82	39
15	82	40
15	82	41
15	82	42
15	82	43
15	82	44
15	82	45
15	82	46
15	82	47
15	83	21
15	83	22
15	83	23
15	83	24
15	83	25
15	83	26
15	83	27
15	83	28
15	83	29
15	83	30
15	83	31
15	83	32
15	83	33
15	83	34
15	83	35
15	83	36
15	83	37
15	83	38
15	83	39
15	83	40
15	83	41
15	83	42
15	83	43
15	83	44
15	83	45
15	83	46
15	83	47
15	84	21
15	84	22
15	84	23
15	84	24
15	84	25
15	84	26
15	84	27
15	84	28
15	84	29
15	84	30
15	84	31
15	84	32
15	84	33
15	84	34
15	84	35
15	84	36
15	84	37
15	84	38
15	84	39
15	84	40
15	84	41
15	84	42
15	84	43
15	84	44
15	84	45
15	84	46
15	84	47
15	85	21
15	85	22
15	85	23
15	85	24
15	85	25
15	85	26
15	85	27
15	85	28
15	85	29
15	85	30
15	85	31
15	85	32
15	85	33
15	85	34
15	85	35
15	85	36
15	85	37
15	85	38
15	85	39
15	85	40
15	85	41
15	85	42
15	85	43
15	85	44
15	85	45
15	85	46
15	86	21
15	86	22
15	86	23
15	86	24
15	86	25
15	86	26
15	86	27
15	86	28
15	86	29
15	86	30
15	86	31
15	86	32
15	86	33
15	86	34
15	86	35
15	86	36
15	86	38
15	86	39
15	86	40
15	86	41
15	86	42
15	86	43
15	86	44
15	86	45
15	87	22
15	87	23
15	87	24
15	87	25
15	87	26
15	87	27
15	87	28
15	87	29
15	87	30
15	87	31
15	87	32
15	87	33
15	87	34
15	87	35
15	87	36
15	88	22
15	88	23
15	88	24
15	88	25
15	88	26
15	88	27
15	88	28
15	88	29
15	88	30
15	88	31
15	88	32
15	88	33
15	88	34
15	88	35
15	88	36
15	89	22
15	89	23
15	89	24
15	89	25
15	89	26
15	89	27
15	89	28
15	89	29
15	89	30
15	89	31
15	89	32
15	89	33
15	89	34
15	90	23
15	90	24
15	90	25
15	90	26
15	90	27
15	90	28
16	73	30
16	73	31
16	73	32
16	73	33
16	73	34
16	73	35
16	73	36
16	74	29
16	74	30
16	74	31
16	74	32
16	74	33
16	74	34
16	74	35
16	74	36
16	74	37
16	74	38
16	74	39
16	74	40
16	74	41
16	74	42
16	75	28
16	75	29
16	75	30
16	75	31
16	75	32
16	75	33
16	75	34
16	75	35
16	75	36
16	75	37
16	75	38
16	75	39
16	75	40
16	75	41
16	75	42
16	75	43
16	75	44
16	76	22
16	76	23
16	76	24
16	76	25
16	76	29
16	76	30
16	76	31
16	76	32
16	76	33
16	76	34
16	76	35
16	76	36
16	76	37
16	76	38
16	76	39
16	76	40
16	76	41
16	76	42
16	76	43
16	76	44
16	77	21
16	77	22
16	77	23
16	77	24
16	77	28
16	77	29
16	77	30
16	77	31
16	77	32
16	77	33
16	77	34
16	77	35
16	77	36
16	77	37
16	77	38
16	77	39
16	77	40
16	77	41
16	77	42
16	77	43
16	77	44
16	77	45
16	78	20
16	78	21
16	78	22
16	78	23
16	78	24
16	78	28
16	78	29
16	78	30
16	78	31
16	78	32
16	78	33
16	78	34
16	78	35
16	78	36
16	78	37
16	78	38
16	78	39
16	78	40
16	78	41
16	78	42
16	78	43
16	78	44
16	78	45
16	78	46
16	79	19
16	79	20
16	79	21
16	79	22
16	79	23
16	79	24
16	79	28
16	79	29
16	79	30
16	79	31
16	79	32
16	79	33
16	79	34
16	79	35
16	79	36
16	79	37
16	79	38
16	79	39
16	79	40
16	79	41
16	79	42
16	79	43
16	79	44
16	79	45
16	79	46
16	80	19
16	80	20
16	80	21
16	80	22
16	80	23
16	80	24
16	80	25
16	80	28
16	80	29
16	80	30
16	80	31
16	80	32
16	80	33
16	80	34
16	80	35
16	80	36
16	80	37
16	80	38
16	80	39
16	80	40
16	80	41
16	80	42
16	80	43
16	80	44
16	80	45
16	80	46
16	80	47
16	81	19
16	81	20
16	81	21
16	81	22
16	81	23
16	81	24
16	81	25
16	81	26
16	81	28
16	81	29
16	81	30
16	81	31
16	81	32
16	81	33
16	81	34
16	81	35
16	81	36
16	81	37
16	81	38
16	81	39
16	81	40
16	81	41
16	81	42
16	81	43
16	81	44
16	81	45
16	81	46
16	82	20
16	82	21
16	82	22
16	82	23
16	82	24
16	82	25
16	82	26
16	82	28
16	82	29
16	82	30
16	82	31
16	82	32
16	82	33
16	82	34
16	82	35
16	82	36
16	82	37
16	82	38
16	82	39
16	82	40
16	82	41
16	82	42
16	82	43
16	82	44
16	82	45
16	82	46
16	83	20
16	83	21
16	83	22
16	83	23
16	83	24
16	83	25
16	83	26
16	83	27
16	83	28
16	83	29
16	83	30
16	83	31
16	83	32
16	83	33
16	83	34
16	83	35
16	83	36
16	83	37
16	83	38
16	83	39
16	83	40
16	83	41
16	83	42
16	83	43
16	83	44
16	83	45
16	83	46
16	84	21
16	84	22
16	84	23
16	84	24
16	84	25
16	84	26
16	84	27
16	84	28
16	84	29
16	84	30
16	84	31
16	84	32
16	84	33
16	84	34
16	84	35
16	84	36
16	84	37
16	84	38
16	84	39
16	84	40
16	84	41
16	84	42
16	84	43
16	84	44
16	84	45
16	85	21
16	85	22
16	85	23
16	85	24
16	85	25
16	85	26
16	85	27
16	85	28
16	85	29
16	85	30
16	85	31
16	85	32
16	85	33
16	85	34
16	85	35
16	85	36
16	85	37
16	85	38
16	85	39
16	85	40
16	85	41
16	85	42
16	85	43
16	85	44
16	86	21
16	86	22
16	86	23
16	86	24
16	86	25
16	86	26
16	86	27
16	86	28
16	86	29
16	86	30
16	86	31
16	86	32
16	86	33
16	86	36
16	86	37
16	86	38
16	86	39
16	86	40
16	86	41
16	86	42
16	86	43
16	87	21
16	87	22
16	87	23
16	87	24
16	87	25
16	87	26
16	87	27
16	87	28
16	87	29
16	87	30
16	87	31
16	87	32
16	87	33
16	87	34
16	88	22
16	88	23
16	88	24
16	88	25
16	88	26
16	88	27
16	88	28
16	88	29
16	88	30
16	88	31
16	88	32
16	88	33
16	89	22
16	89	23
16	89	24
16	89	25
16	89	26
16	89	27
16	90	23
17	73	32
17	73	33
17	73	34
17	73	35
17	73	36
17	74	31
17	74	32
17	74	33
17	74	34
17	74	35
17	74	36
17	74	37
17	74	38
17	74	39
17	74	40
17	74	41
17	74	42
17	75	30
17	75	31
17	75	32
17	75	33
17	75	34
17	75	35
17	75	36
17	75	37
17	75	38
17	75	39
17	75	40
17	75	41
17	75	42
17	75	43
17	75	44
17	76	22
17	76	23
17	76	24
17	76	29
17	76	30
17	76	31
17	76	32
17	76	33
17	76	34
17	76	35
17	76	36
17	76	37
17	76	38
17	76	39
17	76	40
17	76	41
17	76	42
17	76	43
17	76	44
17	76	45
17	77	20
17	77	21
17	77	22
17	77	23
17	77	30
17	77	31
17	77	32
17	77	33
17	77	34
17	77	35
17	77	36
17	77	37
17	77	38
17	77	39
17	77	40
17	77	41
17	77	42
17	77	43
17	77	44
17	77	45
17	78	19
17	78	20
17	78	21
17	78	22
17	78	23
17	78	29
17	78	30
17	78	31
17	78	32
17	78	33
17	78	34
17	78	35
17	78	36
17	78	37
17	78	38
17	78	39
17	78	40
17	78	41
17	78	42
17	78	43
17	78	44
17	78	45
17	78	46
17	79	19
17	79	20
17	79	21
17	79	22
17	79	23
17	79	24
17	79	29
17	79	30
17	79	31
17	79	32
17	79	33
17	79	34
17	79	35
17	79	36
17	79	37
17	79	38
17	79	39
17	79	40
17	79	41
17	79	42
17	79	43
17	79	44
17	79	45
17	79	46
17	79	47
17	80	18
17	80	19
17	80	20
17	80	21
17	80	22
17	80	23
17	80	24
17	80	29
17	80	30
17	80	31
17	80	32
17	80	33
17	80	34
17	80	35
17	80	36
17	80	37
17	80	38
17	80	39
17	80	40
17	80	41
17	80	42
17	80	43
17	80	44
17	80	45
17	80	46
17	80	47
17	81	19
17	81	20
17	81	21
17	81	22
17	81	23
17	81	24
17	81	25
17	81	29
17	81	30
17	81	31
17	81	32
17	81	33
17	81	34
17	81	35
17	81	36
17	81	37
17	81	38
17	81	39
17	81	40
17	81	41
17	81	42
17	81	43
17	81	44
17	81	45
17	81	46
17	82	19
17	82	20
17	82	21
17	82	22
17	82	23
17	82	24
17	82	25
17	82	29
17	82	30
17	82	31
17	82	32
17	82	33
17	82	34
17	82	35
17	82	36
17	82	37
17	82	38
17	82	39
17	82	40
17	82	41
17	82	42
17	82	43
17	82	44
17	82	45
17	83	20
17	83	21
17	83	22
17	83	23
17	83	24
17	83	25
17	83	29
17	83	30
17	83	31
17	83	32
17	83	33
17	83	34
17	83	35
17	83	36
17	83	37
17	83	38
17	83	39
17	83	40
17	83	41
17	83	42
17	83	43
17	83	44
17	84	21
17	84	22
17	84	23
17	84	24
17	84	25
17	84	26
17	84	27
17	84	29
17	84	30
17	84	31
17	84	32
17	84	33
17	84	34
17	84	35
17	84	36
17	84	37
17	84	38
17	84	39
17	84	40
17	84	41
17	84	42
17	84	43
17	85	21
17	85	22
17	85	23
17	85	24
17	85	25
17	85	26
17	85	27
17	85	28
17	85	29
17	85	30
17	85	31
17	85	32
17	85	33
17	85	34
17	85	35
17	85	36
17	85	37
17	85	38
17	85	39
17	85	40
17	85	41
17	85	42
17	86	21
17	86	22
17	86	23
17	86	24
17	86	25
17	86	26
17	86	27
17	86	28
17	86	29
17	87	22
17	87	23
17	87	24
17	87	25
17	87	26
17	87	27
17	87	28
17	88	22
17	88	23
17	88	24
17	88	25
17	88	26
18	73	33
18	73	34
18	73	35
18	73	36
18	73	37
18	74	33
18	74	34
18	74	35
18	74	36
18	74	37
18	74	38
18	74	39
18	74	40
18	74	41
18	74	42
18	75	32
18	75	33
18	75	34
18	75	35
18	75	36
18	75	37
18	75	38
18	75	39
18	75	40
18	75	41
18	75	42
18	75	43
18	75	44
18	76	22
18	76	31
18	76	32
18	76	33
18	76	34
18	76	35
18	76	36
18	76	37
18	76	38
18	76	39
18	76	40
18	76	41
18	76	42
18	76	43
18	76	44
18	76	45
18	77	21
18	77	22
18	77	30
18	77	31
18	77	32
18	77	33
18	77	34
18	77	35
18	77	36
18	77	37
18	77	38
18	77	39
18	77	40
18	77	41
18	77	42
18	77	43
18	77	44
18	77	45
18	77	46
18	78	20
18	78	21
18	78	22
18	78	23
18	78	31
18	78	32
18	78	33
18	78	34
18	78	35
18	78	36
18	78	37
18	78	38
18	78	39
18	78	40
18	78	41
18	78	42
18	78	43
18	78	44
18	78	45
18	78	46
18	79	19
18	79	20
18	79	21
18	79	22
18	79	23
18	79	30
18	79	31
18	79	32
18	79	33
18	79	34
18	79	35
18	79	36
18	79	37
18	79	38
18	79	39
18	79	40
18	79	41
18	79	42
18	79	43
18	79	44
18	79	45
18	79	46
18	79	47
18	80	18
18	80	19
18	80	20
18	80	21
18	80	22
18	80	23
18	80	24
18	80	30
18	80	31
18	80	32
18	80	33
18	80	34
18	80	35
18	80	36
18	80	37
18	80	38
18	80	39
18	80	40
18	80	41
18	80	42
18	80	43
18	80	44
18	80	45
18	80	46
18	80	47
18	81	19
18	81	20
18	81	21
18	81	22
18	81	23
18	81	24
18	81	30
18	81	31
18	81	32
18	81	33
18	81	34
18	81	35
18	81	36
18	81	37
18	81	38
18	81	39
18	81	40
18	81	41
18	81	42
18	81	43
18	81	44
18	81	45
18	81	46
18	82	19
18	82	20
18	82	21
18	82	22
18	82	23
18	82	30
18	82	31
18	82	32
18	82	33
18	82	34
18	82	35
18	82	36
18	82	37
18	82	38
18	82	39
18	82	40
18	82	41
18	82	42
18	82	43
18	82	44
18	82	45
18	83	30
18	83	31
18	83	32
18	83	33
18	83	34
18	83	35
18	83	36
18	83	37
18	83	38
18	83	39
18	83	40
18	83	41
18	83	42
18	83	43
18	83	44
18	84	30
18	84	31
18	84	32
18	84	33
18	84	34
18	84	35
18	84	36
18	84	37
18	84	38
18	84	39
18	84	40
18	84	41
18	85	32
18	85	33
18	85	34
18	85	35
18	85	36
19	73	33
19	73	34
19	73	35
19	73	36
19	73	37
19	74	34
19	74	35
19	74	36
19	74	37
19	74	38
19	74	39
19	74	40
19	74	41
19	75	34
19	75	35
19	75	36
19	75	37
19	75	38
19	75	39
19	75	40
19	75	41
19	75	42
19	75	43
19	76	34
19	76	35
19	76	36
19	76	37
19	76	38
19	76	39
19	76	40
19	76	41
19	76	42
19	76	43
19	76	44
19	77	33
19	77	34
19	77	35
19	77	36
19	77	37
19	77	38
19	77	39
19	77	40
19	77	41
19	77	42
19	77	43
19	77	44
19	77	45
19	78	22
19	78	32
19	78	33
19	78	34
19	78	35
19	78	36
19	78	37
19	78	38
19	78	39
19	78	40
19	78	41
19	78	42
19	78	43
19	78	44
19	78	45
19	78	46
19	79	21
19	79	22
19	79	23
19	79	32
19	79	33
19	79	34
19	79	35
19	79	36
19	79	37
19	79	38
19	79	39
19	79	40
19	79	41
19	79	42
19	79	43
19	79	44
19	79	45
19	79	46
19	79	47
19	80	20
19	80	21
19	80	22
19	80	23
19	80	31
19	80	32
19	80	33
19	80	34
19	80	35
19	80	36
19	80	37
19	80	38
19	80	39
19	80	40
19	80	41
19	80	42
19	80	43
19	80	44
19	80	45
19	80	46
19	80	47
19	81	20
19	81	21
19	81	22
19	81	31
19	81	32
19	81	33
19	81	34
19	81	35
19	81	36
19	81	37
19	81	38
19	81	39
19	81	40
19	81	41
19	81	42
19	81	43
19	81	44
19	81	45
19	81	46
19	82	31
19	82	32
19	82	33
19	82	34
19	82	35
19	82	36
19	82	37
19	82	38
19	82	39
19	82	40
19	82	41
19	82	42
19	82	43
19	82	44
19	82	45
19	83	31
19	83	32
19	83	33
19	83	34
19	83	35
19	83	36
19	83	37
19	83	38
19	83	39
19	83	40
19	83	41
19	83	42
19	83	43
19	84	33
19	84	34
19	84	35
19	84	36
19	84	37
19	84	38
19	84	39
19	84	40
20	73	34
20	73	35
20	73	36
20	73	37
20	74	35
20	74	36
20	74	37
20	74	38
20	74	39
20	74	40
20	75	36
20	75	37
20	75	38
20	75	39
20	75	40
20	75	41
20	75	42
20	76	38
20	76	39
20	76	40
20	76	41
20	76	42
20	76	43
20	76	44
20	77	38
20	77	39
20	77	40
20	77	41
20	77	42
20	77	43
20	77	44
20	77	45
20	78	37
20	78	38
20	78	39
20	78	40
20	78	41
20	78	42
20	78	43
20	78	44
20	78	45
20	78	46
20	79	22
20	79	35
20	79	36
20	79	37
20	79	38
20	79	39
20	79	40
20	79	41
20	79	42
20	79	43
20	79	44
20	79	45
20	79	46
20	79	47
20	80	33
20	80	34
20	80	35
20	80	36
20	80	37
20	80	38
20	80	39
20	80	40
20	80	41
20	80	42
20	80	43
20	80	44
20	80	45
20	80	46
20	80	47
20	81	32
20	81	33
20	81	34
20	81	35
20	81	36
20	81	37
20	81	38
20	81	39
20	81	40
20	81	41
20	81	42
20	81	43
20	81	44
20	81	45
20	81	46
20	82	32
20	82	33
20	82	34
20	82	35
20	82	36
20	82	37
20	82	38
20	82	39
20	82	40
20	82	41
20	82	42
20	82	43
20	82	44
20	83	34
20	83	35
20	83	36
20	83	37
20	83	38
20	83	39
20	83	40
20	83	41
21	73	36
21	74	37
21	74	38
21	74	39
21	75	39
21	75	40
21	75	41
21	76	39
21	76	40
21	76	41
21	76	42
21	76	43
21	77	39
21	77	40
21	77	41
21	77	42
21	77	43
21	77	44
21	78	39
21	78	40
21	78	41
21	78	42
21	78	43
21	78	44
21	78	45
21	78	46
21	79	38
21	79	39
21	79	40
21	79	41
21	79	42
21	79	43
21	79	44
21	79	45
21	79	46
21	79	47
21	80	36
21	80	37
21	80	38
21	80	39
21	80	40
21	80	41
21	80	42
21	80	43
21	80	44
21	80	45
21	80	46
21	80	47
21	81	35
21	81	36
21	81	37
21	81	38
21	81	39
21	81	40
21	81	41
21	81	42
21	81	43
21	81	44
21	81	45
21	82	33
21	82	34
21	82	35
21	82	36
21	82	37
21	82	38
21	82	39
21	82	40
21	82	41
21	82	42
22	76	40
22	76	41
22	77	40
22	77	41
22	77	42
22	78	41
22	78	42
22	78	43
22	79	41
22	79	42
22	79	43
22	79	44
22	79	45
22	80	43
22	80	44
22	80	45
22	80	46
22	81	43
23	78	42
