#i	j	k
32	40	61
32	40	62
32	41	62
33	37	63
33	38	61
33	38	62
33	38	63
33	39	61
33	39	62
33	39	63
33	40	0
33	40	60
33	40	61
33	40	62
33	40	63
33	41	0
33	41	59
33	41	60
33	41	61
33	41	62
33	41	63
33	42	60
33	42	61
33	42	62
33	42	63
34	36	63
34	37	62
34	37	63
34	38	0
34	38	61
34	38	62
34	38	63
34	39	0
34	39	60
34	39	61
34	39	62
34	39	63
34	40	0
34	40	59
34	40	60
34	40	61
34	40	62
34	40	63
34	41	0
34	41	59
34	41	60
34	41	61
34	41	62
34	41	63
34	42	0
34	42	59
34	42	60
34	42	61
34	42	62
34	42	63
34	43	0
34	43	60
34	43	61
34	43	62
34	43	63
35	35	63
35	36	62
35	36	63
35	37	0
35	37	61
35	37	62
35	37	63
35	38	0
35	38	60
35	38	61
35	38	62
35	38	63
35	39	0
35	39	60
35	39	61
35	39	62
35	39	63
35	40	0
35	40	59
35	40	60
35	40	61
35	40	62
35	40	63
35	41	59
35	41	60
35	41	61
35	41	62
35	41	63
35	42	59
35	42	60
35	42	61
35	42	62
35	42	63
35	43	0
35	43	1
35	43	2
35	43	61
35	43	62
35	43	63
35	44	0
36	35	62
36	35	63
36	36	61
36	36	62
36	36	63
36	37	0
36	37	61
36	37	62
36	37	63
36	38	0
36	38	60
36	38	61
36	38	62
36	38	63
36	39	0
36	39	60
36	39	61
36	39	62
36	39	63
36	40	0
36	40	59
36	40	60
36	40	61
36	40	62
36	40	63
36	41	59
36	41	60
36	41	61
36	41	62
36	42	59
36	42	60
36	42	61
36	42	62
36	43	1
36	43	2
36	43	61
36	44	0
36	44	1
36	44	2
37	35	62
37	36	61
37	36	62
37	36	63
37	37	61
37	37	62
37	37	63
37	38	0
37	38	1
37	38	60
37	38	61
37	38	62
37	38	63
37	39	0
37	39	60
37	39	61
37	39	62
37	39	63
37	40	0
37	40	59
37	40	60
37	40	61
37	40	62
37	41	59
37	41	60
37	41	61
37	42	1
37	42	2
37	42	59
37	42	60
37	42	61
37	43	1
37	43	2
37	44	0
37	44	1
37	44	2
38	37	1
38	37	61
38	37	62
38	37	63
38	38	0
38	38	1
38	38	2
38	38	60
38	38	61
38	38	62
38	38	63
38	39	0
38	39	1
38	39	2
38	39	59
38	39	60
38	39	61
38	39	62
38	39	63
38	40	0
38	40	1
38	40	2
38	40	3
38	40	4
38	40	59
38	40	60
38	40	61
38	40	62
38	41	1
38	41	2
38	41	3
38	41	4
38	41	59
38	41	60
38	42	1
38	42	2
38	42	3
38	42	4
38	43	0
38	43	1
38	43	2
38	43	3
38	43	4
38	44	0
38	44	1
38	44	2
38	45	0
38	45	1
39	37	1
39	37	2
39	38	0
39	38	1
39	38	2
39	38	60
39	38	61
39	38	62
39	38	63
39	39	0
39	39	1
39	39	2
39	39	3
39	39	4
39	39	59
39	39	60
39	39	61
39	39	62
39	39	63
39	40	0
39	40	1
39	40	2
39	40	3
39	40	4
39	40	59
39	40	60
39	40	61
39	40	62
39	40	63
39	41	0
39	41	1
39	41	2
39	41	3
39	41	4
39	41	5
39	42	0
39	42	1
39	42	2
39	42	3
39	42	4
39	42	5
39	42	63
39	43	0
39	43	1
39	43	2
39	43	3
39	43	4
39	43	5
39	43	63
39	44	0
39	44	1
39	44	2
39	44	3
39	44	4
39	44	5
39	44	63
39	45	0
39	45	63
40	36	1
40	37	1
40	37	2
40	37	61
40	38	0
40	38	1
40	38	2
40	38	3
40	38	61
40	38	62
40	38	63
40	39	0
40	39	1
40	39	2
40	39	3
40	39	4
40	39	59
40	39	60
40	39	61
40	39	62
40	39	63
40	40	0
40	40	1
40	40	2
40	40	3
40	40	4
40	40	60
40	40	61
40	40	62
40	40	63
40	41	0
40	41	1
40	41	2
40	41	3
40	41	4
40	41	5
40	41	63
40	42	0
40	42	1
40	42	2
40	42	3
40	42	4
40	42	5
40	42	63
40	43	0
40	43	1
40	43	2
40	43	3
40	43	4
40	43	5
40	43	63
40	44	0
40	44	1
40	44	2
40	44	3
40	44	4
40	44	5
40	44	63
40	45	0
40	45	1
40	45	63
40	46	0
40	46	1
40	46	63
41	36	1
41	37	1
41	37	2
41	38	0
41	38	1
41	38	2
41	38	3
41	38	61
41	38	62
41	38	63
41	39	0
41	39	1
41	39	2
41	39	3
41	39	4
41	39	60
41	39	61
41	39	62
41	39	63
41	40	0
41	40	1
41	40	2
41	40	3
41	40	4
41	40	63
41	41	0
41	41	1
41	41	2
41	41	3
41	41	4
41	41	63
41	42	0
41	42	1
41	42	2
41	42	3
41	42	4
41	42	5
41	42	63
41	43	0
41	43	1
41	43	2
41	43	3
41	43	4
41	43	5
41	43	63
41	44	0
41	44	1
41	44	2
41	44	3
41	44	4
41	44	5
41	44	63
41	45	0
41	45	1
41	45	2
41	45	3
41	45	4
41	45	63
41	46	0
41	46	1
41	46	2
41	46	63
41	47	63
42	36	1
42	37	1
42	37	2
42	38	0
42	38	1
42	38	2
42	38	63
42	39	0
42	39	1
42	39	2
42	39	3
42	39	63
42	40	0
42	40	1
42	40	2
42	40	3
42	40	63
42	41	0
42	41	1
42	41	2
42	41	3
42	41	4
42	41	63
42	42	0
42	42	1
42	42	2
42	42	3
42	42	4
42	42	5
42	42	63
42	43	0
42	43	1
42	43	2
42	43	3
42	43	4
42	43	5
42	43	63
42	44	0
42	44	1
42	44	2
42	44	3
42	44	4
42	44	5
42	44	63
42	45	0
42	45	1
42	45	2
42	45	3
42	45	4
42	45	63
42	46	0
42	46	1
42	46	2
42	46	3
42	47	0
42	47	1
43	37	1
43	38	1
43	38	2
43	39	1
43	39	2
43	39	3
43	40	1
43	40	2
43	40	3
43	41	0
43	41	1
43	41	2
43	41	3
43	41	63
43	42	0
43	42	1
43	42	2
43	42	3
43	42	4
43	42	63
43	43	0
43	43	1
43	43	2
43	43	3
43	43	4
43	43	5
43	43	63
43	44	0
43	44	1
43	44	2
43	44	3
43	44	4
43	44	63
43	45	0
43	45	1
43	45	2
43	45	3
43	45	4
43	46	0
43	46	2
43	46	3
44	39	2
44	40	1
44	40	2
44	40	3
44	41	0
44	41	1
44	41	2
44	41	3
44	42	0
44	42	1
44	42	2
44	42	3
44	42	4
44	42	63
44	43	0
44	43	1
44	43	2
44	43	3
44	43	4
44	43	63
44	44	0
44	44	1
44	44	2
44	44	3
44	44	4
44	45	0
44	45	1
44	45	2
44	45	3
44	45	4
45	40	1
45	40	2
45	40	3
45	41	1
45	41	2
45	41	3
45	42	1
45	42	2
45	42	3
45	42	4
45	43	2
45	43	3
45	43	4
45	44	2
45	44	3
45	44	4
