#i	j	k
0	5	1
0	6	1
0	6	2
0	7	1
0	7	2
0	8	1
0	8	2
0	9	1
0	9	2
0	10	1
0	10	2
0	11	2
0	12	2
0	13	2
0	13	3
0	126	123
0	126	124
0	126	125
0	127	123
0	127	124
0	127	125
0	127	126
1	6	1
1	7	2
1	8	2
1	9	2
110	0	120
110	0	121
110	0	126
110	1	0
110	1	1
110	1	120
110	1	127
110	2	0
110	2	120
110	3	0
110	3	119
110	4	119
110	5	118
110	16	124
110	16	125
110	16	126
110	16	127
110	17	127
110	18	0
110	126	121
110	127	2
110	127	121
111	0	0
111	0	1
111	0	2
111	0	116
111	0	117
111	0	118
111	0	119
111	0	120
111	0	121
111	0	122
111	0	123
111	0	124
111	0	125
111	0	126
111	0	127
111	1	0
111	1	1
111	1	2
111	1	116
111	1	117
111	1	118
111	1	119
111	1	120
111	1	121
111	1	122
111	1	124
111	1	125
111	1	126
111	1	127
111	2	0
111	2	1
111	2	2
111	2	116
111	2	117
111	2	118
111	2	119
111	2	120
111	2	121
111	2	126
111	2	127
111	3	0
111	3	1
111	3	2
111	3	116
111	3	117
111	3	118
111	3	119
111	3	120
111	3	126
111	3	127
111	4	0
111	4	1
111	4	115
111	4	116
111	4	117
111	4	118
111	4	119
111	4	120
111	4	127
111	5	0
111	5	115
111	5	116
111	5	117
111	5	118
111	5	119
111	6	117
111	15	123
111	16	123
111	16	124
111	17	122
111	17	123
111	17	124
111	17	125
111	17	126
111	17	127
111	18	123
111	18	124
111	18	125
111	18	126
111	18	127
111	19	0
111	19	1
111	19	124
111	19	125
111	19	126
111	19	127
111	20	0
111	20	1
111	20	127
111	21	0
111	22	0
111	121	120
111	121	121
111	122	119
111	122	120
111	122	121
111	122	122
111	122	123
111	123	119
111	123	120
111	123	121
111	123	122
111	123	123
111	123	124
111	123	125
111	123	126
111	124	0
111	124	119
111	124	120
111	124	121
111	124	122
111	124	123
111	124	124
111	124	125
111	124	126
111	124	127
111	125	0
111	125	1
111	125	2
111	125	119
111	125	120
111	125	121
111	125	122
111	125	123
111	125	124
111	125	125
111	125	126
111	125	127
111	126	0
111	126	1
111	126	2
111	126	3
111	126	118
111	126	119
111	126	120
111	126	121
111	126	122
111	126	123
111	126	124
111	126	125
111	126	126
111	126	127
111	127	0
111	127	1
111	127	2
111	127	3
111	127	117
111	127	118
111	127	119
111	127	120
111	127	121
111	127	122
111	127	123
111	127	124
111	127	125
111	127	126
111	127	127
112	0	0
112	0	1
112	0	2
112	0	3
112	0	115
112	0	116
112	0	117
112	0	118
112	0	119
112	0	120
112	0	121
112	0	122
112	0	123
112	0	124
112	0	125
112	0	126
112	0	127
112	1	0
112	1	1
112	1	2
112	1	3
112	1	115
112	1	116
112	1	117
112	1	118
112	1	119
112	1	120
112	1	121
112	1	122
112	1	123
112	1	124
112	1	125
112	1	126
112	1	127
112	2	0
112	2	1
112	2	2
112	2	3
112	2	115
112	2	116
112	2	117
112	2	118
112	2	119
112	2	120
112	2	121
112	2	122
112	2	123
112	2	124
112	2	125
112	2	126
112	2	127
112	3	0
112	3	1
112	3	2
112	3	115
112	3	116
112	3	117
112	3	118
112	3	119
112	3	120
112	3	121
112	3	122
112	3	123
112	3	124
112	3	125
112	3	126
112	3	127
112	4	0
112	4	1
112	4	2
112	4	115
112	4	116
112	4	117
112	4	118
112	4	119
112	4	120
112	4	121
112	4	122
112	4	123
112	4	124
112	4	125
112	4	126
112	4	127
112	5	0
112	5	115
112	5	116
112	5	117
112	5	118
112	5	119
112	5	120
112	5	121
112	5	126
112	5	127
112	6	0
112	6	115
112	6	116
112	6	117
112	6	118
112	6	119
112	15	123
112	15	124
112	16	123
112	16	124
112	17	122
112	17	123
112	17	124
112	17	125
112	18	0
112	18	122
112	18	123
112	18	124
112	18	125
112	18	126
112	18	127
112	19	0
112	19	1
112	19	123
112	19	124
112	19	125
112	19	126
112	19	127
112	20	0
112	20	1
112	20	2
112	20	123
112	20	124
112	20	125
112	20	126
112	20	127
112	21	0
112	21	1
112	21	124
112	21	125
112	21	126
112	21	127
112	22	0
112	22	125
112	22	126
112	22	127
112	23	0
112	23	126
112	23	127
112	24	0
112	24	127
112	25	0
112	121	120
112	121	121
112	121	122
112	121	123
112	121	124
112	121	125
112	122	119
112	122	120
112	122	121
112	122	122
112	122	123
112	122	124
112	122	125
112	122	126
112	122	127
112	123	117
112	123	118
112	123	119
112	123	120
112	123	121
112	123	122
112	123	123
112	123	124
112	123	125
112	123	126
112	123	127
112	124	0
112	124	1
112	124	116
112	124	117
112	124	118
112	124	119
112	124	120
112	124	121
112	124	122
112	124	123
112	124	124
112	124	125
112	124	126
112	124	127
112	125	0
112	125	1
112	125	2
112	125	3
112	125	116
112	125	117
112	125	118
112	125	119
112	125	120
112	125	121
112	125	122
112	125	123
112	125	124
112	125	125
112	125	126
112	125	127
112	126	0
112	126	1
112	126	2
112	126	3
112	126	116
112	126	117
112	126	118
112	126	119
112	126	120
112	126	121
112	126	122
112	126	123
112	126	124
112	126	125
112	126	126
112	126	127
112	127	0
112	127	1
112	127	2
112	127	3
112	127	115
112	127	116
112	127	117
112	127	118
112	127	119
112	127	120
112	127	121
112	127	122
112	127	123
112	127	124
112	127	125
112	127	126
112	127	127
113	0	0
113	0	1
113	0	2
113	0	3
113	0	113
113	0	114
113	0	115
113	0	116
113	0	117
113	0	118
113	0	119
113	0	120
113	0	121
113	0	122
113	0	123
113	0	124
113	0	125
113	0	126
113	0	127
113	1	0
113	1	1
113	1	2
113	1	3
113	1	114
113	1	115
113	1	116
113	1	117
113	1	118
113	1	119
113	1	120
113	1	121
113	1	122
113	1	123
113	1	124
113	1	125
113	1	126
113	1	127
113	2	0
113	2	1
113	2	2
113	2	3
113	2	115
113	2	116
113	2	117
113	2	118
113	2	119
113	2	120
113	2	121
113	2	122
113	2	123
113	2	124
113	2	125
113	2	126
113	2	127
113	3	0
113	3	1
113	3	2
113	3	3
113	3	116
113	3	117
113	3	118
113	3	119
113	3	120
113	3	121
113	3	122
113	3	123
113	3	124
113	3	125
113	3	126
113	3	127
113	4	0
113	4	1
113	4	2
113	4	116
113	4	117
113	4	118
113	4	119
113	4	120
113	4	121
113	4	122
113	4	123
113	4	124
113	4	125
113	4	126
113	4	127
113	5	0
113	5	1
113	5	116
113	5	117
113	5	118
113	5	119
113	5	120
113	5	121
113	5	122
113	5	123
113	5	124
113	5	125
113	5	126
113	5	127
113	6	0
113	6	116
113	6	117
113	6	118
113	6	119
113	6	120
113	6	121
113	6	122
113	6	123
113	6	124
113	6	125
113	6	126
113	6	127
113	7	116
113	7	117
113	7	118
113	7	119
113	7	120
113	7	121
113	7	122
113	8	116
113	8	117
113	8	118
113	8	119
113	8	120
113	15	123
113	15	124
113	16	123
113	16	124
113	16	125
113	17	122
113	17	123
113	17	124
113	17	125
113	18	0
113	18	122
113	18	123
113	18	124
113	18	125
113	18	126
113	18	127
113	19	0
113	19	1
113	19	122
113	19	123
113	19	124
113	19	125
113	19	126
113	19	127
113	20	0
113	20	1
113	20	2
113	20	3
113	20	123
113	20	124
113	20	125
113	20	126
113	20	127
113	21	0
113	21	1
113	21	2
113	21	3
113	21	4
113	21	123
113	21	124
113	21	125
113	21	126
113	21	127
113	22	0
113	22	1
113	22	2
113	22	123
113	22	124
113	22	125
113	22	126
113	22	127
113	23	0
113	23	1
113	23	2
113	23	123
113	23	124
113	23	125
113	23	126
113	23	127
113	24	0
113	24	1
113	24	124
113	24	125
113	24	126
113	24	127
113	25	0
113	25	1
113	25	125
113	25	126
113	25	127
113	26	0
113	26	127
113	121	120
113	121	121
113	121	122
113	121	123
113	121	124
113	121	125
113	122	118
113	122	119
113	122	120
113	122	121
113	122	122
113	122	123
113	122	124
113	122	125
113	122	126
113	122	127
113	123	117
113	123	118
113	123	119
113	123	120
113	123	121
113	123	122
113	123	123
113	123	124
113	123	125
113	123	126
113	123	127
113	124	0
113	124	1
113	124	115
113	124	116
113	124	117
113	124	118
113	124	119
113	124	120
113	124	121
113	124	122
113	124	123
113	124	124
113	124	125
113	124	126
113	124	127
113	125	0
113	125	1
113	125	2
113	125	115
113	125	116
113	125	117
113	125	118
113	125	119
113	125	120
113	125	121
113	125	122
113	125	123
113	125	124
113	125	125
113	125	126
113	125	127
113	126	0
113	126	1
113	126	2
113	126	3
113	126	114
113	126	115
113	126	116
113	126	117
113	126	118
113	126	119
113	126	120
113	126	121
113	126	122
113	126	123
113	126	124
113	126	125
113	126	126
113	126	127
113	127	0
113	127	1
113	127	2
113	127	3
113	127	114
113	127	115
113	127	116
113	127	117
113	127	118
113	127	119
113	127	120
113	127	121
113	127	122
113	127	123
113	127	124
113	127	125
113	127	126
113	127	127
114	0	0
114	0	1
114	0	2
114	0	3
114	0	113
114	0	114
114	0	115
114	0	116
114	0	117
114	0	118
114	0	119
114	0	120
114	0	121
114	0	122
114	0	123
114	0	124
114	0	125
114	0	126
114	0	127
114	1	0
114	1	1
114	1	2
114	1	3
114	1	114
114	1	115
114	1	116
114	1	117
114	1	118
114	1	119
114	1	120
114	1	121
114	1	122
114	1	123
114	1	124
114	1	125
114	1	126
114	1	127
114	2	0
114	2	1
114	2	2
114	2	3
114	2	115
114	2	116
114	2	117
114	2	118
114	2	119
114	2	120
114	2	121
114	2	122
114	2	123
114	2	124
114	2	125
114	2	126
114	2	127
114	3	0
114	3	1
114	3	2
114	3	3
114	3	116
114	3	117
114	3	118
114	3	119
114	3	120
114	3	121
114	3	122
114	3	123
114	3	124
114	3	125
114	3	126
114	3	127
114	4	0
114	4	1
114	4	2
114	4	3
114	4	117
114	4	118
114	4	119
114	4	120
114	4	121
114	4	122
114	4	123
114	4	124
114	4	125
114	4	126
114	4	127
114	5	0
114	5	1
114	5	2
114	5	117
114	5	118
114	5	119
114	5	120
114	5	121
114	5	122
114	5	123
114	5	124
114	5	125
114	5	126
114	5	127
114	6	0
114	6	117
114	6	118
114	6	119
114	6	120
114	6	121
114	6	122
114	6	123
114	6	124
114	6	125
114	6	126
114	6	127
114	7	0
114	7	117
114	7	118
114	7	119
114	7	120
114	7	121
114	7	122
114	7	123
114	7	124
114	7	125
114	7	126
114	7	127
114	8	121
114	8	122
114	8	123
114	8	124
114	8	125
114	15	124
114	16	123
114	16	124
114	16	125
114	17	123
114	17	124
114	17	125
114	17	126
114	18	0
114	18	122
114	18	123
114	18	124
114	18	125
114	18	126
114	18	127
114	19	0
114	19	1
114	19	2
114	19	122
114	19	123
114	19	124
114	19	125
114	19	126
114	19	127
114	20	0
114	20	1
114	20	2
114	20	3
114	20	122
114	20	123
114	20	124
114	20	125
114	20	126
114	20	127
114	21	0
114	21	1
114	21	2
114	21	3
114	21	4
114	21	122
114	21	123
114	21	124
114	21	125
114	21	126
114	21	127
114	22	0
114	22	1
114	22	2
114	22	3
114	22	4
114	22	122
114	22	123
114	22	124
114	22	125
114	22	126
114	22	127
114	23	0
114	23	1
114	23	2
114	23	122
114	23	123
114	23	124
114	23	125
114	23	126
114	23	127
114	24	0
114	24	1
114	24	2
114	24	123
114	24	124
114	24	125
114	24	126
114	24	127
114	25	0
114	25	1
114	25	123
114	25	124
114	25	125
114	25	126
114	25	127
114	26	126
114	121	120
114	121	121
114	121	122
114	121	123
114	121	124
114	121	125
114	122	118
114	122	119
114	122	120
114	122	121
114	122	122
114	122	123
114	122	124
114	122	125
114	122	126
114	123	117
114	123	118
114	123	119
114	123	120
114	123	121
114	123	122
114	123	123
114	123	124
114	123	125
114	123	126
114	123	127
114	124	0
114	124	1
114	124	116
114	124	117
114	124	118
114	124	119
114	124	120
114	124	121
114	124	122
114	124	123
114	124	124
114	124	125
114	124	126
114	124	127
114	125	0
114	125	1
114	125	2
114	125	115
114	125	116
114	125	117
114	125	118
114	125	119
114	125	120
114	125	121
114	125	122
114	125	123
114	125	124
114	125	125
114	125	126
114	125	127
114	126	0
114	126	1
114	126	2
114	126	3
114	126	114
114	126	115
114	126	116
114	126	117
114	126	118
114	126	119
114	126	120
114	126	121
114	126	122
114	126	123
114	126	124
114	126	125
114	126	126
114	126	127
114	127	0
114	127	1
114	127	2
114	127	3
114	127	114
114	127	115
114	127	116
114	127	117
114	127	118
114	127	119
114	127	120
114	127	121
114	127	122
114	127	123
114	127	124
114	127	125
114	127	126
114	127	127
115	0	0
115	0	1
115	0	2
115	0	3
115	0	113
115	0	114
115	0	115
115	0	116
115	0	117
115	0	118
115	0	119
115	0	120
115	0	121
115	0	122
115	0	123
115	0	124
115	0	125
115	0	126
115	0	127
115	1	0
115	1	1
115	1	2
115	1	3
115	1	114
115	1	115
115	1	116
115	1	117
115	1	118
115	1	119
115	1	120
115	1	121
115	1	122
115	1	123
115	1	124
115	1	125
115	1	126
115	1	127
115	2	0
115	2	1
115	2	2
115	2	3
115	2	115
115	2	116
115	2	117
115	2	118
115	2	119
115	2	120
115	2	121
115	2	122
115	2	123
115	2	124
115	2	125
115	2	126
115	2	127
115	3	0
115	3	1
115	3	2
115	3	3
115	3	116
115	3	117
115	3	118
115	3	119
115	3	120
115	3	121
115	3	122
115	3	123
115	3	124
115	3	125
115	3	126
115	3	127
115	4	0
115	4	1
115	4	2
115	4	3
115	4	117
115	4	118
115	4	119
115	4	120
115	4	121
115	4	122
115	4	123
115	4	124
115	4	125
115	4	126
115	4	127
115	5	0
115	5	1
115	5	2
115	5	118
115	5	119
115	5	120
115	5	121
115	5	122
115	5	123
115	5	124
115	5	125
115	5	126
115	5	127
115	6	0
115	6	1
115	6	118
115	6	119
115	6	120
115	6	121
115	6	122
115	6	123
115	6	124
115	6	125
115	6	126
115	6	127
115	7	0
115	7	120
115	7	121
115	7	122
115	7	123
115	7	124
115	7	125
115	7	126
115	7	127
115	8	121
115	8	122
115	8	123
115	8	124
115	8	125
115	8	126
115	16	125
115	17	124
115	17	125
115	17	126
115	18	0
115	18	123
115	18	124
115	18	125
115	18	126
115	18	127
115	19	0
115	19	1
115	19	2
115	19	122
115	19	123
115	19	124
115	19	125
115	19	126
115	19	127
115	20	0
115	20	1
115	20	2
115	20	3
115	20	122
115	20	123
115	20	124
115	20	125
115	20	126
115	20	127
115	21	0
115	21	1
115	21	2
115	21	3
115	21	4
115	21	123
115	21	124
115	21	125
115	21	126
115	21	127
115	22	0
115	22	1
115	22	2
115	22	3
115	22	4
115	22	121
115	22	124
115	22	125
115	22	126
115	22	127
115	23	0
115	23	1
115	23	2
115	23	121
115	23	124
115	23	125
115	23	126
115	23	127
115	24	0
115	24	1
115	24	121
115	24	124
115	24	125
115	24	126
115	24	127
115	25	125
115	25	126
115	25	127
115	121	122
115	121	123
115	121	124
115	122	119
115	122	120
115	122	121
115	122	122
115	122	123
115	122	124
115	122	125
115	122	126
115	123	117
115	123	118
115	123	119
115	123	120
115	123	121
115	123	122
115	123	123
115	123	124
115	123	125
115	123	126
115	123	127
115	124	0
115	124	1
115	124	116
115	124	117
115	124	118
115	124	119
115	124	120
115	124	121
115	124	122
115	124	123
115	124	124
115	124	125
115	124	126
115	124	127
115	125	0
115	125	1
115	125	2
115	125	115
115	125	116
115	125	117
115	125	118
115	125	119
115	125	120
115	125	121
115	125	122
115	125	123
115	125	124
115	125	125
115	125	126
115	125	127
115	126	0
115	126	1
115	126	2
115	126	3
115	126	115
115	126	116
115	126	117
115	126	118
115	126	119
115	126	120
115	126	121
115	126	122
115	126	123
115	126	124
115	126	125
115	126	126
115	126	127
115	127	0
115	127	1
115	127	2
115	127	3
115	127	114
115	127	115
115	127	116
115	127	117
115	127	118
115	127	119
115	127	120
115	127	121
115	127	122
115	127	123
115	127	124
115	127	125
115	127	126
115	127	127
116	0	0
116	0	1
116	0	2
116	0	3
116	0	113
116	0	114
116	0	115
116	0	116
116	0	117
116	0	118
116	0	119
116	0	120
116	0	121
116	0	122
116	0	123
116	0	124
116	0	125
116	0	126
116	0	127
116	1	0
116	1	1
116	1	2
116	1	3
116	1	114
116	1	115
116	1	116
116	1	117
116	1	118
116	1	119
116	1	120
116	1	121
116	1	122
116	1	123
116	1	124
116	1	125
116	1	126
116	1	127
116	2	0
116	2	1
116	2	2
116	2	3
116	2	115
116	2	116
116	2	117
116	2	118
116	2	119
116	2	120
116	2	121
116	2	122
116	2	123
116	2	124
116	2	125
116	2	126
116	2	127
116	3	0
116	3	1
116	3	2
116	3	3
116	3	116
116	3	117
116	3	118
116	3	119
116	3	120
116	3	121
116	3	122
116	3	123
116	3	124
116	3	125
116	3	126
116	3	127
116	4	0
116	4	1
116	4	2
116	4	3
116	4	117
116	4	118
116	4	119
116	4	120
116	4	121
116	4	122
116	4	123
116	4	124
116	4	125
116	4	126
116	4	127
116	5	0
116	5	1
116	5	2
116	5	3
116	5	118
116	5	119
116	5	120
116	5	121
116	5	122
116	5	123
116	5	124
116	5	125
116	5	126
116	5	127
116	6	0
116	6	1
116	6	2
116	6	119
116	6	120
116	6	121
116	6	122
116	6	123
116	6	124
116	6	125
116	6	126
116	6	127
116	7	0
116	7	120
116	7	121
116	7	122
116	7	123
116	7	124
116	7	125
116	7	126
116	7	127
116	8	0
116	8	123
116	8	124
116	8	125
116	8	126
116	8	127
116	16	125
116	17	124
116	17	125
116	17	126
116	18	0
116	18	123
116	18	124
116	18	125
116	18	126
116	18	127
116	19	0
116	19	1
116	19	2
116	19	123
116	19	124
116	19	125
116	19	126
116	19	127
116	20	0
116	20	1
116	20	2
116	20	3
116	20	122
116	20	123
116	20	124
116	20	125
116	20	126
116	20	127
116	21	0
116	21	1
116	21	2
116	21	3
116	21	4
116	21	123
116	21	124
116	21	125
116	21	126
116	21	127
116	22	0
116	22	1
116	22	2
116	22	3
116	22	4
116	22	124
116	22	125
116	22	126
116	22	127
116	23	0
116	23	1
116	23	2
116	23	125
116	23	126
116	23	127
116	24	0
116	24	1
116	24	126
116	24	127
116	122	119
116	122	120
116	122	121
116	122	122
116	122	123
116	122	124
116	122	125
116	122	126
116	123	117
116	123	118
116	123	119
116	123	120
116	123	121
116	123	122
116	123	123
116	123	124
116	123	125
116	123	126
116	123	127
116	124	1
116	124	116
116	124	117
116	124	118
116	124	119
116	124	120
116	124	121
116	124	122
116	124	123
116	124	124
116	124	125
116	124	126
116	124	127
116	125	0
116	125	1
116	125	2
116	125	116
116	125	117
116	125	118
116	125	119
116	125	120
116	125	121
116	125	122
116	125	123
116	125	124
116	125	125
116	125	126
116	125	127
116	126	0
116	126	1
116	126	2
116	126	115
116	126	116
116	126	117
116	126	118
116	126	119
116	126	120
116	126	121
116	126	122
116	126	123
116	126	124
116	126	125
116	126	126
116	126	127
116	127	0
116	127	1
116	127	2
116	127	3
116	127	114
116	127	115
116	127	116
116	127	117
116	127	118
116	127	119
116	127	120
116	127	121
116	127	122
116	127	123
116	127	124
116	127	125
116	127	126
116	127	127
117	0	0
117	0	1
117	0	2
117	0	3
117	0	114
117	0	115
117	0	116
117	0	117
117	0	118
117	0	119
117	0	120
117	0	121
117	0	122
117	0	123
117	0	124
117	0	125
117	0	126
117	0	127
117	1	0
117	1	1
117	1	2
117	1	3
117	1	114
117	1	115
117	1	116
117	1	117
117	1	118
117	1	119
117	1	120
117	1	121
117	1	122
117	1	123
117	1	124
117	1	125
117	1	126
117	1	127
117	2	0
117	2	1
117	2	2
117	2	3
117	2	115
117	2	116
117	2	117
117	2	118
117	2	119
117	2	120
117	2	121
117	2	122
117	2	123
117	2	124
117	2	125
117	2	126
117	2	127
117	3	0
117	3	1
117	3	2
117	3	3
117	3	116
117	3	117
117	3	118
117	3	119
117	3	120
117	3	121
117	3	122
117	3	123
117	3	124
117	3	125
117	3	126
117	3	127
117	4	0
117	4	1
117	4	2
117	4	3
117	4	117
117	4	118
117	4	119
117	4	120
117	4	121
117	4	122
117	4	123
117	4	124
117	4	125
117	4	126
117	4	127
117	5	0
117	5	1
117	5	2
117	5	3
117	5	119
117	5	120
117	5	121
117	5	122
117	5	123
117	5	124
117	5	125
117	5	126
117	5	127
117	6	0
117	6	1
117	6	2
117	6	3
117	6	120
117	6	121
117	6	122
117	6	123
117	6	124
117	6	125
117	6	126
117	6	127
117	7	0
117	7	1
117	7	2
117	7	122
117	7	123
117	7	124
117	7	125
117	7	126
117	7	127
117	8	0
117	8	124
117	8	125
117	8	126
117	8	127
117	17	0
117	17	1
117	17	125
117	17	126
117	17	127
117	18	0
117	18	1
117	18	124
117	18	125
117	18	126
117	18	127
117	19	0
117	19	1
117	19	2
117	19	123
117	19	124
117	19	125
117	19	126
117	19	127
117	20	0
117	20	1
117	20	2
117	20	3
117	20	122
117	20	123
117	20	124
117	20	125
117	20	126
117	20	127
117	21	0
117	21	1
117	21	2
117	21	3
117	21	4
117	21	123
117	21	124
117	21	125
117	21	126
117	21	127
117	22	0
117	22	1
117	22	2
117	22	3
117	22	4
117	22	124
117	22	125
117	22	126
117	22	127
117	23	0
117	23	1
117	23	2
117	23	125
117	23	126
117	23	127
117	24	0
117	24	1
117	24	126
117	24	127
117	122	120
117	122	121
117	122	122
117	122	123
117	122	124
117	122	125
117	122	126
117	123	118
117	123	119
117	123	120
117	123	121
117	123	122
117	123	123
117	123	124
117	123	125
117	123	126
117	123	127
117	124	117
117	124	118
117	124	119
117	124	120
117	124	121
117	124	122
117	124	123
117	124	124
117	124	125
117	124	126
117	124	127
117	125	0
117	125	1
117	125	117
117	125	118
117	125	119
117	125	120
117	125	121
117	125	122
117	125	123
117	125	124
117	125	125
117	125	126
117	125	127
117	126	0
117	126	1
117	126	2
117	126	116
117	126	117
117	126	118
117	126	119
117	126	120
117	126	121
117	126	122
117	126	123
117	126	124
117	126	125
117	126	126
117	126	127
117	127	0
117	127	1
117	127	2
117	127	115
117	127	116
117	127	117
117	127	118
117	127	119
117	127	120
117	127	121
117	127	122
117	127	123
117	127	124
117	127	125
117	127	126
117	127	127
118	0	0
118	0	1
118	0	2
118	0	115
118	0	116
118	0	117
118	0	118
118	0	119
118	0	120
118	0	121
118	0	122
118	0	123
118	0	124
118	0	125
118	0	126
118	0	127
118	1	0
118	1	1
118	1	2
118	1	3
118	1	114
118	1	115
118	1	116
118	1	117
118	1	118
118	1	119
118	1	120
118	1	121
118	1	122
118	1	123
118	1	124
118	1	125
118	1	126
118	1	127
118	2	0
118	2	1
118	2	2
118	2	3
118	2	115
118	2	116
118	2	117
118	2	118
118	2	119
118	2	120
118	2	121
118	2	122
118	2	123
118	2	124
118	2	125
118	2	126
118	2	127
118	3	0
118	3	1
118	3	2
118	3	3
118	3	116
118	3	117
118	3	118
118	3	119
118	3	120
118	3	121
118	3	122
118	3	123
118	3	124
118	3	125
118	3	126
118	3	127
118	4	0
118	4	1
118	4	2
118	4	3
118	4	118
118	4	119
118	4	120
118	4	121
118	4	122
118	4	123
118	4	124
118	4	125
118	4	126
118	4	127
118	5	0
118	5	1
118	5	2
118	5	3
118	5	119
118	5	120
118	5	121
118	5	122
118	5	123
118	5	124
118	5	125
118	5	126
118	5	127
118	6	0
118	6	1
118	6	2
118	6	3
118	6	121
118	6	122
118	6	123
118	6	124
118	6	125
118	6	126
118	6	127
118	7	0
118	7	1
118	7	2
118	7	3
118	7	124
118	7	125
118	7	126
118	7	127
118	8	0
118	8	1
118	8	125
118	8	126
118	8	127
118	9	0
118	16	0
118	16	1
118	16	2
118	16	126
118	16	127
118	17	0
118	17	1
118	17	2
118	17	125
118	17	126
118	17	127
118	18	0
118	18	1
118	18	2
118	18	124
118	18	125
118	18	126
118	18	127
118	19	0
118	19	1
118	19	2
118	19	123
118	19	124
118	19	125
118	19	126
118	19	127
118	20	0
118	20	1
118	20	2
118	20	3
118	20	122
118	20	123
118	20	124
118	20	125
118	20	126
118	20	127
118	21	0
118	21	1
118	21	2
118	21	3
118	21	4
118	21	123
118	21	124
118	21	125
118	21	126
118	21	127
118	22	0
118	22	1
118	22	2
118	22	3
118	22	4
118	22	124
118	22	125
118	22	126
118	22	127
118	23	0
118	23	1
118	23	2
118	23	125
118	23	126
118	23	127
118	24	1
118	122	121
118	122	122
118	122	123
118	122	124
118	122	125
118	123	119
118	123	120
118	123	121
118	123	122
118	123	123
118	123	124
118	123	125
118	123	126
118	123	127
118	124	118
118	124	119
118	124	120
118	124	121
118	124	122
118	124	123
118	124	124
118	124	125
118	124	126
118	124	127
118	125	0
118	125	1
118	125	117
118	125	118
118	125	119
118	125	120
118	125	121
118	125	122
118	125	123
118	125	124
118	125	125
118	125	126
118	125	127
118	126	0
118	126	1
118	126	2
118	126	117
118	126	118
118	126	119
118	126	120
118	126	121
118	126	122
118	126	123
118	126	124
118	126	125
118	126	126
118	126	127
118	127	0
118	127	1
118	127	2
118	127	116
118	127	117
118	127	118
118	127	119
118	127	120
118	127	121
118	127	122
118	127	123
118	127	124
118	127	125
118	127	126
118	127	127
119	0	0
119	0	1
119	0	2
119	0	116
119	0	117
119	0	118
119	0	119
119	0	120
119	0	121
119	0	122
119	0	123
119	0	124
119	0	125
119	0	126
119	0	127
119	1	0
119	1	1
119	1	2
119	1	3
119	1	114
119	1	115
119	1	116
119	1	117
119	1	118
119	1	119
119	1	120
119	1	121
119	1	122
119	1	123
119	1	124
119	1	125
119	1	126
119	1	127
119	2	0
119	2	1
119	2	2
119	2	3
119	2	115
119	2	116
119	2	117
119	2	118
119	2	119
119	2	120
119	2	121
119	2	122
119	2	123
119	2	124
119	2	125
119	2	126
119	2	127
119	3	0
119	3	1
119	3	2
119	3	3
119	3	117
119	3	118
119	3	119
119	3	120
119	3	121
119	3	122
119	3	123
119	3	124
119	3	125
119	3	126
119	3	127
119	4	0
119	4	1
119	4	2
119	4	3
119	4	119
119	4	120
119	4	121
119	4	122
119	4	123
119	4	124
119	4	125
119	4	126
119	4	127
119	5	0
119	5	1
119	5	2
119	5	3
119	5	121
119	5	122
119	5	123
119	5	124
119	5	125
119	5	126
119	5	127
119	6	0
119	6	1
119	6	2
119	6	3
119	6	123
119	6	124
119	6	125
119	6	126
119	6	127
119	7	0
119	7	1
119	7	2
119	7	3
119	7	125
119	7	126
119	7	127
119	8	0
119	8	1
119	8	2
119	8	126
119	8	127
119	9	0
119	15	0
119	15	1
119	15	2
119	15	3
119	15	127
119	16	0
119	16	1
119	16	2
119	16	3
119	16	126
119	16	127
119	17	0
119	17	1
119	17	2
119	17	3
119	17	125
119	17	126
119	17	127
119	18	0
119	18	1
119	18	2
119	18	3
119	18	123
119	18	124
119	18	125
119	18	126
119	18	127
119	19	0
119	19	1
119	19	2
119	19	3
119	19	123
119	19	124
119	19	125
119	19	126
119	19	127
119	20	0
119	20	1
119	20	2
119	20	3
119	20	122
119	20	123
119	20	124
119	20	125
119	20	126
119	20	127
119	21	0
119	21	1
119	21	2
119	21	3
119	21	4
119	21	123
119	21	124
119	21	125
119	21	126
119	21	127
119	22	0
119	22	1
119	22	2
119	22	3
119	22	4
119	22	124
119	22	125
119	22	126
119	22	127
119	23	2
119	122	121
119	122	122
119	122	123
119	122	124
119	122	125
119	123	119
119	123	120
119	123	121
119	123	122
119	123	123
119	123	124
119	123	125
119	123	126
119	123	127
119	124	118
119	124	119
119	124	120
119	124	121
119	124	122
119	124	123
119	124	124
119	124	125
119	124	126
119	124	127
119	125	0
119	125	1
119	125	118
119	125	119
119	125	120
119	125	121
119	125	122
119	125	123
119	125	124
119	125	125
119	125	126
119	125	127
119	126	0
119	126	1
119	126	117
119	126	118
119	126	119
119	126	120
119	126	121
119	126	122
119	126	123
119	126	124
119	126	125
119	126	126
119	126	127
119	127	0
119	127	1
119	127	2
119	127	117
119	127	118
119	127	119
119	127	120
119	127	121
119	127	122
119	127	123
119	127	124
119	127	125
119	127	126
119	127	127
120	0	0
120	0	1
120	0	2
120	0	117
120	0	118
120	0	119
120	0	120
120	0	121
120	0	122
120	0	123
120	0	124
120	0	125
120	0	126
120	0	127
120	1	0
120	1	1
120	1	2
120	1	114
120	1	115
120	1	116
120	1	117
120	1	118
120	1	119
120	1	120
120	1	121
120	1	122
120	1	123
120	1	124
120	1	125
120	1	126
120	1	127
120	2	0
120	2	1
120	2	2
120	2	3
120	2	116
120	2	117
120	2	118
120	2	119
120	2	120
120	2	121
120	2	122
120	2	123
120	2	124
120	2	125
120	2	126
120	2	127
120	3	0
120	3	1
120	3	2
120	3	3
120	3	118
120	3	119
120	3	120
120	3	121
120	3	122
120	3	123
120	3	124
120	3	125
120	3	126
120	3	127
120	4	0
120	4	1
120	4	2
120	4	3
120	4	120
120	4	121
120	4	122
120	4	123
120	4	124
120	4	125
120	4	126
120	4	127
120	5	0
120	5	1
120	5	2
120	5	3
120	5	122
120	5	123
120	5	124
120	5	125
120	5	126
120	5	127
120	6	0
120	6	1
120	6	2
120	6	3
120	6	124
120	6	125
120	6	126
120	6	127
120	7	0
120	7	1
120	7	2
120	7	3
120	7	125
120	7	126
120	7	127
120	8	0
120	8	1
120	8	2
120	8	126
120	8	127
120	9	0
120	9	1
120	14	0
120	14	1
120	14	2
120	14	3
120	14	4
120	14	127
120	15	0
120	15	1
120	15	2
120	15	3
120	15	4
120	15	126
120	15	127
120	16	0
120	16	1
120	16	2
120	16	3
120	16	4
120	16	125
120	16	126
120	16	127
120	17	0
120	17	1
120	17	2
120	17	3
120	17	4
120	17	124
120	17	125
120	17	126
120	17	127
120	18	0
120	18	1
120	18	2
120	18	3
120	18	4
120	18	123
120	18	124
120	18	125
120	18	126
120	18	127
120	19	0
120	19	1
120	19	2
120	19	3
120	19	4
120	19	122
120	19	123
120	19	124
120	19	125
120	19	126
120	19	127
120	20	0
120	20	1
120	20	2
120	20	3
120	20	4
120	20	122
120	20	123
120	20	124
120	20	125
120	20	126
120	20	127
120	21	0
120	21	1
120	21	2
120	21	3
120	21	4
120	21	123
120	21	124
120	21	125
120	21	126
120	21	127
120	22	3
120	122	121
120	122	122
120	122	123
120	122	124
120	123	119
120	123	120
120	123	121
120	123	122
120	123	123
120	123	124
120	123	125
120	123	126
120	124	118
120	124	119
120	124	120
120	124	121
120	124	122
120	124	123
120	124	124
120	124	125
120	124	126
120	124	127
120	125	0
120	125	118
120	125	119
120	125	120
120	125	121
120	125	122
120	125	123
120	125	124
120	125	125
120	125	126
120	125	127
120	126	0
120	126	1
120	126	118
120	126	119
120	126	120
120	126	121
120	126	122
120	126	123
120	126	124
120	126	125
120	126	126
120	126	127
120	127	0
120	127	1
120	127	2
120	127	118
120	127	119
120	127	120
120	127	121
120	127	122
120	127	123
120	127	124
120	127	125
120	127	126
120	127	127
121	0	0
121	0	1
121	0	2
121	0	118
121	0	119
121	0	120
121	0	121
121	0	122
121	0	123
121	0	124
121	0	125
121	0	126
121	0	127
121	1	0
121	1	1
121	1	2
121	1	117
121	1	118
121	1	119
121	1	120
121	1	121
121	1	122
121	1	123
121	1	124
121	1	125
121	1	126
121	1	127
121	2	0
121	2	1
121	2	2
121	2	117
121	2	118
121	2	119
121	2	120
121	2	121
121	2	122
121	2	123
121	2	124
121	2	125
121	2	126
121	2	127
121	3	0
121	3	1
121	3	2
121	3	3
121	3	119
121	3	120
121	3	121
121	3	122
121	3	123
121	3	124
121	3	125
121	3	126
121	3	127
121	4	0
121	4	1
121	4	2
121	4	3
121	4	120
121	4	121
121	4	122
121	4	123
121	4	124
121	4	125
121	4	126
121	4	127
121	5	0
121	5	1
121	5	2
121	5	3
121	5	123
121	5	124
121	5	125
121	5	126
121	5	127
121	6	0
121	6	1
121	6	2
121	6	3
121	6	124
121	6	125
121	6	126
121	6	127
121	7	0
121	7	1
121	7	2
121	7	3
121	7	125
121	7	126
121	7	127
121	8	0
121	8	1
121	8	2
121	8	3
121	8	126
121	8	127
121	9	0
121	9	1
121	9	2
121	9	127
121	10	0
121	10	1
121	11	0
121	13	0
121	13	1
121	13	2
121	13	3
121	13	4
121	13	5
121	14	0
121	14	1
121	14	2
121	14	3
121	14	4
121	14	5
121	14	127
121	15	0
121	15	1
121	15	2
121	15	3
121	15	4
121	15	5
121	15	126
121	15	127
121	16	0
121	16	1
121	16	2
121	16	3
121	16	4
121	16	5
121	16	125
121	16	126
121	16	127
121	17	0
121	17	1
121	17	2
121	17	3
121	17	4
121	17	5
121	17	124
121	17	125
121	17	126
121	17	127
121	18	0
121	18	1
121	18	2
121	18	3
121	18	4
121	18	5
121	18	123
121	18	124
121	18	125
121	18	126
121	18	127
121	19	0
121	19	1
121	19	2
121	19	3
121	19	4
121	19	5
121	19	123
121	19	124
121	19	125
121	19	126
121	19	127
121	20	0
121	20	1
121	20	2
121	20	3
121	20	4
121	20	5
121	20	122
121	20	123
121	20	124
121	20	125
121	20	126
121	20	127
121	21	4
121	21	5
121	122	122
121	123	119
121	123	120
121	123	121
121	123	122
121	123	123
121	123	124
121	123	125
121	123	126
121	124	119
121	124	120
121	124	121
121	124	122
121	124	123
121	124	124
121	124	125
121	124	126
121	124	127
121	125	119
121	125	120
121	125	121
121	125	122
121	125	123
121	125	124
121	125	125
121	125	126
121	125	127
121	126	0
121	126	1
121	126	119
121	126	120
121	126	121
121	126	122
121	126	123
121	126	124
121	126	125
121	126	126
121	126	127
121	127	0
121	127	1
121	127	119
121	127	120
121	127	121
121	127	122
121	127	123
121	127	124
121	127	125
121	127	126
121	127	127
122	0	0
122	0	1
122	0	2
122	0	120
122	0	121
122	0	122
122	0	123
122	0	124
122	0	125
122	0	126
122	0	127
122	1	0
122	1	1
122	1	2
122	1	119
122	1	120
122	1	121
122	1	122
122	1	123
122	1	124
122	1	125
122	1	126
122	1	127
122	2	0
122	2	1
122	2	2
122	2	118
122	2	119
122	2	120
122	2	121
122	2	122
122	2	123
122	2	124
122	2	125
122	2	126
122	2	127
122	3	0
122	3	1
122	3	2
122	3	3
122	3	119
122	3	120
122	3	121
122	3	122
122	3	123
122	3	124
122	3	125
122	3	126
122	3	127
122	4	0
122	4	1
122	4	2
122	4	3
122	4	123
122	4	124
122	4	125
122	4	126
122	4	127
122	5	0
122	5	1
122	5	2
122	5	3
122	5	123
122	5	124
122	5	125
122	5	126
122	5	127
122	6	0
122	6	1
122	6	2
122	6	3
122	6	124
122	6	125
122	6	126
122	6	127
122	7	0
122	7	1
122	7	2
122	7	3
122	7	125
122	7	126
122	7	127
122	8	0
122	8	1
122	8	2
122	8	3
122	8	4
122	8	126
122	8	127
122	9	0
122	9	1
122	9	2
122	9	3
122	9	127
122	10	0
122	10	1
122	11	0
122	11	1
122	11	127
122	12	0
122	12	1
122	12	2
122	12	3
122	12	4
122	12	5
122	12	6
122	12	127
122	13	0
122	13	1
122	13	2
122	13	3
122	13	4
122	13	5
122	13	6
122	13	127
122	14	0
122	14	1
122	14	2
122	14	3
122	14	4
122	14	5
122	14	6
122	14	126
122	14	127
122	15	0
122	15	1
122	15	2
122	15	3
122	15	4
122	15	5
122	15	6
122	15	125
122	15	126
122	15	127
122	16	0
122	16	1
122	16	2
122	16	3
122	16	4
122	16	5
122	16	6
122	16	124
122	16	125
122	16	126
122	16	127
122	17	0
122	17	1
122	17	2
122	17	3
122	17	4
122	17	5
122	17	6
122	17	123
122	17	124
122	17	125
122	17	126
122	17	127
122	18	0
122	18	1
122	18	2
122	18	3
122	18	4
122	18	5
122	18	6
122	18	123
122	18	124
122	18	125
122	18	126
122	18	127
122	19	0
122	19	1
122	19	2
122	19	3
122	19	4
122	19	5
122	19	6
122	19	123
122	19	124
122	19	125
122	19	126
122	19	127
122	20	5
122	20	6
122	21	6
122	123	119
122	123	120
122	123	121
122	123	122
122	123	123
122	123	124
122	123	125
122	123	126
122	124	119
122	124	120
122	124	121
122	124	122
122	124	123
122	124	124
122	124	125
122	124	126
122	124	127
122	125	119
122	125	120
122	125	121
122	125	122
122	125	123
122	125	124
122	125	125
122	125	126
122	125	127
122	126	0
122	126	1
122	126	120
122	126	121
122	126	122
122	126	123
122	126	124
122	126	125
122	126	126
122	126	127
122	127	0
122	127	1
122	127	120
122	127	121
122	127	122
122	127	123
122	127	124
122	127	125
122	127	126
122	127	127
123	0	0
123	0	1
123	0	121
123	0	122
123	0	123
123	0	124
123	0	125
123	0	126
123	0	127
123	1	0
123	1	1
123	1	2
123	1	120
123	1	121
123	1	122
123	1	123
123	1	124
123	1	125
123	1	126
123	1	127
123	2	0
123	2	1
123	2	2
123	2	119
123	2	120
123	2	121
123	2	122
123	2	123
123	2	124
123	2	125
123	2	126
123	2	127
123	3	0
123	3	1
123	3	2
123	3	124
123	3	125
123	3	126
123	3	127
123	4	0
123	4	1
123	4	2
123	4	3
123	4	124
123	4	125
123	4	126
123	4	127
123	5	0
123	5	1
123	5	2
123	5	3
123	5	124
123	5	125
123	5	126
123	5	127
123	6	0
123	6	1
123	6	2
123	6	3
123	6	124
123	6	125
123	6	126
123	6	127
123	7	0
123	7	1
123	7	2
123	7	3
123	7	125
123	7	126
123	7	127
123	8	0
123	8	1
123	8	2
123	8	3
123	8	126
123	8	127
123	9	0
123	9	1
123	9	2
123	9	3
123	9	4
123	9	127
123	10	0
123	10	1
123	10	2
123	11	2
123	11	3
123	11	4
123	11	5
123	11	6
123	12	0
123	12	1
123	12	2
123	12	3
123	12	4
123	12	5
123	12	6
123	12	7
123	13	0
123	13	1
123	13	2
123	13	3
123	13	4
123	13	5
123	13	6
123	13	7
123	13	126
123	13	127
123	14	0
123	14	1
123	14	2
123	14	3
123	14	4
123	14	5
123	14	6
123	14	7
123	14	126
123	14	127
123	15	0
123	15	1
123	15	2
123	15	3
123	15	4
123	15	5
123	15	6
123	15	7
123	15	125
123	15	126
123	15	127
123	16	0
123	16	1
123	16	2
123	16	3
123	16	4
123	16	5
123	16	6
123	16	7
123	16	125
123	16	126
123	16	127
123	17	0
123	17	1
123	17	2
123	17	3
123	17	4
123	17	5
123	17	6
123	17	7
123	17	124
123	17	125
123	17	126
123	17	127
123	18	0
123	18	1
123	18	2
123	18	3
123	18	4
123	18	5
123	18	6
123	18	7
123	18	123
123	18	124
123	18	125
123	18	126
123	18	127
123	19	6
123	19	7
123	20	7
123	123	119
123	123	120
123	123	121
123	123	122
123	123	123
123	123	124
123	123	125
123	124	119
123	124	120
123	124	121
123	124	122
123	124	123
123	124	124
123	124	125
123	124	126
123	124	127
123	125	120
123	125	121
123	125	122
123	125	123
123	125	124
123	125	125
123	125	126
123	125	127
123	126	120
123	126	121
123	126	122
123	126	123
123	126	124
123	126	125
123	126	126
123	126	127
123	127	0
123	127	1
123	127	121
123	127	122
123	127	123
123	127	124
123	127	125
123	127	126
123	127	127
124	0	0
124	0	1
124	0	121
124	0	122
124	0	123
124	0	124
124	0	125
124	0	126
124	0	127
124	1	0
124	1	1
124	1	121
124	1	122
124	1	123
124	1	124
124	1	125
124	1	126
124	1	127
124	2	0
124	2	1
124	2	2
124	2	125
124	2	126
124	2	127
124	3	0
124	3	1
124	3	2
124	3	125
124	3	126
124	3	127
124	4	0
124	4	1
124	4	2
124	4	3
124	4	125
124	4	126
124	4	127
124	5	0
124	5	1
124	5	2
124	5	3
124	5	125
124	5	126
124	5	127
124	6	0
124	6	1
124	6	2
124	6	3
124	6	125
124	6	126
124	6	127
124	7	0
124	7	1
124	7	2
124	7	3
124	7	125
124	7	126
124	7	127
124	8	0
124	8	1
124	8	2
124	8	3
124	8	126
124	8	127
124	9	0
124	9	1
124	9	2
124	9	3
124	9	127
124	10	1
124	10	2
124	10	3
124	10	4
124	11	3
124	11	4
124	11	5
124	12	0
124	12	1
124	12	2
124	12	3
124	12	4
124	12	5
124	12	6
124	13	0
124	13	1
124	13	2
124	13	3
124	13	4
124	13	5
124	13	6
124	13	7
124	14	0
124	14	1
124	14	2
124	14	3
124	14	4
124	14	5
124	14	6
124	14	7
124	14	8
124	14	126
124	14	127
124	15	0
124	15	1
124	15	2
124	15	3
124	15	4
124	15	5
124	15	6
124	15	7
124	15	8
124	15	126
124	15	127
124	16	0
124	16	1
124	16	2
124	16	3
124	16	4
124	16	5
124	16	6
124	16	7
124	16	8
124	16	125
124	16	126
124	16	127
124	17	0
124	17	1
124	17	2
124	17	3
124	17	4
124	17	5
124	17	6
124	17	7
124	17	8
124	17	124
124	17	125
124	17	126
124	17	127
124	18	7
124	18	8
124	19	8
124	123	120
124	123	121
124	123	122
124	123	123
124	124	120
124	124	121
124	124	122
124	124	123
124	124	124
124	124	125
124	124	126
124	125	120
124	125	121
124	125	122
124	125	123
124	125	124
124	125	125
124	125	126
124	125	127
124	126	121
124	126	122
124	126	123
124	126	124
124	126	125
124	126	126
124	126	127
124	127	0
124	127	121
124	127	122
124	127	123
124	127	124
124	127	125
124	127	126
124	127	127
125	0	0
125	0	122
125	0	123
125	0	124
125	0	125
125	0	126
125	0	127
125	1	0
125	1	124
125	1	125
125	1	126
125	1	127
125	2	0
125	2	1
125	2	126
125	2	127
125	3	0
125	3	1
125	3	2
125	3	126
125	3	127
125	4	0
125	4	1
125	4	2
125	4	126
125	4	127
125	5	0
125	5	1
125	5	2
125	5	3
125	5	126
125	5	127
125	6	0
125	6	1
125	6	2
125	6	3
125	6	126
125	6	127
125	7	0
125	7	1
125	7	2
125	7	3
125	7	126
125	7	127
125	8	0
125	8	1
125	8	2
125	8	3
125	8	126
125	8	127
125	9	0
125	9	1
125	9	2
125	9	3
125	10	1
125	10	2
125	10	3
125	11	2
125	11	3
125	11	4
125	12	2
125	12	3
125	12	4
125	12	5
125	13	0
125	13	1
125	13	2
125	13	3
125	13	4
125	13	5
125	13	6
125	14	0
125	14	1
125	14	2
125	14	3
125	14	4
125	14	5
125	14	6
125	14	7
125	15	0
125	15	1
125	15	2
125	15	3
125	15	4
125	15	5
125	15	6
125	15	7
125	15	8
125	15	126
125	15	127
125	16	0
125	16	1
125	16	2
125	16	3
125	16	4
125	16	5
125	16	6
125	16	7
125	16	8
125	16	125
125	16	126
125	16	127
125	17	8
125	17	9
125	18	9
125	124	120
125	124	121
125	124	122
125	124	123
125	124	124
125	124	125
125	125	121
125	125	122
125	125	123
125	125	124
125	125	125
125	125	126
125	126	121
125	126	122
125	126	123
125	126	124
125	126	125
125	126	126
125	126	127
125	127	122
125	127	123
125	127	124
125	127	125
125	127	126
125	127	127
126	0	123
126	0	124
126	0	125
126	0	126
126	0	127
126	1	124
126	1	125
126	1	126
126	1	127
126	2	127
126	3	0
126	3	1
126	3	127
126	4	0
126	4	1
126	4	2
126	4	127
126	5	0
126	5	1
126	5	2
126	5	3
126	5	127
126	6	0
126	6	1
126	6	2
126	6	3
126	6	127
126	7	0
126	7	1
126	7	2
126	7	3
126	7	127
126	8	0
126	8	1
126	8	2
126	8	3
126	8	127
126	9	0
126	9	1
126	9	2
126	9	3
126	10	1
126	10	2
126	10	3
126	11	2
126	11	3
126	12	2
126	12	3
126	12	4
126	13	0
126	13	1
126	13	2
126	13	3
126	13	4
126	13	5
126	13	6
126	14	0
126	14	1
126	14	2
126	14	3
126	14	4
126	14	5
126	14	6
126	15	0
126	15	1
126	15	2
126	15	3
126	15	4
126	15	5
126	15	6
126	15	7
126	15	127
126	124	121
126	124	122
126	124	123
126	125	121
126	125	122
126	125	123
126	125	124
126	125	125
126	126	121
126	126	122
126	126	123
126	126	124
126	126	125
126	126	126
126	127	122
126	127	123
126	127	124
126	127	125
126	127	126
126	127	127
127	0	123
127	0	124
127	0	125
127	0	126
127	4	1
127	5	0
127	5	1
127	5	2
127	6	0
127	6	1
127	6	2
127	6	3
127	7	0
127	7	1
127	7	2
127	7	3
127	8	0
127	8	1
127	8	2
127	8	3
127	9	0
127	9	1
127	9	2
127	9	3
127	10	1
127	10	2
127	11	2
127	11	3
127	12	2
127	12	3
127	13	1
127	13	2
127	13	3
127	13	4
127	13	5
127	14	0
127	14	1
127	14	2
127	14	3
127	14	4
127	14	5
127	14	6
127	125	122
127	125	123
127	125	124
127	126	122
127	126	123
127	126	124
127	126	125
127	126	126
127	127	122
127	127	123
127	127	124
127	127	125
127	127	126
