#i	j	k
36	50	52
36	51	53
37	50	52
37	51	51
37	51	52
37	51	53
37	52	52
37	52	53
37	52	54
38	50	51
38	50	52
38	51	51
38	51	52
38	51	53
38	52	50
38	52	51
38	52	52
38	52	53
38	52	54
38	52	55
38	53	51
38	53	52
38	53	53
38	53	54
38	53	55
38	53	56
38	53	57
39	50	50
39	50	51
39	50	52
39	51	50
39	51	51
39	51	52
39	51	53
39	52	50
39	52	51
39	52	52
39	52	53
39	52	54
39	52	55
39	53	49
39	53	50
39	53	51
39	53	52
39	53	53
39	53	54
39	53	55
39	53	56
39	53	57
39	54	50
39	54	51
39	54	52
39	54	53
39	54	54
39	54	55
39	54	56
40	50	50
40	50	51
40	50	52
40	51	49
40	51	50
40	51	51
40	51	52
40	51	53
40	52	49
40	52	50
40	52	51
40	52	52
40	52	53
40	52	54
40	52	55
40	52	56
40	53	48
40	53	49
40	53	50
40	53	51
40	53	52
40	53	53
40	53	54
40	53	55
40	53	56
40	53	57
40	53	58
40	54	50
40	54	51
40	54	52
40	54	53
40	54	54
40	54	55
40	54	56
40	55	51
40	55	52
40	55	53
40	55	54
40	55	55
41	49	50
41	49	51
41	50	49
41	50	50
41	50	51
41	51	49
41	51	50
41	51	51
41	51	52
41	51	53
41	52	47
41	52	48
41	52	49
41	52	50
41	52	51
41	52	52
41	52	53
41	52	54
41	52	55
41	52	56
41	52	57
41	52	58
41	53	47
41	53	48
41	53	49
41	53	50
41	53	51
41	53	52
41	53	53
41	53	54
41	53	55
41	53	56
41	53	57
41	53	58
41	54	49
41	54	50
41	54	51
41	54	52
41	54	53
41	54	54
41	54	55
41	54	56
41	54	57
41	55	51
41	55	52
41	55	53
41	55	54
41	55	55
41	56	51
41	56	52
41	56	53
41	56	54
41	56	55
41	57	53
41	57	54
41	57	55
42	49	50
42	49	51
42	50	49
42	50	50
42	50	51
42	50	52
42	51	48
42	51	49
42	51	50
42	51	51
42	51	52
42	51	53
42	52	46
42	52	47
42	52	48
42	52	49
42	52	50
42	52	51
42	52	52
42	52	53
42	52	54
42	52	55
42	52	56
42	52	57
42	52	58
42	53	47
42	53	48
42	53	49
42	53	50
42	53	51
42	53	52
42	53	53
42	53	54
42	53	55
42	53	56
42	53	57
42	53	58
42	53	59
42	54	48
42	54	49
42	54	50
42	54	51
42	54	52
42	54	53
42	54	54
42	54	55
42	54	56
42	54	57
42	55	50
42	55	51
42	55	52
42	55	53
42	55	54
42	55	55
42	55	56
42	56	50
42	56	51
42	56	52
42	56	53
42	56	54
42	56	55
42	56	56
42	57	51
42	57	52
42	57	53
42	57	54
42	57	55
42	57	56
42	58	54
42	58	55
42	58	56
43	48	50
43	49	49
43	49	50
43	49	51
43	50	48
43	50	49
43	50	50
43	50	51
43	50	52
43	51	46
43	51	47
43	51	48
43	51	49
43	51	50
43	51	51
43	51	52
43	51	53
43	51	54
43	52	46
43	52	47
43	52	48
43	52	49
43	52	50
43	52	51
43	52	52
43	52	53
43	52	54
43	52	55
43	52	56
43	52	57
43	53	47
43	53	48
43	53	49
43	53	50
43	53	51
43	53	52
43	53	53
43	53	54
43	53	55
43	53	56
43	53	57
43	53	58
43	53	59
43	54	48
43	54	49
43	54	50
43	54	51
43	54	52
43	54	53
43	54	54
43	54	55
43	54	56
43	54	57
43	54	58
43	55	49
43	55	50
43	55	51
43	55	52
43	55	53
43	55	54
43	55	55
43	55	56
43	55	57
43	56	50
43	56	51
43	56	52
43	56	53
43	56	54
43	56	55
43	56	56
43	56	57
43	57	50
43	57	51
43	57	52
43	57	53
43	57	54
43	57	55
43	57	56
43	57	57
43	58	51
43	58	52
43	58	53
43	58	54
43	58	55
43	58	56
43	58	57
43	59	55
43	59	56
43	59	57
44	48	49
44	48	50
44	49	49
44	49	50
44	49	51
44	49	53
44	50	47
44	50	48
44	50	49
44	50	50
44	50	51
44	50	52
44	50	53
44	51	45
44	51	46
44	51	47
44	51	48
44	51	49
44	51	50
44	51	51
44	51	52
44	51	53
44	51	54
44	52	46
44	52	47
44	52	48
44	52	49
44	52	50
44	52	51
44	52	52
44	52	53
44	52	54
44	52	55
44	52	56
44	52	57
44	53	47
44	53	48
44	53	49
44	53	50
44	53	51
44	53	52
44	53	53
44	53	54
44	53	55
44	53	56
44	53	57
44	53	58
44	53	59
44	54	48
44	54	49
44	54	50
44	54	51
44	54	52
44	54	53
44	54	54
44	54	55
44	54	56
44	54	57
44	54	58
44	55	49
44	55	50
44	55	51
44	55	52
44	55	53
44	55	54
44	55	55
44	55	56
44	55	57
44	55	58
44	56	49
44	56	50
44	56	51
44	56	52
44	56	53
44	56	54
44	56	55
44	56	56
44	56	57
44	56	58
44	57	49
44	57	50
44	57	51
44	57	52
44	57	53
44	57	54
44	57	55
44	57	56
44	57	57
44	57	58
44	58	50
44	58	51
44	58	52
44	58	53
44	58	54
44	58	55
44	58	56
44	58	57
44	58	58
44	59	52
44	59	53
44	59	54
44	59	55
44	59	56
44	59	57
44	59	58
44	60	56
44	60	57
44	60	58
45	48	49
45	48	50
45	49	48
45	49	49
45	49	50
45	49	51
45	50	45
45	50	46
45	50	47
45	50	48
45	50	49
45	50	50
45	50	51
45	50	52
45	50	53
45	51	45
45	51	46
45	51	47
45	51	48
45	51	49
45	51	50
45	51	51
45	51	52
45	51	53
45	51	54
45	51	55
45	52	46
45	52	47
45	52	48
45	52	49
45	52	50
45	52	51
45	52	52
45	52	53
45	52	54
45	52	55
45	52	56
45	52	57
45	53	47
45	53	48
45	53	49
45	53	50
45	53	51
45	53	52
45	53	53
45	53	54
45	53	55
45	53	56
45	53	57
45	53	58
45	53	59
45	54	48
45	54	49
45	54	50
45	54	51
45	54	52
45	54	53
45	54	54
45	54	55
45	54	56
45	54	57
45	54	58
45	54	59
45	55	48
45	55	49
45	55	50
45	55	51
45	55	52
45	55	53
45	55	54
45	55	55
45	55	56
45	55	57
45	55	58
45	55	59
45	56	48
45	56	49
45	56	50
45	56	51
45	56	52
45	56	53
45	56	54
45	56	55
45	56	56
45	56	57
45	56	58
45	56	59
45	57	48
45	57	49
45	57	50
45	57	51
45	57	52
45	57	53
45	57	54
45	57	55
45	57	56
45	57	57
45	57	58
45	57	59
45	58	49
45	58	50
45	58	51
45	58	52
45	58	53
45	58	54
45	58	55
45	58	56
45	58	57
45	58	58
45	58	59
45	59	51
45	59	52
45	59	53
45	59	54
45	59	55
45	59	56
45	59	57
45	59	58
45	59	59
45	60	53
45	60	54
45	60	55
45	60	56
45	60	57
45	60	58
45	60	59
45	61	57
45	61	58
45	61	59
46	48	49
46	48	50
46	49	44
46	49	45
46	49	46
46	49	47
46	49	48
46	49	49
46	49	50
46	49	51
46	49	52
46	50	44
46	50	45
46	50	46
46	50	47
46	50	48
46	50	49
46	50	50
46	50	51
46	50	52
46	50	53
46	51	45
46	51	46
46	51	47
46	51	48
46	51	49
46	51	50
46	51	51
46	51	52
46	51	53
46	51	54
46	51	55
46	52	46
46	52	47
46	52	48
46	52	49
46	52	50
46	52	51
46	52	52
46	52	53
46	52	54
46	52	55
46	52	56
46	52	57
46	53	47
46	53	48
46	53	49
46	53	50
46	53	51
46	53	52
46	53	53
46	53	54
46	53	55
46	53	56
46	53	57
46	53	58
46	53	59
46	53	60
46	54	47
46	54	48
46	54	49
46	54	50
46	54	51
46	54	52
46	54	53
46	54	54
46	54	55
46	54	56
46	54	57
46	54	58
46	54	59
46	54	60
46	55	47
46	55	48
46	55	49
46	55	50
46	55	51
46	55	52
46	55	53
46	55	54
46	55	55
46	55	56
46	55	57
46	55	58
46	55	59
46	55	60
46	56	47
46	56	48
46	56	49
46	56	50
46	56	51
46	56	52
46	56	53
46	56	54
46	56	55
46	56	56
46	56	57
46	56	58
46	56	59
46	56	60
46	57	48
46	57	49
46	57	50
46	57	51
46	57	52
46	57	53
46	57	54
46	57	55
46	57	56
46	57	57
46	57	58
46	57	59
46	57	60
46	58	48
46	58	49
46	58	50
46	58	51
46	58	52
46	58	53
46	58	54
46	58	55
46	58	56
46	58	57
46	58	58
46	58	59
46	58	60
46	59	48
46	59	49
46	59	50
46	59	51
46	59	52
46	59	53
46	59	54
46	59	55
46	59	56
46	59	57
46	59	58
46	59	59
46	59	60
46	60	52
46	60	53
46	60	54
46	60	55
46	60	56
46	60	57
46	60	58
46	60	59
46	60	60
46	61	54
46	61	55
46	61	56
46	61	57
46	61	58
46	61	59
46	62	58
47	48	43
47	48	44
47	48	45
47	48	46
47	48	47
47	48	48
47	48	49
47	48	50
47	49	43
47	49	44
47	49	45
47	49	46
47	49	47
47	49	48
47	49	49
47	49	50
47	49	51
47	49	52
47	50	44
47	50	45
47	50	46
47	50	47
47	50	48
47	50	49
47	50	50
47	50	51
47	50	52
47	50	53
47	51	45
47	51	46
47	51	47
47	51	48
47	51	49
47	51	50
47	51	51
47	51	52
47	51	53
47	51	54
47	51	55
47	52	46
47	52	47
47	52	48
47	52	49
47	52	50
47	52	51
47	52	52
47	52	53
47	52	54
47	52	55
47	52	56
47	52	57
47	53	46
47	53	47
47	53	48
47	53	49
47	53	50
47	53	51
47	53	52
47	53	53
47	53	54
47	53	55
47	53	56
47	53	57
47	53	58
47	53	59
47	54	46
47	54	47
47	54	48
47	54	49
47	54	50
47	54	51
47	54	52
47	54	53
47	54	54
47	54	55
47	54	56
47	54	57
47	54	58
47	54	59
47	54	60
47	54	61
47	55	46
47	55	47
47	55	48
47	55	49
47	55	50
47	55	51
47	55	52
47	55	53
47	55	54
47	55	55
47	55	56
47	55	57
47	55	58
47	55	59
47	55	60
47	55	61
47	56	47
47	56	48
47	56	49
47	56	50
47	56	51
47	56	52
47	56	53
47	56	54
47	56	55
47	56	56
47	56	57
47	56	58
47	56	59
47	56	60
47	56	61
47	57	47
47	57	48
47	57	49
47	57	50
47	57	51
47	57	52
47	57	53
47	57	54
47	57	55
47	57	56
47	57	57
47	57	58
47	57	59
47	57	60
47	57	61
47	58	47
47	58	48
47	58	49
47	58	50
47	58	51
47	58	52
47	58	53
47	58	54
47	58	55
47	58	56
47	58	57
47	58	58
47	58	59
47	58	60
47	58	61
47	59	47
47	59	48
47	59	49
47	59	50
47	59	51
47	59	52
47	59	53
47	59	54
47	59	55
47	59	56
47	59	57
47	59	58
47	59	59
47	59	60
47	59	61
47	60	47
47	60	48
47	60	49
47	60	50
47	60	51
47	60	52
47	60	53
47	60	54
47	60	55
47	60	56
47	60	57
47	60	58
47	60	59
47	61	53
47	61	54
47	61	55
47	61	56
47	61	57
47	61	58
47	62	55
47	62	56
47	62	57
47	62	58
48	47	42
48	47	43
48	47	44
48	47	45
48	47	46
48	47	47
48	47	48
48	47	49
48	48	42
48	48	43
48	48	44
48	48	45
48	48	46
48	48	47
48	48	48
48	48	49
48	48	50
48	49	43
48	49	44
48	49	45
48	49	46
48	49	47
48	49	48
48	49	49
48	49	50
48	49	51
48	49	52
48	50	44
48	50	45
48	50	46
48	50	47
48	50	48
48	50	49
48	50	50
48	50	51
48	50	52
48	50	53
48	51	45
48	51	46
48	51	47
48	51	48
48	51	49
48	51	50
48	51	51
48	51	52
48	51	53
48	51	54
48	51	55
48	52	45
48	52	46
48	52	47
48	52	48
48	52	49
48	52	50
48	52	51
48	52	52
48	52	53
48	52	54
48	52	55
48	52	56
48	52	57
48	53	45
48	53	46
48	53	47
48	53	48
48	53	49
48	53	50
48	53	51
48	53	52
48	53	53
48	53	54
48	53	55
48	53	56
48	53	57
48	53	58
48	53	59
48	54	45
48	54	46
48	54	47
48	54	48
48	54	49
48	54	50
48	54	51
48	54	52
48	54	53
48	54	54
48	54	55
48	54	56
48	54	57
48	54	58
48	54	59
48	54	60
48	54	61
48	54	62
48	55	46
48	55	47
48	55	48
48	55	49
48	55	50
48	55	51
48	55	52
48	55	53
48	55	54
48	55	55
48	55	56
48	55	57
48	55	58
48	55	59
48	55	60
48	55	61
48	55	62
48	56	46
48	56	47
48	56	48
48	56	49
48	56	50
48	56	51
48	56	52
48	56	53
48	56	54
48	56	55
48	56	56
48	56	57
48	56	58
48	56	59
48	56	60
48	56	61
48	56	62
48	57	46
48	57	47
48	57	48
48	57	49
48	57	50
48	57	51
48	57	52
48	57	53
48	57	54
48	57	55
48	57	56
48	57	57
48	57	58
48	57	59
48	57	60
48	57	61
48	57	62
48	58	46
48	58	47
48	58	48
48	58	49
48	58	50
48	58	51
48	58	52
48	58	53
48	58	54
48	58	55
48	58	56
48	58	57
48	58	58
48	58	59
48	58	60
48	58	61
48	58	62
48	59	46
48	59	47
48	59	48
48	59	49
48	59	50
48	59	51
48	59	52
48	59	53
48	59	54
48	59	55
48	59	56
48	59	57
48	59	58
48	59	59
48	59	60
48	60	46
48	60	47
48	60	48
48	60	49
48	60	50
48	60	51
48	60	52
48	60	53
48	60	54
48	60	55
48	60	56
48	60	57
48	60	58
48	60	59
48	61	46
48	61	47
48	61	48
48	61	49
48	61	50
48	61	51
48	61	52
48	61	53
48	61	54
48	61	55
48	61	56
48	61	57
48	61	58
48	62	54
48	62	55
48	62	56
48	62	57
48	63	56
49	46	44
49	46	45
49	46	46
49	46	47
49	46	48
49	46	49
49	47	43
49	47	44
49	47	45
49	47	46
49	47	47
49	47	48
49	47	49
49	48	42
49	48	43
49	48	44
49	48	45
49	48	46
49	48	47
49	48	48
49	48	49
49	48	50
49	49	43
49	49	44
49	49	45
49	49	46
49	49	47
49	49	48
49	49	49
49	49	50
49	49	51
49	49	52
49	50	44
49	50	45
49	50	46
49	50	47
49	50	48
49	50	49
49	50	50
49	50	51
49	50	52
49	50	53
49	50	54
49	51	44
49	51	45
49	51	46
49	51	47
49	51	48
49	51	49
49	51	50
49	51	51
49	51	52
49	51	53
49	51	54
49	51	55
49	51	56
49	52	44
49	52	45
49	52	46
49	52	47
49	52	48
49	52	49
49	52	50
49	52	51
49	52	52
49	52	53
49	52	54
49	52	55
49	52	56
49	52	57
49	53	44
49	53	45
49	53	46
49	53	47
49	53	48
49	53	49
49	53	50
49	53	51
49	53	52
49	53	53
49	53	54
49	53	55
49	53	56
49	53	57
49	53	58
49	53	59
49	54	45
49	54	46
49	54	47
49	54	48
49	54	49
49	54	50
49	54	51
49	54	52
49	54	53
49	54	54
49	54	55
49	54	56
49	54	57
49	54	58
49	54	59
49	54	60
49	55	45
49	55	46
49	55	47
49	55	48
49	55	49
49	55	50
49	55	51
49	55	52
49	55	53
49	55	54
49	55	55
49	55	56
49	55	57
49	55	58
49	55	59
49	55	60
49	55	61
49	56	45
49	56	46
49	56	47
49	56	48
49	56	49
49	56	50
49	56	51
49	56	52
49	56	53
49	56	54
49	56	55
49	56	56
49	56	57
49	56	58
49	56	59
49	56	60
49	56	61
49	57	45
49	57	46
49	57	47
49	57	48
49	57	49
49	57	50
49	57	51
49	57	52
49	57	53
49	57	54
49	57	55
49	57	56
49	57	57
49	57	58
49	57	59
49	57	60
49	57	61
49	58	45
49	58	46
49	58	47
49	58	48
49	58	49
49	58	50
49	58	51
49	58	52
49	58	53
49	58	54
49	58	55
49	58	56
49	58	57
49	58	58
49	58	59
49	58	60
49	58	61
49	59	45
49	59	46
49	59	47
49	59	48
49	59	49
49	59	50
49	59	51
49	59	52
49	59	53
49	59	54
49	59	55
49	59	56
49	59	57
49	59	58
49	59	59
49	60	45
49	60	46
49	60	47
49	60	48
49	60	49
49	60	50
49	60	51
49	60	52
49	60	53
49	60	54
49	60	55
49	60	56
49	60	57
49	60	58
49	61	45
49	61	46
49	61	47
49	61	48
49	61	49
49	61	50
49	61	51
49	61	52
49	61	53
49	61	54
49	61	55
49	61	56
49	61	57
49	62	45
49	62	46
49	62	47
49	62	48
49	62	49
49	62	50
49	62	51
49	62	52
49	62	53
49	62	54
49	62	55
49	62	56
49	62	57
49	63	55
49	63	56
50	46	46
50	46	47
50	46	48
50	46	49
50	47	45
50	47	46
50	47	47
50	47	48
50	47	49
50	48	44
50	48	45
50	48	46
50	48	47
50	48	48
50	48	49
50	48	50
50	49	43
50	49	44
50	49	45
50	49	46
50	49	47
50	49	48
50	49	49
50	49	50
50	49	51
50	49	52
50	50	43
50	50	44
50	50	45
50	50	46
50	50	47
50	50	48
50	50	49
50	50	50
50	50	51
50	50	52
50	50	53
50	50	54
50	51	43
50	51	44
50	51	45
50	51	46
50	51	47
50	51	48
50	51	49
50	51	50
50	51	51
50	51	52
50	51	53
50	51	54
50	51	55
50	51	56
50	51	57
50	52	43
50	52	44
50	52	45
50	52	46
50	52	47
50	52	48
50	52	49
50	52	50
50	52	51
50	52	52
50	52	53
50	52	54
50	52	55
50	52	56
50	52	57
50	52	58
50	53	44
50	53	45
50	53	46
50	53	47
50	53	48
50	53	49
50	53	50
50	53	51
50	53	52
50	53	53
50	53	54
50	53	55
50	53	56
50	53	57
50	53	58
50	53	59
50	54	44
50	54	45
50	54	46
50	54	47
50	54	48
50	54	49
50	54	50
50	54	51
50	54	52
50	54	53
50	54	54
50	54	55
50	54	56
50	54	57
50	54	58
50	54	59
50	55	44
50	55	45
50	55	46
50	55	47
50	55	48
50	55	49
50	55	50
50	55	51
50	55	52
50	55	53
50	55	54
50	55	55
50	55	56
50	55	57
50	55	58
50	55	59
50	55	60
50	56	44
50	56	45
50	56	46
50	56	47
50	56	48
50	56	49
50	56	50
50	56	51
50	56	52
50	56	53
50	56	54
50	56	55
50	56	56
50	56	57
50	56	58
50	56	59
50	56	60
50	57	44
50	57	45
50	57	46
50	57	47
50	57	48
50	57	49
50	57	50
50	57	51
50	57	52
50	57	53
50	57	54
50	57	55
50	57	56
50	57	57
50	57	58
50	57	59
50	57	60
50	58	44
50	58	45
50	58	46
50	58	47
50	58	48
50	58	49
50	58	50
50	58	51
50	58	52
50	58	53
50	58	54
50	58	55
50	58	56
50	58	57
50	58	58
50	58	59
50	58	60
50	59	44
50	59	45
50	59	46
50	59	47
50	59	48
50	59	49
50	59	50
50	59	51
50	59	52
50	59	53
50	59	54
50	59	55
50	59	56
50	59	57
50	59	58
50	59	59
50	60	44
50	60	45
50	60	46
50	60	47
50	60	48
50	60	49
50	60	50
50	60	51
50	60	52
50	60	53
50	60	54
50	60	55
50	60	56
50	60	57
50	61	44
50	61	45
50	61	46
50	61	47
50	61	48
50	61	49
50	61	50
50	61	51
50	61	52
50	61	53
50	61	54
50	61	55
50	61	56
50	61	57
50	62	44
50	62	45
50	62	46
50	62	47
50	62	48
50	62	49
50	62	50
50	62	51
50	62	52
50	62	53
50	62	54
50	62	55
50	62	56
50	63	45
50	63	46
50	63	47
50	63	48
50	63	49
50	63	50
50	63	51
50	63	52
50	63	53
50	63	54
50	63	55
51	47	47
51	47	48
51	47	49
51	48	45
51	48	46
51	48	47
51	48	48
51	48	49
51	48	50
51	49	44
51	49	45
51	49	46
51	49	47
51	49	48
51	49	49
51	49	50
51	49	51
51	50	42
51	50	43
51	50	44
51	50	45
51	50	46
51	50	47
51	50	48
51	50	49
51	50	50
51	50	51
51	50	52
51	50	53
51	51	42
51	51	43
51	51	44
51	51	45
51	51	46
51	51	47
51	51	48
51	51	49
51	51	50
51	51	51
51	51	52
51	51	53
51	51	54
51	51	55
51	51	56
51	51	57
51	52	43
51	52	44
51	52	45
51	52	46
51	52	47
51	52	48
51	52	49
51	52	50
51	52	51
51	52	52
51	52	53
51	52	54
51	52	55
51	52	56
51	52	57
51	52	58
51	53	43
51	53	44
51	53	45
51	53	46
51	53	47
51	53	48
51	53	49
51	53	50
51	53	51
51	53	52
51	53	53
51	53	54
51	53	55
51	53	56
51	53	57
51	53	58
51	54	43
51	54	44
51	54	45
51	54	46
51	54	47
51	54	48
51	54	49
51	54	50
51	54	51
51	54	52
51	54	53
51	54	54
51	54	55
51	54	56
51	54	57
51	54	58
51	54	59
51	55	43
51	55	44
51	55	45
51	55	46
51	55	47
51	55	48
51	55	49
51	55	50
51	55	51
51	55	52
51	55	53
51	55	54
51	55	55
51	55	56
51	55	57
51	55	58
51	55	59
51	56	43
51	56	44
51	56	45
51	56	46
51	56	47
51	56	48
51	56	49
51	56	50
51	56	51
51	56	52
51	56	53
51	56	54
51	56	55
51	56	56
51	56	57
51	56	58
51	56	59
51	57	43
51	57	44
51	57	45
51	57	46
51	57	47
51	57	48
51	57	49
51	57	50
51	57	51
51	57	52
51	57	53
51	57	54
51	57	55
51	57	56
51	57	57
51	57	58
51	57	59
51	58	43
51	58	44
51	58	45
51	58	46
51	58	47
51	58	48
51	58	49
51	58	50
51	58	51
51	58	52
51	58	53
51	58	54
51	58	55
51	58	56
51	58	57
51	58	58
51	58	59
51	59	43
51	59	44
51	59	45
51	59	46
51	59	47
51	59	48
51	59	49
51	59	50
51	59	51
51	59	52
51	59	53
51	59	54
51	59	55
51	59	56
51	59	57
51	59	58
51	60	43
51	60	44
51	60	45
51	60	46
51	60	47
51	60	48
51	60	49
51	60	50
51	60	51
51	60	52
51	60	53
51	60	54
51	60	55
51	60	56
51	60	57
51	61	43
51	61	44
51	61	45
51	61	46
51	61	47
51	61	48
51	61	49
51	61	50
51	61	51
51	61	52
51	61	53
51	61	54
51	61	55
51	61	56
51	62	45
51	62	46
51	62	47
51	62	48
51	62	49
51	62	50
51	62	51
51	62	52
51	62	53
51	62	54
51	62	55
51	63	47
51	63	48
51	63	49
51	63	50
51	63	51
51	63	52
51	63	53
51	63	54
51	64	49
51	64	50
51	64	51
51	64	52
51	64	53
51	64	54
52	48	48
52	49	46
52	49	47
52	49	48
52	49	49
52	49	50
52	50	44
52	50	45
52	50	46
52	50	47
52	50	48
52	50	49
52	50	50
52	50	51
52	50	52
52	51	43
52	51	44
52	51	45
52	51	46
52	51	47
52	51	48
52	51	49
52	51	50
52	51	51
52	51	52
52	51	53
52	51	54
52	51	55
52	51	56
52	51	57
52	52	42
52	52	43
52	52	44
52	52	45
52	52	46
52	52	47
52	52	48
52	52	49
52	52	50
52	52	51
52	52	52
52	52	53
52	52	54
52	52	55
52	52	56
52	52	57
52	52	58
52	53	42
52	53	43
52	53	44
52	53	45
52	53	46
52	53	47
52	53	48
52	53	49
52	53	50
52	53	51
52	53	52
52	53	53
52	53	54
52	53	55
52	53	56
52	53	57
52	53	58
52	54	42
52	54	43
52	54	44
52	54	45
52	54	46
52	54	47
52	54	48
52	54	49
52	54	50
52	54	51
52	54	52
52	54	53
52	54	54
52	54	55
52	54	56
52	54	57
52	54	58
52	55	42
52	55	43
52	55	44
52	55	45
52	55	46
52	55	47
52	55	48
52	55	49
52	55	50
52	55	51
52	55	52
52	55	53
52	55	54
52	55	55
52	55	56
52	55	57
52	55	58
52	56	42
52	56	43
52	56	44
52	56	45
52	56	46
52	56	47
52	56	48
52	56	49
52	56	50
52	56	51
52	56	52
52	56	53
52	56	54
52	56	55
52	56	56
52	56	57
52	56	58
52	57	42
52	57	43
52	57	44
52	57	45
52	57	46
52	57	47
52	57	48
52	57	49
52	57	50
52	57	51
52	57	52
52	57	53
52	57	54
52	57	55
52	57	56
52	57	57
52	57	58
52	58	42
52	58	43
52	58	44
52	58	45
52	58	46
52	58	47
52	58	48
52	58	49
52	58	50
52	58	51
52	58	52
52	58	53
52	58	54
52	58	55
52	58	56
52	58	57
52	59	43
52	59	44
52	59	45
52	59	46
52	59	47
52	59	48
52	59	49
52	59	50
52	59	51
52	59	52
52	59	53
52	59	54
52	59	55
52	59	56
52	60	44
52	60	45
52	60	46
52	60	47
52	60	48
52	60	49
52	60	50
52	60	51
52	60	52
52	60	53
52	60	54
52	60	55
52	61	46
52	61	47
52	61	48
52	61	49
52	61	50
52	61	51
52	61	52
52	61	53
52	61	54
52	62	47
52	62	48
52	62	49
52	62	50
52	62	51
52	62	52
52	62	53
52	62	54
52	63	49
52	63	50
52	63	51
52	63	52
52	64	50
52	64	51
52	65	54
52	65	55
52	65	56
52	65	57
52	65	58
52	66	52
52	66	53
52	66	54
52	66	55
52	66	56
52	66	57
52	66	58
52	66	59
52	66	60
52	67	52
52	67	53
52	67	54
52	68	53
52	69	53
52	72	53
53	50	47
53	50	48
53	50	49
53	51	46
53	51	47
53	51	48
53	51	49
53	51	50
53	51	51
53	52	45
53	52	46
53	52	47
53	52	48
53	52	49
53	52	50
53	52	51
53	52	52
53	52	53
53	52	54
53	53	45
53	53	46
53	53	47
53	53	48
53	53	49
53	53	50
53	53	51
53	53	52
53	53	53
53	53	54
53	53	55
53	53	56
53	54	44
53	54	45
53	54	46
53	54	47
53	54	48
53	54	49
53	54	50
53	54	51
53	54	52
53	54	53
53	54	54
53	54	55
53	54	56
53	54	57
53	55	44
53	55	45
53	55	46
53	55	47
53	55	48
53	55	49
53	55	50
53	55	51
53	55	52
53	55	53
53	55	54
53	55	55
53	55	56
53	55	57
53	56	43
53	56	44
53	56	45
53	56	46
53	56	47
53	56	48
53	56	49
53	56	50
53	56	51
53	56	52
53	56	53
53	56	54
53	56	55
53	56	56
53	56	57
53	57	41
53	57	42
53	57	43
53	57	44
53	57	45
53	57	46
53	57	47
53	57	48
53	57	49
53	57	50
53	57	51
53	57	52
53	57	53
53	57	54
53	57	55
53	57	56
53	58	44
53	58	45
53	58	46
53	58	47
53	58	48
53	58	49
53	58	50
53	58	51
53	58	52
53	58	53
53	58	54
53	58	55
53	58	56
53	59	45
53	59	46
53	59	47
53	59	48
53	59	49
53	59	50
53	59	51
53	59	52
53	59	53
53	59	54
53	60	47
53	60	48
53	60	49
53	60	50
53	60	51
53	60	52
53	60	53
53	61	48
53	61	49
53	61	50
53	61	51
53	62	50
53	63	50
53	64	51
53	64	54
53	64	55
53	64	56
53	64	57
53	64	58
53	65	52
53	65	53
53	65	54
53	65	55
53	65	56
53	65	57
53	65	58
53	65	59
53	65	60
53	65	61
53	66	52
53	66	53
53	66	54
53	66	55
53	66	56
53	66	57
53	66	58
53	66	59
53	66	60
53	67	52
53	67	53
53	67	54
53	67	55
53	67	56
53	67	57
53	67	58
53	67	59
53	68	53
53	68	54
53	68	55
53	69	54
53	70	54
53	71	54
53	72	54
53	73	54
54	52	49
54	53	48
54	53	49
54	53	50
54	53	51
54	53	52
54	54	49
54	54	50
54	54	51
54	54	52
54	54	53
54	54	54
54	55	50
54	55	51
54	55	52
54	55	53
54	55	54
54	55	55
54	56	51
54	56	52
54	56	53
54	56	54
54	56	55
54	57	53
54	57	54
54	63	54
54	63	55
54	63	56
54	63	57
54	63	58
54	64	51
54	64	52
54	64	53
54	64	54
54	64	55
54	64	56
54	64	57
54	64	58
54	64	59
54	64	60
54	65	50
54	65	51
54	65	52
54	65	53
54	65	54
54	65	55
54	65	56
54	65	57
54	65	58
54	65	59
54	65	60
54	65	61
54	66	51
54	66	52
54	66	53
54	66	54
54	66	55
54	66	56
54	66	57
54	66	58
54	66	59
54	66	60
54	67	51
54	67	52
54	67	53
54	67	54
54	67	55
54	67	56
54	67	57
54	67	58
54	67	59
54	67	60
54	68	52
54	68	53
54	68	54
54	68	55
54	68	56
54	68	57
54	68	58
54	69	54
54	69	55
54	69	56
54	70	54
54	70	55
54	71	54
54	71	55
54	72	55
54	73	54
55	63	53
55	63	54
55	63	55
55	63	56
55	63	57
55	63	58
55	63	59
55	64	51
55	64	52
55	64	53
55	64	54
55	64	55
55	64	56
55	64	57
55	64	58
55	64	59
55	64	60
55	65	50
55	65	51
55	65	52
55	65	53
55	65	54
55	65	55
55	65	56
55	65	57
55	65	58
55	65	59
55	65	60
55	65	61
55	66	49
55	66	50
55	66	51
55	66	52
55	66	53
55	66	54
55	66	55
55	66	56
55	66	57
55	66	58
55	66	59
55	66	60
55	66	61
55	67	51
55	67	52
55	67	53
55	67	54
55	67	55
55	67	56
55	67	57
55	67	58
55	67	59
55	67	60
55	68	52
55	68	53
55	68	54
55	68	55
55	68	56
55	68	57
55	68	58
55	68	59
55	69	53
55	69	54
55	69	55
55	69	56
55	69	57
55	70	53
55	70	54
55	70	55
55	70	56
55	70	57
55	71	54
55	71	55
55	71	56
55	72	55
55	85	54
56	62	54
56	62	55
56	62	56
56	62	57
56	62	58
56	63	51
56	63	52
56	63	53
56	63	54
56	63	55
56	63	56
56	63	57
56	63	58
56	63	59
56	64	51
56	64	52
56	64	53
56	64	54
56	64	55
56	64	56
56	64	57
56	64	58
56	64	59
56	64	60
56	64	61
56	65	50
56	65	51
56	65	52
56	65	53
56	65	54
56	65	55
56	65	56
56	65	57
56	65	58
56	65	59
56	65	60
56	65	61
56	65	62
56	66	49
56	66	50
56	66	51
56	66	52
56	66	53
56	66	54
56	66	55
56	66	56
56	66	57
56	66	58
56	66	59
56	66	60
56	66	61
56	67	49
56	67	50
56	67	51
56	67	52
56	67	53
56	67	54
56	67	55
56	67	56
56	67	57
56	67	58
56	67	59
56	67	60
56	68	52
56	68	53
56	68	54
56	68	55
56	68	56
56	68	57
56	68	58
56	68	59
56	69	53
56	69	54
56	69	55
56	69	56
56	69	57
56	69	58
56	69	59
56	70	53
56	70	54
56	70	55
56	70	56
56	70	57
56	70	58
56	71	54
56	71	55
56	71	56
56	71	57
56	72	55
56	72	56
56	84	55
57	61	57
57	62	54
57	62	55
57	62	56
57	62	57
57	62	58
57	62	59
57	63	51
57	63	52
57	63	53
57	63	54
57	63	55
57	63	56
57	63	57
57	63	58
57	63	59
57	63	60
57	64	50
57	64	51
57	64	52
57	64	53
57	64	54
57	64	55
57	64	56
57	64	57
57	64	58
57	64	59
57	64	60
57	64	61
57	64	62
57	65	50
57	65	51
57	65	52
57	65	53
57	65	54
57	65	55
57	65	56
57	65	57
57	65	58
57	65	59
57	65	60
57	65	61
57	65	62
57	66	49
57	66	50
57	66	51
57	66	52
57	66	53
57	66	54
57	66	55
57	66	56
57	66	57
57	66	58
57	66	59
57	66	60
57	66	61
57	66	62
57	67	48
57	67	49
57	67	50
57	67	51
57	67	52
57	67	53
57	67	54
57	67	55
57	67	56
57	67	57
57	67	58
57	67	59
57	67	60
57	67	61
57	68	50
57	68	51
57	68	52
57	68	53
57	68	54
57	68	55
57	68	56
57	68	57
57	68	58
57	68	59
57	68	60
57	68	61
57	69	53
57	69	54
57	69	55
57	69	56
57	69	57
57	69	58
57	69	59
57	69	60
57	70	53
57	70	54
57	70	55
57	70	56
57	70	57
57	70	58
57	70	59
57	70	60
57	71	54
57	71	55
57	71	56
57	71	57
57	71	58
57	71	59
57	72	54
57	72	55
57	72	56
57	72	57
57	72	58
57	73	54
57	73	55
57	73	56
57	73	57
57	79	53
57	80	53
57	81	53
57	83	54
57	83	55
58	61	56
58	61	57
58	61	58
58	61	59
58	62	53
58	62	54
58	62	55
58	62	56
58	62	57
58	62	58
58	62	59
58	62	60
58	63	51
58	63	52
58	63	53
58	63	54
58	63	55
58	63	56
58	63	57
58	63	58
58	63	59
58	63	60
58	63	61
58	64	50
58	64	51
58	64	52
58	64	53
58	64	54
58	64	55
58	64	56
58	64	57
58	64	58
58	64	59
58	64	60
58	64	61
58	64	62
58	64	63
58	65	49
58	65	50
58	65	51
58	65	52
58	65	53
58	65	54
58	65	55
58	65	56
58	65	57
58	65	58
58	65	59
58	65	60
58	65	61
58	65	62
58	65	63
58	66	49
58	66	50
58	66	51
58	66	52
58	66	53
58	66	54
58	66	55
58	66	56
58	66	57
58	66	58
58	66	59
58	66	60
58	66	61
58	66	62
58	66	63
58	67	49
58	67	50
58	67	51
58	67	52
58	67	53
58	67	54
58	67	55
58	67	56
58	67	57
58	67	58
58	67	59
58	67	60
58	67	61
58	67	62
58	68	49
58	68	50
58	68	51
58	68	52
58	68	53
58	68	54
58	68	55
58	68	56
58	68	57
58	68	58
58	68	59
58	68	60
58	68	61
58	68	62
58	69	51
58	69	52
58	69	53
58	69	54
58	69	55
58	69	56
58	69	57
58	69	58
58	69	59
58	69	60
58	69	61
58	69	62
58	70	53
58	70	54
58	70	55
58	70	56
58	70	57
58	70	58
58	70	59
58	70	60
58	70	61
58	70	62
58	71	53
58	71	54
58	71	55
58	71	56
58	71	57
58	71	58
58	71	59
58	71	60
58	71	61
58	72	53
58	72	54
58	72	55
58	72	56
58	72	57
58	72	58
58	72	59
58	72	60
58	72	61
58	73	54
58	73	55
58	73	56
58	73	57
58	73	58
58	73	59
58	74	54
58	74	55
58	74	56
58	74	57
58	75	55
58	75	56
58	76	54
58	76	55
58	77	54
58	77	55
58	78	54
58	79	54
58	80	53
58	80	54
58	81	53
58	82	54
58	83	55
58	83	56
59	61	55
59	61	56
59	61	57
59	61	58
59	61	59
59	61	60
59	61	72
59	61	73
59	61	74
59	62	53
59	62	54
59	62	55
59	62	56
59	62	57
59	62	58
59	62	59
59	62	60
59	62	61
59	62	62
59	62	72
59	63	50
59	63	51
59	63	52
59	63	53
59	63	54
59	63	55
59	63	56
59	63	57
59	63	58
59	63	59
59	63	60
59	63	61
59	63	62
59	63	63
59	63	64
59	63	65
59	63	72
59	64	50
59	64	51
59	64	52
59	64	53
59	64	54
59	64	55
59	64	56
59	64	57
59	64	58
59	64	59
59	64	60
59	64	61
59	64	62
59	64	63
59	64	64
59	65	49
59	65	50
59	65	51
59	65	52
59	65	53
59	65	54
59	65	55
59	65	56
59	65	57
59	65	58
59	65	59
59	65	60
59	65	61
59	65	62
59	65	63
59	66	49
59	66	50
59	66	51
59	66	52
59	66	53
59	66	54
59	66	55
59	66	56
59	66	57
59	66	58
59	66	59
59	66	60
59	66	61
59	66	62
59	66	63
59	67	49
59	67	50
59	67	51
59	67	52
59	67	53
59	67	54
59	67	55
59	67	56
59	67	57
59	67	58
59	67	59
59	67	60
59	67	61
59	67	62
59	67	63
59	68	49
59	68	50
59	68	51
59	68	52
59	68	53
59	68	54
59	68	55
59	68	56
59	68	57
59	68	58
59	68	59
59	68	60
59	68	61
59	68	62
59	69	50
59	69	51
59	69	52
59	69	53
59	69	54
59	69	55
59	69	56
59	69	57
59	69	58
59	69	59
59	69	60
59	69	61
59	69	62
59	70	52
59	70	53
59	70	54
59	70	55
59	70	56
59	70	57
59	70	58
59	70	59
59	70	60
59	70	61
59	70	62
59	71	52
59	71	53
59	71	54
59	71	55
59	71	56
59	71	57
59	71	58
59	71	59
59	71	60
59	71	61
59	71	62
59	72	53
59	72	54
59	72	55
59	72	56
59	72	57
59	72	58
59	72	59
59	72	60
59	72	61
59	73	53
59	73	54
59	73	55
59	73	56
59	73	57
59	73	58
59	73	59
59	73	60
59	73	61
59	74	54
59	74	55
59	74	56
59	74	57
59	74	58
59	75	55
59	75	56
59	75	57
59	76	55
59	76	56
59	77	55
59	77	56
59	78	54
59	78	55
59	79	54
59	79	55
59	80	54
59	81	54
59	81	55
59	81	56
59	82	54
59	82	55
59	82	56
59	84	57
60	60	58
60	60	59
60	60	60
60	60	72
60	60	73
60	60	74
60	61	55
60	61	56
60	61	57
60	61	58
60	61	59
60	61	60
60	61	61
60	61	62
60	61	63
60	61	69
60	61	70
60	61	71
60	61	72
60	61	73
60	61	74
60	61	75
60	62	52
60	62	53
60	62	54
60	62	55
60	62	56
60	62	57
60	62	58
60	62	59
60	62	60
60	62	61
60	62	62
60	62	63
60	62	64
60	62	65
60	62	66
60	62	67
60	62	68
60	62	69
60	62	71
60	62	72
60	62	73
60	63	50
60	63	51
60	63	52
60	63	53
60	63	54
60	63	55
60	63	56
60	63	57
60	63	58
60	63	59
60	63	60
60	63	61
60	63	62
60	63	63
60	63	64
60	63	65
60	63	66
60	63	71
60	63	72
60	63	73
60	64	50
60	64	51
60	64	52
60	64	53
60	64	54
60	64	55
60	64	56
60	64	57
60	64	58
60	64	59
60	64	60
60	64	61
60	64	62
60	64	63
60	64	64
60	64	65
60	64	72
60	65	49
60	65	50
60	65	51
60	65	52
60	65	53
60	65	54
60	65	55
60	65	56
60	65	57
60	65	58
60	65	59
60	65	60
60	65	61
60	65	62
60	65	63
60	65	64
60	66	49
60	66	50
60	66	51
60	66	52
60	66	53
60	66	54
60	66	55
60	66	56
60	66	57
60	66	58
60	66	59
60	66	60
60	66	61
60	66	62
60	66	63
60	67	49
60	67	50
60	67	51
60	67	52
60	67	53
60	67	54
60	67	55
60	67	56
60	67	57
60	67	58
60	67	59
60	67	60
60	67	61
60	67	62
60	67	63
60	68	49
60	68	50
60	68	51
60	68	52
60	68	53
60	68	54
60	68	55
60	68	56
60	68	57
60	68	58
60	68	59
60	68	60
60	68	61
60	68	62
60	68	63
60	69	50
60	69	51
60	69	52
60	69	53
60	69	54
60	69	55
60	69	56
60	69	57
60	69	58
60	69	59
60	69	60
60	69	61
60	69	62
60	69	63
60	70	51
60	70	52
60	70	53
60	70	54
60	70	55
60	70	56
60	70	57
60	70	58
60	70	59
60	70	60
60	70	61
60	70	62
60	71	52
60	71	53
60	71	54
60	71	55
60	71	56
60	71	57
60	71	58
60	71	59
60	71	60
60	71	61
60	71	62
60	72	52
60	72	53
60	72	54
60	72	55
60	72	56
60	72	57
60	72	58
60	72	59
60	72	60
60	72	61
60	72	62
60	73	53
60	73	54
60	73	55
60	73	56
60	73	57
60	73	58
60	73	59
60	73	60
60	73	61
60	73	62
60	74	54
60	74	55
60	74	56
60	74	57
60	74	58
60	74	59
60	74	60
60	74	61
60	74	62
60	75	54
60	75	55
60	75	56
60	75	57
60	75	58
60	76	54
60	76	55
60	76	56
60	76	57
60	76	58
60	77	54
60	77	55
60	77	56
60	77	57
60	77	58
60	78	54
60	78	55
60	78	56
60	78	57
60	78	58
60	79	53
60	79	54
60	79	55
60	79	56
60	79	57
60	79	58
60	80	53
60	80	54
60	80	55
60	80	56
60	80	57
60	81	52
60	81	53
60	81	54
60	81	55
60	81	56
60	81	57
60	85	58
61	60	57
61	60	58
61	60	59
61	60	60
61	60	61
61	60	62
61	60	63
61	60	70
61	60	71
61	60	72
61	60	73
61	60	74
61	60	75
61	60	76
61	61	55
61	61	56
61	61	57
61	61	58
61	61	59
61	61	60
61	61	61
61	61	62
61	61	63
61	61	64
61	61	65
61	61	66
61	61	67
61	61	68
61	61	69
61	61	70
61	61	71
61	61	72
61	61	73
61	61	74
61	61	75
61	62	51
61	62	52
61	62	53
61	62	54
61	62	55
61	62	56
61	62	57
61	62	58
61	62	59
61	62	60
61	62	61
61	62	62
61	62	63
61	62	64
61	62	65
61	62	66
61	62	67
61	62	68
61	62	69
61	62	70
61	62	71
61	62	72
61	62	73
61	62	74
61	63	50
61	63	51
61	63	52
61	63	53
61	63	54
61	63	55
61	63	56
61	63	57
61	63	58
61	63	59
61	63	60
61	63	61
61	63	62
61	63	63
61	63	64
61	63	65
61	63	66
61	63	67
61	63	68
61	63	70
61	63	71
61	63	72
61	63	73
61	64	50
61	64	51
61	64	52
61	64	53
61	64	54
61	64	55
61	64	56
61	64	57
61	64	58
61	64	59
61	64	60
61	64	61
61	64	62
61	64	63
61	64	64
61	64	65
61	64	72
61	65	49
61	65	50
61	65	51
61	65	52
61	65	53
61	65	54
61	65	55
61	65	56
61	65	57
61	65	58
61	65	59
61	65	60
61	65	61
61	65	62
61	65	63
61	65	64
61	66	49
61	66	50
61	66	51
61	66	52
61	66	53
61	66	54
61	66	55
61	66	56
61	66	57
61	66	58
61	66	59
61	66	60
61	66	61
61	66	62
61	66	63
61	66	64
61	67	49
61	67	50
61	67	51
61	67	52
61	67	53
61	67	54
61	67	55
61	67	56
61	67	57
61	67	58
61	67	59
61	67	60
61	67	61
61	67	62
61	67	63
61	67	64
61	68	50
61	68	51
61	68	52
61	68	53
61	68	54
61	68	55
61	68	56
61	68	57
61	68	58
61	68	59
61	68	60
61	68	61
61	68	62
61	68	63
61	69	50
61	69	51
61	69	52
61	69	53
61	69	54
61	69	55
61	69	56
61	69	57
61	69	58
61	69	59
61	69	60
61	69	61
61	69	62
61	69	63
61	70	51
61	70	52
61	70	53
61	70	54
61	70	55
61	70	56
61	70	57
61	70	58
61	70	59
61	70	60
61	70	61
61	70	62
61	70	63
61	71	51
61	71	52
61	71	53
61	71	54
61	71	55
61	71	56
61	71	57
61	71	58
61	71	59
61	71	60
61	71	61
61	71	62
61	72	52
61	72	53
61	72	54
61	72	55
61	72	56
61	72	57
61	72	58
61	72	59
61	72	60
61	72	61
61	72	62
61	73	53
61	73	54
61	73	55
61	73	56
61	73	57
61	73	58
61	73	59
61	73	60
61	73	61
61	73	62
61	74	53
61	74	54
61	74	55
61	74	56
61	74	57
61	74	58
61	74	59
61	74	60
61	74	61
61	74	62
61	74	63
61	75	53
61	75	54
61	75	55
61	75	56
61	75	57
61	75	58
61	75	59
61	75	60
61	75	61
61	75	62
61	75	63
61	76	53
61	76	54
61	76	55
61	76	56
61	76	57
61	76	58
61	76	59
61	77	53
61	77	54
61	77	55
61	77	56
61	77	57
61	77	58
61	77	59
61	78	52
61	78	53
61	78	54
61	78	55
61	78	56
61	78	57
61	78	58
61	78	59
61	79	52
61	79	53
61	79	54
61	79	55
61	79	56
61	79	57
61	79	58
61	79	59
61	80	52
61	80	53
61	80	54
61	80	55
61	80	56
61	80	57
61	80	58
61	80	59
61	81	58
61	82	58
62	59	59
62	59	60
62	59	61
62	59	72
62	59	73
62	59	74
62	59	75
62	59	76
62	59	77
62	60	56
62	60	57
62	60	58
62	60	59
62	60	60
62	60	61
62	60	62
62	60	63
62	60	64
62	60	65
62	60	66
62	60	67
62	60	68
62	60	69
62	60	70
62	60	71
62	60	72
62	60	73
62	60	74
62	60	75
62	60	76
62	61	54
62	61	55
62	61	56
62	61	57
62	61	58
62	61	59
62	61	60
62	61	61
62	61	62
62	61	63
62	61	64
62	61	65
62	61	66
62	61	67
62	61	68
62	61	69
62	61	70
62	61	71
62	61	72
62	61	73
62	61	74
62	61	75
62	62	51
62	62	52
62	62	53
62	62	54
62	62	55
62	62	56
62	62	57
62	62	58
62	62	59
62	62	60
62	62	61
62	62	62
62	62	63
62	62	64
62	62	65
62	62	66
62	62	67
62	62	68
62	62	69
62	62	70
62	62	71
62	62	72
62	62	73
62	62	74
62	63	50
62	63	51
62	63	52
62	63	53
62	63	54
62	63	55
62	63	56
62	63	57
62	63	58
62	63	59
62	63	60
62	63	61
62	63	62
62	63	63
62	63	64
62	63	65
62	63	66
62	63	67
62	63	68
62	63	69
62	63	70
62	63	71
62	63	72
62	63	73
62	64	50
62	64	51
62	64	52
62	64	53
62	64	54
62	64	55
62	64	56
62	64	57
62	64	58
62	64	59
62	64	60
62	64	61
62	64	62
62	64	63
62	64	64
62	64	65
62	64	66
62	64	67
62	64	71
62	64	72
62	65	50
62	65	51
62	65	52
62	65	53
62	65	54
62	65	55
62	65	56
62	65	57
62	65	58
62	65	59
62	65	60
62	65	61
62	65	62
62	65	63
62	65	64
62	65	65
62	66	50
62	66	51
62	66	52
62	66	53
62	66	54
62	66	55
62	66	56
62	66	57
62	66	58
62	66	59
62	66	60
62	66	61
62	66	62
62	66	63
62	66	64
62	66	65
62	67	50
62	67	51
62	67	52
62	67	53
62	67	54
62	67	55
62	67	56
62	67	57
62	67	58
62	67	59
62	67	60
62	67	61
62	67	62
62	67	63
62	67	64
62	68	50
62	68	51
62	68	52
62	68	53
62	68	54
62	68	55
62	68	56
62	68	57
62	68	58
62	68	59
62	68	60
62	68	61
62	68	62
62	68	63
62	68	64
62	69	50
62	69	51
62	69	52
62	69	53
62	69	54
62	69	55
62	69	56
62	69	57
62	69	58
62	69	59
62	69	60
62	69	61
62	69	62
62	69	63
62	70	50
62	70	51
62	70	52
62	70	53
62	70	54
62	70	55
62	70	56
62	70	57
62	70	58
62	70	59
62	70	60
62	70	61
62	70	62
62	70	63
62	71	51
62	71	52
62	71	53
62	71	54
62	71	55
62	71	56
62	71	57
62	71	58
62	71	59
62	71	60
62	71	61
62	71	62
62	71	63
62	72	51
62	72	52
62	72	53
62	72	54
62	72	55
62	72	56
62	72	57
62	72	58
62	72	59
62	72	60
62	72	61
62	72	62
62	72	63
62	73	51
62	73	52
62	73	53
62	73	54
62	73	55
62	73	56
62	73	57
62	73	58
62	73	59
62	73	60
62	73	61
62	73	62
62	74	53
62	74	54
62	74	55
62	74	56
62	74	57
62	74	58
62	74	59
62	74	60
62	74	61
62	74	62
62	74	63
62	75	53
62	75	54
62	75	55
62	75	56
62	75	57
62	75	58
62	75	59
62	75	60
62	75	61
62	75	62
62	75	63
62	75	64
62	76	53
62	76	54
62	76	55
62	76	56
62	76	57
62	76	58
62	76	59
62	76	60
62	76	61
62	76	62
62	76	63
62	76	64
62	77	53
62	77	54
62	77	55
62	77	56
62	77	57
62	77	58
62	77	59
62	77	60
62	78	52
62	78	53
62	78	54
62	78	55
62	78	56
62	78	57
62	78	58
62	78	59
62	78	60
62	78	61
62	78	62
62	78	63
62	79	53
62	79	54
62	79	55
62	79	56
62	79	57
62	79	58
62	79	59
62	79	60
62	79	61
62	79	62
62	80	57
62	80	58
62	80	59
62	80	60
62	80	61
62	80	62
62	81	57
62	81	58
62	81	59
62	81	60
62	81	61
62	82	58
62	82	59
62	82	60
62	82	61
62	83	60
63	58	74
63	58	75
63	58	76
63	58	77
63	59	58
63	59	59
63	59	60
63	59	61
63	59	62
63	59	63
63	59	64
63	59	65
63	59	66
63	59	67
63	59	68
63	59	69
63	59	70
63	59	71
63	59	72
63	59	73
63	59	74
63	59	75
63	59	76
63	59	77
63	60	55
63	60	56
63	60	57
63	60	58
63	60	59
63	60	60
63	60	61
63	60	62
63	60	63
63	60	64
63	60	65
63	60	66
63	60	67
63	60	68
63	60	69
63	60	70
63	60	71
63	60	72
63	60	73
63	60	74
63	60	75
63	60	76
63	61	52
63	61	53
63	61	54
63	61	55
63	61	56
63	61	57
63	61	58
63	61	59
63	61	60
63	61	61
63	61	62
63	61	63
63	61	64
63	61	65
63	61	66
63	61	67
63	61	68
63	61	69
63	61	70
63	61	71
63	61	72
63	61	73
63	61	74
63	61	75
63	62	51
63	62	52
63	62	53
63	62	54
63	62	55
63	62	56
63	62	57
63	62	58
63	62	59
63	62	60
63	62	61
63	62	62
63	62	63
63	62	64
63	62	65
63	62	66
63	62	67
63	62	68
63	62	69
63	62	70
63	62	71
63	62	72
63	62	73
63	62	74
63	62	75
63	63	51
63	63	52
63	63	53
63	63	54
63	63	55
63	63	56
63	63	57
63	63	58
63	63	59
63	63	60
63	63	61
63	63	62
63	63	63
63	63	64
63	63	65
63	63	66
63	63	67
63	63	68
63	63	69
63	63	70
63	63	71
63	63	72
63	63	73
63	63	74
63	64	50
63	64	51
63	64	52
63	64	53
63	64	54
63	64	55
63	64	56
63	64	57
63	64	58
63	64	59
63	64	60
63	64	61
63	64	62
63	64	63
63	64	64
63	64	65
63	64	66
63	64	67
63	64	68
63	64	71
63	64	72
63	64	73
63	65	50
63	65	51
63	65	52
63	65	53
63	65	54
63	65	55
63	65	56
63	65	57
63	65	58
63	65	59
63	65	60
63	65	61
63	65	62
63	65	63
63	65	64
63	65	65
63	65	66
63	66	50
63	66	51
63	66	52
63	66	53
63	66	54
63	66	55
63	66	56
63	66	57
63	66	58
63	66	59
63	66	60
63	66	61
63	66	62
63	66	63
63	66	64
63	66	65
63	67	50
63	67	51
63	67	52
63	67	53
63	67	54
63	67	55
63	67	56
63	67	57
63	67	58
63	67	59
63	67	60
63	67	61
63	67	62
63	67	63
63	67	64
63	67	65
63	68	50
63	68	51
63	68	52
63	68	53
63	68	54
63	68	55
63	68	56
63	68	57
63	68	58
63	68	59
63	68	60
63	68	61
63	68	62
63	68	63
63	68	64
63	69	50
63	69	51
63	69	52
63	69	53
63	69	54
63	69	55
63	69	56
63	69	57
63	69	58
63	69	59
63	69	60
63	69	61
63	69	62
63	69	63
63	70	50
63	70	51
63	70	52
63	70	53
63	70	54
63	70	55
63	70	56
63	70	57
63	70	58
63	70	59
63	70	60
63	70	61
63	70	62
63	70	63
63	71	51
63	71	52
63	71	53
63	71	54
63	71	55
63	71	56
63	71	57
63	71	58
63	71	59
63	71	60
63	71	61
63	71	62
63	71	63
63	72	51
63	72	52
63	72	53
63	72	54
63	72	55
63	72	56
63	72	57
63	72	58
63	72	59
63	72	60
63	72	61
63	72	62
63	72	63
63	73	51
63	73	52
63	73	53
63	73	54
63	73	55
63	73	56
63	73	57
63	73	58
63	73	59
63	73	60
63	73	61
63	73	62
63	73	63
63	74	51
63	74	52
63	74	53
63	74	54
63	74	55
63	74	56
63	74	57
63	74	58
63	74	59
63	74	60
63	74	61
63	74	62
63	74	63
63	75	52
63	75	53
63	75	54
63	75	55
63	75	56
63	75	57
63	75	58
63	75	59
63	75	60
63	75	61
63	75	62
63	75	63
63	75	64
63	76	52
63	76	53
63	76	54
63	76	55
63	76	56
63	76	57
63	76	58
63	76	59
63	76	60
63	76	61
63	76	62
63	76	63
63	76	64
63	76	65
63	77	52
63	77	53
63	77	54
63	77	55
63	77	56
63	77	57
63	77	58
63	77	59
63	77	60
63	77	61
63	77	62
63	77	63
63	77	64
63	78	52
63	78	53
63	78	54
63	78	55
63	78	56
63	78	57
63	78	58
63	78	59
63	78	60
63	78	61
63	78	62
63	78	63
63	79	51
63	79	56
63	79	57
63	79	58
63	79	59
63	79	60
63	79	61
63	79	62
63	79	63
63	80	56
63	80	57
63	80	58
63	80	59
63	80	60
63	80	61
63	80	62
63	81	57
63	81	58
63	81	59
63	81	60
63	81	61
63	81	62
63	82	59
63	82	60
63	82	61
63	83	60
63	83	61
63	84	61
64	58	67
64	58	68
64	58	69
64	58	70
64	58	71
64	58	72
64	58	73
64	58	74
64	58	75
64	58	76
64	58	77
64	59	57
64	59	58
64	59	59
64	59	60
64	59	61
64	59	62
64	59	63
64	59	64
64	59	65
64	59	66
64	59	67
64	59	68
64	59	69
64	59	70
64	59	71
64	59	72
64	59	73
64	59	74
64	59	75
64	59	76
64	59	77
64	60	53
64	60	54
64	60	55
64	60	56
64	60	57
64	60	58
64	60	59
64	60	60
64	60	61
64	60	62
64	60	63
64	60	64
64	60	65
64	60	66
64	60	67
64	60	68
64	60	69
64	60	70
64	60	71
64	60	72
64	60	73
64	60	74
64	60	75
64	60	76
64	60	77
64	61	51
64	61	52
64	61	53
64	61	54
64	61	55
64	61	56
64	61	57
64	61	58
64	61	59
64	61	60
64	61	61
64	61	62
64	61	63
64	61	64
64	61	65
64	61	66
64	61	67
64	61	68
64	61	69
64	61	70
64	61	71
64	61	72
64	61	73
64	61	74
64	61	75
64	61	76
64	62	51
64	62	52
64	62	53
64	62	54
64	62	55
64	62	56
64	62	57
64	62	58
64	62	59
64	62	60
64	62	61
64	62	62
64	62	63
64	62	64
64	62	65
64	62	66
64	62	67
64	62	68
64	62	69
64	62	70
64	62	71
64	62	72
64	62	73
64	62	74
64	62	75
64	62	76
64	63	51
64	63	52
64	63	53
64	63	54
64	63	55
64	63	56
64	63	57
64	63	58
64	63	59
64	63	60
64	63	61
64	63	62
64	63	63
64	63	64
64	63	65
64	63	66
64	63	67
64	63	68
64	63	69
64	63	70
64	63	71
64	63	72
64	63	73
64	63	74
64	63	75
64	64	51
64	64	52
64	64	53
64	64	54
64	64	55
64	64	56
64	64	57
64	64	58
64	64	59
64	64	60
64	64	61
64	64	62
64	64	63
64	64	64
64	64	65
64	64	66
64	64	67
64	64	68
64	64	69
64	64	70
64	64	71
64	64	72
64	64	73
64	64	74
64	64	75
64	65	51
64	65	52
64	65	53
64	65	54
64	65	55
64	65	56
64	65	57
64	65	58
64	65	59
64	65	60
64	65	61
64	65	62
64	65	63
64	65	64
64	65	65
64	65	66
64	66	50
64	66	51
64	66	52
64	66	53
64	66	54
64	66	55
64	66	56
64	66	57
64	66	58
64	66	59
64	66	60
64	66	61
64	66	62
64	66	63
64	66	64
64	66	65
64	66	66
64	67	50
64	67	51
64	67	52
64	67	53
64	67	54
64	67	55
64	67	56
64	67	57
64	67	58
64	67	59
64	67	60
64	67	61
64	67	62
64	67	63
64	67	64
64	67	65
64	68	50
64	68	51
64	68	52
64	68	53
64	68	54
64	68	55
64	68	56
64	68	57
64	68	58
64	68	59
64	68	60
64	68	61
64	68	62
64	68	63
64	68	64
64	69	51
64	69	52
64	69	53
64	69	54
64	69	55
64	69	56
64	69	57
64	69	58
64	69	59
64	69	60
64	69	61
64	69	62
64	69	63
64	69	64
64	70	51
64	70	52
64	70	53
64	70	54
64	70	55
64	70	56
64	70	57
64	70	58
64	70	59
64	70	60
64	70	61
64	70	62
64	70	63
64	70	64
64	71	51
64	71	52
64	71	53
64	71	54
64	71	55
64	71	56
64	71	57
64	71	58
64	71	59
64	71	60
64	71	61
64	71	62
64	71	63
64	72	51
64	72	52
64	72	53
64	72	54
64	72	55
64	72	56
64	72	57
64	72	58
64	72	59
64	72	60
64	72	61
64	72	62
64	72	63
64	73	51
64	73	52
64	73	53
64	73	54
64	73	55
64	73	56
64	73	57
64	73	58
64	73	59
64	73	60
64	73	61
64	73	62
64	73	63
64	74	51
64	74	52
64	74	53
64	74	54
64	74	55
64	74	56
64	74	57
64	74	58
64	74	59
64	74	60
64	74	61
64	74	62
64	74	63
64	75	51
64	75	52
64	75	53
64	75	54
64	75	55
64	75	56
64	75	57
64	75	58
64	75	59
64	75	60
64	75	61
64	75	62
64	75	63
64	75	64
64	76	51
64	76	52
64	76	53
64	76	54
64	76	55
64	76	56
64	76	57
64	76	58
64	76	59
64	76	60
64	76	61
64	76	62
64	76	63
64	76	64
64	76	65
64	77	51
64	77	52
64	77	53
64	77	54
64	77	55
64	77	56
64	77	57
64	77	58
64	77	59
64	77	60
64	77	61
64	77	62
64	77	63
64	77	64
64	78	51
64	78	52
64	78	53
64	78	54
64	78	55
64	78	56
64	78	57
64	78	58
64	78	59
64	78	60
64	78	61
64	78	62
64	78	63
64	78	64
64	79	51
64	79	54
64	79	55
64	79	56
64	79	57
64	79	58
64	79	59
64	79	60
64	79	61
64	79	62
64	79	63
64	79	64
64	80	50
64	80	56
64	80	57
64	80	58
64	80	59
64	80	60
64	80	61
64	80	62
64	80	63
64	81	58
64	81	59
64	81	60
64	81	61
64	81	62
64	81	63
64	82	59
64	82	60
64	82	61
64	82	62
64	83	60
64	83	61
65	57	69
65	57	70
65	58	61
65	58	62
65	58	63
65	58	64
65	58	65
65	58	66
65	58	67
65	58	68
65	58	69
65	58	70
65	58	71
65	58	72
65	58	73
65	58	74
65	58	75
65	59	56
65	59	57
65	59	58
65	59	59
65	59	60
65	59	61
65	59	62
65	59	63
65	59	64
65	59	65
65	59	66
65	59	67
65	59	68
65	59	69
65	59	70
65	59	71
65	59	72
65	59	73
65	59	74
65	59	75
65	59	76
65	60	51
65	60	52
65	60	53
65	60	54
65	60	55
65	60	56
65	60	57
65	60	58
65	60	59
65	60	60
65	60	61
65	60	62
65	60	63
65	60	64
65	60	65
65	60	66
65	60	67
65	60	68
65	60	69
65	60	70
65	60	71
65	60	72
65	60	73
65	60	74
65	60	75
65	61	51
65	61	52
65	61	53
65	61	54
65	61	55
65	61	56
65	61	57
65	61	58
65	61	59
65	61	60
65	61	61
65	61	62
65	61	63
65	61	64
65	61	65
65	61	66
65	61	67
65	61	68
65	61	69
65	61	70
65	61	71
65	61	72
65	61	73
65	61	74
65	61	75
65	62	51
65	62	52
65	62	53
65	62	54
65	62	55
65	62	56
65	62	57
65	62	58
65	62	59
65	62	60
65	62	61
65	62	62
65	62	63
65	62	64
65	62	65
65	62	66
65	62	67
65	62	68
65	62	69
65	62	70
65	62	71
65	62	72
65	62	73
65	62	74
65	63	51
65	63	52
65	63	53
65	63	54
65	63	55
65	63	56
65	63	57
65	63	58
65	63	59
65	63	60
65	63	61
65	63	62
65	63	63
65	63	64
65	63	65
65	63	66
65	63	67
65	63	68
65	63	69
65	63	70
65	63	71
65	63	72
65	63	73
65	63	74
65	63	75
65	64	51
65	64	52
65	64	53
65	64	54
65	64	55
65	64	56
65	64	57
65	64	58
65	64	59
65	64	60
65	64	61
65	64	62
65	64	63
65	64	64
65	64	65
65	64	66
65	64	67
65	64	68
65	64	69
65	64	70
65	64	71
65	64	72
65	64	73
65	64	74
65	65	51
65	65	52
65	65	53
65	65	54
65	65	55
65	65	56
65	65	57
65	65	58
65	65	59
65	65	60
65	65	61
65	65	62
65	65	63
65	65	64
65	65	65
65	65	66
65	65	67
65	65	74
65	66	51
65	66	52
65	66	53
65	66	54
65	66	55
65	66	56
65	66	57
65	66	58
65	66	59
65	66	60
65	66	61
65	66	62
65	66	63
65	66	64
65	66	65
65	66	66
65	67	51
65	67	52
65	67	53
65	67	54
65	67	55
65	67	56
65	67	57
65	67	58
65	67	59
65	67	60
65	67	61
65	67	62
65	67	63
65	67	64
65	67	65
65	68	51
65	68	52
65	68	53
65	68	54
65	68	55
65	68	56
65	68	57
65	68	58
65	68	59
65	68	60
65	68	61
65	68	62
65	68	63
65	68	64
65	69	51
65	69	52
65	69	53
65	69	54
65	69	55
65	69	56
65	69	57
65	69	58
65	69	59
65	69	60
65	69	61
65	69	62
65	69	63
65	69	64
65	70	51
65	70	52
65	70	53
65	70	54
65	70	55
65	70	56
65	70	57
65	70	58
65	70	59
65	70	60
65	70	61
65	70	62
65	70	63
65	70	64
65	71	51
65	71	52
65	71	53
65	71	54
65	71	55
65	71	56
65	71	57
65	71	58
65	71	59
65	71	60
65	71	61
65	71	62
65	71	63
65	71	64
65	72	51
65	72	52
65	72	53
65	72	54
65	72	55
65	72	56
65	72	57
65	72	58
65	72	59
65	72	60
65	72	61
65	72	62
65	72	63
65	73	51
65	73	52
65	73	53
65	73	54
65	73	55
65	73	56
65	73	57
65	73	58
65	73	59
65	73	60
65	73	61
65	73	62
65	73	63
65	74	51
65	74	52
65	74	53
65	74	54
65	74	55
65	74	56
65	74	57
65	74	58
65	74	59
65	74	60
65	74	61
65	74	62
65	74	63
65	75	51
65	75	52
65	75	53
65	75	54
65	75	55
65	75	56
65	75	57
65	75	58
65	75	59
65	75	60
65	75	61
65	75	62
65	75	63
65	75	64
65	76	51
65	76	52
65	76	53
65	76	54
65	76	55
65	76	56
65	76	57
65	76	58
65	76	59
65	76	60
65	76	61
65	76	62
65	76	63
65	76	64
65	76	65
65	77	51
65	77	52
65	77	53
65	77	54
65	77	55
65	77	56
65	77	57
65	77	58
65	77	59
65	77	60
65	77	61
65	77	62
65	77	63
65	77	64
65	77	65
65	77	66
65	78	50
65	78	51
65	78	53
65	78	54
65	78	55
65	78	56
65	78	57
65	78	58
65	78	59
65	78	60
65	78	61
65	78	62
65	78	63
65	78	64
65	78	65
65	79	50
65	79	54
65	79	55
65	79	56
65	79	57
65	79	58
65	79	59
65	79	60
65	79	61
65	79	62
65	79	63
65	79	64
65	80	50
65	80	57
65	80	58
65	80	59
65	80	60
65	80	61
65	80	62
65	80	63
65	80	64
65	81	49
65	81	58
65	81	59
65	81	60
65	81	61
65	81	62
65	81	63
65	81	64
65	82	59
65	82	60
65	82	61
65	82	62
65	82	63
65	82	64
65	83	60
65	83	61
65	83	62
65	83	63
65	83	64
65	84	63
65	84	64
65	85	63
65	85	64
65	86	63
65	86	64
65	87	64
65	87	65
65	88	65
66	57	68
66	57	69
66	57	70
66	57	71
66	57	72
66	58	60
66	58	61
66	58	62
66	58	63
66	58	64
66	58	65
66	58	66
66	58	67
66	58	68
66	58	69
66	58	70
66	58	71
66	58	72
66	58	73
66	58	74
66	59	54
66	59	55
66	59	56
66	59	57
66	59	58
66	59	59
66	59	60
66	59	61
66	59	62
66	59	63
66	59	64
66	59	65
66	59	66
66	59	67
66	59	68
66	59	69
66	59	70
66	59	71
66	59	72
66	59	73
66	59	74
66	60	52
66	60	53
66	60	54
66	60	55
66	60	56
66	60	57
66	60	58
66	60	59
66	60	60
66	60	61
66	60	62
66	60	63
66	60	64
66	60	65
66	60	66
66	60	67
66	60	68
66	60	69
66	60	70
66	60	71
66	60	72
66	60	73
66	60	74
66	61	51
66	61	52
66	61	53
66	61	54
66	61	55
66	61	56
66	61	57
66	61	58
66	61	59
66	61	60
66	61	61
66	61	62
66	61	63
66	61	64
66	61	65
66	61	66
66	61	67
66	61	68
66	61	69
66	61	70
66	61	71
66	61	72
66	61	73
66	62	51
66	62	52
66	62	53
66	62	54
66	62	55
66	62	56
66	62	57
66	62	58
66	62	59
66	62	60
66	62	61
66	62	62
66	62	63
66	62	64
66	62	65
66	62	66
66	62	67
66	62	68
66	62	69
66	62	70
66	62	71
66	62	72
66	62	73
66	63	51
66	63	52
66	63	53
66	63	54
66	63	55
66	63	56
66	63	57
66	63	58
66	63	59
66	63	60
66	63	61
66	63	62
66	63	63
66	63	64
66	63	65
66	63	66
66	63	67
66	63	68
66	63	69
66	63	70
66	63	71
66	63	72
66	63	73
66	64	51
66	64	52
66	64	53
66	64	54
66	64	55
66	64	56
66	64	57
66	64	58
66	64	59
66	64	60
66	64	61
66	64	62
66	64	63
66	64	64
66	64	65
66	64	66
66	64	67
66	64	68
66	64	69
66	64	70
66	64	71
66	64	72
66	64	73
66	65	51
66	65	52
66	65	53
66	65	54
66	65	55
66	65	56
66	65	57
66	65	58
66	65	59
66	65	60
66	65	61
66	65	62
66	65	63
66	65	64
66	65	65
66	65	66
66	65	67
66	65	68
66	66	51
66	66	52
66	66	53
66	66	54
66	66	55
66	66	56
66	66	57
66	66	58
66	66	59
66	66	60
66	66	61
66	66	62
66	66	63
66	66	64
66	66	65
66	66	66
66	67	51
66	67	52
66	67	53
66	67	54
66	67	55
66	67	56
66	67	57
66	67	58
66	67	59
66	67	60
66	67	61
66	67	62
66	67	63
66	67	64
66	67	65
66	68	51
66	68	52
66	68	53
66	68	54
66	68	55
66	68	56
66	68	57
66	68	58
66	68	59
66	68	60
66	68	61
66	68	62
66	68	63
66	68	64
66	68	65
66	69	51
66	69	52
66	69	53
66	69	54
66	69	55
66	69	56
66	69	57
66	69	58
66	69	59
66	69	60
66	69	61
66	69	62
66	69	63
66	69	64
66	70	51
66	70	52
66	70	53
66	70	54
66	70	55
66	70	56
66	70	57
66	70	58
66	70	59
66	70	60
66	70	61
66	70	62
66	70	63
66	70	64
66	71	51
66	71	52
66	71	53
66	71	54
66	71	55
66	71	56
66	71	57
66	71	58
66	71	59
66	71	60
66	71	61
66	71	62
66	71	63
66	71	64
66	72	51
66	72	52
66	72	53
66	72	54
66	72	55
66	72	56
66	72	57
66	72	58
66	72	59
66	72	60
66	72	61
66	72	62
66	72	63
66	72	64
66	73	51
66	73	52
66	73	53
66	73	54
66	73	55
66	73	56
66	73	57
66	73	58
66	73	59
66	73	60
66	73	61
66	73	62
66	73	63
66	74	50
66	74	51
66	74	52
66	74	53
66	74	54
66	74	55
66	74	56
66	74	57
66	74	58
66	74	59
66	74	60
66	74	61
66	74	62
66	74	63
66	74	64
66	75	50
66	75	51
66	75	52
66	75	53
66	75	54
66	75	55
66	75	56
66	75	57
66	75	58
66	75	59
66	75	60
66	75	61
66	75	62
66	75	63
66	75	64
66	76	50
66	76	51
66	76	52
66	76	53
66	76	54
66	76	55
66	76	56
66	76	57
66	76	58
66	76	59
66	76	60
66	76	61
66	76	62
66	76	63
66	76	64
66	76	65
66	77	50
66	77	51
66	77	52
66	77	53
66	77	54
66	77	55
66	77	56
66	77	57
66	77	58
66	77	59
66	77	60
66	77	61
66	77	62
66	77	63
66	77	64
66	77	65
66	77	66
66	78	50
66	78	51
66	78	53
66	78	54
66	78	55
66	78	56
66	78	57
66	78	58
66	78	59
66	78	60
66	78	61
66	78	62
66	78	63
66	78	64
66	78	65
66	78	66
66	79	49
66	79	50
66	79	54
66	79	55
66	79	56
66	79	57
66	79	58
66	79	59
66	79	60
66	79	61
66	79	62
66	79	63
66	79	64
66	79	65
66	80	49
66	80	57
66	80	58
66	80	59
66	80	60
66	80	61
66	80	62
66	80	63
66	80	64
66	80	65
66	81	49
66	81	58
66	81	59
66	81	60
66	81	61
66	81	62
66	81	63
66	81	64
66	81	65
66	82	59
66	82	60
66	82	61
66	82	62
66	82	63
66	82	64
66	82	65
66	83	60
66	83	61
66	83	62
66	83	63
66	83	64
66	83	65
66	84	61
66	84	62
66	84	63
66	84	64
66	84	65
66	85	62
66	85	63
66	85	64
66	85	65
66	86	63
66	86	64
66	86	65
66	86	66
66	87	64
66	87	65
66	88	65
67	57	68
67	57	69
67	57	70
67	57	71
67	57	72
67	58	60
67	58	61
67	58	62
67	58	63
67	58	64
67	58	65
67	58	66
67	58	67
67	58	68
67	58	69
67	58	70
67	58	71
67	58	72
67	58	73
67	59	53
67	59	54
67	59	55
67	59	56
67	59	57
67	59	58
67	59	59
67	59	60
67	59	61
67	59	62
67	59	63
67	59	64
67	59	65
67	59	66
67	59	67
67	59	68
67	59	69
67	59	70
67	59	71
67	59	72
67	59	73
67	60	52
67	60	53
67	60	54
67	60	55
67	60	56
67	60	57
67	60	58
67	60	59
67	60	60
67	60	61
67	60	62
67	60	63
67	60	64
67	60	65
67	60	66
67	60	67
67	60	68
67	60	69
67	60	70
67	60	71
67	60	72
67	60	73
67	61	51
67	61	52
67	61	53
67	61	54
67	61	55
67	61	56
67	61	57
67	61	58
67	61	59
67	61	60
67	61	61
67	61	62
67	61	63
67	61	64
67	61	65
67	61	66
67	61	67
67	61	68
67	61	69
67	61	70
67	61	71
67	61	72
67	62	51
67	62	52
67	62	53
67	62	54
67	62	55
67	62	56
67	62	57
67	62	58
67	62	59
67	62	60
67	62	61
67	62	62
67	62	63
67	62	64
67	62	65
67	62	66
67	62	67
67	62	68
67	62	69
67	62	70
67	62	71
67	62	72
67	63	51
67	63	52
67	63	53
67	63	54
67	63	55
67	63	56
67	63	57
67	63	58
67	63	59
67	63	60
67	63	61
67	63	62
67	63	63
67	63	64
67	63	65
67	63	66
67	63	67
67	63	68
67	63	69
67	63	70
67	63	71
67	64	51
67	64	52
67	64	53
67	64	54
67	64	55
67	64	56
67	64	57
67	64	58
67	64	59
67	64	60
67	64	61
67	64	62
67	64	63
67	64	64
67	64	65
67	64	66
67	64	67
67	64	68
67	64	69
67	64	70
67	64	71
67	65	51
67	65	52
67	65	53
67	65	54
67	65	55
67	65	56
67	65	57
67	65	58
67	65	59
67	65	60
67	65	61
67	65	62
67	65	63
67	65	64
67	65	65
67	65	66
67	65	67
67	65	68
67	65	69
67	66	51
67	66	52
67	66	53
67	66	54
67	66	55
67	66	56
67	66	57
67	66	58
67	66	59
67	66	60
67	66	61
67	66	62
67	66	63
67	66	64
67	66	65
67	66	66
67	66	67
67	67	51
67	67	52
67	67	53
67	67	54
67	67	55
67	67	56
67	67	57
67	67	58
67	67	59
67	67	60
67	67	61
67	67	62
67	67	63
67	67	64
67	67	65
67	67	66
67	68	51
67	68	52
67	68	53
67	68	54
67	68	55
67	68	56
67	68	57
67	68	58
67	68	59
67	68	60
67	68	61
67	68	62
67	68	63
67	68	64
67	68	65
67	69	50
67	69	51
67	69	52
67	69	53
67	69	54
67	69	55
67	69	56
67	69	57
67	69	58
67	69	59
67	69	60
67	69	61
67	69	62
67	69	63
67	69	64
67	69	65
67	70	50
67	70	51
67	70	52
67	70	53
67	70	54
67	70	55
67	70	56
67	70	57
67	70	58
67	70	59
67	70	60
67	70	61
67	70	62
67	70	63
67	70	64
67	71	50
67	71	51
67	71	52
67	71	53
67	71	54
67	71	55
67	71	56
67	71	57
67	71	58
67	71	59
67	71	60
67	71	61
67	71	62
67	71	63
67	71	64
67	72	50
67	72	51
67	72	52
67	72	53
67	72	54
67	72	55
67	72	56
67	72	57
67	72	58
67	72	59
67	72	60
67	72	61
67	72	62
67	72	63
67	72	64
67	73	50
67	73	51
67	73	52
67	73	53
67	73	54
67	73	55
67	73	56
67	73	57
67	73	58
67	73	59
67	73	60
67	73	61
67	73	62
67	73	63
67	73	64
67	74	50
67	74	51
67	74	52
67	74	53
67	74	54
67	74	55
67	74	56
67	74	57
67	74	58
67	74	59
67	74	60
67	74	61
67	74	62
67	74	63
67	74	64
67	75	50
67	75	51
67	75	52
67	75	53
67	75	54
67	75	55
67	75	56
67	75	57
67	75	58
67	75	59
67	75	60
67	75	61
67	75	62
67	75	63
67	75	64
67	75	65
67	76	49
67	76	50
67	76	51
67	76	52
67	76	53
67	76	54
67	76	55
67	76	56
67	76	57
67	76	58
67	76	59
67	76	60
67	76	61
67	76	62
67	76	63
67	76	64
67	76	65
67	77	49
67	77	50
67	77	51
67	77	52
67	77	53
67	77	54
67	77	55
67	77	56
67	77	57
67	77	58
67	77	59
67	77	60
67	77	61
67	77	62
67	77	63
67	77	64
67	77	65
67	77	66
67	78	49
67	78	50
67	78	51
67	78	52
67	78	53
67	78	54
67	78	55
67	78	56
67	78	57
67	78	58
67	78	59
67	78	60
67	78	61
67	78	62
67	78	63
67	78	64
67	78	65
67	78	66
67	78	67
67	79	49
67	79	50
67	79	55
67	79	56
67	79	57
67	79	58
67	79	59
67	79	60
67	79	61
67	79	62
67	79	63
67	79	64
67	79	65
67	79	66
67	80	48
67	80	49
67	80	57
67	80	58
67	80	59
67	80	60
67	80	61
67	80	62
67	80	63
67	80	64
67	80	65
67	80	66
67	81	58
67	81	59
67	81	60
67	81	61
67	81	62
67	81	63
67	81	64
67	81	65
67	81	66
67	82	59
67	82	60
67	82	61
67	82	62
67	82	63
67	82	64
67	82	65
67	82	66
67	83	60
67	83	61
67	83	62
67	83	63
67	83	64
67	83	65
67	83	66
67	84	61
67	84	62
67	84	63
67	84	64
67	84	65
67	84	66
67	85	62
67	85	63
67	85	64
67	85	65
67	85	66
67	86	63
67	86	64
67	86	65
67	86	66
67	87	64
67	87	65
67	88	65
68	58	63
68	58	64
68	58	65
68	58	66
68	58	67
68	58	68
68	58	69
68	58	70
68	58	71
68	59	53
68	59	54
68	59	55
68	59	56
68	59	57
68	59	58
68	59	59
68	59	60
68	59	61
68	59	62
68	59	63
68	59	64
68	59	65
68	59	66
68	59	67
68	59	68
68	59	69
68	59	70
68	59	71
68	59	72
68	60	52
68	60	53
68	60	54
68	60	55
68	60	56
68	60	57
68	60	58
68	60	59
68	60	60
68	60	61
68	60	62
68	60	63
68	60	64
68	60	65
68	60	66
68	60	67
68	60	68
68	60	69
68	60	70
68	60	71
68	60	72
68	61	51
68	61	52
68	61	53
68	61	54
68	61	55
68	61	56
68	61	57
68	61	58
68	61	59
68	61	60
68	61	61
68	61	62
68	61	63
68	61	64
68	61	65
68	61	66
68	61	67
68	61	68
68	61	69
68	61	70
68	61	71
68	62	51
68	62	52
68	62	53
68	62	54
68	62	55
68	62	56
68	62	57
68	62	58
68	62	59
68	62	60
68	62	61
68	62	62
68	62	63
68	62	64
68	62	65
68	62	66
68	62	67
68	62	68
68	62	69
68	62	70
68	62	71
68	63	51
68	63	52
68	63	53
68	63	54
68	63	55
68	63	56
68	63	57
68	63	58
68	63	59
68	63	60
68	63	61
68	63	62
68	63	63
68	63	64
68	63	65
68	63	66
68	63	67
68	63	68
68	63	69
68	63	70
68	64	51
68	64	52
68	64	53
68	64	54
68	64	55
68	64	56
68	64	57
68	64	58
68	64	59
68	64	60
68	64	61
68	64	62
68	64	63
68	64	64
68	64	65
68	64	66
68	64	67
68	64	68
68	64	69
68	64	70
68	65	51
68	65	52
68	65	53
68	65	54
68	65	55
68	65	56
68	65	57
68	65	58
68	65	59
68	65	60
68	65	61
68	65	62
68	65	63
68	65	64
68	65	65
68	65	66
68	65	67
68	65	68
68	65	69
68	66	51
68	66	52
68	66	53
68	66	54
68	66	55
68	66	56
68	66	57
68	66	58
68	66	59
68	66	60
68	66	61
68	66	62
68	66	63
68	66	64
68	66	65
68	66	66
68	66	67
68	67	51
68	67	52
68	67	53
68	67	54
68	67	55
68	67	56
68	67	57
68	67	58
68	67	59
68	67	60
68	67	61
68	67	62
68	67	63
68	67	64
68	67	65
68	67	66
68	67	67
68	68	50
68	68	51
68	68	52
68	68	53
68	68	54
68	68	55
68	68	56
68	68	57
68	68	58
68	68	59
68	68	60
68	68	61
68	68	62
68	68	63
68	68	64
68	68	65
68	68	66
68	69	50
68	69	51
68	69	52
68	69	53
68	69	54
68	69	55
68	69	56
68	69	57
68	69	58
68	69	59
68	69	60
68	69	61
68	69	62
68	69	63
68	69	64
68	69	65
68	70	50
68	70	51
68	70	52
68	70	53
68	70	54
68	70	55
68	70	56
68	70	57
68	70	58
68	70	59
68	70	60
68	70	61
68	70	62
68	70	63
68	70	64
68	70	65
68	71	49
68	71	50
68	71	51
68	71	52
68	71	53
68	71	54
68	71	55
68	71	56
68	71	57
68	71	58
68	71	59
68	71	60
68	71	61
68	71	62
68	71	63
68	71	64
68	71	65
68	72	49
68	72	50
68	72	51
68	72	52
68	72	53
68	72	54
68	72	55
68	72	56
68	72	57
68	72	58
68	72	59
68	72	60
68	72	61
68	72	62
68	72	63
68	72	64
68	72	65
68	73	49
68	73	50
68	73	51
68	73	52
68	73	53
68	73	54
68	73	55
68	73	56
68	73	57
68	73	58
68	73	59
68	73	60
68	73	61
68	73	62
68	73	63
68	73	64
68	73	65
68	74	49
68	74	50
68	74	51
68	74	52
68	74	53
68	74	54
68	74	55
68	74	56
68	74	57
68	74	58
68	74	59
68	74	60
68	74	61
68	74	62
68	74	63
68	74	64
68	74	65
68	75	49
68	75	50
68	75	51
68	75	52
68	75	53
68	75	54
68	75	55
68	75	56
68	75	57
68	75	58
68	75	59
68	75	60
68	75	61
68	75	62
68	75	63
68	75	64
68	75	65
68	76	49
68	76	50
68	76	51
68	76	52
68	76	53
68	76	54
68	76	55
68	76	56
68	76	57
68	76	58
68	76	59
68	76	60
68	76	61
68	76	62
68	76	63
68	76	64
68	76	65
68	76	66
68	77	49
68	77	50
68	77	51
68	77	52
68	77	53
68	77	54
68	77	55
68	77	56
68	77	57
68	77	58
68	77	59
68	77	60
68	77	61
68	77	62
68	77	63
68	77	64
68	77	65
68	77	66
68	78	48
68	78	49
68	78	50
68	78	51
68	78	52
68	78	53
68	78	54
68	78	55
68	78	56
68	78	57
68	78	58
68	78	59
68	78	60
68	78	61
68	78	62
68	78	63
68	78	64
68	78	65
68	78	66
68	78	67
68	79	47
68	79	48
68	79	49
68	79	50
68	79	51
68	79	52
68	79	53
68	79	54
68	79	55
68	79	56
68	79	57
68	79	58
68	79	59
68	79	60
68	79	61
68	79	62
68	79	63
68	79	64
68	79	65
68	79	66
68	79	67
68	80	47
68	80	48
68	80	49
68	80	55
68	80	56
68	80	57
68	80	58
68	80	59
68	80	60
68	80	61
68	80	62
68	80	63
68	80	64
68	80	65
68	80	66
68	80	67
68	81	58
68	81	59
68	81	60
68	81	61
68	81	62
68	81	63
68	81	64
68	81	65
68	81	66
68	81	67
68	82	59
68	82	60
68	82	61
68	82	62
68	82	63
68	82	64
68	82	65
68	82	66
68	82	67
68	83	60
68	83	61
68	83	62
68	83	63
68	83	64
68	83	65
68	83	66
68	83	67
68	84	61
68	84	62
68	84	63
68	84	64
68	84	65
68	84	66
68	84	67
68	85	62
68	85	63
68	85	64
68	85	65
68	85	66
68	85	67
68	86	63
68	86	64
68	86	65
68	86	66
68	87	64
68	87	65
68	88	65
69	59	53
69	59	58
69	59	59
69	59	60
69	59	61
69	59	62
69	59	63
69	59	64
69	59	65
69	59	66
69	59	67
69	59	68
69	59	69
69	60	52
69	60	53
69	60	54
69	60	55
69	60	56
69	60	57
69	60	58
69	60	59
69	60	60
69	60	61
69	60	62
69	60	63
69	60	64
69	60	65
69	60	66
69	60	67
69	60	68
69	60	69
69	60	70
69	61	52
69	61	53
69	61	54
69	61	55
69	61	56
69	61	57
69	61	58
69	61	59
69	61	60
69	61	61
69	61	62
69	61	63
69	61	64
69	61	65
69	61	66
69	61	67
69	61	68
69	61	69
69	61	70
69	62	51
69	62	52
69	62	53
69	62	54
69	62	55
69	62	56
69	62	57
69	62	58
69	62	59
69	62	60
69	62	61
69	62	62
69	62	63
69	62	64
69	62	65
69	62	66
69	62	67
69	62	68
69	62	69
69	62	70
69	63	51
69	63	52
69	63	53
69	63	54
69	63	55
69	63	56
69	63	57
69	63	58
69	63	59
69	63	60
69	63	61
69	63	62
69	63	63
69	63	64
69	63	65
69	63	66
69	63	67
69	63	68
69	63	69
69	64	51
69	64	52
69	64	53
69	64	54
69	64	55
69	64	56
69	64	57
69	64	58
69	64	59
69	64	60
69	64	61
69	64	62
69	64	63
69	64	64
69	64	65
69	64	66
69	64	67
69	64	68
69	64	69
69	65	50
69	65	51
69	65	52
69	65	53
69	65	54
69	65	55
69	65	56
69	65	57
69	65	58
69	65	59
69	65	60
69	65	61
69	65	62
69	65	63
69	65	64
69	65	65
69	65	66
69	65	67
69	65	68
69	66	50
69	66	51
69	66	52
69	66	53
69	66	54
69	66	55
69	66	56
69	66	57
69	66	58
69	66	59
69	66	60
69	66	61
69	66	62
69	66	63
69	66	64
69	66	65
69	66	66
69	66	67
69	66	68
69	67	50
69	67	51
69	67	52
69	67	53
69	67	54
69	67	55
69	67	56
69	67	57
69	67	58
69	67	59
69	67	60
69	67	61
69	67	62
69	67	63
69	67	64
69	67	65
69	67	66
69	67	67
69	68	50
69	68	51
69	68	52
69	68	53
69	68	54
69	68	55
69	68	56
69	68	57
69	68	58
69	68	59
69	68	60
69	68	61
69	68	62
69	68	63
69	68	64
69	68	65
69	68	66
69	68	67
69	69	50
69	69	51
69	69	52
69	69	53
69	69	54
69	69	55
69	69	56
69	69	57
69	69	58
69	69	59
69	69	60
69	69	61
69	69	62
69	69	63
69	69	64
69	69	65
69	69	66
69	69	67
69	70	49
69	70	50
69	70	51
69	70	52
69	70	53
69	70	54
69	70	55
69	70	56
69	70	57
69	70	58
69	70	59
69	70	60
69	70	61
69	70	62
69	70	63
69	70	64
69	70	65
69	70	66
69	71	49
69	71	50
69	71	51
69	71	52
69	71	53
69	71	54
69	71	55
69	71	56
69	71	57
69	71	58
69	71	59
69	71	60
69	71	61
69	71	62
69	71	63
69	71	64
69	71	65
69	72	49
69	72	50
69	72	51
69	72	52
69	72	53
69	72	54
69	72	55
69	72	56
69	72	57
69	72	58
69	72	59
69	72	60
69	72	61
69	72	62
69	72	63
69	72	64
69	72	65
69	72	66
69	73	49
69	73	50
69	73	51
69	73	52
69	73	53
69	73	54
69	73	55
69	73	56
69	73	57
69	73	58
69	73	59
69	73	60
69	73	61
69	73	62
69	73	63
69	73	64
69	73	65
69	73	66
69	74	49
69	74	50
69	74	51
69	74	52
69	74	53
69	74	54
69	74	55
69	74	56
69	74	57
69	74	58
69	74	59
69	74	60
69	74	61
69	74	62
69	74	63
69	74	64
69	74	65
69	74	66
69	75	49
69	75	50
69	75	51
69	75	52
69	75	53
69	75	54
69	75	55
69	75	56
69	75	57
69	75	58
69	75	59
69	75	60
69	75	61
69	75	62
69	75	63
69	75	64
69	75	65
69	75	66
69	76	48
69	76	49
69	76	50
69	76	51
69	76	52
69	76	53
69	76	54
69	76	55
69	76	56
69	76	57
69	76	58
69	76	59
69	76	60
69	76	61
69	76	62
69	76	63
69	76	64
69	76	65
69	76	66
69	77	48
69	77	49
69	77	50
69	77	51
69	77	52
69	77	53
69	77	54
69	77	55
69	77	56
69	77	57
69	77	58
69	77	59
69	77	60
69	77	61
69	77	62
69	77	63
69	77	64
69	77	65
69	77	66
69	77	67
69	78	47
69	78	48
69	78	49
69	78	50
69	78	51
69	78	52
69	78	53
69	78	54
69	78	55
69	78	56
69	78	57
69	78	58
69	78	59
69	78	60
69	78	61
69	78	62
69	78	63
69	78	64
69	78	65
69	78	66
69	78	67
69	79	48
69	79	49
69	79	50
69	79	51
69	79	52
69	79	53
69	79	54
69	79	55
69	79	56
69	79	57
69	79	58
69	79	59
69	79	60
69	79	61
69	79	62
69	79	63
69	79	64
69	79	65
69	79	66
69	79	67
69	79	68
69	80	49
69	80	50
69	80	51
69	80	52
69	80	53
69	80	54
69	80	55
69	80	56
69	80	57
69	80	58
69	80	59
69	80	60
69	80	61
69	80	62
69	80	63
69	80	64
69	80	65
69	80	66
69	80	67
69	80	68
69	81	49
69	81	54
69	81	55
69	81	56
69	81	57
69	81	58
69	81	59
69	81	60
69	81	61
69	81	62
69	81	63
69	81	64
69	81	65
69	81	66
69	81	67
69	81	68
69	82	59
69	82	60
69	82	61
69	82	62
69	82	63
69	82	64
69	82	65
69	82	66
69	82	67
69	82	68
69	83	60
69	83	61
69	83	62
69	83	63
69	83	64
69	83	65
69	83	66
69	83	67
69	83	68
69	84	61
69	84	62
69	84	63
69	84	64
69	84	65
69	84	66
69	84	67
69	84	68
69	85	62
69	85	63
69	85	64
69	85	65
69	85	66
69	85	67
69	86	63
69	86	64
69	86	65
69	86	66
69	87	64
69	87	65
69	88	65
70	59	63
70	59	64
70	60	53
70	60	54
70	60	55
70	60	56
70	60	57
70	60	58
70	60	59
70	60	60
70	60	61
70	60	62
70	60	63
70	60	64
70	60	65
70	60	66
70	60	67
70	61	52
70	61	53
70	61	54
70	61	55
70	61	56
70	61	57
70	61	58
70	61	59
70	61	60
70	61	61
70	61	62
70	61	63
70	61	64
70	61	65
70	61	66
70	61	67
70	61	68
70	62	51
70	62	52
70	62	53
70	62	54
70	62	55
70	62	56
70	62	57
70	62	58
70	62	59
70	62	60
70	62	61
70	62	62
70	62	63
70	62	64
70	62	65
70	62	66
70	62	67
70	62	68
70	62	69
70	63	51
70	63	52
70	63	53
70	63	54
70	63	55
70	63	56
70	63	57
70	63	58
70	63	59
70	63	60
70	63	61
70	63	62
70	63	63
70	63	64
70	63	65
70	63	66
70	63	67
70	63	68
70	64	50
70	64	51
70	64	52
70	64	53
70	64	54
70	64	55
70	64	56
70	64	57
70	64	58
70	64	59
70	64	60
70	64	61
70	64	62
70	64	63
70	64	64
70	64	65
70	64	66
70	64	67
70	64	68
70	65	50
70	65	51
70	65	52
70	65	53
70	65	54
70	65	55
70	65	56
70	65	57
70	65	58
70	65	59
70	65	60
70	65	61
70	65	62
70	65	63
70	65	64
70	65	65
70	65	66
70	65	67
70	65	68
70	66	50
70	66	51
70	66	52
70	66	53
70	66	54
70	66	55
70	66	56
70	66	57
70	66	58
70	66	59
70	66	60
70	66	61
70	66	62
70	66	63
70	66	64
70	66	65
70	66	66
70	66	67
70	66	68
70	67	50
70	67	51
70	67	52
70	67	53
70	67	54
70	67	55
70	67	56
70	67	57
70	67	58
70	67	59
70	67	60
70	67	61
70	67	62
70	67	63
70	67	64
70	67	65
70	67	66
70	67	67
70	67	68
70	68	50
70	68	51
70	68	52
70	68	53
70	68	54
70	68	55
70	68	56
70	68	57
70	68	58
70	68	59
70	68	60
70	68	61
70	68	62
70	68	63
70	68	64
70	68	65
70	68	66
70	68	67
70	68	68
70	69	49
70	69	50
70	69	51
70	69	52
70	69	53
70	69	54
70	69	55
70	69	56
70	69	57
70	69	58
70	69	59
70	69	60
70	69	61
70	69	62
70	69	63
70	69	64
70	69	65
70	69	66
70	69	67
70	69	68
70	70	49
70	70	50
70	70	51
70	70	52
70	70	53
70	70	54
70	70	55
70	70	56
70	70	57
70	70	58
70	70	59
70	70	60
70	70	61
70	70	62
70	70	63
70	70	64
70	70	65
70	70	66
70	70	67
70	70	68
70	71	49
70	71	50
70	71	51
70	71	52
70	71	53
70	71	54
70	71	55
70	71	56
70	71	57
70	71	58
70	71	59
70	71	60
70	71	61
70	71	62
70	71	63
70	71	64
70	71	65
70	71	66
70	71	67
70	72	49
70	72	50
70	72	51
70	72	52
70	72	53
70	72	54
70	72	55
70	72	56
70	72	57
70	72	58
70	72	59
70	72	60
70	72	61
70	72	62
70	72	63
70	72	64
70	72	65
70	72	66
70	72	67
70	73	49
70	73	50
70	73	51
70	73	52
70	73	53
70	73	54
70	73	55
70	73	56
70	73	57
70	73	58
70	73	59
70	73	60
70	73	61
70	73	62
70	73	63
70	73	64
70	73	65
70	73	66
70	73	67
70	74	49
70	74	50
70	74	51
70	74	52
70	74	53
70	74	54
70	74	55
70	74	56
70	74	57
70	74	58
70	74	59
70	74	60
70	74	61
70	74	62
70	74	63
70	74	64
70	74	65
70	74	66
70	74	67
70	75	48
70	75	49
70	75	50
70	75	51
70	75	52
70	75	53
70	75	54
70	75	55
70	75	56
70	75	57
70	75	58
70	75	59
70	75	60
70	75	61
70	75	62
70	75	63
70	75	64
70	75	65
70	75	66
70	75	67
70	76	48
70	76	49
70	76	50
70	76	51
70	76	52
70	76	53
70	76	54
70	76	55
70	76	56
70	76	57
70	76	58
70	76	59
70	76	60
70	76	61
70	76	62
70	76	63
70	76	64
70	76	65
70	76	66
70	76	67
70	77	48
70	77	49
70	77	50
70	77	51
70	77	52
70	77	53
70	77	54
70	77	55
70	77	56
70	77	57
70	77	58
70	77	59
70	77	60
70	77	61
70	77	62
70	77	63
70	77	64
70	77	65
70	77	66
70	77	67
70	78	49
70	78	50
70	78	51
70	78	52
70	78	53
70	78	54
70	78	55
70	78	56
70	78	57
70	78	58
70	78	59
70	78	60
70	78	61
70	78	62
70	78	63
70	78	64
70	78	65
70	78	66
70	78	67
70	79	50
70	79	51
70	79	52
70	79	53
70	79	54
70	79	55
70	79	56
70	79	57
70	79	58
70	79	59
70	79	60
70	79	61
70	79	62
70	79	63
70	79	64
70	79	65
70	79	66
70	79	67
70	80	50
70	80	51
70	80	52
70	80	53
70	80	54
70	80	55
70	80	56
70	80	57
70	80	58
70	80	59
70	80	60
70	80	61
70	80	62
70	80	63
70	80	64
70	80	65
70	80	66
70	80	67
70	81	50
70	81	51
70	81	52
70	81	53
70	81	54
70	81	55
70	81	56
70	81	57
70	81	58
70	81	59
70	81	60
70	81	61
70	81	62
70	81	63
70	81	64
70	81	65
70	81	66
70	81	67
70	81	68
70	82	50
70	82	53
70	82	54
70	82	55
70	82	56
70	82	57
70	82	58
70	82	59
70	82	60
70	82	61
70	82	62
70	82	63
70	82	64
70	82	65
70	82	66
70	82	67
70	82	68
70	83	60
70	83	61
70	83	62
70	83	63
70	83	64
70	83	65
70	83	66
70	83	67
70	83	68
70	84	61
70	84	62
70	84	63
70	84	64
70	84	65
70	84	66
70	84	67
70	85	62
70	85	63
70	85	64
70	85	65
70	85	66
70	85	67
70	86	63
70	86	64
70	86	65
70	86	66
70	87	64
70	87	65
70	88	65
71	60	53
71	60	54
71	60	55
71	60	56
71	60	57
71	60	58
71	60	59
71	60	60
71	60	61
71	60	62
71	60	63
71	60	64
71	61	52
71	61	53
71	61	54
71	61	55
71	61	56
71	61	57
71	61	58
71	61	59
71	61	60
71	61	61
71	61	62
71	61	63
71	61	64
71	61	65
71	61	66
71	62	52
71	62	53
71	62	54
71	62	55
71	62	56
71	62	57
71	62	58
71	62	59
71	62	60
71	62	61
71	62	62
71	62	63
71	62	64
71	62	65
71	62	66
71	62	67
71	63	51
71	63	52
71	63	53
71	63	54
71	63	55
71	63	56
71	63	57
71	63	58
71	63	59
71	63	60
71	63	61
71	63	62
71	63	63
71	63	64
71	63	65
71	63	66
71	63	67
71	63	68
71	64	50
71	64	51
71	64	52
71	64	53
71	64	54
71	64	55
71	64	56
71	64	57
71	64	58
71	64	59
71	64	60
71	64	61
71	64	62
71	64	63
71	64	64
71	64	65
71	64	66
71	64	67
71	64	68
71	65	50
71	65	51
71	65	52
71	65	53
71	65	54
71	65	55
71	65	56
71	65	57
71	65	58
71	65	59
71	65	60
71	65	61
71	65	62
71	65	63
71	65	64
71	65	65
71	65	66
71	65	67
71	65	68
71	66	50
71	66	51
71	66	52
71	66	53
71	66	54
71	66	55
71	66	56
71	66	57
71	66	58
71	66	59
71	66	60
71	66	61
71	66	62
71	66	63
71	66	64
71	66	65
71	66	66
71	66	67
71	66	68
71	67	50
71	67	51
71	67	52
71	67	53
71	67	54
71	67	55
71	67	56
71	67	57
71	67	58
71	67	59
71	67	60
71	67	61
71	67	62
71	67	63
71	67	64
71	67	65
71	67	66
71	67	67
71	67	68
71	67	69
71	68	49
71	68	50
71	68	51
71	68	52
71	68	53
71	68	54
71	68	55
71	68	56
71	68	57
71	68	58
71	68	59
71	68	60
71	68	61
71	68	62
71	68	63
71	68	64
71	68	65
71	68	66
71	68	67
71	68	68
71	68	69
71	69	49
71	69	50
71	69	51
71	69	52
71	69	53
71	69	54
71	69	55
71	69	56
71	69	57
71	69	58
71	69	59
71	69	60
71	69	61
71	69	62
71	69	63
71	69	64
71	69	65
71	69	66
71	69	67
71	69	68
71	69	69
71	70	49
71	70	50
71	70	51
71	70	52
71	70	53
71	70	54
71	70	55
71	70	56
71	70	57
71	70	58
71	70	59
71	70	60
71	70	61
71	70	62
71	70	63
71	70	64
71	70	65
71	70	66
71	70	67
71	70	68
71	70	69
71	71	48
71	71	49
71	71	50
71	71	51
71	71	52
71	71	53
71	71	54
71	71	55
71	71	56
71	71	57
71	71	58
71	71	59
71	71	60
71	71	61
71	71	62
71	71	63
71	71	64
71	71	65
71	71	66
71	71	67
71	71	68
71	71	69
71	72	48
71	72	49
71	72	50
71	72	51
71	72	52
71	72	53
71	72	54
71	72	55
71	72	56
71	72	57
71	72	58
71	72	59
71	72	60
71	72	61
71	72	62
71	72	63
71	72	64
71	72	65
71	72	66
71	72	67
71	72	68
71	73	48
71	73	49
71	73	50
71	73	51
71	73	52
71	73	53
71	73	54
71	73	55
71	73	56
71	73	57
71	73	58
71	73	59
71	73	60
71	73	61
71	73	62
71	73	63
71	73	64
71	73	65
71	73	66
71	73	67
71	73	68
71	74	48
71	74	49
71	74	50
71	74	51
71	74	52
71	74	53
71	74	54
71	74	55
71	74	56
71	74	57
71	74	58
71	74	59
71	74	60
71	74	61
71	74	62
71	74	63
71	74	64
71	74	65
71	74	66
71	74	67
71	74	68
71	75	48
71	75	49
71	75	50
71	75	51
71	75	52
71	75	53
71	75	54
71	75	55
71	75	56
71	75	57
71	75	58
71	75	59
71	75	60
71	75	61
71	75	62
71	75	63
71	75	64
71	75	65
71	75	66
71	75	67
71	75	68
71	76	49
71	76	50
71	76	51
71	76	52
71	76	53
71	76	54
71	76	55
71	76	56
71	76	57
71	76	58
71	76	59
71	76	60
71	76	61
71	76	62
71	76	63
71	76	64
71	76	65
71	76	66
71	76	67
71	76	68
71	77	50
71	77	51
71	77	52
71	77	53
71	77	54
71	77	55
71	77	56
71	77	57
71	77	58
71	77	59
71	77	60
71	77	61
71	77	62
71	77	63
71	77	64
71	77	65
71	77	66
71	77	67
71	78	50
71	78	51
71	78	52
71	78	53
71	78	54
71	78	55
71	78	56
71	78	57
71	78	58
71	78	59
71	78	60
71	78	61
71	78	62
71	78	63
71	78	64
71	78	65
71	78	66
71	78	67
71	79	51
71	79	52
71	79	53
71	79	54
71	79	55
71	79	56
71	79	57
71	79	58
71	79	59
71	79	60
71	79	61
71	79	62
71	79	63
71	79	64
71	79	65
71	79	66
71	79	67
71	80	51
71	80	52
71	80	53
71	80	54
71	80	55
71	80	56
71	80	57
71	80	58
71	80	59
71	80	60
71	80	61
71	80	62
71	80	63
71	80	64
71	80	65
71	80	66
71	80	67
71	81	51
71	81	52
71	81	53
71	81	54
71	81	55
71	81	56
71	81	57
71	81	58
71	81	59
71	81	60
71	81	61
71	81	62
71	81	63
71	81	64
71	81	65
71	81	66
71	81	67
71	82	51
71	82	52
71	82	53
71	82	54
71	82	55
71	82	56
71	82	57
71	82	58
71	82	59
71	82	60
71	82	61
71	82	62
71	82	63
71	82	64
71	82	65
71	82	66
71	82	67
71	83	52
71	83	53
71	83	54
71	83	55
71	83	56
71	83	57
71	83	58
71	83	59
71	83	60
71	83	61
71	83	62
71	83	63
71	83	64
71	83	65
71	83	66
71	83	67
71	84	61
71	84	62
71	84	63
71	84	64
71	84	65
71	84	66
71	84	67
71	85	62
71	85	63
71	85	64
71	85	65
71	85	66
71	86	63
71	86	64
71	86	65
71	86	66
71	87	64
71	87	65
72	60	53
72	61	53
72	61	54
72	61	55
72	61	56
72	61	57
72	61	58
72	61	59
72	61	60
72	61	61
72	61	62
72	61	63
72	61	64
72	61	65
72	62	52
72	62	53
72	62	54
72	62	55
72	62	56
72	62	57
72	62	58
72	62	59
72	62	60
72	62	61
72	62	62
72	62	63
72	62	64
72	62	65
72	62	66
72	63	51
72	63	52
72	63	53
72	63	54
72	63	55
72	63	56
72	63	57
72	63	58
72	63	59
72	63	60
72	63	61
72	63	62
72	63	63
72	63	64
72	63	65
72	63	66
72	63	67
72	64	50
72	64	51
72	64	52
72	64	53
72	64	54
72	64	55
72	64	56
72	64	57
72	64	58
72	64	59
72	64	60
72	64	61
72	64	62
72	64	63
72	64	64
72	64	65
72	64	66
72	64	67
72	65	50
72	65	51
72	65	52
72	65	53
72	65	54
72	65	55
72	65	56
72	65	57
72	65	58
72	65	59
72	65	60
72	65	61
72	65	62
72	65	63
72	65	64
72	65	65
72	65	66
72	65	67
72	66	50
72	66	51
72	66	52
72	66	53
72	66	54
72	66	55
72	66	56
72	66	57
72	66	58
72	66	59
72	66	60
72	66	61
72	66	62
72	66	63
72	66	64
72	66	65
72	66	66
72	66	67
72	66	68
72	67	49
72	67	50
72	67	51
72	67	52
72	67	53
72	67	54
72	67	55
72	67	56
72	67	57
72	67	58
72	67	59
72	67	60
72	67	61
72	67	62
72	67	63
72	67	64
72	67	65
72	67	66
72	67	67
72	67	68
72	68	48
72	68	49
72	68	50
72	68	51
72	68	52
72	68	53
72	68	54
72	68	55
72	68	56
72	68	57
72	68	58
72	68	59
72	68	60
72	68	61
72	68	62
72	68	63
72	68	64
72	68	65
72	68	66
72	68	67
72	68	68
72	69	48
72	69	49
72	69	50
72	69	51
72	69	52
72	69	53
72	69	54
72	69	55
72	69	56
72	69	57
72	69	58
72	69	59
72	69	60
72	69	61
72	69	62
72	69	63
72	69	64
72	69	65
72	69	66
72	69	67
72	69	68
72	70	48
72	70	49
72	70	50
72	70	51
72	70	52
72	70	53
72	70	54
72	70	55
72	70	56
72	70	57
72	70	58
72	70	59
72	70	60
72	70	61
72	70	62
72	70	63
72	70	64
72	70	65
72	70	66
72	70	67
72	70	68
72	71	48
72	71	49
72	71	50
72	71	51
72	71	52
72	71	53
72	71	54
72	71	55
72	71	56
72	71	57
72	71	58
72	71	59
72	71	60
72	71	61
72	71	62
72	71	63
72	71	64
72	71	65
72	71	66
72	71	67
72	71	68
72	72	48
72	72	49
72	72	50
72	72	51
72	72	52
72	72	53
72	72	54
72	72	55
72	72	56
72	72	57
72	72	58
72	72	59
72	72	60
72	72	61
72	72	62
72	72	63
72	72	64
72	72	65
72	72	66
72	72	67
72	72	68
72	73	48
72	73	49
72	73	50
72	73	51
72	73	52
72	73	53
72	73	54
72	73	55
72	73	56
72	73	57
72	73	58
72	73	59
72	73	60
72	73	61
72	73	62
72	73	63
72	73	64
72	73	65
72	73	66
72	73	67
72	73	68
72	74	49
72	74	50
72	74	51
72	74	52
72	74	53
72	74	54
72	74	55
72	74	56
72	74	57
72	74	58
72	74	59
72	74	60
72	74	61
72	74	62
72	74	63
72	74	64
72	74	65
72	74	66
72	74	67
72	74	68
72	75	49
72	75	50
72	75	51
72	75	52
72	75	53
72	75	54
72	75	55
72	75	56
72	75	57
72	75	58
72	75	59
72	75	60
72	75	61
72	75	62
72	75	63
72	75	64
72	75	65
72	75	66
72	75	67
72	75	68
72	76	50
72	76	51
72	76	52
72	76	53
72	76	54
72	76	55
72	76	56
72	76	57
72	76	58
72	76	59
72	76	60
72	76	61
72	76	62
72	76	63
72	76	64
72	76	65
72	76	66
72	76	67
72	76	68
72	77	50
72	77	51
72	77	52
72	77	53
72	77	54
72	77	55
72	77	56
72	77	57
72	77	58
72	77	59
72	77	60
72	77	61
72	77	62
72	77	63
72	77	64
72	77	65
72	77	66
72	77	67
72	77	68
72	78	51
72	78	52
72	78	53
72	78	54
72	78	55
72	78	56
72	78	57
72	78	58
72	78	59
72	78	60
72	78	61
72	78	62
72	78	63
72	78	64
72	78	65
72	78	66
72	78	67
72	79	51
72	79	52
72	79	53
72	79	54
72	79	55
72	79	56
72	79	57
72	79	58
72	79	59
72	79	60
72	79	61
72	79	62
72	79	63
72	79	64
72	79	65
72	79	66
72	79	67
72	80	52
72	80	53
72	80	54
72	80	55
72	80	56
72	80	57
72	80	58
72	80	59
72	80	60
72	80	61
72	80	62
72	80	63
72	80	64
72	80	65
72	80	66
72	80	67
72	81	52
72	81	53
72	81	54
72	81	55
72	81	56
72	81	57
72	81	58
72	81	59
72	81	60
72	81	61
72	81	62
72	81	63
72	81	64
72	81	65
72	81	66
72	81	67
72	82	52
72	82	53
72	82	54
72	82	55
72	82	56
72	82	57
72	82	58
72	82	59
72	82	60
72	82	61
72	82	62
72	82	63
72	82	64
72	82	65
72	82	66
72	82	67
72	83	53
72	83	54
72	83	55
72	83	56
72	83	57
72	83	58
72	83	59
72	83	60
72	83	61
72	83	62
72	83	63
72	83	64
72	83	65
72	83	66
72	83	67
72	84	53
72	84	54
72	84	55
72	84	56
72	84	57
72	84	58
72	84	59
72	84	60
72	84	61
72	84	62
72	84	63
72	84	64
72	84	65
72	84	66
72	85	62
72	85	63
72	85	64
72	85	65
72	85	66
73	61	53
73	61	54
73	61	55
73	61	56
73	61	57
73	61	58
73	61	59
73	61	60
73	61	61
73	61	62
73	61	63
73	62	52
73	62	53
73	62	54
73	62	55
73	62	56
73	62	57
73	62	58
73	62	59
73	62	60
73	62	61
73	62	62
73	62	63
73	62	64
73	62	65
73	63	50
73	63	51
73	63	52
73	63	53
73	63	54
73	63	55
73	63	56
73	63	57
73	63	58
73	63	59
73	63	60
73	63	61
73	63	62
73	63	63
73	63	64
73	63	65
73	63	66
73	64	50
73	64	51
73	64	52
73	64	53
73	64	54
73	64	55
73	64	56
73	64	57
73	64	58
73	64	59
73	64	60
73	64	61
73	64	62
73	64	63
73	64	64
73	64	65
73	64	66
73	64	67
73	65	50
73	65	51
73	65	52
73	65	53
73	65	54
73	65	55
73	65	56
73	65	57
73	65	58
73	65	59
73	65	60
73	65	61
73	65	62
73	65	63
73	65	64
73	65	65
73	65	66
73	65	67
73	66	49
73	66	50
73	66	51
73	66	52
73	66	53
73	66	54
73	66	55
73	66	56
73	66	57
73	66	58
73	66	59
73	66	60
73	66	61
73	66	62
73	66	63
73	66	64
73	66	65
73	66	66
73	66	67
73	67	48
73	67	49
73	67	50
73	67	51
73	67	52
73	67	53
73	67	54
73	67	55
73	67	56
73	67	57
73	67	58
73	67	59
73	67	60
73	67	61
73	67	62
73	67	63
73	67	64
73	67	65
73	67	66
73	67	67
73	67	68
73	68	48
73	68	49
73	68	50
73	68	51
73	68	52
73	68	53
73	68	54
73	68	55
73	68	56
73	68	57
73	68	58
73	68	59
73	68	60
73	68	61
73	68	62
73	68	63
73	68	64
73	68	65
73	68	66
73	68	67
73	68	68
73	69	48
73	69	49
73	69	50
73	69	51
73	69	52
73	69	53
73	69	54
73	69	55
73	69	56
73	69	57
73	69	58
73	69	59
73	69	60
73	69	61
73	69	62
73	69	63
73	69	64
73	69	65
73	69	66
73	69	67
73	69	68
73	70	48
73	70	49
73	70	50
73	70	51
73	70	52
73	70	53
73	70	54
73	70	55
73	70	56
73	70	57
73	70	58
73	70	59
73	70	60
73	70	61
73	70	62
73	70	63
73	70	64
73	70	65
73	70	66
73	70	67
73	70	68
73	71	48
73	71	49
73	71	50
73	71	51
73	71	52
73	71	53
73	71	54
73	71	55
73	71	56
73	71	57
73	71	58
73	71	59
73	71	60
73	71	61
73	71	62
73	71	63
73	71	64
73	71	65
73	71	66
73	71	67
73	71	68
73	72	49
73	72	50
73	72	51
73	72	52
73	72	53
73	72	54
73	72	55
73	72	56
73	72	57
73	72	58
73	72	59
73	72	60
73	72	61
73	72	62
73	72	63
73	72	64
73	72	65
73	72	66
73	72	67
73	72	68
73	73	49
73	73	50
73	73	51
73	73	52
73	73	53
73	73	54
73	73	55
73	73	56
73	73	57
73	73	58
73	73	59
73	73	60
73	73	61
73	73	62
73	73	63
73	73	64
73	73	65
73	73	66
73	73	67
73	73	68
73	74	50
73	74	51
73	74	52
73	74	53
73	74	54
73	74	55
73	74	56
73	74	57
73	74	58
73	74	59
73	74	60
73	74	61
73	74	62
73	74	63
73	74	64
73	74	65
73	74	66
73	74	67
73	74	68
73	75	50
73	75	51
73	75	52
73	75	53
73	75	54
73	75	55
73	75	56
73	75	57
73	75	58
73	75	59
73	75	60
73	75	61
73	75	62
73	75	63
73	75	64
73	75	65
73	75	66
73	75	67
73	75	68
73	76	50
73	76	51
73	76	52
73	76	53
73	76	54
73	76	55
73	76	56
73	76	57
73	76	58
73	76	59
73	76	60
73	76	61
73	76	62
73	76	63
73	76	64
73	76	65
73	76	66
73	76	67
73	76	68
73	77	51
73	77	52
73	77	53
73	77	54
73	77	55
73	77	56
73	77	57
73	77	58
73	77	59
73	77	60
73	77	61
73	77	62
73	77	63
73	77	64
73	77	65
73	77	66
73	77	67
73	77	68
73	78	51
73	78	52
73	78	53
73	78	54
73	78	55
73	78	56
73	78	57
73	78	58
73	78	59
73	78	60
73	78	61
73	78	62
73	78	63
73	78	64
73	78	65
73	78	66
73	78	67
73	78	68
73	79	52
73	79	53
73	79	54
73	79	55
73	79	56
73	79	57
73	79	58
73	79	59
73	79	60
73	79	61
73	79	62
73	79	63
73	79	64
73	79	65
73	79	66
73	79	67
73	80	52
73	80	53
73	80	54
73	80	55
73	80	56
73	80	57
73	80	58
73	80	59
73	80	60
73	80	61
73	80	62
73	80	63
73	80	64
73	80	65
73	80	66
73	80	67
73	81	53
73	81	54
73	81	55
73	81	56
73	81	57
73	81	58
73	81	59
73	81	60
73	81	61
73	81	62
73	81	63
73	81	64
73	81	65
73	81	66
73	81	67
73	82	53
73	82	54
73	82	55
73	82	56
73	82	57
73	82	58
73	82	59
73	82	60
73	82	61
73	82	62
73	82	63
73	82	64
73	82	65
73	82	66
73	82	67
73	83	54
73	83	55
73	83	56
73	83	57
73	83	58
73	83	59
73	83	60
73	83	61
73	83	62
73	83	63
73	83	64
73	83	65
73	83	66
73	84	54
73	84	55
73	84	56
73	84	57
73	84	58
73	84	59
73	84	60
73	84	61
73	84	62
73	84	63
73	84	64
73	84	65
73	84	66
73	85	55
73	85	56
73	85	57
73	85	58
73	85	59
73	85	60
73	85	61
73	85	62
73	85	63
74	61	53
74	61	54
74	61	58
74	61	59
74	61	60
74	61	61
74	62	50
74	62	51
74	62	52
74	62	53
74	62	54
74	62	55
74	62	56
74	62	57
74	62	58
74	62	59
74	62	60
74	62	61
74	62	62
74	62	63
74	62	64
74	63	50
74	63	51
74	63	52
74	63	53
74	63	54
74	63	55
74	63	56
74	63	57
74	63	58
74	63	59
74	63	60
74	63	61
74	63	62
74	63	63
74	63	64
74	63	65
74	64	49
74	64	50
74	64	51
74	64	52
74	64	53
74	64	54
74	64	55
74	64	56
74	64	57
74	64	58
74	64	59
74	64	60
74	64	61
74	64	62
74	64	63
74	64	64
74	64	65
74	64	66
74	65	49
74	65	50
74	65	51
74	65	52
74	65	53
74	65	54
74	65	55
74	65	56
74	65	57
74	65	58
74	65	59
74	65	60
74	65	61
74	65	62
74	65	63
74	65	64
74	65	65
74	65	66
74	65	67
74	66	48
74	66	49
74	66	50
74	66	51
74	66	52
74	66	53
74	66	54
74	66	55
74	66	56
74	66	57
74	66	58
74	66	59
74	66	60
74	66	61
74	66	62
74	66	63
74	66	64
74	66	65
74	66	66
74	66	67
74	67	48
74	67	49
74	67	50
74	67	51
74	67	52
74	67	53
74	67	54
74	67	55
74	67	56
74	67	57
74	67	58
74	67	59
74	67	60
74	67	61
74	67	62
74	67	63
74	67	64
74	67	65
74	67	66
74	67	67
74	68	48
74	68	49
74	68	50
74	68	51
74	68	52
74	68	53
74	68	54
74	68	55
74	68	56
74	68	57
74	68	58
74	68	59
74	68	60
74	68	61
74	68	62
74	68	63
74	68	64
74	68	65
74	68	66
74	68	67
74	68	68
74	69	48
74	69	49
74	69	50
74	69	51
74	69	52
74	69	53
74	69	54
74	69	55
74	69	56
74	69	57
74	69	58
74	69	59
74	69	60
74	69	61
74	69	62
74	69	63
74	69	64
74	69	65
74	69	66
74	69	67
74	70	49
74	70	50
74	70	51
74	70	52
74	70	53
74	70	54
74	70	55
74	70	56
74	70	57
74	70	58
74	70	59
74	70	60
74	70	61
74	70	62
74	70	63
74	70	64
74	70	65
74	70	66
74	70	67
74	71	49
74	71	50
74	71	51
74	71	52
74	71	53
74	71	54
74	71	55
74	71	56
74	71	57
74	71	58
74	71	59
74	71	60
74	71	61
74	71	62
74	71	63
74	71	64
74	71	65
74	71	66
74	71	67
74	72	50
74	72	51
74	72	52
74	72	53
74	72	54
74	72	55
74	72	56
74	72	57
74	72	58
74	72	59
74	72	60
74	72	61
74	72	62
74	72	63
74	72	64
74	72	65
74	72	66
74	72	67
74	73	50
74	73	51
74	73	52
74	73	53
74	73	54
74	73	55
74	73	56
74	73	57
74	73	58
74	73	59
74	73	60
74	73	61
74	73	62
74	73	63
74	73	64
74	73	65
74	73	66
74	73	67
74	73	68
74	74	50
74	74	51
74	74	52
74	74	53
74	74	54
74	74	55
74	74	56
74	74	57
74	74	58
74	74	59
74	74	60
74	74	61
74	74	62
74	74	63
74	74	64
74	74	65
74	74	66
74	74	67
74	74	68
74	75	51
74	75	52
74	75	53
74	75	54
74	75	55
74	75	56
74	75	57
74	75	58
74	75	59
74	75	60
74	75	61
74	75	62
74	75	63
74	75	64
74	75	65
74	75	66
74	75	67
74	75	68
74	76	51
74	76	52
74	76	53
74	76	54
74	76	55
74	76	56
74	76	57
74	76	58
74	76	59
74	76	60
74	76	61
74	76	62
74	76	63
74	76	64
74	76	65
74	76	66
74	76	67
74	76	68
74	77	51
74	77	52
74	77	53
74	77	54
74	77	55
74	77	56
74	77	57
74	77	58
74	77	59
74	77	60
74	77	61
74	77	62
74	77	63
74	77	64
74	77	65
74	77	66
74	77	67
74	77	68
74	78	52
74	78	53
74	78	54
74	78	55
74	78	56
74	78	57
74	78	58
74	78	59
74	78	60
74	78	61
74	78	62
74	78	63
74	78	64
74	78	65
74	78	66
74	78	67
74	78	68
74	79	53
74	79	54
74	79	55
74	79	56
74	79	57
74	79	58
74	79	59
74	79	60
74	79	61
74	79	62
74	79	63
74	79	64
74	79	65
74	79	66
74	79	67
74	80	53
74	80	54
74	80	55
74	80	56
74	80	57
74	80	58
74	80	59
74	80	60
74	80	61
74	80	62
74	80	63
74	80	64
74	80	65
74	80	66
74	80	67
74	81	54
74	81	55
74	81	56
74	81	57
74	81	58
74	81	59
74	81	60
74	81	61
74	81	62
74	81	63
74	81	64
74	81	65
74	81	66
74	81	67
74	82	54
74	82	55
74	82	56
74	82	57
74	82	58
74	82	59
74	82	60
74	82	61
74	82	62
74	82	63
74	82	64
74	82	65
74	82	66
74	83	55
74	83	56
74	83	57
74	83	58
74	83	59
74	83	60
74	83	61
74	83	62
74	83	63
74	83	64
74	83	65
74	83	66
74	84	56
74	84	57
74	84	58
74	84	59
74	84	60
74	84	61
74	84	62
74	84	63
74	84	64
74	85	56
74	85	57
74	85	58
74	85	59
74	85	60
74	86	56
74	86	57
75	61	49
75	61	50
75	62	49
75	62	50
75	62	51
75	62	52
75	62	53
75	62	54
75	62	55
75	62	56
75	62	57
75	62	58
75	62	59
75	62	60
75	62	61
75	62	62
75	62	63
75	63	49
75	63	50
75	63	51
75	63	52
75	63	53
75	63	54
75	63	55
75	63	56
75	63	57
75	63	58
75	63	59
75	63	60
75	63	61
75	63	62
75	63	63
75	63	64
75	63	65
75	64	49
75	64	50
75	64	51
75	64	52
75	64	53
75	64	54
75	64	55
75	64	56
75	64	57
75	64	58
75	64	59
75	64	60
75	64	61
75	64	62
75	64	63
75	64	64
75	64	65
75	64	66
75	65	48
75	65	49
75	65	50
75	65	51
75	65	52
75	65	53
75	65	54
75	65	55
75	65	56
75	65	57
75	65	58
75	65	59
75	65	60
75	65	61
75	65	62
75	65	63
75	65	64
75	65	65
75	65	66
75	66	48
75	66	49
75	66	50
75	66	51
75	66	52
75	66	53
75	66	54
75	66	55
75	66	56
75	66	57
75	66	58
75	66	59
75	66	60
75	66	61
75	66	62
75	66	63
75	66	64
75	66	65
75	66	66
75	66	67
75	67	48
75	67	49
75	67	50
75	67	51
75	67	52
75	67	53
75	67	54
75	67	55
75	67	56
75	67	57
75	67	58
75	67	59
75	67	60
75	67	61
75	67	62
75	67	63
75	67	64
75	67	65
75	67	66
75	67	67
75	68	48
75	68	49
75	68	50
75	68	51
75	68	52
75	68	53
75	68	54
75	68	55
75	68	56
75	68	57
75	68	58
75	68	59
75	68	60
75	68	61
75	68	62
75	68	63
75	68	64
75	68	65
75	68	66
75	68	67
75	69	49
75	69	50
75	69	51
75	69	52
75	69	53
75	69	54
75	69	55
75	69	56
75	69	57
75	69	58
75	69	59
75	69	60
75	69	61
75	69	62
75	69	63
75	69	64
75	69	65
75	69	66
75	69	67
75	70	50
75	70	51
75	70	52
75	70	53
75	70	54
75	70	55
75	70	56
75	70	57
75	70	58
75	70	59
75	70	60
75	70	61
75	70	62
75	70	63
75	70	64
75	70	65
75	70	66
75	70	67
75	71	50
75	71	51
75	71	52
75	71	53
75	71	54
75	71	55
75	71	56
75	71	57
75	71	58
75	71	59
75	71	60
75	71	61
75	71	62
75	71	63
75	71	64
75	71	65
75	71	66
75	71	67
75	72	51
75	72	52
75	72	53
75	72	54
75	72	55
75	72	56
75	72	57
75	72	58
75	72	59
75	72	60
75	72	61
75	72	62
75	72	63
75	72	64
75	72	65
75	72	66
75	72	67
75	73	51
75	73	52
75	73	53
75	73	54
75	73	55
75	73	56
75	73	57
75	73	58
75	73	59
75	73	60
75	73	61
75	73	62
75	73	63
75	73	64
75	73	65
75	73	66
75	73	67
75	74	51
75	74	52
75	74	53
75	74	54
75	74	55
75	74	56
75	74	57
75	74	58
75	74	59
75	74	60
75	74	61
75	74	62
75	74	63
75	74	64
75	74	65
75	74	66
75	74	67
75	74	68
75	75	51
75	75	52
75	75	53
75	75	54
75	75	55
75	75	56
75	75	57
75	75	58
75	75	59
75	75	60
75	75	61
75	75	62
75	75	63
75	75	64
75	75	65
75	75	66
75	75	67
75	75	68
75	76	52
75	76	53
75	76	54
75	76	55
75	76	56
75	76	57
75	76	58
75	76	59
75	76	60
75	76	61
75	76	62
75	76	63
75	76	64
75	76	65
75	76	66
75	76	67
75	76	68
75	77	52
75	77	53
75	77	54
75	77	55
75	77	56
75	77	57
75	77	58
75	77	59
75	77	60
75	77	61
75	77	62
75	77	63
75	77	64
75	77	65
75	77	66
75	77	67
75	77	68
75	78	53
75	78	54
75	78	55
75	78	56
75	78	57
75	78	58
75	78	59
75	78	60
75	78	61
75	78	62
75	78	63
75	78	64
75	78	65
75	78	66
75	78	67
75	78	68
75	79	54
75	79	55
75	79	56
75	79	57
75	79	58
75	79	59
75	79	60
75	79	61
75	79	62
75	79	63
75	79	64
75	79	65
75	79	66
75	79	67
75	79	68
75	80	55
75	80	56
75	80	57
75	80	58
75	80	59
75	80	60
75	80	61
75	80	62
75	80	63
75	80	64
75	80	65
75	80	66
75	80	67
75	81	55
75	81	56
75	81	57
75	81	58
75	81	59
75	81	60
75	81	61
75	81	62
75	81	63
75	81	64
75	81	65
75	81	66
75	81	67
75	82	56
75	82	57
75	82	58
75	82	59
75	82	60
75	82	61
75	82	62
75	82	63
75	82	64
75	82	65
75	82	66
75	83	57
75	83	58
75	83	59
75	83	60
75	83	61
75	83	62
75	83	63
75	83	64
75	83	65
75	84	58
75	84	59
75	84	60
75	84	61
76	62	49
76	62	50
76	62	51
76	62	52
76	62	53
76	62	54
76	62	55
76	62	58
76	62	59
76	62	60
76	62	61
76	62	62
76	63	49
76	63	50
76	63	51
76	63	52
76	63	53
76	63	54
76	63	55
76	63	56
76	63	57
76	63	58
76	63	59
76	63	60
76	63	61
76	63	62
76	63	63
76	63	64
76	64	49
76	64	50
76	64	51
76	64	52
76	64	53
76	64	54
76	64	55
76	64	56
76	64	57
76	64	58
76	64	59
76	64	60
76	64	61
76	64	62
76	64	63
76	64	64
76	64	65
76	65	49
76	65	50
76	65	51
76	65	52
76	65	53
76	65	54
76	65	55
76	65	56
76	65	57
76	65	58
76	65	59
76	65	60
76	65	61
76	65	62
76	65	63
76	65	64
76	65	65
76	65	66
76	66	48
76	66	49
76	66	50
76	66	51
76	66	52
76	66	53
76	66	54
76	66	55
76	66	56
76	66	57
76	66	58
76	66	59
76	66	60
76	66	61
76	66	62
76	66	63
76	66	64
76	66	65
76	66	66
76	67	48
76	67	49
76	67	50
76	67	51
76	67	52
76	67	53
76	67	54
76	67	55
76	67	56
76	67	57
76	67	58
76	67	59
76	67	60
76	67	61
76	67	62
76	67	63
76	67	64
76	67	65
76	67	66
76	67	67
76	68	49
76	68	50
76	68	51
76	68	52
76	68	53
76	68	54
76	68	55
76	68	56
76	68	57
76	68	58
76	68	59
76	68	60
76	68	61
76	68	62
76	68	63
76	68	64
76	68	65
76	68	66
76	68	67
76	69	50
76	69	51
76	69	52
76	69	53
76	69	54
76	69	55
76	69	56
76	69	57
76	69	58
76	69	59
76	69	60
76	69	61
76	69	62
76	69	63
76	69	64
76	69	65
76	69	66
76	69	67
76	70	51
76	70	52
76	70	53
76	70	54
76	70	55
76	70	56
76	70	57
76	70	58
76	70	59
76	70	60
76	70	61
76	70	62
76	70	63
76	70	64
76	70	65
76	70	66
76	70	67
76	71	51
76	71	52
76	71	53
76	71	54
76	71	55
76	71	56
76	71	57
76	71	58
76	71	59
76	71	60
76	71	61
76	71	62
76	71	63
76	71	64
76	71	65
76	71	66
76	71	67
76	72	51
76	72	52
76	72	53
76	72	54
76	72	55
76	72	56
76	72	57
76	72	58
76	72	59
76	72	60
76	72	61
76	72	62
76	72	63
76	72	64
76	72	65
76	72	66
76	72	67
76	73	52
76	73	53
76	73	54
76	73	55
76	73	56
76	73	57
76	73	58
76	73	59
76	73	60
76	73	61
76	73	62
76	73	63
76	73	64
76	73	65
76	73	66
76	73	67
76	74	52
76	74	53
76	74	54
76	74	55
76	74	56
76	74	57
76	74	58
76	74	59
76	74	60
76	74	61
76	74	62
76	74	63
76	74	64
76	74	65
76	74	66
76	74	67
76	74	68
76	75	52
76	75	53
76	75	54
76	75	55
76	75	56
76	75	57
76	75	58
76	75	59
76	75	60
76	75	61
76	75	62
76	75	63
76	75	64
76	75	65
76	75	66
76	75	67
76	75	68
76	76	53
76	76	54
76	76	55
76	76	56
76	76	57
76	76	58
76	76	59
76	76	60
76	76	61
76	76	62
76	76	63
76	76	64
76	76	65
76	76	66
76	76	67
76	76	68
76	77	54
76	77	55
76	77	56
76	77	57
76	77	58
76	77	59
76	77	60
76	77	61
76	77	62
76	77	63
76	77	64
76	77	65
76	77	66
76	77	67
76	77	68
76	78	55
76	78	56
76	78	57
76	78	58
76	78	59
76	78	60
76	78	61
76	78	62
76	78	63
76	78	64
76	78	65
76	78	66
76	78	67
76	78	68
76	79	56
76	79	57
76	79	58
76	79	59
76	79	60
76	79	61
76	79	62
76	79	63
76	79	64
76	79	65
76	79	66
76	79	67
76	79	68
76	80	57
76	80	58
76	80	59
76	80	60
76	80	61
76	80	62
76	80	63
76	80	64
76	80	65
76	80	66
76	80	67
76	81	57
76	81	58
76	81	59
76	81	60
76	81	61
76	81	62
76	81	63
76	81	64
76	81	65
76	81	66
76	81	67
76	82	58
76	82	59
76	82	60
76	82	61
76	82	62
76	82	63
76	82	64
76	82	65
76	82	66
76	83	59
76	83	60
76	83	61
76	83	62
77	63	50
77	63	51
77	63	52
77	63	53
77	63	54
77	63	55
77	63	56
77	63	57
77	63	58
77	63	59
77	63	60
77	63	61
77	63	62
77	64	49
77	64	50
77	64	51
77	64	52
77	64	53
77	64	54
77	64	55
77	64	56
77	64	57
77	64	58
77	64	59
77	64	60
77	64	61
77	64	62
77	64	63
77	65	49
77	65	50
77	65	51
77	65	52
77	65	53
77	65	54
77	65	55
77	65	56
77	65	57
77	65	58
77	65	59
77	65	60
77	65	61
77	65	62
77	65	63
77	65	64
77	66	49
77	66	50
77	66	51
77	66	52
77	66	53
77	66	54
77	66	55
77	66	56
77	66	57
77	66	58
77	66	59
77	66	60
77	66	61
77	66	62
77	66	63
77	66	64
77	66	65
77	67	49
77	67	50
77	67	51
77	67	52
77	67	53
77	67	54
77	67	55
77	67	56
77	67	57
77	67	58
77	67	59
77	67	60
77	67	61
77	67	62
77	67	63
77	67	64
77	67	65
77	67	66
77	68	50
77	68	51
77	68	52
77	68	53
77	68	54
77	68	55
77	68	56
77	68	57
77	68	58
77	68	59
77	68	60
77	68	61
77	68	62
77	68	63
77	68	64
77	68	65
77	68	66
77	69	51
77	69	52
77	69	53
77	69	54
77	69	55
77	69	56
77	69	57
77	69	58
77	69	59
77	69	60
77	69	61
77	69	62
77	69	63
77	69	64
77	69	65
77	69	66
77	70	52
77	70	53
77	70	54
77	70	55
77	70	56
77	70	57
77	70	58
77	70	59
77	70	60
77	70	61
77	70	62
77	70	63
77	70	64
77	70	65
77	70	66
77	71	52
77	71	53
77	71	54
77	71	55
77	71	56
77	71	57
77	71	58
77	71	59
77	71	60
77	71	61
77	71	62
77	71	63
77	71	64
77	71	65
77	71	66
77	71	67
77	72	52
77	72	53
77	72	54
77	72	55
77	72	56
77	72	57
77	72	58
77	72	59
77	72	60
77	72	61
77	72	62
77	72	63
77	72	64
77	72	65
77	72	66
77	72	67
77	73	53
77	73	54
77	73	55
77	73	56
77	73	57
77	73	58
77	73	59
77	73	60
77	73	61
77	73	62
77	73	63
77	73	64
77	73	65
77	73	66
77	73	67
77	74	53
77	74	54
77	74	55
77	74	56
77	74	57
77	74	58
77	74	59
77	74	60
77	74	61
77	74	62
77	74	63
77	74	64
77	74	65
77	74	66
77	74	67
77	75	54
77	75	55
77	75	56
77	75	57
77	75	58
77	75	59
77	75	60
77	75	61
77	75	62
77	75	63
77	75	64
77	75	65
77	75	66
77	75	67
77	75	68
77	76	55
77	76	56
77	76	57
77	76	58
77	76	59
77	76	60
77	76	61
77	76	62
77	76	63
77	76	64
77	76	65
77	76	66
77	76	67
77	76	68
77	77	56
77	77	57
77	77	58
77	77	59
77	77	60
77	77	61
77	77	62
77	77	63
77	77	64
77	77	65
77	77	66
77	77	67
77	77	68
77	78	57
77	78	58
77	78	59
77	78	60
77	78	61
77	78	62
77	78	63
77	78	64
77	78	65
77	78	66
77	78	67
77	78	68
77	79	58
77	79	59
77	79	60
77	79	61
77	79	62
77	79	63
77	79	64
77	79	65
77	79	66
77	79	67
77	79	68
77	80	58
77	80	59
77	80	60
77	80	61
77	80	62
77	80	63
77	80	64
77	80	65
77	80	66
77	80	67
77	81	59
77	81	60
77	81	61
77	81	62
77	81	63
77	81	64
77	81	65
77	81	66
77	81	67
78	64	52
78	64	53
78	64	54
78	64	55
78	64	56
78	64	57
78	64	58
78	64	59
78	64	60
78	64	61
78	65	51
78	65	52
78	65	53
78	65	54
78	65	55
78	65	56
78	65	57
78	65	58
78	65	59
78	65	60
78	65	61
78	65	62
78	65	63
78	66	50
78	66	51
78	66	52
78	66	53
78	66	54
78	66	55
78	66	56
78	66	57
78	66	58
78	66	59
78	66	60
78	66	61
78	66	62
78	66	63
78	66	64
78	67	50
78	67	51
78	67	52
78	67	53
78	67	54
78	67	55
78	67	56
78	67	57
78	67	58
78	67	59
78	67	60
78	67	61
78	67	62
78	67	63
78	67	64
78	67	65
78	68	51
78	68	52
78	68	53
78	68	54
78	68	55
78	68	56
78	68	57
78	68	58
78	68	59
78	68	60
78	68	61
78	68	62
78	68	63
78	68	64
78	68	65
78	69	52
78	69	53
78	69	54
78	69	55
78	69	56
78	69	57
78	69	58
78	69	59
78	69	60
78	69	61
78	69	62
78	69	63
78	69	64
78	69	65
78	69	66
78	70	53
78	70	54
78	70	55
78	70	56
78	70	57
78	70	58
78	70	59
78	70	60
78	70	61
78	70	62
78	70	63
78	70	64
78	70	65
78	70	66
78	71	53
78	71	54
78	71	55
78	71	56
78	71	57
78	71	58
78	71	59
78	71	60
78	71	61
78	71	62
78	71	63
78	71	64
78	71	65
78	71	66
78	72	54
78	72	55
78	72	56
78	72	57
78	72	58
78	72	59
78	72	60
78	72	61
78	72	62
78	72	63
78	72	64
78	72	65
78	72	66
78	73	54
78	73	55
78	73	56
78	73	57
78	73	58
78	73	59
78	73	60
78	73	61
78	73	62
78	73	63
78	73	64
78	73	65
78	73	66
78	73	67
78	74	56
78	74	57
78	74	58
78	74	59
78	74	60
78	74	61
78	74	62
78	74	63
78	74	64
78	74	65
78	74	66
78	74	67
78	75	56
78	75	57
78	75	58
78	75	59
78	75	60
78	75	61
78	75	62
78	75	63
78	75	64
78	75	65
78	75	66
78	75	67
78	76	57
78	76	58
78	76	59
78	76	60
78	76	61
78	76	62
78	76	63
78	76	64
78	76	65
78	76	66
78	76	67
78	76	68
78	77	58
78	77	59
78	77	60
78	77	61
78	77	62
78	77	63
78	77	64
78	77	65
78	77	66
78	77	67
78	77	68
78	78	58
78	78	59
78	78	60
78	78	61
78	78	62
78	78	63
78	78	64
78	78	65
78	78	66
78	78	67
78	78	68
78	79	59
78	79	60
78	79	61
78	79	62
78	79	63
78	79	64
78	79	65
78	79	66
78	79	67
78	79	68
78	80	60
78	80	61
78	80	62
78	80	63
78	80	64
78	80	65
78	80	66
78	80	67
78	80	68
79	64	56
79	65	53
79	65	54
79	65	55
79	65	56
79	65	57
79	65	58
79	65	59
79	65	60
79	65	61
79	66	52
79	66	53
79	66	54
79	66	55
79	66	56
79	66	57
79	66	58
79	66	59
79	66	60
79	66	61
79	66	62
79	66	63
79	67	52
79	67	53
79	67	54
79	67	55
79	67	56
79	67	57
79	67	58
79	67	59
79	67	60
79	67	61
79	67	62
79	67	63
79	67	64
79	68	53
79	68	54
79	68	55
79	68	56
79	68	57
79	68	58
79	68	59
79	68	60
79	68	61
79	68	62
79	68	63
79	68	64
79	68	65
79	69	53
79	69	54
79	69	55
79	69	56
79	69	57
79	69	58
79	69	59
79	69	60
79	69	61
79	69	62
79	69	63
79	69	64
79	69	65
79	70	54
79	70	55
79	70	56
79	70	57
79	70	58
79	70	59
79	70	60
79	70	61
79	70	62
79	70	63
79	70	64
79	70	65
79	70	66
79	71	56
79	71	57
79	71	58
79	71	59
79	71	60
79	71	61
79	71	62
79	71	63
79	71	64
79	71	65
79	71	66
79	72	56
79	72	57
79	72	58
79	72	59
79	72	60
79	72	61
79	72	62
79	72	63
79	72	64
79	72	65
79	72	66
79	73	56
79	73	57
79	73	58
79	73	59
79	73	60
79	73	61
79	73	62
79	73	63
79	73	64
79	73	65
79	73	66
79	74	57
79	74	58
79	74	59
79	74	60
79	74	61
79	74	62
79	74	63
79	74	64
79	74	65
79	74	66
79	75	57
79	75	58
79	75	59
79	75	60
79	75	61
79	75	62
79	75	63
79	75	64
79	75	65
79	75	66
79	75	67
79	76	58
79	76	59
79	76	60
79	76	61
79	76	62
79	76	63
79	76	64
79	76	65
79	76	66
79	76	67
79	77	59
79	77	60
79	77	61
79	77	62
79	77	63
79	77	64
79	77	65
79	77	66
79	77	67
79	78	59
79	78	60
79	78	61
79	78	62
79	78	63
79	78	64
79	78	65
79	78	66
79	78	67
79	78	68
79	79	61
79	79	62
79	79	63
79	79	64
79	79	65
79	79	66
79	79	67
79	79	68
79	80	66
79	80	67
79	80	68
79	81	68
80	65	55
80	65	56
80	65	57
80	65	58
80	66	53
80	66	54
80	66	55
80	66	56
80	66	57
80	66	58
80	66	59
80	66	60
80	66	61
80	67	53
80	67	54
80	67	55
80	67	56
80	67	57
80	67	58
80	67	59
80	67	60
80	67	61
80	67	62
80	67	63
80	68	54
80	68	55
80	68	56
80	68	57
80	68	58
80	68	59
80	68	60
80	68	61
80	68	62
80	68	63
80	68	64
80	69	56
80	69	57
80	69	58
80	69	59
80	69	60
80	69	61
80	69	62
80	69	63
80	69	64
80	69	65
80	70	57
80	70	58
80	70	59
80	70	60
80	70	61
80	70	62
80	70	63
80	70	64
80	70	65
80	71	57
80	71	58
80	71	59
80	71	60
80	71	61
80	71	62
80	71	63
80	71	64
80	71	65
80	72	57
80	72	58
80	72	59
80	72	60
80	72	61
80	72	62
80	72	63
80	72	64
80	72	65
80	73	57
80	73	58
80	73	59
80	73	60
80	73	61
80	73	62
80	73	63
80	73	64
80	73	65
80	73	66
80	74	57
80	74	58
80	74	59
80	74	60
80	74	61
80	74	62
80	74	63
80	74	64
80	74	65
80	74	66
80	75	58
80	75	59
80	75	60
80	75	61
80	75	62
80	75	63
80	75	64
80	75	65
80	75	66
80	76	59
80	76	60
80	76	61
80	76	62
80	76	63
80	76	64
80	76	65
80	76	66
80	77	60
80	77	61
80	77	62
80	77	63
80	77	64
80	77	65
80	77	66
80	77	67
80	78	62
80	78	63
80	78	64
80	78	65
80	78	66
80	78	67
80	79	66
80	79	67
80	79	68
80	80	67
80	80	68
80	81	68
81	66	54
81	66	55
81	66	56
81	66	57
81	66	58
81	67	54
81	67	55
81	67	56
81	67	57
81	67	58
81	67	59
81	67	60
81	67	61
81	68	56
81	68	57
81	68	58
81	68	59
81	68	60
81	68	61
81	68	62
81	68	63
81	69	58
81	69	59
81	69	60
81	69	61
81	69	62
81	69	63
81	69	64
81	70	58
81	70	59
81	70	60
81	70	61
81	70	62
81	70	63
81	70	64
81	70	65
81	71	58
81	71	59
81	71	60
81	71	61
81	71	62
81	71	63
81	71	64
81	71	65
81	72	58
81	72	59
81	72	60
81	72	61
81	72	62
81	72	63
81	72	64
81	72	65
81	73	58
81	73	59
81	73	60
81	73	61
81	73	62
81	73	63
81	73	64
81	73	65
81	74	58
81	74	59
81	74	60
81	74	61
81	74	62
81	74	63
81	74	64
81	74	65
81	75	58
81	75	59
81	75	60
81	75	61
81	75	62
81	75	63
81	75	64
81	75	65
81	76	59
81	76	60
81	76	61
81	76	62
81	76	63
81	76	64
81	76	65
81	76	66
81	77	63
81	77	64
81	77	65
81	77	66
82	66	54
82	66	55
82	66	56
82	66	57
82	67	55
82	67	56
82	67	57
82	67	58
82	68	59
82	68	60
82	69	59
82	69	60
82	69	61
82	69	62
82	69	63
82	70	59
82	70	60
82	70	61
82	70	62
82	70	63
82	70	64
82	71	59
82	71	60
82	71	61
82	71	62
82	71	63
82	71	64
82	72	59
82	72	60
82	72	61
82	72	62
82	72	63
82	72	64
82	73	59
82	73	60
82	73	61
82	73	62
82	73	63
82	73	64
82	74	59
82	74	60
82	74	61
82	74	62
82	74	63
82	74	64
82	75	59
82	75	60
82	75	61
82	75	62
82	75	63
82	75	64
82	75	65
82	76	64
82	76	65
83	70	60
83	70	61
83	70	62
83	70	63
83	71	60
83	71	61
83	71	62
83	71	63
83	71	64
83	72	60
83	72	61
83	72	62
83	72	63
83	72	64
83	73	60
83	73	61
83	73	62
83	73	63
83	73	64
83	74	60
83	74	61
83	74	62
83	74	63
83	74	64
84	71	61
84	71	62
84	71	63
84	72	61
84	72	62
84	72	63
84	73	61
84	73	62
84	73	63
85	72	62
