#i	j	k
24	45	58
25	44	57
25	45	57
25	45	58
26	44	57
26	44	58
26	45	59
27	44	58
27	44	59
27	44	60
27	45	59
27	45	60
28	44	59
28	44	60
28	44	61
28	45	59
28	45	60
28	45	61
28	45	62
28	46	61
29	43	60
29	44	59
29	44	60
29	44	61
29	44	62
29	45	59
29	45	60
29	45	61
29	45	62
29	45	63
29	46	60
29	46	61
29	46	62
29	46	63
30	43	60
30	43	61
30	44	59
30	44	60
30	44	61
30	44	62
30	44	63
30	45	59
30	45	60
30	45	61
30	45	62
30	45	63
30	45	64
30	46	59
30	46	60
30	46	61
30	46	62
30	46	63
30	46	64
30	47	60
30	47	61
30	47	62
30	47	63
31	43	60
31	43	61
31	43	62
31	43	63
31	44	59
31	44	60
31	44	61
31	44	62
31	44	63
31	44	64
31	45	58
31	45	59
31	45	60
31	45	61
31	45	62
31	45	63
31	45	64
31	45	65
31	46	58
31	46	59
31	46	60
31	46	61
31	46	62
31	46	63
31	46	64
31	46	65
31	47	59
31	47	60
31	47	61
31	47	62
31	47	63
31	47	64
31	47	65
31	47	66
31	48	60
31	48	61
31	48	62
31	48	63
31	48	64
31	48	65
32	43	59
32	43	60
32	43	61
32	43	62
32	43	63
32	43	64
32	44	58
32	44	59
32	44	60
32	44	61
32	44	62
32	44	63
32	44	64
32	44	65
32	45	57
32	45	58
32	45	59
32	45	60
32	45	61
32	45	62
32	45	63
32	45	64
32	45	65
32	45	66
32	46	57
32	46	58
32	46	59
32	46	60
32	46	61
32	46	62
32	46	63
32	46	64
32	46	65
32	46	66
32	47	58
32	47	59
32	47	60
32	47	61
32	47	62
32	47	63
32	47	64
32	47	65
32	47	66
32	48	59
32	48	60
32	48	61
32	48	62
32	48	63
32	48	64
32	48	65
32	48	66
32	49	62
32	49	63
32	49	64
33	42	60
33	42	61
33	42	62
33	43	58
33	43	59
33	43	60
33	43	61
33	43	62
33	43	63
33	43	64
33	43	65
33	44	56
33	44	57
33	44	58
33	44	59
33	44	60
33	44	61
33	44	62
33	44	63
33	44	64
33	44	65
33	44	66
33	45	55
33	45	56
33	45	57
33	45	58
33	45	59
33	45	60
33	45	61
33	45	62
33	45	63
33	45	64
33	45	65
33	45	66
33	45	67
33	46	56
33	46	57
33	46	58
33	46	59
33	46	60
33	46	61
33	46	62
33	46	63
33	46	64
33	46	65
33	46	66
33	47	57
33	47	58
33	47	59
33	47	60
33	47	61
33	47	62
33	47	63
33	47	64
33	47	65
33	48	59
33	48	60
33	48	61
33	48	62
33	48	63
33	48	64
33	48	65
33	49	61
33	49	62
33	49	63
33	49	64
34	42	58
34	42	59
34	42	60
34	42	61
34	42	62
34	42	63
34	43	55
34	43	56
34	43	57
34	43	58
34	43	59
34	43	60
34	43	61
34	43	62
34	43	63
34	43	64
34	43	65
34	44	55
34	44	56
34	44	57
34	44	58
34	44	59
34	44	60
34	44	61
34	44	62
34	44	63
34	44	64
34	44	65
34	44	66
34	44	67
34	45	55
34	45	56
34	45	57
34	45	58
34	45	59
34	45	60
34	45	61
34	45	62
34	45	63
34	45	64
34	45	65
34	45	66
34	45	67
34	46	55
34	46	56
34	46	57
34	46	58
34	46	59
34	46	60
34	46	61
34	46	62
34	46	63
34	46	64
34	46	65
34	46	66
34	47	57
34	47	58
34	47	59
34	47	60
34	47	61
34	47	62
34	47	63
34	47	64
34	47	65
34	48	59
34	48	60
34	48	61
34	48	62
34	48	63
34	48	64
34	48	65
34	49	61
34	49	62
34	49	63
34	49	64
35	41	55
35	42	55
35	42	56
35	42	57
35	42	58
35	42	59
35	42	60
35	42	61
35	42	62
35	42	63
35	43	55
35	43	56
35	43	57
35	43	58
35	43	59
35	43	60
35	43	61
35	43	62
35	43	63
35	43	64
35	43	65
35	43	66
35	44	55
35	44	56
35	44	57
35	44	58
35	44	59
35	44	60
35	44	61
35	44	62
35	44	63
35	44	64
35	44	65
35	44	66
35	44	67
35	45	55
35	45	56
35	45	57
35	45	58
35	45	59
35	45	60
35	45	61
35	45	62
35	45	63
35	45	64
35	45	65
35	45	66
35	45	67
35	46	55
35	46	56
35	46	57
35	46	58
35	46	59
35	46	60
35	46	61
35	46	62
35	46	63
35	46	64
35	46	65
35	46	66
35	47	56
35	47	57
35	47	58
35	47	59
35	47	60
35	47	61
35	47	62
35	47	63
35	47	64
35	47	65
35	48	59
35	48	60
35	48	61
35	48	62
35	48	63
35	48	64
35	48	65
35	49	62
35	49	63
35	49	64
36	40	54
36	40	55
36	40	56
36	41	54
36	41	55
36	41	56
36	41	57
36	41	58
36	41	59
36	42	54
36	42	55
36	42	56
36	42	57
36	42	58
36	42	59
36	42	60
36	42	61
36	42	62
36	42	63
36	43	54
36	43	55
36	43	56
36	43	57
36	43	58
36	43	59
36	43	60
36	43	61
36	43	62
36	43	63
36	43	64
36	43	65
36	44	54
36	44	55
36	44	56
36	44	57
36	44	58
36	44	59
36	44	60
36	44	61
36	44	62
36	44	63
36	44	64
36	44	65
36	44	66
36	44	67
36	45	54
36	45	55
36	45	56
36	45	57
36	45	58
36	45	59
36	45	60
36	45	61
36	45	62
36	45	63
36	45	64
36	45	65
36	45	66
36	45	67
36	46	55
36	46	56
36	46	57
36	46	58
36	46	59
36	46	60
36	46	61
36	46	62
36	46	63
36	46	64
36	46	65
36	46	66
36	47	56
36	47	57
36	47	58
36	47	59
36	47	60
36	47	61
36	47	62
36	47	63
36	47	64
36	47	65
36	48	60
36	48	61
36	48	62
36	48	63
36	48	64
36	48	65
36	49	63
36	49	64
37	39	54
37	39	55
37	39	56
37	40	54
37	40	55
37	40	56
37	40	57
37	40	58
37	41	53
37	41	54
37	41	55
37	41	56
37	41	57
37	41	58
37	41	59
37	41	60
37	42	53
37	42	54
37	42	55
37	42	56
37	42	57
37	42	58
37	42	59
37	42	60
37	42	61
37	42	62
37	42	63
37	43	53
37	43	54
37	43	55
37	43	56
37	43	57
37	43	58
37	43	59
37	43	60
37	43	61
37	43	62
37	43	63
37	43	64
37	43	65
37	44	53
37	44	54
37	44	55
37	44	56
37	44	57
37	44	58
37	44	59
37	44	60
37	44	61
37	44	62
37	44	63
37	44	64
37	44	65
37	44	66
37	45	54
37	45	55
37	45	56
37	45	57
37	45	58
37	45	59
37	45	60
37	45	61
37	45	62
37	45	63
37	45	64
37	45	65
37	45	66
37	45	67
37	46	55
37	46	56
37	46	57
37	46	58
37	46	59
37	46	60
37	46	61
37	46	62
37	46	63
37	46	64
37	46	65
37	46	66
37	47	57
37	47	58
37	47	59
37	47	60
37	47	61
37	47	62
37	47	63
37	47	64
37	47	65
37	47	66
37	48	60
37	48	61
37	48	62
37	48	63
37	48	64
37	48	65
37	48	66
38	38	54
38	38	55
38	39	53
38	39	54
38	39	55
38	39	56
38	39	57
38	40	53
38	40	54
38	40	55
38	40	56
38	40	57
38	40	58
38	40	59
38	41	53
38	41	54
38	41	55
38	41	56
38	41	57
38	41	58
38	41	59
38	41	60
38	41	61
38	42	53
38	42	54
38	42	55
38	42	56
38	42	57
38	42	58
38	42	59
38	42	60
38	42	61
38	42	62
38	43	53
38	43	54
38	43	55
38	43	56
38	43	57
38	43	58
38	43	59
38	43	60
38	43	61
38	43	62
38	43	63
38	43	64
38	44	53
38	44	54
38	44	55
38	44	56
38	44	57
38	44	58
38	44	59
38	44	60
38	44	61
38	44	62
38	44	63
38	44	64
38	44	65
38	44	66
38	45	54
38	45	55
38	45	56
38	45	57
38	45	58
38	45	59
38	45	60
38	45	61
38	45	62
38	45	63
38	45	64
38	45	65
38	45	66
38	45	67
38	46	55
38	46	56
38	46	57
38	46	58
38	46	59
38	46	60
38	46	61
38	46	62
38	46	63
38	46	64
38	46	65
38	46	66
38	46	67
38	47	59
38	47	60
38	47	61
38	47	62
38	47	63
38	47	64
38	47	65
38	47	66
38	47	67
38	48	61
38	48	62
38	48	63
38	48	64
38	48	65
38	48	66
38	48	67
39	38	54
39	38	55
39	38	56
39	38	57
39	39	53
39	39	54
39	39	55
39	39	56
39	39	57
39	39	58
39	40	53
39	40	54
39	40	55
39	40	56
39	40	57
39	40	58
39	40	59
39	41	53
39	41	54
39	41	55
39	41	56
39	41	57
39	41	58
39	41	59
39	41	60
39	41	61
39	42	53
39	42	54
39	42	55
39	42	56
39	42	57
39	42	58
39	42	59
39	42	60
39	42	61
39	42	62
39	43	53
39	43	54
39	43	55
39	43	56
39	43	57
39	43	58
39	43	59
39	43	60
39	43	61
39	43	62
39	43	63
39	43	64
39	44	53
39	44	54
39	44	55
39	44	56
39	44	57
39	44	58
39	44	59
39	44	60
39	44	61
39	44	62
39	44	63
39	44	64
39	44	65
39	45	54
39	45	55
39	45	56
39	45	57
39	45	58
39	45	59
39	45	60
39	45	61
39	45	62
39	45	63
39	45	64
39	45	65
39	45	66
39	46	57
39	46	58
39	46	59
39	46	60
39	46	61
39	46	62
39	46	63
39	46	64
39	46	65
39	46	66
39	46	67
39	47	60
39	47	61
39	47	62
39	47	63
39	47	64
39	47	65
39	47	66
39	47	67
39	48	62
39	48	63
39	48	64
39	48	65
40	38	54
40	38	55
40	38	56
40	38	57
40	39	53
40	39	54
40	39	55
40	39	56
40	39	57
40	39	58
40	40	52
40	40	53
40	40	54
40	40	55
40	40	56
40	40	57
40	40	58
40	40	59
40	40	60
40	41	52
40	41	53
40	41	54
40	41	55
40	41	56
40	41	57
40	41	58
40	41	59
40	41	60
40	41	61
40	42	52
40	42	53
40	42	54
40	42	55
40	42	56
40	42	57
40	42	58
40	42	59
40	42	60
40	42	61
40	42	62
40	43	53
40	43	54
40	43	55
40	43	56
40	43	57
40	43	58
40	43	59
40	43	60
40	43	61
40	43	62
40	43	63
40	43	64
40	44	53
40	44	54
40	44	55
40	44	56
40	44	57
40	44	58
40	44	59
40	44	60
40	44	61
40	44	62
40	44	63
40	44	64
40	44	65
40	45	57
40	45	58
40	45	59
40	45	60
40	45	61
40	45	62
40	45	63
40	45	64
40	45	65
40	45	66
40	46	59
40	46	60
40	46	61
40	46	62
40	46	63
40	46	64
40	46	65
40	46	66
40	47	60
40	47	61
40	47	62
40	47	63
40	47	64
40	47	65
40	47	66
40	48	63
41	38	54
41	38	55
41	38	56
41	38	57
41	39	52
41	39	53
41	39	54
41	39	55
41	39	56
41	39	57
41	39	58
41	40	52
41	40	53
41	40	54
41	40	55
41	40	56
41	40	57
41	40	58
41	40	59
41	41	52
41	41	53
41	41	54
41	41	55
41	41	56
41	41	57
41	41	58
41	41	59
41	41	60
41	41	61
41	42	52
41	42	53
41	42	54
41	42	55
41	42	56
41	42	57
41	42	58
41	42	59
41	42	60
41	42	61
41	42	62
41	43	56
41	43	57
41	43	58
41	43	59
41	43	60
41	43	61
41	43	62
41	43	63
41	44	57
41	44	58
41	44	59
41	44	60
41	44	61
41	44	62
41	44	63
41	44	64
41	44	65
41	45	58
41	45	59
41	45	60
41	45	61
41	45	62
41	45	63
41	45	64
41	45	65
41	46	59
41	46	60
41	46	61
41	46	62
41	46	63
41	46	64
41	46	65
41	46	66
41	47	61
41	47	62
41	47	63
41	47	64
41	47	65
41	47	66
42	39	53
42	39	54
42	39	55
42	39	56
42	39	57
42	39	58
42	40	53
42	40	54
42	40	55
42	40	56
42	40	57
42	40	58
42	40	59
42	41	55
42	41	56
42	41	57
42	41	58
42	41	59
42	41	60
42	42	57
42	42	58
42	42	59
42	42	60
42	42	61
42	43	57
42	43	58
42	43	59
42	43	60
42	43	61
42	43	62
42	43	63
42	44	58
42	44	59
42	44	60
42	44	61
42	44	62
42	44	63
42	44	64
42	45	59
42	45	60
42	45	61
42	45	62
42	45	63
42	45	64
42	45	65
42	45	66
42	46	60
42	46	61
42	46	62
42	46	63
42	46	64
42	46	65
42	46	66
42	47	61
42	47	62
42	47	63
42	47	64
42	47	65
42	47	66
42	48	64
42	48	65
42	54	77
43	39	56
43	39	57
43	40	56
43	40	57
43	41	57
43	41	58
43	41	59
43	42	58
43	42	59
43	42	60
43	43	59
43	43	60
43	43	61
43	43	62
43	44	59
43	44	60
43	44	61
43	44	62
43	44	63
43	44	64
43	44	65
43	45	60
43	45	61
43	45	62
43	45	63
43	45	64
43	45	65
43	45	66
43	46	60
43	46	61
43	46	62
43	46	63
43	46	64
43	46	65
43	46	66
43	46	67
43	47	61
43	47	62
43	47	63
43	47	64
43	47	65
43	47	66
43	47	67
43	48	63
43	48	64
43	48	65
43	48	66
43	48	67
43	48	68
43	49	64
43	49	65
43	49	66
43	49	67
43	49	68
43	50	65
43	50	66
43	50	67
43	50	68
43	50	69
43	51	65
43	51	66
43	51	67
43	51	68
43	51	69
43	51	70
43	51	71
43	52	65
43	52	66
43	52	67
43	52	68
43	52	69
43	52	70
43	52	71
43	52	72
43	52	73
43	53	65
43	53	66
43	53	67
43	53	68
43	53	69
43	53	70
43	53	71
43	53	72
43	53	73
43	53	74
43	53	75
43	53	76
43	53	77
43	53	78
43	54	69
43	54	70
43	54	71
43	54	72
43	54	73
43	54	74
43	54	75
43	54	76
43	54	77
43	54	78
43	54	79
43	55	71
43	55	72
43	55	76
43	55	77
43	55	78
44	43	59
44	43	60
44	43	61
44	43	62
44	44	60
44	44	61
44	44	62
44	44	63
44	44	64
44	44	65
44	45	60
44	45	61
44	45	62
44	45	63
44	45	64
44	45	65
44	45	66
44	45	67
44	46	60
44	46	61
44	46	62
44	46	63
44	46	64
44	46	65
44	46	66
44	46	67
44	46	68
44	47	61
44	47	62
44	47	63
44	47	64
44	47	65
44	47	66
44	47	67
44	47	68
44	47	69
44	48	62
44	48	63
44	48	64
44	48	65
44	48	66
44	48	67
44	48	68
44	48	69
44	48	70
44	49	63
44	49	64
44	49	65
44	49	66
44	49	67
44	49	68
44	49	69
44	49	70
44	49	71
44	50	63
44	50	64
44	50	65
44	50	66
44	50	67
44	50	68
44	50	69
44	50	70
44	50	71
44	50	72
44	51	63
44	51	64
44	51	65
44	51	66
44	51	67
44	51	68
44	51	69
44	51	70
44	51	71
44	51	72
44	51	73
44	51	74
44	52	62
44	52	63
44	52	64
44	52	65
44	52	66
44	52	67
44	52	68
44	52	69
44	52	70
44	52	71
44	52	72
44	52	73
44	52	74
44	52	75
44	52	76
44	52	77
44	53	64
44	53	65
44	53	66
44	53	67
44	53	68
44	53	69
44	53	70
44	53	71
44	53	72
44	53	73
44	53	74
44	53	75
44	53	76
44	53	77
44	53	78
44	53	79
44	54	65
44	54	66
44	54	67
44	54	68
44	54	69
44	54	70
44	54	71
44	54	72
44	54	73
44	54	74
44	54	75
44	54	76
44	54	77
44	54	78
44	54	79
44	54	80
44	55	66
44	55	67
44	55	68
44	55	69
44	55	70
44	55	71
44	55	72
44	55	73
44	55	74
44	55	75
44	55	76
44	55	77
44	55	78
44	55	79
45	43	60
45	43	61
45	44	60
45	44	61
45	44	62
45	44	63
45	44	64
45	44	65
45	44	66
45	45	60
45	45	61
45	45	62
45	45	63
45	45	64
45	45	65
45	45	66
45	45	67
45	45	68
45	46	60
45	46	61
45	46	62
45	46	63
45	46	64
45	46	65
45	46	66
45	46	67
45	46	68
45	46	69
45	47	61
45	47	62
45	47	63
45	47	64
45	47	65
45	47	66
45	47	67
45	47	68
45	47	69
45	47	70
45	48	61
45	48	62
45	48	63
45	48	64
45	48	65
45	48	66
45	48	67
45	48	68
45	48	69
45	48	70
45	48	71
45	49	62
45	49	63
45	49	64
45	49	65
45	49	66
45	49	67
45	49	68
45	49	69
45	49	70
45	49	71
45	49	72
45	49	73
45	50	62
45	50	63
45	50	64
45	50	65
45	50	66
45	50	67
45	50	68
45	50	69
45	50	70
45	50	71
45	50	72
45	50	73
45	50	74
45	51	62
45	51	63
45	51	64
45	51	65
45	51	66
45	51	67
45	51	68
45	51	69
45	51	70
45	51	71
45	51	72
45	51	73
45	51	74
45	51	75
45	51	76
45	52	62
45	52	63
45	52	64
45	52	65
45	52	66
45	52	67
45	52	68
45	52	69
45	52	70
45	52	71
45	52	72
45	52	73
45	52	74
45	52	75
45	52	76
45	52	77
45	52	78
45	53	63
45	53	64
45	53	65
45	53	66
45	53	67
45	53	68
45	53	69
45	53	70
45	53	71
45	53	72
45	53	73
45	53	74
45	53	75
45	53	76
45	53	77
45	53	78
45	53	79
45	53	80
45	54	64
45	54	65
45	54	66
45	54	67
45	54	68
45	54	69
45	54	70
45	54	71
45	54	72
45	54	73
45	54	74
45	54	75
45	54	76
45	54	77
45	54	78
45	54	79
45	54	80
45	55	65
45	55	66
45	55	67
45	55	68
45	55	69
45	55	70
45	55	71
45	55	72
45	55	73
45	55	74
45	55	75
45	55	76
45	55	77
45	55	78
45	56	67
45	56	69
45	56	70
45	56	71
45	56	72
46	44	62
46	44	63
46	44	64
46	44	65
46	44	66
46	45	62
46	45	63
46	45	64
46	45	65
46	45	66
46	45	67
46	45	68
46	45	69
46	46	61
46	46	62
46	46	63
46	46	64
46	46	65
46	46	66
46	46	67
46	46	68
46	46	69
46	46	70
46	47	61
46	47	62
46	47	63
46	47	64
46	47	65
46	47	66
46	47	67
46	47	68
46	47	69
46	47	70
46	47	71
46	48	61
46	48	62
46	48	63
46	48	64
46	48	65
46	48	66
46	48	67
46	48	68
46	48	69
46	48	70
46	48	71
46	48	72
46	48	73
46	49	62
46	49	63
46	49	64
46	49	65
46	49	66
46	49	67
46	49	68
46	49	69
46	49	70
46	49	71
46	49	72
46	49	73
46	49	74
46	50	62
46	50	63
46	50	64
46	50	65
46	50	66
46	50	67
46	50	68
46	50	69
46	50	70
46	50	71
46	50	72
46	50	73
46	50	74
46	50	75
46	51	62
46	51	63
46	51	64
46	51	65
46	51	66
46	51	67
46	51	68
46	51	69
46	51	70
46	51	71
46	51	72
46	51	73
46	51	74
46	51	75
46	51	76
46	51	77
46	52	62
46	52	63
46	52	64
46	52	65
46	52	66
46	52	67
46	52	68
46	52	69
46	52	70
46	52	71
46	52	72
46	52	73
46	52	74
46	52	75
46	52	76
46	52	77
46	52	78
46	52	79
46	53	63
46	53	64
46	53	65
46	53	66
46	53	67
46	53	68
46	53	69
46	53	70
46	53	71
46	53	72
46	53	73
46	53	74
46	53	75
46	53	76
46	53	77
46	53	78
46	53	79
46	53	80
46	54	64
46	54	65
46	54	66
46	54	67
46	54	68
46	54	69
46	54	70
46	54	71
46	54	72
46	54	73
46	54	74
46	54	75
46	54	76
46	54	77
46	54	78
46	54	79
46	54	80
46	55	65
46	55	66
46	55	67
46	55	68
46	55	69
46	55	70
46	55	71
46	55	72
46	55	73
46	55	74
46	55	75
46	55	76
46	55	77
46	56	66
46	56	67
46	56	68
46	56	69
46	56	70
46	56	71
46	56	72
46	56	73
47	44	63
47	44	64
47	44	65
47	44	66
47	45	63
47	45	64
47	45	65
47	45	66
47	45	67
47	45	68
47	45	69
47	45	70
47	46	62
47	46	63
47	46	64
47	46	65
47	46	66
47	46	67
47	46	68
47	46	69
47	46	70
47	46	71
47	47	62
47	47	63
47	47	64
47	47	65
47	47	66
47	47	67
47	47	68
47	47	69
47	47	70
47	47	71
47	47	72
47	48	61
47	48	62
47	48	63
47	48	64
47	48	65
47	48	66
47	48	67
47	48	68
47	48	69
47	48	70
47	48	71
47	48	72
47	48	73
47	48	74
47	49	62
47	49	63
47	49	64
47	49	65
47	49	66
47	49	67
47	49	68
47	49	69
47	49	70
47	49	71
47	49	72
47	49	73
47	49	74
47	49	75
47	50	62
47	50	63
47	50	64
47	50	65
47	50	66
47	50	67
47	50	68
47	50	69
47	50	70
47	50	71
47	50	72
47	50	73
47	50	74
47	50	75
47	50	76
47	50	77
47	51	62
47	51	63
47	51	64
47	51	65
47	51	66
47	51	67
47	51	68
47	51	69
47	51	70
47	51	71
47	51	72
47	51	73
47	51	74
47	51	75
47	51	76
47	51	77
47	51	78
47	52	62
47	52	63
47	52	64
47	52	65
47	52	66
47	52	67
47	52	68
47	52	69
47	52	70
47	52	71
47	52	72
47	52	73
47	52	74
47	52	75
47	52	76
47	52	77
47	52	78
47	52	79
47	53	62
47	53	63
47	53	64
47	53	65
47	53	66
47	53	67
47	53	68
47	53	69
47	53	70
47	53	71
47	53	72
47	53	73
47	53	74
47	53	75
47	53	76
47	53	77
47	53	78
47	53	79
47	53	80
47	54	63
47	54	64
47	54	65
47	54	66
47	54	67
47	54	68
47	54	69
47	54	70
47	54	71
47	54	72
47	54	73
47	54	74
47	54	75
47	54	76
47	54	77
47	54	78
47	54	79
47	55	64
47	55	65
47	55	66
47	55	67
47	55	68
47	55	69
47	55	70
47	55	71
47	55	72
47	55	73
47	55	74
47	55	75
47	55	76
47	55	77
47	56	66
47	56	67
47	56	68
47	56	69
47	56	70
47	56	71
47	56	72
47	56	73
47	56	74
48	45	67
48	45	68
48	45	69
48	45	70
48	46	66
48	46	67
48	46	68
48	46	69
48	46	70
48	46	71
48	47	66
48	47	67
48	47	68
48	47	69
48	47	70
48	47	71
48	47	72
48	47	73
48	48	61
48	48	62
48	48	64
48	48	65
48	48	66
48	48	67
48	48	68
48	48	69
48	48	70
48	48	71
48	48	72
48	48	73
48	48	74
48	48	75
48	49	61
48	49	62
48	49	63
48	49	64
48	49	65
48	49	66
48	49	67
48	49	68
48	49	69
48	49	70
48	49	71
48	49	72
48	49	73
48	49	74
48	49	75
48	49	76
48	50	62
48	50	63
48	50	64
48	50	65
48	50	66
48	50	67
48	50	68
48	50	69
48	50	70
48	50	71
48	50	72
48	50	73
48	50	74
48	50	75
48	50	76
48	50	77
48	50	78
48	51	62
48	51	63
48	51	64
48	51	65
48	51	66
48	51	67
48	51	68
48	51	69
48	51	70
48	51	71
48	51	72
48	51	73
48	51	74
48	51	75
48	51	76
48	51	77
48	51	78
48	51	79
48	52	62
48	52	63
48	52	64
48	52	65
48	52	66
48	52	67
48	52	68
48	52	69
48	52	70
48	52	71
48	52	72
48	52	73
48	52	74
48	52	75
48	52	76
48	52	77
48	52	78
48	52	79
48	52	80
48	53	62
48	53	63
48	53	64
48	53	65
48	53	66
48	53	67
48	53	68
48	53	69
48	53	70
48	53	71
48	53	72
48	53	73
48	53	74
48	53	75
48	53	76
48	53	77
48	53	78
48	53	79
48	53	80
48	54	63
48	54	64
48	54	65
48	54	66
48	54	67
48	54	68
48	54	69
48	54	70
48	54	71
48	54	72
48	54	73
48	54	74
48	54	75
48	54	76
48	54	77
48	54	78
48	54	79
48	55	64
48	55	65
48	55	66
48	55	67
48	55	68
48	55	69
48	55	70
48	55	71
48	55	72
48	55	73
48	55	74
48	55	75
48	55	76
48	55	77
48	56	68
48	56	69
48	56	70
48	56	71
48	56	72
48	56	73
48	56	74
49	46	68
49	46	69
49	46	70
49	46	71
49	46	72
49	47	67
49	47	68
49	47	69
49	47	70
49	47	71
49	47	72
49	47	73
49	47	74
49	48	60
49	48	61
49	48	65
49	48	66
49	48	67
49	48	68
49	48	69
49	48	70
49	48	71
49	48	72
49	48	73
49	48	74
49	48	75
49	48	76
49	49	59
49	49	60
49	49	61
49	49	62
49	49	63
49	49	64
49	49	65
49	49	66
49	49	67
49	49	68
49	49	69
49	49	70
49	49	71
49	49	72
49	49	73
49	49	74
49	49	75
49	49	76
49	49	77
49	50	61
49	50	62
49	50	63
49	50	64
49	50	65
49	50	66
49	50	67
49	50	68
49	50	69
49	50	70
49	50	71
49	50	72
49	50	73
49	50	74
49	50	75
49	50	76
49	50	77
49	50	78
49	51	62
49	51	63
49	51	64
49	51	65
49	51	66
49	51	67
49	51	68
49	51	69
49	51	70
49	51	71
49	51	72
49	51	73
49	51	74
49	51	75
49	51	76
49	51	77
49	51	78
49	51	79
49	52	62
49	52	63
49	52	64
49	52	65
49	52	66
49	52	67
49	52	68
49	52	69
49	52	70
49	52	71
49	52	72
49	52	73
49	52	74
49	52	75
49	52	76
49	52	77
49	52	78
49	52	79
49	52	80
49	53	63
49	53	64
49	53	65
49	53	66
49	53	67
49	53	68
49	53	69
49	53	70
49	53	71
49	53	72
49	53	73
49	53	74
49	53	75
49	53	76
49	53	77
49	53	78
49	53	79
49	53	80
49	54	63
49	54	64
49	54	65
49	54	66
49	54	67
49	54	68
49	54	69
49	54	70
49	54	71
49	54	72
49	54	73
49	54	74
49	54	75
49	54	76
49	54	77
49	54	78
49	54	79
49	55	65
49	55	66
49	55	67
49	55	68
49	55	69
49	55	70
49	55	71
49	55	72
49	55	73
49	55	74
49	55	75
49	55	76
49	55	77
49	56	68
49	56	69
49	56	70
49	56	71
49	56	72
49	56	73
49	56	74
50	46	71
50	46	72
50	47	61
50	47	67
50	47	68
50	47	69
50	47	70
50	47	71
50	47	72
50	47	73
50	47	74
50	47	75
50	48	59
50	48	60
50	48	61
50	48	62
50	48	66
50	48	67
50	48	68
50	48	69
50	48	70
50	48	71
50	48	72
50	48	73
50	48	74
50	48	75
50	48	76
50	49	58
50	49	59
50	49	60
50	49	61
50	49	62
50	49	63
50	49	64
50	49	65
50	49	66
50	49	67
50	49	68
50	49	69
50	49	70
50	49	71
50	49	72
50	49	73
50	49	74
50	49	75
50	49	76
50	49	77
50	49	78
50	50	57
50	50	58
50	50	59
50	50	60
50	50	61
50	50	62
50	50	63
50	50	64
50	50	65
50	50	66
50	50	67
50	50	68
50	50	69
50	50	70
50	50	71
50	50	72
50	50	73
50	50	74
50	50	75
50	50	76
50	50	77
50	50	78
50	50	79
50	51	58
50	51	59
50	51	60
50	51	61
50	51	62
50	51	63
50	51	64
50	51	65
50	51	66
50	51	67
50	51	68
50	51	69
50	51	70
50	51	71
50	51	72
50	51	73
50	51	74
50	51	75
50	51	76
50	51	77
50	51	78
50	51	79
50	52	62
50	52	63
50	52	64
50	52	65
50	52	66
50	52	67
50	52	68
50	52	69
50	52	70
50	52	71
50	52	72
50	52	73
50	52	74
50	52	75
50	52	76
50	52	77
50	52	78
50	52	79
50	52	80
50	53	63
50	53	64
50	53	65
50	53	66
50	53	67
50	53	68
50	53	69
50	53	70
50	53	71
50	53	72
50	53	73
50	53	74
50	53	75
50	53	76
50	53	77
50	53	78
50	53	79
50	53	80
50	54	64
50	54	65
50	54	66
50	54	67
50	54	68
50	54	69
50	54	70
50	54	71
50	54	72
50	54	73
50	54	74
50	54	75
50	54	76
50	54	77
50	54	78
50	54	79
50	54	80
50	55	66
50	55	67
50	55	68
50	55	69
50	55	70
50	55	71
50	55	72
50	55	73
50	55	74
50	55	75
50	55	76
50	55	77
50	55	78
50	56	69
50	56	70
50	56	71
50	56	72
50	56	73
50	56	74
50	56	75
51	47	67
51	47	68
51	47	69
51	47	70
51	47	71
51	47	72
51	47	73
51	47	74
51	47	75
51	47	76
51	48	59
51	48	60
51	48	64
51	48	65
51	48	66
51	48	67
51	48	68
51	48	69
51	48	70
51	48	71
51	48	72
51	48	73
51	48	74
51	48	75
51	48	76
51	48	77
51	49	58
51	49	59
51	49	60
51	49	61
51	49	62
51	49	63
51	49	64
51	49	65
51	49	66
51	49	67
51	49	68
51	49	69
51	49	70
51	49	71
51	49	72
51	49	73
51	49	74
51	49	75
51	49	76
51	49	77
51	49	78
51	50	57
51	50	58
51	50	59
51	50	60
51	50	61
51	50	62
51	50	63
51	50	64
51	50	65
51	50	66
51	50	67
51	50	68
51	50	69
51	50	70
51	50	71
51	50	72
51	50	73
51	50	74
51	50	75
51	50	76
51	50	77
51	50	78
51	50	79
51	51	58
51	51	59
51	51	60
51	51	61
51	51	62
51	51	63
51	51	64
51	51	65
51	51	66
51	51	67
51	51	68
51	51	69
51	51	70
51	51	71
51	51	72
51	51	73
51	51	74
51	51	75
51	51	76
51	51	77
51	51	78
51	51	79
51	52	59
51	52	62
51	52	63
51	52	64
51	52	65
51	52	66
51	52	67
51	52	68
51	52	69
51	52	70
51	52	71
51	52	72
51	52	73
51	52	74
51	52	75
51	52	76
51	52	77
51	52	78
51	52	79
51	52	80
51	53	63
51	53	64
51	53	65
51	53	66
51	53	67
51	53	68
51	53	69
51	53	70
51	53	71
51	53	72
51	53	73
51	53	74
51	53	75
51	53	76
51	53	77
51	53	78
51	53	79
51	53	80
51	54	65
51	54	66
51	54	67
51	54	68
51	54	69
51	54	70
51	54	71
51	54	72
51	54	73
51	54	74
51	54	75
51	54	76
51	54	77
51	54	78
51	54	79
51	54	80
51	55	67
51	55	68
51	55	69
51	55	70
51	55	71
51	55	72
51	55	73
51	55	74
51	55	75
51	55	76
51	55	77
51	55	78
51	55	79
51	56	66
51	56	69
51	56	70
51	56	71
51	56	72
51	56	73
51	56	74
51	56	75
52	47	68
52	47	69
52	47	70
52	47	71
52	47	72
52	47	73
52	47	74
52	47	75
52	47	76
52	48	59
52	48	60
52	48	67
52	48	68
52	48	69
52	48	70
52	48	71
52	48	72
52	48	73
52	48	74
52	48	75
52	48	76
52	48	77
52	49	58
52	49	59
52	49	60
52	49	61
52	49	63
52	49	64
52	49	65
52	49	66
52	49	67
52	49	68
52	49	69
52	49	70
52	49	71
52	49	72
52	49	73
52	49	74
52	49	75
52	49	76
52	49	77
52	49	78
52	50	57
52	50	58
52	50	59
52	50	60
52	50	61
52	50	63
52	50	64
52	50	65
52	50	66
52	50	67
52	50	68
52	50	69
52	50	70
52	50	71
52	50	72
52	50	73
52	50	74
52	50	75
52	50	76
52	50	77
52	50	78
52	51	58
52	51	59
52	51	60
52	51	61
52	51	63
52	51	64
52	51	65
52	51	66
52	51	67
52	51	68
52	51	69
52	51	70
52	51	71
52	51	72
52	51	73
52	51	74
52	51	75
52	51	76
52	51	77
52	51	78
52	51	79
52	52	59
52	52	62
52	52	63
52	52	64
52	52	65
52	52	66
52	52	67
52	52	68
52	52	69
52	52	70
52	52	71
52	52	72
52	52	73
52	52	74
52	52	75
52	52	76
52	52	77
52	52	78
52	52	79
52	53	63
52	53	64
52	53	65
52	53	66
52	53	67
52	53	68
52	53	69
52	53	70
52	53	71
52	53	72
52	53	73
52	53	74
52	53	75
52	53	76
52	53	77
52	53	78
52	53	79
52	53	80
52	54	65
52	54	66
52	54	67
52	54	68
52	54	69
52	54	70
52	54	71
52	54	72
52	54	73
52	54	74
52	54	75
52	54	76
52	54	77
52	54	78
52	54	79
52	54	80
52	55	68
52	55	69
52	55	70
52	55	71
52	55	72
52	55	73
52	55	74
52	55	75
52	55	76
52	55	77
52	55	78
52	55	79
52	56	70
52	56	71
52	56	72
52	56	73
52	56	74
52	56	75
52	56	76
53	47	69
53	47	73
53	47	74
53	47	75
53	47	76
53	48	59
53	48	60
53	48	67
53	48	68
53	48	69
53	48	70
53	48	71
53	48	72
53	48	73
53	48	74
53	48	75
53	48	76
53	48	77
53	49	58
53	49	59
53	49	60
53	49	66
53	49	67
53	49	68
53	49	69
53	49	70
53	49	71
53	49	72
53	49	73
53	49	74
53	49	75
53	49	76
53	49	77
53	50	57
53	50	58
53	50	59
53	50	60
53	50	64
53	50	65
53	50	66
53	50	67
53	50	68
53	50	69
53	50	70
53	50	71
53	50	72
53	50	73
53	50	74
53	50	75
53	50	76
53	50	77
53	50	78
53	51	57
53	51	58
53	51	59
53	51	60
53	51	64
53	51	65
53	51	66
53	51	67
53	51	68
53	51	69
53	51	70
53	51	71
53	51	72
53	51	73
53	51	74
53	51	75
53	51	76
53	51	77
53	51	78
53	51	79
53	52	58
53	52	59
53	52	64
53	52	65
53	52	66
53	52	67
53	52	68
53	52	69
53	52	70
53	52	71
53	52	72
53	52	73
53	52	74
53	52	75
53	52	76
53	52	77
53	52	78
53	52	79
53	53	64
53	53	65
53	53	66
53	53	67
53	53	68
53	53	69
53	53	70
53	53	71
53	53	72
53	53	73
53	53	74
53	53	75
53	53	76
53	53	77
53	53	78
53	53	79
53	54	66
53	54	67
53	54	68
53	54	69
53	54	70
53	54	71
53	54	72
53	54	73
53	54	74
53	54	75
53	54	76
53	54	77
53	54	78
53	54	79
53	55	69
53	55	70
53	55	71
53	55	72
53	55	73
53	55	74
53	55	75
53	55	76
53	55	77
53	55	78
53	56	71
53	56	72
53	56	73
53	56	74
53	56	75
53	56	76
54	47	69
54	48	68
54	48	69
54	48	70
54	48	71
54	48	72
54	48	73
54	48	74
54	48	75
54	48	76
54	48	77
54	49	58
54	49	59
54	49	67
54	49	68
54	49	69
54	49	70
54	49	71
54	49	72
54	49	73
54	49	74
54	49	75
54	49	76
54	49	77
54	50	57
54	50	58
54	50	59
54	50	67
54	50	68
54	50	69
54	50	70
54	50	71
54	50	72
54	50	73
54	50	74
54	50	75
54	50	76
54	50	77
54	50	78
54	51	58
54	51	59
54	51	67
54	51	68
54	51	69
54	51	70
54	51	71
54	51	72
54	51	73
54	51	74
54	51	75
54	51	76
54	51	77
54	51	78
54	52	67
54	52	68
54	52	69
54	52	70
54	52	71
54	52	72
54	52	73
54	52	74
54	52	75
54	52	76
54	52	77
54	52	78
54	52	79
54	53	66
54	53	67
54	53	68
54	53	69
54	53	70
54	53	71
54	53	72
54	53	73
54	53	74
54	53	75
54	53	76
54	53	77
54	53	78
54	53	79
54	54	68
54	54	69
54	54	70
54	54	71
54	54	72
54	54	73
54	54	74
54	54	75
54	54	76
54	54	77
54	54	78
54	54	79
54	55	66
54	55	70
54	55	71
54	55	72
54	55	73
54	55	74
54	55	75
54	55	76
54	55	77
54	55	78
54	56	72
54	56	73
54	56	74
54	56	75
54	56	76
54	56	77
55	47	69
55	48	68
55	48	69
55	48	70
55	48	71
55	48	72
55	48	73
55	48	74
55	48	75
55	48	76
55	49	68
55	49	69
55	49	70
55	49	71
55	49	72
55	49	73
55	49	74
55	49	75
55	49	76
55	49	77
55	50	57
55	50	58
55	50	68
55	50	69
55	50	70
55	50	71
55	50	72
55	50	73
55	50	74
55	50	75
55	50	76
55	50	77
55	51	58
55	51	68
55	51	69
55	51	70
55	51	71
55	51	72
55	51	73
55	51	74
55	51	75
55	51	76
55	51	77
55	51	78
55	52	68
55	52	69
55	52	70
55	52	71
55	52	72
55	52	73
55	52	74
55	52	75
55	52	76
55	52	77
55	52	78
55	53	68
55	53	69
55	53	70
55	53	71
55	53	72
55	53	73
55	53	74
55	53	75
55	53	76
55	53	77
55	53	78
55	54	69
55	54	70
55	54	71
55	54	72
55	54	73
55	54	74
55	54	75
55	54	76
55	54	77
55	54	78
55	55	71
55	55	72
55	55	73
55	55	74
55	55	75
55	55	76
55	55	77
55	55	78
55	56	73
55	56	74
55	56	75
55	56	76
56	47	69
56	48	69
56	48	70
56	48	71
56	48	72
56	48	73
56	48	74
56	48	75
56	48	76
56	49	69
56	49	70
56	49	71
56	49	72
56	49	73
56	49	74
56	49	75
56	49	76
56	50	69
56	50	70
56	50	71
56	50	72
56	50	73
56	50	74
56	50	75
56	50	76
56	50	77
56	51	69
56	51	70
56	51	71
56	51	72
56	51	73
56	51	74
56	51	75
56	51	76
56	51	77
56	52	69
56	52	70
56	52	71
56	52	72
56	52	73
56	52	74
56	52	75
56	52	76
56	52	77
56	52	78
56	53	69
56	53	70
56	53	71
56	53	72
56	53	73
56	53	74
56	53	75
56	53	76
56	53	77
56	53	78
56	54	69
56	54	70
56	54	71
56	54	72
56	54	73
56	54	74
56	54	75
56	54	76
56	54	77
56	54	78
56	55	71
56	55	72
56	55	73
56	55	74
56	55	75
56	55	76
56	55	77
56	55	78
56	56	74
56	56	75
56	56	76
57	48	70
57	48	71
57	48	72
57	48	73
57	48	74
57	49	70
57	49	71
57	49	72
57	49	73
57	49	74
57	49	75
57	49	76
57	50	70
57	50	71
57	50	72
57	50	73
57	50	74
57	50	75
57	50	76
57	51	70
57	51	71
57	51	72
57	51	73
57	51	74
57	51	75
57	51	76
57	51	77
57	52	70
57	52	71
57	52	72
57	52	73
57	52	74
57	52	75
57	52	76
57	52	77
57	53	69
57	53	70
57	53	71
57	53	72
57	53	73
57	53	74
57	53	75
57	53	76
57	53	77
57	53	78
57	54	70
57	54	71
57	54	72
57	54	73
57	54	74
57	54	75
57	54	76
57	54	77
57	54	78
57	55	72
57	55	73
57	55	74
57	55	75
57	55	76
57	55	77
58	49	70
58	49	71
58	49	72
58	49	73
58	49	74
58	49	75
58	50	70
58	50	71
58	50	72
58	50	73
58	50	74
58	50	75
58	50	76
58	51	70
58	51	71
58	51	72
58	51	73
58	51	74
58	51	75
58	51	76
58	51	77
58	52	70
58	52	71
58	52	72
58	52	73
58	52	74
58	52	75
58	52	76
58	52	77
58	53	70
58	53	71
58	53	72
58	53	73
58	53	74
58	53	75
58	53	76
58	53	77
58	54	71
58	54	72
58	54	73
58	54	74
58	54	75
58	54	76
58	54	77
58	55	73
58	55	74
58	55	75
58	55	76
59	49	71
59	50	70
59	50	71
59	50	72
59	50	73
59	50	74
59	50	75
59	51	70
59	51	71
59	51	72
59	51	73
59	51	74
59	51	75
59	52	70
59	52	71
59	52	72
59	52	73
59	52	74
59	52	75
59	52	76
59	53	71
59	53	72
59	53	73
59	53	74
59	53	75
59	53	76
59	54	73
59	54	74
59	54	75
59	54	76
60	51	72
60	51	73
60	52	73
